WIN , 32289.300003051758, -31.555641174316406, 90.4415054321289, 8.157983830988316, 3958, 196.39999389648438, 136, 30, 14670.768079608679, -16.680835723876953, 47.80266189575195, 3.706611440022405
WIN , 30082.0, -42.999755859375, 82.6256332397461, 10.958834244080146, 2745, 191.0, 216, 36, 47806.12376910448, -19.21913719177246, 92.21072387695312, 17.415709934099993
WIN , 28719.358390808105, -25.708534240722656, 90.9798355102539, 15.382623669420518, 1867, 156.28321838378906, 275, 35, 53828.13264501095, -26.04521942138672, 126.7795181274414, 28.831351175688777
LOSS, 25326.62890625, -21.083518981933594, 57.66380310058594, 29.726090265551644, 852, 191.0, 343, 23, 41243.99778223038, 6.779788494110107, 138.67510986328125, 48.408448101209366
LOSS, 20940.2939453125, -18.703994750976562, 58.65623474121094, 34.958754499686975, 599, 207.0, 360, 9, 36387.084562301636, 15.678108215332031, 140.56011962890625, 60.74638491202276
WIN , 28700.0, -19.54003143310547, 81.6707534790039, 27.385496183206108, 1048, 175.0, 330, 26, 57821.708080768585, -7.235743999481201, 139.39544677734375, 55.17338557325247
WIN , 27588.300003051758, -23.64012908935547, 74.8650894165039, 29.537794435815588, 934, 158.39999389648438, 337, 24, 57187.25570333004, -3.300485134124756, 142.7672882080078, 61.22832516416492
WIN , 27543.0, -24.4730224609375, 70.39848327636719, 30.200657894736842, 912, 169.0, 339, 26, 75200.54208469391, -15.564760208129883, 181.5084686279297, 82.45673474198894
WIN , 27220.28749847412, -33.000244140625, 64.0746078491211, 33.07446840640841, 823, 154.4250030517578, 345, 12, 75516.34474658966, 4.144992828369141, 184.314697265625, 91.75740552441027
WIN , 26703.28000640869, -21.14118194580078, 68.2091293334961, 34.54499353998537, 773, 148.4399871826172, 348, 21, 76988.82809138298, -13.776857376098633, 186.98374938964844, 99.5974490186067
LOSS, 10136.77392578125, -18.110923767089844, 63.452064514160156, 31.480664365780278, 322, 223.0, 378, 5, 29014.957189559937, 24.27146339416504, 192.92315673828125, 90.10856270049669
WIN , 22667.300003051758, -43.11225891113281, 90.9163589477539, 4.308553507517916, 5261, 180.39999389648438, 49, 29, 339943.5547333956, -29.081363677978516, 239.53550720214844, 64.61576786416947
WIN , 25947.54999923706, -20.283790588378906, 69.9477310180664, 39.554192072007716, 656, 119.9000015258789, 356, 29, 96825.58447742462, 5.491684913635254, 264.8676452636719, 147.59997633753753
LOSS, 14385.5771484375, -16.362655639648438, 67.5582046508789, 36.79175741288363, 391, 207.0, 373, 7, 56134.75394821167, 8.617866516113281, 266.51202392578125, 143.56714564760017
LOSS, 22703.65000152588, -18.71380615234375, 67.0381851196289, 31.75335664549074, 715, 177.6999969482422, 352, 6, 101045.14636993408, 15.181921005249023, 273.51959228515625, 141.32188303487285
LOSS, 15843.650001525879, -17.966819763183594, 68.98336029052734, 32.13722109842978, 493, 177.6999969482422, 367, 13, 71467.25145149231, 17.760278701782227, 270.67816162109375, 144.96399888740834
WIN , 26201.768089294434, -19.01825714111328, 68.1746597290039, 35.794765149309335, 732, 171.4638214111328, 351, 14, 108562.08801937103, -17.486812591552734, 270.1206359863281, 148.3088634144413
LOSS, 23533.08935546875, -18.48328399658203, 67.1947250366211, 35.60225318527799, 661, 207.0, 355, 10, 101138.96359539032, 12.857918739318848, 270.41424560546875, 153.00902208077204
LOSS, 18934.949951171875, -19.49041748046875, 69.8757095336914, 37.27352352592889, 508, 185.0, 366, 11, 81977.63060951233, 18.19717025756836, 287.0906677246094, 161.3732886014022
LOSS, -4503.527633666992, -19.858810424804688, 58.056640625, -0.7507130577874632, 5999, 203.39498901367188, 0, 7, 537114.241917491, -9.886616706848145, 300.7004699707031, 89.5339626466896
LOSS, 21786.815185546875, -18.238914489746094, 67.5228042602539, 35.19679351461531, 619, 175.0, 358, 9, 115939.42700004578, 14.038938522338867, 325.6120910644531, 187.30117447503358
LOSS, 21911.530517578125, -33.000244140625, 64.7176284790039, 33.049065637372735, 663, 207.0, 355, 13, 123871.68914031982, 1.5757522583007812, 330.82598876953125, 186.83512690847635
WIN , 26345.75, -19.583526611328125, 87.138916015625, 35.94236016371078, 733, 143.5, 351, 19, 145618.99216079712, 20.289020538330078, 350.1307067871094, 198.66165369822252
LOSS, 5153.009521484375, -13.858749389648438, 62.45079040527344, 42.586855549457646, 121, 159.8800048828125, 391, 5, 24941.222427368164, 50.694541931152344, 350.822509765625, 206.12580518486087
LOSS, 10212.599876403809, -17.662269592285156, 66.92984771728516, 33.37450940001245, 306, 185.8000030517578, 379, 9, 59608.420543670654, 32.077613830566406, 350.3620300292969, 194.79875994663612
LOSS, 22234.10205078125, -33.000244140625, 63.229576110839844, 31.991513742131296, 695, 191.0, 353, 11, 135081.58536994457, -32.34476089477539, 348.8719482421875, 194.36199333804976
WIN , 25882.002716064453, -17.35832977294922, 68.3406753540039, 40.82334813259377, 634, 170.99456787109375, 357, 18, 141081.92411899567, 11.660799980163574, 353.342041015625, 222.52669419399948
LOSS, 17387.65000152588, -16.48967742919922, 63.583290100097656, 32.37923650191039, 537, 209.6999969482422, 364, 14, 111087.49299621582, 13.726602554321289, 346.6269836425781, 206.86683984397732
LOSS, 25078.027587890625, -31.0001220703125, 68.6971206665039, 31.505059783782194, 796, 223.0, 346, 22, 160978.9292435646, -34.5714225769043, 355.1875305175781, 202.23483573312137
WIN , 26414.0, -33.000244140625, 83.60107421875, 31.785800240673886, 831, 207.0, 344, 25, 173933.12943983078, 7.805558681488037, 379.74835205078125, 209.3058116002777
LOSS, 12654.188613891602, -18.46306610107422, 65.59636688232422, 34.76425443376814, 364, 169.39498901367188, 375, 12, 80504.8362865448, 20.057838439941406, 382.367431640625, 221.16713265534287
WIN , 25754.0, -38.859619140625, 68.1734390258789, 28.58379578246393, 901, 207.0, 339, 14, 183508.52589797974, -36.58774185180664, 381.7494812011719, 203.67205982017728
WIN , 26953.897872924805, -19.72021484375, 80.5226058959961, 30.18353625187548, 893, 167.20425415039062, 340, 20, 195911.34666395187, -6.481567859649658, 376.5300598144531, 219.38560656657543
WIN , 26272.0, -20.49193572998047, 82.01871490478516, 39.806060606060605, 660, 191.0, 355, 19, 158737.27406692505, 8.380245208740234, 375.2918701171875, 240.5110213135228
WIN , 27168.65000152588, -19.223907470703125, 68.1539077758789, 32.77279855431348, 829, 177.6999969482422, 344, 14, 185499.50442504883, 29.729703903198242, 379.27020263671875, 223.76297276845455
LOSS, 17533.99506378174, -17.999755859375, 70.1573715209961, 2.9228196472381627, 5999, 197.00987243652344, 0, 18, 821796.6310491562, -2.337223768234253, 407.39227294921875, 136.98893666430342
LOSS, 9980.496459960938, -19.351104736328125, 64.6318588256836, 36.161219057829484, 276, 223.0, 381, 8, 66346.90226745605, 37.293392181396484, 423.0777282714844, 240.3873270560002
LOSS, 16539.218505859375, -17.983718872070312, 63.641357421875, 32.24019201921905, 513, 207.0, 365, 13, 126678.35857772827, 32.433616638183594, 425.33209228515625, 246.93637149654634
LOSS, 24334.37538909912, -15.999755859375, 71.3670883178711, 40.08958054217318, 607, 185.8000030517578, 359, 18, 164888.25765228271, 34.73014450073242, 428.05450439453125, 271.6445760334147
LOSS, 5569.8582763671875, -13.858749389648438, 62.45574951171875, 40.95484026740579, 136, 191.0, 390, 3, 37777.204471588135, 51.86539840698242, 422.6551208496094, 277.7735622910892
LOSS, 24152.928955078125, -14.091636657714844, 68.11377716064453, 44.56259954811462, 542, 191.0, 363, 8, 155452.85652542114, 49.88797378540039, 437.78839111328125, 286.81338842328626
LOSS, 14906.2685546875, -18.923423767089844, 90.9798355102539, 20.703150770399304, 720, 223.0, 351, 14, 174791.09567260742, 24.389217376708984, 446.15936279296875, 242.76541065639918
LOSS, 24019.710693359375, -33.000244140625, 67.2197494506836, 40.2340212619085, 597, 175.0, 360, 15, 174828.18435668945, -19.94131851196289, 445.69488525390625, 292.8445299107026
LOSS, 20295.300491333008, -39.999755859375, 68.24742889404297, 36.241608020237514, 560, 180.39999389648438, 362, 14, 153445.9515399933, 9.133474349975586, 444.2782897949219, 274.01062774998803
WIN , 26265.250003814697, -18.326568603515625, 68.94774627685547, 37.955563589327596, 692, 124.49999237060547, 353, 20, 194549.97831344604, 36.1883544921875, 437.3727111816406, 281.14158715815904
LOSS, 22804.498779296875, -33.000244140625, 67.05985260009766, 26.609683523100205, 857, 191.0, 342, 11, 218085.30364990234, -4.3433027267456055, 441.7650451660156, 254.47526680268652
LOSS, 13610.598388671875, -36.0001220703125, 66.20047760009766, 36.294929036458335, 375, 223.0, 374, 15, 98523.8443274498, -1.054152011871338, 459.00653076171875, 262.7302515398661
WIN , 26524.0, -20.283790588378906, 67.5304183959961, 31.131455399061032, 852, 207.0, 343, 24, 234327.53691864014, 25.289493560791016, 455.979248046875, 275.03232032704244
LOSS, 19732.276489257812, -22.692630767822266, 64.8226089477539, 31.92924998261782, 618, 186.447998046875, 358, 9, 169951.8555908203, 31.652233123779297, 458.7149658203125, 275.0030025741429
WIN , 26187.75, -15.840591430664062, 81.660400390625, 38.96986607142857, 672, 159.5, 355, 15, 198810.1581516266, 28.418455123901367, 463.8750305175781, 295.8484496303967
LOSS, 12210.546020507812, -12.9998779296875, 61.87248229980469, 38.88708923728603, 314, 207.0, 379, 5, 93108.39205360413, 28.4631404876709, 450.6634521484375, 296.52354157198766
LOSS, 12627.935722351074, -36.24951171875, 66.4754409790039, 2.1050067881898773, 5999, 209.12855529785156, 0, 20, 986446.861875534, 19.1271915435791, 461.4584655761719, 164.43521618195265
LOSS, 11004.654296875, -16.30083465576172, 65.3292007446289, 34.824855369857595, 316, 207.0, 378, 4, 95264.82398796082, 30.252466201782227, 474.8956298828125, 301.4709619872178
LOSS, 16550.15673828125, -15.721900939941406, 67.4581069946289, 35.28818067863806, 469, 191.0, 368, 8, 142721.7604560852, 36.00617218017578, 481.0828552246094, 304.3107898850431
WIN , 26032.753562927246, -18.463523864746094, 67.4556655883789, 22.519683012912843, 1156, 189.4928741455078, 322, 21, 296737.8669090271, 31.969932556152344, 485.61224365234375, 256.6936564956982
WIN , 26893.05224609375, -19.460838317871094, 82.37435150146484, 32.323380103478065, 832, 148.8955078125, 344, 21, 238775.1871700287, 23.7308292388916, 476.5702209472656, 286.98940765628447
LOSS, 14431.0, -17.298263549804688, 68.0647964477539, 37.97631578947368, 380, 223.0, 374, 9, 117947.83877944946, 39.0238151550293, 500.8883972167969, 310.38904941960385
LOSS, 17798.111328125, -20.463829040527344, 64.9410171508789, 34.095998712883144, 522, 207.0, 365, 9, 153765.98611450195, 29.410045623779297, 472.06121826171875, 294.5708546254827
LOSS, 24512.021240234375, -18.20404815673828, 83.0548324584961, 36.20682605647618, 677, 207.0, 354, 22, 204863.72442245483, 28.504230499267578, 478.75164794921875, 302.60520594158766
WIN , 26441.94052505493, -16.22850799560547, 80.49277877807617, 36.02444213222743, 734, 91.11894989013672, 351, 16, 222481.18030548096, 33.360145568847656, 475.5179443359375, 303.1078750755871
WIN , 26251.40818786621, -20.51085662841797, 69.62725830078125, 38.10073757310045, 689, 212.18362426757812, 354, 22, 215411.59782409668, 39.102386474609375, 488.1094970703125, 312.64382848199807
LOSS, 16505.022216796875, -38.9998779296875, 65.7674331665039, 29.578892861643144, 558, 223.0, 362, 16, 159229.59449481964, -13.192447662353516, 486.5302429199219, 285.35769622727537
LOSS, 22613.573974609375, -19.200294494628906, 68.4618148803711, 29.368277889103084, 770, 207.0, 348, 17, 221118.7521495819, 23.684003829956055, 480.66748046875, 287.1672105838726
LOSS, 5071.773277282715, -12.721939086914062, 62.589927673339844, 45.283689975738525, 112, 169.8000030517578, 392, 4, 36519.832916259766, 86.44290161132812, 477.2144470214844, 326.06993675231934
LOSS, 23639.0, -18.511802673339844, 65.2114028930664, 36.25613496932515, 652, 207.0, 356, 6, 201099.31217384338, 24.48561668395996, 493.1518859863281, 308.4345278739929
LOSS, 22734.984619140625, -20.244956970214844, 66.4830551147461, 27.82739855463969, 817, 191.0, 345, 14, 232043.10373592377, 15.45434856414795, 489.1332092285156, 284.0184868248761
WIN , 26476.0, -18.79694366455078, 69.0767593383789, 37.290140845070425, 710, 223.0, 352, 17, 227056.92483520508, 24.650066375732422, 491.3612976074219, 319.7984856833874
LOSS, 12022.846923828125, -15.863067626953125, 68.4523696899414, 35.15452316908809, 342, 223.0, 377, 4, 108047.60513877869, 25.800302505493164, 488.23748779296875, 315.9286699964289
WIN , 26872.53843688965, -17.662879943847656, 83.589599609375, 32.41560728213468, 829, 169.92312622070312, 344, 25, 252688.57348251343, 21.978193283081055, 495.3965148925781, 304.8113069752876
WIN , 26933.0, -17.66242218017578, 69.3932113647461, 34.30955414012739, 785, 169.0, 347, 15, 243164.0160255432, 38.53678894042969, 485.3851013183594, 309.7630777395455
LOSS, 17068.813232421875, -21.396377563476562, 67.38578033447266, 36.31662389876995, 470, 207.0, 368, 18, 146326.73582077026, 32.31123352050781, 494.90057373046875, 311.33348046972395
LOSS, 21550.29931640625, -18.408676147460938, 64.9452896118164, 35.32835953509221, 610, 223.0, 359, 15, 198186.6951751709, 41.892093658447266, 504.03997802734375, 324.8962215986408
WIN , 26910.39999771118, -18.462913513183594, 65.6172866821289, 32.50048308902316, 828, 114.20000457763672, 344, 32, 259657.584690094, 36.212181091308594, 505.11944580078125, 313.5961167754758
WIN , 25919.768089294434, -18.702743530273438, 67.5121078491211, 37.510518218949976, 691, 155.4638214111328, 353, 16, 229667.30515289307, 21.208465576171875, 509.7691345214844, 332.3694720012924
WIN , 27185.300003051758, -19.364105224609375, 62.913429260253906, 33.152804881770436, 820, 164.39999389648438, 345, 17, 261076.0048980713, 35.0489616394043, 508.1519775390625, 318.3853718269162
LOSS, 15785.001319885254, -17.662269592285156, 65.6383285522461, 32.018258255345344, 493, 177.6999969482422, 367, 7, 156983.2731437683, 43.456424713134766, 506.26104736328125, 318.4244891354327
LOSS, 21366.559997558594, -15.999755859375, 67.27889251708984, 37.09472221798367, 576, 191.8800048828125, 361, 5, 188339.24214935303, 32.2394905090332, 505.78009033203125, 326.9778509537379
LOSS, 12069.014038085938, -18.98308563232422, 63.661109924316406, 23.254362308450748, 519, 207.0, 365, 5, 147595.08430671692, 25.064626693725586, 507.9706115722656, 284.38359211313474
LOSS, 18463.45957183838, -16.48967742919922, 67.2145767211914, 45.25357738195681, 408, 177.6999969482422, 372, 7, 152761.4818534851, 62.938838958740234, 528.1317138671875, 374.4153966997184
LOSS, -5114.487617492676, -22.143638610839844, 62.885337829589844, -0.8525566956980624, 5999, 225.31495666503906, 0, 6, 1048256.5617923737, 15.078195571899414, 508.95050048828125, 174.7385500570718
WIN , 26556.0, -18.20465850830078, 64.5360336303711, 30.246013667425967, 878, 223.0, 341, 20, 269356.3424758911, 16.15372657775879, 527.0800170898438, 306.78398915249556
LOSS, 11956.67138671875, -34.0001220703125, 61.895668029785156, 26.336280587486232, 454, 223.0, 369, 10, 134001.82703781128, 19.096317291259766, 509.773681640625, 295.1582093343861
LOSS, 10805.393432617188, -18.561180114746094, 62.590232849121094, 30.697140433571555, 352, 207.0, 376, 9, 111815.88226890564, 30.555299758911133, 524.4720458984375, 317.65875644575465
LOSS, 5121.439346313477, -17.66242218017578, 66.93900299072266, 35.814261163031304, 143, 99.37594604492188, 390, 6, 47066.29712677002, 38.282127380371094, 525.5607299804688, 329.1349449424477
LOSS, 23008.65048980713, -18.441688537597656, 69.31539154052734, 38.73510183469214, 594, 193.6999969482422, 360, 11, 203070.6503715515, 30.293418884277344, 528.8388671875, 341.86978177028874
WIN , 27150.0, -19.003456115722656, 76.61376953125, 28.73015873015873, 945, 175.0, 336, 21, 295440.30250167847, 38.15364074707031, 525.996337890625, 312.6352407425169
WIN , 26306.753562927246, -36.0001220703125, 73.44795989990234, 33.85682569231306, 777, 221.4928741455078, 348, 14, 260811.7294845581, 21.64763641357422, 528.0282592773438, 335.6650315116578
WIN , 26534.0, -18.20404815673828, 87.203369140625, 32.084643288996375, 827, 207.0, 344, 21, 266269.5761680603, 39.66471862792969, 536.464111328125, 321.97046695049613
LOSS, 21732.003173828125, -19.498985290527344, 71.6850814819336, 34.660292143266545, 627, 175.0, 358, 17, 212960.1993713379, 30.7593994140625, 537.3975830078125, 339.649440783633
WIN , 26504.0, -19.86560821533203, 66.8453140258789, 31.402843601895736, 844, 207.0, 343, 12, 268140.5221595764, 44.44236373901367, 537.6213989257812, 317.7020404734318
LOSS, 24798.15234375, -22.036643981933594, 65.9535903930664, 32.33135898794003, 767, 191.0, 348, 23, 257190.2639579773, 33.429283142089844, 529.2202758789062, 335.3197704797618
WIN , 25624.0, -34.11201477050781, 79.940185546875, 11.073465859982713, 2314, 207.0, 245, 27, 531720.6996154785, 15.855880737304688, 528.8812255859375, 229.78422628153783
WIN , 25813.300003051758, -17.662269592285156, 69.6877212524414, 33.964868425068104, 760, 148.39999389648438, 349, 14, 254435.94458198547, 28.929746627807617, 529.8326416015625, 334.7841376078756
WIN , 26299.193550109863, -18.360992431640625, 70.50008392333984, 29.41744244978732, 894, 136.61289978027344, 340, 19, 294097.00075912476, 11.022441864013672, 531.1775512695312, 328.9675623703856
LOSS, 13155.371337890625, -19.11443328857422, 66.65045928955078, 30.103824571832092, 437, 223.0, 370, 11, 142484.44402694702, 48.43299865722656, 529.5526733398438, 326.0513593293982
WIN , 26327.2059173584, -16.96831512451172, 71.3011703491211, 34.595539970247565, 761, 140.58816528320312, 349, 19, 251629.29445648193, 31.675323486328125, 532.0833740234375, 330.6561030965597
LOSS, 20351.59999847412, -13.330078125, 69.1927261352539, 37.61848428553442, 541, 201.8000030517578, 363, 9, 191964.84257888794, 36.076839447021484, 543.7880859375, 354.83335042308306
LOSS, 16874.428268432617, -19.441246032714844, 68.3077163696289, 33.282895992963745, 507, 199.84707641601562, 366, 12, 174843.28385925293, 42.4128303527832, 530.8209228515625, 344.85854804586376
LOSS, 21551.1015625, -18.87976837158203, 70.3041763305664, 39.909447337962966, 540, 191.0, 363, 13, 188911.45225906372, 29.767822265625, 538.1529541015625, 349.83602270196985
WIN , 26640.0, -18.870094299316406, 74.805908203125, 31.121495327102803, 856, 175.0, 342, 21, 284375.3418083191, 36.96913146972656, 532.2816772460938, 332.21418435551294
LOSS, 13434.00048828125, -18.361602783203125, 65.9837875366211, 28.95258725922683, 464, 223.0, 369, 10, 145015.2225856781, 26.235498428344727, 525.671142578125, 312.53280729672
LOSS, 25222.32421875, -19.27508544921875, 69.4478530883789, 31.48854459269663, 801, 175.0, 346, 19, 272292.4323120117, 35.83500671386719, 538.3101196289062, 339.9406146217375
LOSS, 10669.72509765625, -16.803688049316406, 64.49971771240234, 33.03320463670666, 323, 207.0, 378, 4, 110413.55433654785, 33.849979400634766, 527.7890014648438, 341.83762952491594
LOSS, 5079.680557250977, -15.721969604492188, 62.559051513671875, 44.95292528540687, 113, 126.39999389648438, 392, 2, 44130.5969619751, 64.15302276611328, 530.3416137695312, 390.5362563006646
LOSS, 20222.2958984375, -17.662269592285156, 67.3543472290039, 29.958956886574075, 675, 207.0, 354, 15, 228006.61179161072, 28.124177932739258, 539.3844604492188, 337.7875730246085
LOSS, 24219.0, -20.844711303710938, 67.0845718383789, 28.359484777517565, 854, 207.0, 343, 11, 277993.09780311584, 31.274744033813477, 545.8456420898438, 325.5188498865525
LOSS, 5603.6889572143555, -10.324783325195312, 69.56746673583984, 40.02634969438825, 140, 160.71290588378906, 390, 8, 52853.14343261719, 61.15020751953125, 531.9117431640625, 377.5224530901228
LOSS, 22814.60693359375, -17.35832977294922, 66.4571304321289, 30.01921964946546, 760, 175.0, 349, 22, 258014.24015808105, 38.10384750366211, 522.3936767578125, 339.49242126063297
WIN , 27449.193550109863, -18.463523864746094, 83.23345947265625, 26.216994794756317, 1047, 136.61289978027344, 330, 25, 339459.85268974304, 26.186437606811523, 534.6734619140625, 324.22144478485484
WIN , 27157.300003051758, -19.876850128173828, 77.3677749633789, 29.014209404969826, 936, 180.39999389648438, 337, 25, 316662.29164505005, 25.925159454345703, 530.707275390625, 338.3144141506945
LOSS, 12261.8125, -20.019073486328125, 64.4301528930664, 34.63788841807909, 354, 207.0, 376, 7, 119860.45323562622, 30.525707244873047, 534.3353881835938, 338.58885094809665
LOSS, 6877.770286560059, -16.92816162109375, 70.79732513427734, 38.857459246102025, 177, 169.8000030517578, 388, 7, 59299.05338668823, 42.14143753051758, 542.1900634765625, 335.022900489764
LOSS, 13176.345703125, -17.813674926757812, 68.40399932861328, 31.297733261579573, 421, 191.0, 371, 7, 145362.9643421173, 5.850454330444336, 537.9532470703125, 345.2802003375708
WIN , 26909.193550109863, -17.28451919555664, 66.0643539428711, 35.17541640537237, 765, 136.61289978027344, 348, 25, 278156.2893486023, 20.111780166625977, 552.711181640625, 363.60299261255204
LOSS, 22750.00048828125, -18.562828063964844, 65.8641586303711, 32.1327690512447, 708, 191.0, 352, 15, 255911.40517044067, 43.68486785888672, 545.8336791992188, 361.4567869638993
LOSS, 16180.043640136719, -16.23963165283203, 64.7289047241211, 32.7531247776047, 494, 143.8800048828125, 367, 13, 175502.5513267517, 44.24502182006836, 547.1193237304688, 355.26832252378887
WIN , 25940.0, -18.20465850830078, 67.1834487915039, 37.377521613832855, 694, 175.0, 353, 16, 255090.8925743103, 40.09526062011719, 544.7190551757812, 367.5661276286892
LOSS, 22621.0, -19.57624053955078, 67.0811996459961, 36.309791332263245, 623, 223.0, 358, 15, 222688.407371521, 47.839927673339844, 540.4240112304688, 357.44527667980896
WIN , 26200.391960144043, -18.202064514160156, 72.53577423095703, 33.8069573679278, 775, 194.21607971191406, 348, 17, 273935.33725357056, 32.92854690551758, 550.0473022460938, 353.46495129492973
LOSS, 12630.079345703125, -19.92292022705078, 65.7732162475586, 29.3722775481468, 430, 175.0, 371, 7, 147496.2914390564, 28.950611114501953, 543.5601806640625, 343.01463125361954
LOSS, 18758.154052734375, -16.7203369140625, 70.5892105102539, 40.86743802338644, 459, 207.0, 369, 15, 178612.5595741272, 52.35221481323242, 548.97021484375, 389.1341167192314
LOSS, 14265.034423828125, -18.204200744628906, 65.8565444946289, 34.37357692488705, 415, 223.0, 372, 13, 150752.11701202393, 46.57025909423828, 543.2034912109375, 363.25811328198535
WIN , 27142.415000915527, -18.0462646484375, 65.21781158447266, 32.27397740893642, 841, 110.16999816894531, 343, 11, 295564.8026351929, 31.08115005493164, 553.969482421875, 351.44447400141837
WIN , 26839.0, -17.662269592285156, 84.56840515136719, 33.46508728179551, 802, 137.0, 346, 17, 282033.29598999023, 23.577178955078125, 536.7787475585938, 351.662463827918
LOSS, 10321.434173583984, -18.535980224609375, 65.7277603149414, 31.088657149349352, 332, 170.79376220703125, 377, 5, 114966.34646224976, 47.89552307128906, 536.1173706054688, 346.28417609111375
WIN , 26826.002716064453, -21.122303009033203, 68.0208511352539, 33.20049841097086, 808, 122.99456787109375, 346, 15, 275274.7354888916, 39.85586929321289, 542.6207275390625, 340.6865538228856
LOSS, 8659.446067810059, -15.775001525878906, 67.39249420166016, 39.90528141847953, 217, 122.42500305175781, 385, 3, 84757.51376342773, 71.14397430419922, 544.88671875, 390.5876210296209
LOSS, 16894.64951324463, -21.073768615722656, 66.69303131103516, 33.521129986596485, 504, 209.6999969482422, 366, 10, 186161.56115722656, 49.83988571166992, 548.7888793945312, 369.368176899259
LOSS, 22564.854736328125, -33.000244140625, 64.7566909790039, 28.41921251426716, 794, 175.0, 347, 22, 280438.79597854614, 40.723472595214844, 549.0039672851562, 353.19747604350897
LOSS, 22500.6259765625, -20.01610565185547, 62.62366485595703, 31.207525626300278, 721, 207.0, 351, 14, 255541.90914344788, 26.140024185180664, 546.29443359375, 354.427058451384
WIN , 26794.929111480713, -17.86095428466797, 70.17609786987305, 35.48997233308704, 755, 125.14177703857422, 349, 23, 281292.23749923706, 46.27678298950195, 549.4961547851562, 372.5724999989895
LOSS, 21826.989471435547, -34.11201477050781, 65.1210708618164, 3.6384379849034083, 5999, 211.02105712890625, 0, 15, 1291447.9908418655, 10.545096397399902, 555.150390625, 215.2772113422013
WIN , 26730.0, -18.20465850830078, 80.379638671875, 34.13793103448276, 783, 175.0, 347, 28, 289864.4475402832, 34.01538848876953, 543.063720703125, 370.1972510093017
WIN , 26287.2059173584, -20.87433624267578, 67.5560531616211, 38.152693639126845, 689, 140.58816528320312, 354, 14, 265661.0806007385, 39.910587310791016, 552.1064453125, 385.5748629909122
LOSS, 16798.566162109375, -18.870094299316406, 63.229591369628906, 25.804249096942204, 651, 191.0, 356, 10, 214690.19135284424, 34.20102310180664, 541.5370483398438, 329.78524017333984
WIN , 26641.0, -18.77500343322754, 86.16508483886719, 33.937579617834395, 785, 153.0, 347, 29, 280988.7561569214, 41.33221435546875, 552.7973022460938, 357.9474600725113
LOSS, 21564.05029296875, -15.999755859375, 64.3453140258789, 43.04201655283184, 501, 175.0, 366, 12, 197629.57056427002, 40.774314880371094, 541.3331909179688, 394.47020072708585
LOSS, 17198.237060546875, -36.0001220703125, 68.2680435180664, 26.5404892909674, 648, 207.0, 356, 12, 215058.88474845886, 25.225454330444336, 549.3953247070312, 331.8809949821896
LOSS, 20417.37656402588, -20.12371826171875, 66.9039077758789, 42.625003265189726, 479, 209.6999969482422, 368, 9, 185308.11910247803, 36.813255310058594, 549.8274536132812, 386.8645492744844
LOSS, 122.73438262939453, -25.243690490722656, 61.096778869628906, 0.020459140294948247, 5999, 230.87095642089844, 0, 6, 1219427.0126590729, 9.409765243530273, 536.11083984375, 203.27171406218918
LOSS, 22630.7861328125, -16.757362365722656, 62.564308166503906, 34.60364852112003, 654, 175.0, 356, 11, 237957.5272140503, 39.04191970825195, 550.2864379882812, 363.8494299909026
WIN , 27032.0, -20.60693359375, 61.874610900878906, 30.237136465324383, 894, 191.0, 340, 15, 319666.03087615967, 35.76137924194336, 549.3125, 357.56826719928375
LOSS, 14345.90234375, -22.125015258789062, 68.2188949584961, 25.390977599557523, 565, 223.0, 362, 12, 181019.33102035522, 42.18454360961914, 552.44384765625, 320.38819649620393
LOSS, 5215.579132080078, -15.999984741210938, 63.536598205566406, 33.43319956461588, 156, 139.75970458984375, 389, 8, 53061.726486206055, 53.3289794921875, 547.1210327148438, 340.13927234747473
LOSS, 23955.65000152588, -19.648300170898438, 66.7317886352539, 34.17353780531509, 701, 193.6999969482422, 353, 11, 254847.39204406738, 34.502838134765625, 552.5145263671875, 363.5483481370433
LOSS, 10478.336181640625, -14.9405517578125, 66.25846099853516, 35.04460261418269, 299, 175.0, 380, 7, 110059.76795196533, 46.130409240722656, 542.0240478515625, 368.09286940456633
WIN , 26922.65000152588, -18.77500343322754, 64.6431655883789, 31.016877881942257, 868, 209.6999969482422, 342, 24, 301666.7631530762, 44.46780014038086, 564.93603515625, 347.542353862991
LOSS, 21900.953125, -19.872879028320312, 60.58891296386719, 27.617847572509458, 793, 207.0, 347, 20, 271252.78583335876, 20.773176193237305, 564.2040405273438, 342.05899852882567
WIN , 26613.28000640869, -20.27497100830078, 79.6865463256836, 32.21946732010738, 826, 148.4399871826172, 344, 26, 295904.4627685547, 44.24769592285156, 567.1404418945312, 358.23784838808075
WIN , 26554.0, -19.489707946777344, 69.5396957397461, 35.358189081225035, 751, 207.0, 349, 24, 279017.8105068207, 30.940900802612305, 573.3436279296875, 371.52837617419533
LOSS, 13684.300003051758, -15.00592041015625, 65.4030532836914, 42.76343750953674, 320, 196.39999389648438, 378, 15, 125651.38398361206, 45.51931381225586, 567.8067016601562, 392.6605749487877
WIN , 26074.468879699707, -34.11201477050781, 71.693115234375, 5.557218431308548, 4692, 146.06224060058594, 87, 25, 1053441.4529428482, 11.16800594329834, 562.2120361328125, 224.51863873462239
LOSS, 13129.6728515625, -18.073219299316406, 61.111061096191406, 33.75237236905527, 389, 175.0, 374, 5, 137342.4323387146, 38.345252990722656, 557.2800903320312, 353.06537876276246
LOSS, 20447.65000152588, -18.20404815673828, 62.740074157714844, 34.83415673173063, 587, 209.6999969482422, 360, 9, 207857.9262161255, 47.44593811035156, 551.824462890625, 354.1020889542172
WIN , 26682.0, -18.575912475585938, 65.6032485961914, 31.651245551601424, 843, 191.0, 343, 22, 291461.46665382385, 22.401264190673828, 556.2525634765625, 345.74313956562736
LOSS, 9550.695678710938, -18.77500343322754, 61.740943908691406, 22.00621124126944, 434, 188.5, 371, 8, 132167.23516082764, 42.89088821411133, 556.6166381835938, 304.5327999097411
WIN , 26549.0, -19.757850646972656, 69.3919906616211, 34.88699080157687, 761, 137.0, 349, 17, 275536.8542404175, 36.13995361328125, 563.6783447265625, 362.0720817876708
LOSS, 5823.64005279541, -21.038124084472656, 67.91097259521484, 28.829901251462427, 202, 69.32939147949219, 386, 4, 69673.01749038696, 53.0614128112793, 552.0042724609375, 344.91592817023246
WIN , 26678.557502746582, -20.01610565185547, 65.2144546508789, 33.98542357037781, 785, 157.88499450683594, 347, 25, 280661.4151573181, 50.265098571777344, 549.990966796875, 357.5304651685581
LOSS, 212.91645050048828, -22.036293029785156, 60.364410400390625, 0.035491990415150575, 5999, 227.82737731933594, 0, 5, 1149213.7554402351, 6.075575351715088, 541.1400756835938, 191.56755383234457
WIN , 26564.498134613037, -16.48968505859375, 70.82607650756836, 39.64850467852692, 670, 86.00373077392578, 355, 23, 251105.93477249146, 32.01325225830078, 562.7664794921875, 374.78497727237533
LOSS, 22490.142578125, -36.0001220703125, 64.97473907470703, 36.0418951572516, 624, 207.0, 358, 15, 232751.20470428467, 36.6010856628418, 571.1185913085938, 372.9987254876357
WIN , 25955.75, -19.185623168945312, 83.92724609375, 38.624627976190474, 672, 143.5, 355, 17, 257016.92113113403, 29.684005737304688, 561.9451293945312, 382.4656564451399
LOSS, 22923.949996948242, -22.561729431152344, 69.1146011352539, 33.662187954402704, 681, 177.10000610351562, 354, 26, 240328.6402759552, 12.913997650146484, 570.622314453125, 352.90549232886224
LOSS, 21990.79150390625, -17.28390884399414, 69.8644027709961, 36.71250668431761, 599, 191.0, 360, 11, 226791.32065582275, 33.53156661987305, 561.01171875, 378.61656202975416
LOSS, 10256.08154296875, -21.304977416992188, 63.770973205566406, 29.641854170429912, 346, 175.0, 376, 4, 116944.2113494873, 13.615005493164062, 567.8701782226562, 337.9890501430269
WIN , 26913.193550109863, -18.575912475585938, 71.37921142578125, 26.726110774687054, 1007, 168.61289978027344, 332, 22, 332353.53575897217, 24.042255401611328, 559.8558349609375, 330.0432331270826
LOSS, 22230.938720703125, -20.27497100830078, 70.63069915771484, 29.60178258415862, 751, 175.0, 349, 21, 260769.5489206314, 9.450242042541504, 566.7344970703125, 347.2297588823321
WIN , 27754.0, -18.20465850830078, 64.9388656616211, 29.307286166842662, 947, 207.0, 336, 27, 323244.379573822, 23.35098648071289, 560.5435791015625, 341.3351421054087
LOSS, 14538.45703125, -20.463825225830078, 62.780052185058594, 30.2884521484375, 480, 175.0, 367, 14, 167956.54764175415, 32.41270446777344, 550.5714721679688, 349.9094742536545
LOSS, 9963.15283203125, -13.698638916015625, 65.6532974243164, 38.46777155224421, 259, 207.0, 382, 7, 98307.07443618774, 53.598941802978516, 558.8050537109375, 379.56399396211486
LOSS, 14966.705322265625, -17.66242218017578, 63.944923400878906, 35.2157772288603, 425, 175.0, 371, 11, 152933.64795303345, 44.49972915649414, 551.0018920898438, 359.8438775365493
LOSS, 18064.541015625, -18.172325134277344, 64.8433609008789, 38.932200464709055, 464, 175.0, 369, 5, 172856.25729370117, 50.69474411010742, 560.2515258789062, 372.5350372709077
WIN , 27224.415004730225, -18.963623046875, 85.2053337097168, 31.58284803332973, 862, 126.16999053955078, 342, 24, 304697.1544532776, 36.03694534301758, 568.2506103515625, 353.4769773239879
WIN , 27342.0, -20.35790252685547, 67.0284194946289, 29.056323060573856, 941, 191.0, 337, 22, 324418.1814613342, 39.032772064208984, 558.4363403320312, 344.7589601076878
LOSS, 10462.254379272461, -16.528751373291016, 64.4627914428711, 30.413530172303666, 344, 162.60549926757812, 377, 5, 115509.45271682739, 45.35411834716797, 555.38134765625, 335.783292781475
LOSS, 10238.907737731934, -19.08599090576172, 62.46009063720703, 36.56752763475691, 280, 201.8000030517578, 381, 7, 100913.31419372559, 48.792381286621094, 566.1549682617188, 360.40469354901995
LOSS, 14325.9580078125, -17.844223022460938, 65.6044692993164, 34.272626812948566, 418, 207.0, 372, 5, 152194.40391159058, 33.763648986816406, 570.03857421875, 364.1014447645708
LOSS, 13300.222412109375, -19.489715576171875, 65.1698989868164, 35.562092010987634, 374, 223.0, 375, 4, 145664.2728996277, 46.5745964050293, 568.3726806640625, 389.47666550702587
LOSS, -103.45350646972656, -21.115150451660156, 59.518653869628906, -0.017245125265832065, 5999, 231.90701293945312, 0, 4, 1144628.9440069199, 0.24497699737548828, 552.8700561523438, 190.80329121635603
LOSS, 8876.31396484375, -18.880462646484375, 63.429786682128906, 33.87906093451813, 262, 191.0, 382, 3, 95561.51067733765, 46.18106460571289, 561.4551391601562, 364.7385903715177
LOSS, 12212.54541015625, -19.366310119628906, 82.88126373291016, 5.523539308076097, 2211, 223.0, 252, 11, 697284.0216598511, 23.37192153930664, 559.6790771484375, 315.3704304205568
LOSS, 25472.60986328125, -23.48126983642578, 64.9489517211914, 27.62755950464344, 922, 175.0, 338, 20, 311377.0777435303, 29.874675750732422, 559.6122436523438, 337.719173257625
LOSS, 4765.567810058594, -16.713043212890625, 65.56829071044922, 43.3233437278054, 110, 191.0, 392, 8, 42347.61025619507, 61.03213119506836, 569.40576171875, 384.9782750563188
LOSS, 22151.903564453125, -21.98052215576172, 62.982704162597656, 33.21124972181878, 667, 191.0, 355, 18, 238950.98014259338, 26.880346298217773, 562.7042846679688, 358.2473465406198
WIN , 26876.65000152588, -18.463523864746094, 66.7378921508789, 32.65692588277749, 823, 161.6999969482422, 345, 12, 291378.46623039246, 30.236417770385742, 564.2445678710938, 354.04430890691674
LOSS, 5428.868293762207, -14.88592529296875, 61.80320739746094, 39.91814921883976, 136, 168.61289978027344, 390, 4, 51776.60684585571, 44.843849182128906, 542.6214599609375, 380.71034445482144
LOSS, 25388.827880859375, -22.23938751220703, 64.74011993408203, 32.591563390063385, 779, 207.0, 348, 20, 275388.64013671875, 24.017658233642578, 558.4571533203125, 353.51558425766206
LOSS, 19169.11865234375, -17.966819763183594, 63.281776428222656, 25.558824869791668, 750, 175.0, 349, 14, 241781.7124195099, 13.92425537109375, 559.328125, 322.3756165593465
LOSS, 12399.999877929688, -16.79460906982422, 61.592628479003906, 31.713554675011988, 391, 191.0, 373, 8, 135784.32625579834, 26.90652847290039, 554.7739868164062, 347.27449170280903
LOSS, 11263.916870117188, -19.26239013671875, 61.70692825317383, 37.05235812538549, 304, 223.0, 379, 6, 110701.20785522461, 10.530292510986328, 559.0947875976562, 364.148710050081
LOSS, 16115.405517578125, -18.77500343322754, 61.065574645996094, 34.73147740857355, 464, 223.0, 369, 11, 167168.80973815918, 32.907958984375, 564.0480346679688, 360.2776071943086
WIN , 26680.0, -15.999755859375, 76.77490234375, 33.857868020304565, 788, 175.0, 347, 16, 281059.70618247986, 13.396219253540039, 563.7490234375, 356.67475403868
LOSS, 21968.67041015625, -18.924026489257812, 67.3241195678711, 33.03559460173872, 665, 207.0, 355, 18, 241354.72471618652, 45.51716232299805, 562.9510498046875, 362.93943566343836
WIN , 26932.0, -20.211654663085938, 65.56159210205078, 32.06190476190476, 840, 191.0, 343, 17, 305109.52288627625, 16.45707893371582, 570.8257446289062, 363.2256224836622
LOSS, 15372.062255859375, -17.96697235107422, 63.213401794433594, 34.85728402689201, 441, 191.0, 370, 8, 164008.87572097778, 29.53799057006836, 568.3309326171875, 371.902212519224
LOSS, 13472.300003051758, -18.20404815673828, 64.6462173461914, 34.722422688277724, 388, 180.39999389648438, 374, 9, 139426.1011505127, 29.817523956298828, 570.3570556640625, 359.34562152193996
LOSS, 16899.911865234375, -16.317657470703125, 66.7610855102539, 29.59704354682027, 571, 207.0, 361, 10, 195634.1993083954, 19.31791877746582, 563.29541015625, 342.6168113982406
LOSS, 18418.47875213623, -19.78539276123047, 69.2369613647461, 44.70504551489376, 412, 176.13575744628906, 372, 7, 169661.6731147766, 37.36045837402344, 567.9296264648438, 411.80017746305003
LOSS, 16706.749198913574, -18.46306610107422, 65.4701919555664, 33.21421311911247, 503, 205.41029357910156, 366, 8, 180396.14516830444, 43.26839828491211, 569.521240234375, 358.6404476507047
LOSS, 21646.470703125, -18.408676147460938, 67.0592269897461, 36.44186987058081, 594, 207.0, 360, 14, 224373.9108657837, 30.888622283935547, 570.467529296875, 377.73385667640355
WIN , 26992.0, -19.498985290527344, 82.6256332397461, 25.36842105263158, 1064, 191.0, 329, 25, 369238.31074523926, 16.473609924316406, 566.9951171875, 347.0284875425181
LOSS, 4009.2672119140625, -18.204200744628906, 58.290687561035156, 35.16901063082511, 114, 223.0, 392, 1, 40231.89219093323, 30.39915657043457, 553.8358764648438, 352.9113350081862
LOSS, 8515.051635742188, -14.930801391601562, 64.38985443115234, 40.93774824876051, 208, 207.0, 386, 7, 81966.46209716797, 72.69019317626953, 572.6533203125, 394.06952931330756
LOSS, 12721.747413635254, -17.66242218017578, 64.6074447631836, 33.129550556341805, 384, 165.3357391357422, 374, 6, 138069.36891555786, 38.84881591796875, 571.7337036132812, 359.5556482175986
WIN , 26470.0, -19.858753204345703, 65.96923828125, 28.431793770139635, 931, 175.0, 337, 21, 324821.44293546677, 6.285691738128662, 568.9962158203125, 348.89521260522747
LOSS, 14042.71728515625, -36.0001220703125, 61.39573669433594, 33.43504115513393, 420, 185.0, 371, 8, 153241.54874420166, 40.39404296875, 561.768798828125, 364.8608303433373
LOSS, 18742.00048828125, -18.880462646484375, 60.971290588378906, 28.396970436789772, 660, 207.0, 355, 13, 227965.58960151672, 19.455963134765625, 560.660888671875, 345.40240848714654
LOSS, 25460.461181640625, -20.560035705566406, 69.1670913696289, 31.16335517948669, 817, 207.0, 345, 19, 297298.2001385689, 3.817539691925049, 565.3054809570312, 363.8900858489215
LOSS, 12439.999877929688, -18.511947631835938, 62.676002502441406, 28.997668713122813, 429, 191.0, 371, 12, 152359.4778366089, 39.41633224487305, 561.5248413085938, 355.1502979874333
LOSS, 9591.098876953125, -16.00006103515625, 62.41919708251953, 32.62278529575893, 294, 223.0, 380, 5, 101420.70547294617, 20.391874313354492, 565.6522216796875, 344.96838596240195
LOSS, 11233.737670898438, -17.357872009277344, 63.786842346191406, 33.63394512245041, 334, 191.0, 377, 6, 123555.80075836182, 23.671005249023438, 570.8984985351562, 369.927547180724
LOSS, 3503.9998779296875, -15.775001525878906, 59.96058654785156, 26.74809067121899, 131, 223.0, 391, 2, 45679.75714111328, 50.29442596435547, 548.8716430664062, 348.70043619170445
LOSS, 11770.909133911133, -18.153656005859375, 65.9249038696289, 26.935718841901906, 437, 164.39999389648438, 370, 9, 151873.8146533966, 11.154664993286133, 561.1032104492188, 347.53733330296706
LOSS, 13505.183349609375, -21.63037109375, 64.25513458251953, 29.812766776179636, 453, 223.0, 369, 11, 162875.16150522232, 6.089676380157471, 559.9577026367188, 359.547817892323
LOSS, 7231.9462890625, -19.25299835205078, 62.79303741455078, 34.11295419369104, 212, 186.447998046875, 385, 6, 75834.72622299194, 51.31419372558594, 564.0223999023438, 357.710972749962
LOSS, 21601.663818359375, -17.298263549804688, 63.487159729003906, 35.29683630450878, 612, 175.0, 359, 13, 231007.12948417664, 9.170455932617188, 562.9976806640625, 377.4626298761056
LOSS, 11999.7666015625, -17.283912658691406, 64.87662506103516, 32.96639176253434, 364, 207.0, 375, 9, 131430.7806854248, 34.948387145996094, 570.063232421875, 361.0735733116066
LOSS, 24551.45263671875, -22.48974609375, 68.4847183227539, 38.30179818520866, 641, 196.533203125, 357, 21, 250610.66466522217, 35.66040802001953, 566.7158203125, 390.9682756087709
LOSS, 1875.9370498657227, -19.858810424804688, 61.88995361328125, 0.3127082930264582, 5999, 233.1259002685547, 0, 4, 1188035.6250805855, 2.0834245681762695, 562.1358032226562, 198.03894400409825
WIN , 26696.0, -21.27154541015625, 72.8543701171875, 30.82678983833718, 866, 223.0, 342, 24, 302293.24416160583, 17.137197494506836, 565.7208251953125, 349.0684112720622
LOSS, 22722.343505859375, -21.90528106689453, 65.6383285522461, 30.66443118199646, 741, 207.0, 350, 14, 254069.90168440342, -1.4104231595993042, 567.2005615234375, 342.874361247508
LOSS, 14406.294189453125, -17.662269592285156, 61.748268127441406, 30.586611867204088, 471, 223.0, 368, 13, 165777.14001464844, 17.8985595703125, 563.1268920898438, 351.96845013725783
LOSS, 7349.2275390625, -13.000030517578125, 66.5077896118164, 47.41437121975807, 155, 223.0, 389, 4, 65354.48166656494, 45.393333435058594, 559.9744873046875, 421.6418172036448
WIN , 26922.0, -21.721656799316406, 86.00341796875, 31.26829268292683, 861, 191.0, 342, 15, 305762.01716804504, 20.83767318725586, 560.4482421875, 355.12429403954127
LOSS, 14664.00048828125, -34.0001220703125, 65.2364273071289, 23.165877548627567, 633, 223.0, 357, 12, 199261.2944908142, 11.80184555053711, 561.9224243164062, 314.7887748670051
LOSS, 13735.552001953125, -18.77500343322754, 63.457862854003906, 29.412316920670502, 467, 223.0, 368, 7, 160737.66986083984, 28.469898223876953, 565.1865844726562, 344.19201254997824
LOSS, 20554.00048828125, -17.408828735351562, 60.25111389160156, 25.82160865361966, 796, 223.0, 346, 21, 259947.98256111145, 18.803998947143555, 564.9530029296875, 326.56781728782846
LOSS, 19265.328369140625, -19.13629150390625, 61.764442443847656, 20.451516315435907, 942, 175.0, 337, 12, 282783.4862151146, 3.161776065826416, 565.2100830078125, 300.1947836678499
WIN , 27074.0, -19.18853759765625, 65.8626480102539, 32.89671931956258, 823, 207.0, 345, 16, 294595.59460926056, 11.587041854858398, 570.9789428710938, 357.9533348836702
LOSS, 11629.346069335938, -14.557670593261719, 64.10025787353516, 34.50844530960219, 337, 207.0, 377, 7, 119016.47693252563, 35.33844757080078, 572.4843139648438, 353.16461997782085
LOSS, 16191.400390625, -19.354393005371094, 63.838417053222656, 35.12234358053146, 461, 223.0, 369, 12, 172703.61068344116, 29.79204559326172, 572.571533203125, 374.62822274065326
LOSS, 16440.715576171875, -19.441246032714844, 58.618995666503906, 27.91292967091999, 589, 223.0, 360, 12, 193878.3003463745, 10.933334350585938, 562.99560546875, 329.16519583425213
WIN , 27235.75, -19.23950958251953, 71.404052734375, 29.73335152838428, 916, 143.5, 338, 32, 307623.4802761078, 12.364559173583984, 570.3538818359375, 335.8334937512094
WIN , 27029.45249938965, -21.575790405273438, 92.29092407226562, 29.379839673249617, 920, 156.09500122070312, 338, 23, 315731.5653305054, 22.94032096862793, 566.3782348632812, 343.18648405489716
WIN , 27058.944374084473, -18.36511993408203, 73.21791076660156, 32.21302901676723, 840, 137.1112518310547, 343, 20, 293107.4111289978, 39.34746551513672, 568.385498046875, 348.9373942011879
LOSS, 13909.599998474121, -18.462913513183594, 65.95938873291016, 30.91022221883138, 450, 185.8000030517578, 369, 13, 154750.89280319214, 22.984760284423828, 564.3123779296875, 343.8908728959825
WIN , 28154.0, -19.72252655029297, 70.65185546875, 27.95829195630586, 1007, 207.0, 332, 29, 332742.78883457184, 6.021327018737793, 567.39697265625, 330.42978037196804
WIN , 26756.0, -18.576522827148438, 76.3134765625, 32.39225181598063, 826, 223.0, 344, 28, 303504.44229125977, 21.60674476623535, 561.5894165039062, 367.4387921201692
LOSS, 20871.0, -19.5595703125, 62.27531433105469, 33.66290322580645, 620, 223.0, 358, 10, 229861.52583312988, 23.062246322631836, 563.8388671875, 370.7443965050482
LOSS, 5739.659484863281, -16.00006103515625, 64.61051177978516, 35.6500589121943, 161, 207.0, 389, 1, 59669.54997634888, 37.27142333984375, 565.0955810546875, 370.61832283446506
LOSS, 17844.58154296875, -36.0001220703125, 64.5247573852539, 34.11965878196702, 523, 223.0, 365, 11, 188932.24941718578, -1.745829701423645, 569.4421997070312, 361.2471308167988
LOSS, 14608.813720703125, -18.722877502441406, 66.8468246459961, 28.6447327856924, 510, 223.0, 365, 14, 175431.9069263935, 2.7189133167266846, 562.4038696289062, 343.98413122822257
LOSS, 21230.877883911133, -18.361602783203125, 66.4778823852539, 34.91920704590647, 608, 180.39999389648438, 359, 15, 229940.90424728394, 14.86709976196289, 567.5863037109375, 378.19227672250645
LOSS, 11446.588134765625, -17.880050659179688, 62.997657775878906, 35.54841035641498, 322, 175.0, 378, 8, 120203.68804168701, 50.58848571777344, 563.7039184570312, 373.3033790114504
LOSS, 18193.978515625, -17.35771942138672, 58.125267028808594, 27.990736177884614, 650, 223.0, 356, 13, 222304.8949317932, 26.887453079223633, 558.3599853515625, 342.00753066429724
LOSS, 9932.47705078125, -15.463035583496094, 63.263160705566406, 35.8573178728565, 277, 223.0, 381, 8, 99066.70809173584, 40.893733978271484, 559.4876098632812, 357.6415454575301
LOSS, 17578.57977294922, -18.77500343322754, 65.7790298461914, 31.278611695639178, 562, 196.1680908203125, 362, 13, 197550.06317520142, 17.256023406982422, 571.859619140625, 351.51256792740463
LOSS, 20539.276000976562, -18.153507232666016, 60.50895690917969, 29.13372482408023, 705, 186.447998046875, 352, 16, 247422.50420761108, 8.816749572753906, 559.930419921875, 350.95390667746256
WIN , 27624.0, -18.77500343322754, 65.015869140625, 27.188976377952756, 1016, 207.0, 332, 12, 344808.7109262943, -3.959979772567749, 560.5009765625, 339.3786524865102
LOSS, 24594.00048828125, -35.99951171875, 64.17098236083984, 32.87967979716745, 748, 223.0, 350, 29, 263541.4722008705, -4.79303503036499, 561.13134765625, 352.3281713915381
LOSS, 17584.300003051758, -20.476280212402344, 63.010475158691406, 32.806529856439845, 536, 196.39999389648438, 364, 14, 194056.45259857178, 40.59603500366211, 571.7216796875, 362.04562051972346
WIN , 27203.75, -18.20465850830078, 69.69140625, 31.632267441860463, 860, 127.5, 342, 22, 304918.51545906067, 21.135009765625, 572.2747192382812, 354.55641332448914
WIN , 27002.0, -18.20465850830078, 72.994384765625, 34.39745222929936, 785, 191.0, 347, 32, 294538.8112897873, 8.72200870513916, 561.319091796875, 375.2086768022768
WIN , 26364.300003051758, -19.564987182617188, 65.5422134399414, 36.016803282857595, 732, 126.39999389648438, 351, 13, 277219.73785591125, -4.527077674865723, 562.8514404296875, 378.7154888741957
LOSS, 20258.620361328125, -20.17668914794922, 64.7520980834961, 32.413792578125, 625, 207.0, 358, 11, 219403.2687807083, 8.440690040588379, 559.255126953125, 351.0452300491333
LOSS, 12158.267822265625, -21.20423126220703, 62.47627639770508, 29.017345637865454, 419, 175.0, 372, 4, 141358.39288330078, 32.87774658203125, 563.5755615234375, 337.3708660699303
WIN , 26764.0, -21.870201110839844, 73.97705078125, 35.590425531914896, 752, 207.0, 349, 21, 283483.9517555237, 45.385047912597656, 563.5857543945312, 376.97334010043045
WIN , 26053.40355682373, -35.99951171875, 70.4967269897461, 34.69161592120337, 751, 208.19288635253906, 349, 13, 279907.754039526, 3.795614004135132, 563.6134033203125, 372.71338753598667
WIN , 26680.0, -18.33984375, 74.384765625, 33.60201511335013, 794, 175.0, 347, 24, 299691.317987442, -7.306489944458008, 582.6832275390625, 377.44498487083376
WIN , 26932.29518890381, -21.880340576171875, 75.71146392822266, 33.45626731540846, 805, 210.4096221923828, 346, 31, 294578.81667137146, 8.208667755126953, 562.9410400390625, 365.93641822530617
LOSS, 14360.2822265625, -17.663818359375, 63.553688049316406, 29.306698421556124, 490, 223.0, 367, 11, 168618.03868317604, 0.6436467170715332, 574.07421875, 344.118446292196
WIN , 26972.0, -19.185623168945312, 84.169921875, 30.102678571428573, 896, 191.0, 340, 21, 315477.685959816, 14.153703689575195, 564.6082763671875, 352.09563165158033
LOSS, 4840.57666015625, -13.683845520019531, 61.445098876953125, 41.37245008680556, 117, 191.0, 392, 3, 43652.764961242676, 50.87218475341797, 559.3233032226562, 373.1005552242964
LOSS, 12603.14729309082, -16.48967742919922, 60.19378662109375, 38.89860275645315, 324, 164.39999389648438, 378, 8, 127635.2964630127, 84.66918182373047, 560.5394287109375, 393.93610019448363
LOSS, 16581.0, -36.0001220703125, 64.6227035522461, 27.681135225375627, 599, 223.0, 360, 11, 203483.0421757698, -4.774428844451904, 577.120361328125, 339.70457792282104
LOSS, 11111.0, -15.670166015625, 62.777931213378906, 38.579861111111114, 288, 223.0, 380, 12, 108881.16036987305, 54.62300109863281, 555.4730834960938, 378.05958461761475
WIN , 27144.0, -18.463523864746094, 86.01318359375, 27.86858316221766, 974, 207.0, 335, 28, 326553.8969745636, 18.766176223754883, 567.62890625, 335.270941452324
LOSS, 19763.085090637207, -35.99951171875, 63.398658752441406, 32.66625634816067, 605, 184.83079528808594, 359, 17, 221306.12561798096, 38.97981262207031, 566.597900390625, 365.7952489553404
LOSS, 14332.188720703125, -17.283912658691406, 66.2700424194336, 33.48642224463347, 428, 175.0, 371, 8, 155392.03563308716, 37.79050064086914, 564.9346923828125, 363.0655038156242
LOSS, 22560.175537109375, -19.310096740722656, 69.0169448852539, 35.75305156435717, 631, 207.0, 357, 20, 233459.52465438843, 20.588516235351562, 568.3800659179688, 369.9833988183652
LOSS, 14743.582626342773, -34.40019226074219, 69.44083404541016, 34.60934888812858, 426, 185.81814575195312, 371, 12, 159559.1281890869, -62.852508544921875, 560.9414672851562, 374.55194410583783
LOSS, 20374.00048828125, -16.362655639648438, 65.81563568115234, 34.767918921981654, 586, 223.0, 360, 18, 220915.42381095886, 11.976142883300781, 560.0798950195312, 376.98877783440076
LOSS, 12846.6689453125, -18.181320190429688, 66.65885162353516, 43.99544159353596, 292, 223.0, 380, 6, 119534.49048995972, 61.97562026977539, 562.4156494140625, 409.36469345876617
LOSS, 24825.709716796875, -20.243637084960938, 65.66275787353516, 38.850875926129696, 639, 191.0, 357, 10, 250352.58412742615, 27.217987060546875, 565.9142456054688, 391.78808157656675
LOSS, 25460.818115234375, -18.72528839111328, 65.2278823852539, 36.79308976189939, 692, 223.0, 353, 14, 260262.9984741211, 26.763185501098633, 564.5479736328125, 376.10259895104207
LOSS, 7600.8560791015625, -16.00006103515625, 57.194664001464844, 36.71911149324426, 207, 207.0, 386, 4, 75947.21335983276, 33.268348693847656, 547.6529541015625, 366.89475053059306
LOSS, 7623.9998779296875, -14.8028564453125, 60.700584411621094, 29.21072750164631, 261, 223.0, 382, 8, 88355.12811851501, 18.23143196105957, 550.1758422851562, 338.52539509009586
LOSS, 14794.551025390625, -19.48956298828125, 67.6964340209961, 36.80236573480255, 402, 223.0, 373, 8, 149820.43628311157, 26.403099060058594, 557.5046997070312, 372.6876524455512
WIN , 27172.557498931885, -20.901809692382812, 77.84753799438477, 30.877906248786232, 880, 109.88500213623047, 341, 22, 312127.26559734344, 4.604341506958008, 569.4130249023438, 354.69007454243575
WIN , 26192.351097106934, -19.374267578125, 66.3234634399414, 31.709868156303795, 826, 150.2978057861328, 344, 24, 286964.4814777374, 23.335481643676758, 573.6724853515625, 347.4146264863649
WIN , 25688.65000152588, -19.583526611328125, 90.9798355102539, 30.045204680147226, 855, 177.6999969482422, 342, 13, 307674.1749725342, 35.76947021484375, 573.0872192382812, 359.8528362251862
LOSS, 10391.631225585938, -18.880462646484375, 67.7114028930664, 41.40092121747386, 251, 207.0, 383, 4, 103030.03839111328, 61.093605041503906, 580.09130859375, 410.47824060204493
LOSS, 5144.272705078125, -12.774999618530273, 62.84522247314453, 42.86893920898437, 120, 120.6129150390625, 391, 3, 46498.70603942871, 110.23451232910156, 569.096923828125, 387.48921699523925
LOSS, 12440.300003051758, -16.00006103515625, 68.4990463256836, 41.19304636772105, 302, 164.39999389648438, 379, 8, 119680.62141418457, 41.04376983642578, 571.3887329101562, 396.2934483913396
LOSS, 16623.7294921875, -16.362655639648438, 67.9909439086914, 38.84048946772781, 428, 223.0, 371, 10, 160922.13245391846, 31.693500518798828, 566.421630859375, 375.9862907801833
LOSS, 11008.531127929688, -19.52875328063965, 66.9032974243164, 37.700449068252354, 292, 223.0, 380, 4, 112120.19227409363, 25.674470901489258, 565.4148559570312, 383.9732612126494
WIN , 26900.65000152588, -21.23444366455078, 75.4109878540039, 31.243495936731566, 861, 193.6999969482422, 342, 19, 304217.97653388977, 26.45279312133789, 573.01123046875, 353.33098319847824
LOSS, 19833.949996948242, -18.20404815673828, 67.9341812133789, 26.445266662597657, 750, 177.10000610351562, 349, 19, 254663.30223846436, 13.79440689086914, 567.918212890625, 339.5510696512858
WIN , 26856.300003051758, -17.795822143554688, 66.6139907836914, 35.06044386821378, 766, 142.39999389648438, 348, 22, 288380.256937027, 13.38311767578125, 564.6569213867188, 376.47553124938247
LOSS, 21255.80322265625, -16.362045288085938, 66.7446060180664, 34.17331707822548, 622, 175.0, 358, 14, 229969.65947532654, 26.699268341064453, 568.4501342773438, 369.7261406355732
LOSS, 17134.300003051758, -18.89562225341797, 69.1390151977539, 32.38998110217724, 529, 196.39999389648438, 364, 15, 194515.73611831665, 47.16154479980469, 567.6567993164062, 367.7046051385948
LOSS, 21916.991455078125, -18.512413024902344, 66.1098403930664, 32.08929934857705, 683, 191.0, 354, 12, 253335.94659423828, 44.48894119262695, 563.5608520507812, 370.9164664630136
WIN , 26184.415004730225, -17.308349609375, 88.5256462097168, 37.406307149614605, 700, 126.16999053955078, 353, 18, 275042.29457855225, 52.43537902832031, 572.287109375, 392.91756368364605
LOSS, 17062.46630859375, -19.071762084960938, 63.492958068847656, 28.01718605680419, 609, 191.0, 359, 8, 218283.1386179924, 6.6194167137146, 574.013671875, 358.4287990443225
WIN , 26522.40000152588, -19.353782653808594, 69.4478530883789, 33.070324191428774, 802, 130.1999969482422, 346, 25, 297505.5162887573, 22.818241119384766, 568.6782836914062, 370.9545090882261
LOSS, 9953.512817382812, -21.3397216796875, 70.4543228149414, 32.1081058625252, 310, 223.0, 379, 4, 115487.53285598755, 33.48666000366211, 574.9102172851562, 372.5404285677018
LOSS, 5328.2952880859375, -17.320114135742188, 54.24195098876953, 30.79939472882045, 173, 175.0, 388, 3, 60637.33659744263, 47.855430603027344, 530.4917602539062, 350.5048358233678
WIN , 25846.0, -23.46355438232422, 67.4883041381836, 36.76529160739687, 703, 223.0, 353, 12, 273355.10774230957, 21.602890014648438, 576.2996826171875, 388.84083604880453
WIN , 26946.21075820923, -20.901809692382812, 70.51797866821289, 31.33280320722003, 860, 122.57848358154297, 342, 12, 308144.2687339783, 28.29446029663086, 560.5178833007812, 358.30728922555613
