WIN , 33374.49167633057, -33.702911376953125, 82.38975524902344, 7.079866711143523, 4714, 186.0166473388672, 85, 37, 22531.01707839966, 2.682532548904419, 64.57046508789062, 4.779596325498442
WIN , 31030.753562927246, -49.662391662597656, 91.2416763305664, 11.354099364408066, 2733, 173.4928741455078, 217, 33, 50765.5198764801, 12.8602933883667, 66.24787139892578, 18.575016420226895
LOSS, 25643.307861328125, -48.204200744628906, 82.32489776611328, 6.622755129475239, 3872, 207.0, 141, 22, 115962.71035480499, 2.9321327209472656, 99.41927337646484, 29.949047095765753
WIN , 30010.0, -24.8046875, 80.6201171875, 19.52504879635654, 1537, 175.0, 297, 37, 76093.18371009827, 12.710662841796875, 127.03985595703125, 49.507601633115335
WIN , 27602.0, -24.568500518798828, 78.47440338134766, 19.154753643303263, 1441, 191.0, 303, 25, 88133.86559295654, 24.04947280883789, 135.54989624023438, 61.161599995112105
LOSS, 6102.022155761719, -19.858753204345703, 59.753944396972656, 32.98390354465794, 185, 207.0, 387, 4, 12217.196090698242, 20.128517150878906, 125.92493438720703, 66.03889778755807
LOSS, 13399.0, -17.662269592285156, 53.450538635253906, 24.63051470588235, 544, 207.0, 363, 15, 34850.505027770996, 10.493228912353516, 131.5397491455078, 64.06342835987316
LOSS, 25066.206298828125, -21.426918029785156, 53.969337463378906, 18.91789154628538, 1325, 223.0, 311, 23, 93903.95216751099, 16.211668014526367, 152.5279541015625, 70.8709072962347
LOSS, 21909.276000976562, -24.132469177246094, 58.92303466796875, 22.31087169142216, 982, 186.447998046875, 334, 19, 85777.49327278137, 10.220081329345703, 169.36561584472656, 87.34978948348409
LOSS, 25373.617919921875, -21.980751037597656, 59.674888610839844, 21.26874930420945, 1193, 207.0, 320, 20, 108336.6198310852, 38.72146987915039, 176.72201538085938, 90.81024294307225
LOSS, 21631.0, -25.084754943847656, 55.254737854003906, 21.1240234375, 1024, 223.0, 331, 29, 89820.34721374512, 25.714811325073242, 170.40499877929688, 87.71518282592297
WIN , 28595.940521240234, -21.462791442871094, 81.6207046508789, 19.844511118140343, 1441, 203.11895751953125, 303, 34, 144795.33921813965, 30.377750396728516, 188.35586547851562, 100.48253936026346
LOSS, 23563.09375, -18.15411376953125, 59.97749328613281, 27.753938457008246, 849, 191.0, 343, 16, 93728.5266494751, 20.75884246826172, 192.06756591796875, 110.39873574732049
LOSS, 10041.12939453125, -32.0001220703125, 57.28313446044922, 25.68063783767583, 391, 223.0, 373, 6, 42745.34377288818, -6.617885589599609, 180.218994140625, 109.32312985393398
LOSS, 24190.64951324463, -25.060791015625, 63.463035583496094, 22.65042089255115, 1068, 177.6999969482422, 328, 20, 118607.95579910278, 20.925186157226562, 195.56948852539062, 111.05613838867302
LOSS, 16613.64125061035, -57.23564910888672, 62.404685974121094, 2.769401775397625, 5999, 197.71749877929688, 0, 26, 612285.6361160278, 12.180522918701172, 209.48590087890625, 102.06461678880277
LOSS, 23262.34130859375, -33.84424591064453, 62.380592346191406, 23.28562693552928, 999, 175.0, 333, 13, 142177.4857826233, 38.33164978027344, 230.2100830078125, 142.3198055882115
LOSS, 12899.7890625, -19.72052001953125, 56.759254455566406, 23.932818297773654, 539, 223.0, 364, 9, 75685.57986831665, 27.32453155517578, 226.6372528076172, 140.41851552563386
WIN , 26656.0, -38.0, 72.22412109375, 16.11608222490931, 1654, 223.0, 289, 27, 222955.27658462524, 13.513750076293945, 236.35313415527344, 134.79762792298988
LOSS, 12760.222045898438, -19.858810424804688, 58.842384338378906, 27.679440446634356, 461, 191.0, 369, 7, 73213.77312088013, 55.88762664794922, 258.36688232421875, 158.81512607566188
WIN , 28429.0, -17.468482971191406, 82.82910919189453, 25.727601809954752, 1105, 217.0, 326, 20, 171111.60078048706, 35.314998626708984, 240.79632568359375, 154.85212740315572
LOSS, 17478.42431640625, -36.0001220703125, 60.974937438964844, 18.977659409778774, 921, 223.0, 338, 15, 132442.87496757507, 19.339038848876953, 245.57936096191406, 143.80333872700876
LOSS, 13972.376953125, -20.783676147460938, 56.77299499511719, 19.98909435354077, 699, 223.0, 353, 12, 106643.7730808258, 26.34087562561035, 251.12936401367188, 152.5661989711385
WIN , 26653.05731201172, -19.72021484375, 68.11702728271484, 21.633975090918604, 1232, 148.8853759765625, 317, 30, 192901.42362976074, 32.91703796386719, 273.54498291015625, 156.5758308683123
LOSS, 18690.348876953125, -18.0462646484375, 64.5787582397461, 31.047091157729444, 602, 207.0, 359, 14, 108998.05422973633, 58.970123291015625, 268.33514404296875, 181.0598907470703
WIN , 27676.65000152588, -39.999755859375, 78.1038589477539, 13.680993574654414, 2023, 161.6999969482422, 265, 27, 315944.81356430054, 28.302440643310547, 306.2412414550781, 156.17637843020293
LOSS, 8279.5458984375, -18.396926879882812, 59.39689636230469, 33.11818359375, 250, 175.0, 383, 8, 42866.05768585205, 74.93914794921875, 264.93133544921875, 171.4642307434082
LOSS, 14712.08642578125, -18.98064422607422, 57.785255432128906, 28.13018437051864, 523, 223.0, 365, 10, 95095.4817199707, 46.023529052734375, 279.24822998046875, 181.82692489478146
WIN , 28087.300003051758, -18.306747436523438, 69.7762222290039, 25.603737468597775, 1097, 180.39999389648438, 326, 25, 203795.7837715149, 58.949127197265625, 291.7235107421875, 185.77555494212842
LOSS, 25244.00048828125, -22.2760009765625, 63.398048400878906, 25.26926975803929, 999, 223.0, 333, 17, 182858.08810806274, 48.44765090942383, 287.4621887207031, 183.04112923730005
LOSS, 12873.277954101562, -15.999984741210938, 59.863502502441406, 27.101637798108552, 475, 207.0, 368, 12, 85969.25339889526, 61.1278190612793, 288.4176940917969, 180.9879018924111
LOSS, 17533.4962310791, -21.133201599121094, 63.344337463378906, 23.790361236199594, 737, 218.99874877929688, 350, 13, 132094.3211364746, 53.072052001953125, 274.86773681640625, 179.2324574443346
LOSS, 24977.40087890625, -18.66943359375, 61.328941345214844, 26.973435074412798, 926, 207.0, 338, 28, 178792.83739852905, 52.977386474609375, 298.9582824707031, 193.08081792497737
LOSS, 13248.082763671875, -16.720489501953125, 53.87176513671875, 24.90241120990954, 532, 191.0, 364, 14, 104507.43744277954, 30.158313751220703, 304.4688415527344, 196.44255158417207
WIN , 28245.724082946777, -20.298141479492188, 72.2065658569336, 25.062754288328996, 1127, 183.5518341064453, 324, 28, 229505.39555358887, 39.22882843017578, 306.2021789550781, 203.64276446636103
LOSS, 15522.12890625, -42.999755859375, 56.524269104003906, 17.578854933465458, 883, 175.0, 341, 11, 167862.51979255676, 31.47170066833496, 297.2283020019531, 190.10477892701786
LOSS, 10405.663108825684, -17.662269592285156, 62.105552673339844, 17.45916628997598, 596, 201.8000030517578, 360, 9, 111034.30685806274, 47.84483337402344, 336.0051574707031, 186.2991725806422
LOSS, 12886.540283203125, -18.6700439453125, 55.8099365234375, 24.406326293945312, 528, 207.0, 364, 12, 103664.12017440796, 63.717742919921875, 310.5039978027344, 196.33356093637872
LOSS, 8651.0, -19.895240783691406, 60.76544952392578, 21.6275, 400, 223.0, 373, 4, 81514.27374267578, 73.57252502441406, 315.3322448730469, 203.78568435668944
LOSS, 16244.0634765625, -18.98125457763672, 64.2897720336914, 31.000121138478054, 524, 207.0, 365, 6, 108519.38694763184, 64.80323028564453, 314.4878234863281, 207.09806669395388
WIN , 27576.0, -20.1611328125, 62.187721252441406, 28.31211498973306, 974, 223.0, 335, 26, 197124.780418396, 55.79801940917969, 313.8631286621094, 202.38683821190554
WIN , 26712.0, -41.9998779296875, 83.50792694091797, 14.922905027932961, 1790, 191.0, 280, 37, 332768.2851371765, 33.34366226196289, 316.6275939941406, 185.90406990903716
WIN , 25935.300003051758, -39.0, 83.0548324584961, 11.891471803324968, 2181, 164.39999389648438, 254, 24, 406175.4566497803, 36.48992156982422, 332.10205078125, 186.2335885601927
LOSS, 10852.081787109375, -17.966819763183594, 57.504798889160156, 21.791328889777862, 498, 191.0, 366, 10, 103754.29643249512, 32.0136833190918, 319.5910339355469, 208.34196070782153
WIN , 27878.65000152588, -40.9998779296875, 86.2215347290039, 25.25240036370098, 1104, 177.6999969482422, 326, 29, 238400.1799583435, 49.5324592590332, 325.9869079589844, 215.94219199125317
LOSS, 18668.234130859375, -38.00048828125, 61.151039123535156, 15.128228631166431, 1234, 191.0, 317, 12, 257579.24730300903, 36.85024642944336, 357.7362976074219, 208.73520851135254
LOSS, 12084.352172851562, -20.0347900390625, 60.168678283691406, 26.270330810546874, 460, 207.0, 369, 11, 102718.36738014221, 27.41533851623535, 334.94354248046875, 223.30079865248308
LOSS, 25891.5048828125, -18.448875427246094, 61.584373474121094, 23.096792937388493, 1121, 207.0, 325, 22, 255000.20848846436, 53.586299896240234, 348.08538818359375, 227.4756543162037
WIN , 27776.83213043213, -23.002235412597656, 66.05062103271484, 26.86347401395757, 1034, 181.3357391357422, 331, 16, 240881.68366241455, 47.25385665893555, 349.1468811035156, 232.96100934469493
WIN , 27099.415954589844, -20.2301025390625, 62.141357421875, 23.30130348631973, 1163, 196.1680908203125, 322, 27, 281602.5511894226, 49.622982025146484, 357.44921875, 242.13460979314067
LOSS, 13681.349975585938, -23.885971069335938, 59.691993713378906, 28.924629969526293, 473, 191.0, 368, 14, 113082.44722366333, 55.72591018676758, 357.8686218261719, 239.07494127624383
LOSS, 17287.300491333008, -22.04345703125, 63.29383087158203, 28.15521252660099, 614, 196.39999389648438, 359, 14, 141639.15283584595, 54.342830657958984, 355.1435241699219, 230.68265934176864
LOSS, 11051.999877929688, -37.0, 53.782569885253906, 15.94805177190431, 693, 207.0, 353, 10, 167823.30139160156, 47.3758544921875, 362.0210266113281, 242.16926607734715
LOSS, 26585.623779296875, -37.0, 64.83512115478516, 25.367961621466485, 1048, 175.0, 330, 15, 244750.0968055725, 45.74977111816406, 355.1318054199219, 233.54016870760736
WIN , 27728.65000152588, -19.185012817382812, 86.8184585571289, 26.894907857930047, 1031, 177.6999969482422, 331, 17, 252063.53881072998, 64.66000366210938, 366.14410400390625, 244.48451873009697
LOSS, 20552.271484375, -20.1611328125, 59.991355895996094, 24.613498783682633, 835, 207.0, 344, 13, 195574.82078552246, 33.520599365234375, 374.75506591796875, 234.22134225811072
WIN , 27297.45249938965, -25.06048583984375, 88.42739868164062, 18.222598464212048, 1498, 140.09500122070312, 300, 32, 332869.31351852417, 22.421409606933594, 358.50848388671875, 222.2091545517518
LOSS, 25567.673095703125, -32.9345703125, 64.1854019165039, 23.28567677204292, 1098, 207.0, 326, 19, 261301.9869041443, 46.24000549316406, 362.0403137207031, 237.97995164311865
LOSS, 15871.0, -19.156700134277344, 57.352821350097656, 29.832706766917294, 532, 223.0, 364, 12, 131357.97861480713, 56.90376281738281, 363.1530456542969, 246.9134936368555
LOSS, 12760.310546875, -19.036109924316406, 62.66492462158203, 25.267941676980197, 505, 191.0, 366, 10, 120561.31513214111, 53.88456726074219, 377.52435302734375, 238.73527748938835
LOSS, 21282.677490234375, -35.0, 61.458984375, 18.331332894258722, 1161, 191.0, 322, 22, 263066.9151382446, 43.83728790283203, 371.978271484375, 226.58649021381967
LOSS, 12378.000122070312, -17.662269592285156, 63.608619689941406, 26.734341516350568, 463, 223.0, 369, 13, 112084.53115081787, 90.34093475341797, 359.3193054199219, 242.08322062811635
LOSS, 20044.00048828125, -18.463523864746094, 70.4736557006836, 22.445689236597143, 893, 223.0, 340, 10, 216472.58591079712, 38.46331024169922, 378.5276794433594, 242.41051053840664
LOSS, 4209.6602783203125, -18.77500343322754, 56.68189239501953, 37.25363078159569, 113, 223.0, 392, 3, 27826.45925140381, 82.89520263671875, 348.9839172363281, 246.2518517823346
LOSS, 10611.675804138184, -18.0462646484375, 53.20343017578125, 31.210811188641717, 340, 185.8000030517578, 377, 6, 89291.41757583618, 63.827701568603516, 382.34014892578125, 262.6218163995182
WIN , 25730.0, -41.00048828125, 66.55517578125, 9.899961523662947, 2599, 175.0, 226, 23, 509105.8889141083, 14.295751571655273, 379.6925354003906, 195.8852977738008
LOSS, 15769.864990234375, -20.662452697753906, 62.25028991699219, 28.363066529198516, 556, 191.0, 362, 18, 136325.202167511, 55.624183654785156, 381.36944580078125, 245.18921253149458
LOSS, 21330.68701171875, -39.0, 58.478660583496094, 17.174466193010264, 1242, 207.0, 317, 27, 293472.2775878906, 42.83367919921875, 389.24627685546875, 236.29007857318086
LOSS, 19454.127197265625, -35.99951171875, 60.738441467285156, 18.3011544659131, 1063, 175.0, 329, 13, 264011.4327392578, 67.83163452148438, 392.8944396972656, 248.36447106233095
WIN , 28359.786407470703, -23.023475646972656, 78.148193359375, 25.321237863813128, 1120, 175.42718505859375, 325, 22, 289724.5998687744, 69.55823516845703, 390.3359375, 258.6826784542629
LOSS, 11754.4033203125, -14.662391662597656, 56.4947509765625, 32.47072740417818, 362, 223.0, 375, 15, 98816.94756317139, 83.99726867675781, 374.7535705566406, 272.9749932684293
LOSS, 11717.716552734375, -16.00006103515625, 59.31266784667969, 28.16758786714994, 416, 191.0, 372, 11, 108207.42166900635, 38.28172302246094, 387.48944091796875, 260.1139943966499
WIN , 27568.398712158203, -18.721778869628906, 85.58837890625, 27.762737877299298, 993, 138.20257568359375, 333, 32, 260677.29863739014, 48.682579040527344, 391.07293701171875, 262.5149029580968
WIN , 27638.65000152588, -22.463363647460938, 92.1822280883789, 28.850365346060418, 958, 177.6999969482422, 336, 19, 258461.37077331543, 75.49246978759766, 383.5255432128906, 269.7926626026257
LOSS, 15585.776268005371, -25.458740234375, 70.4939956665039, 18.82340128986156, 828, 169.8000030517578, 344, 11, 216783.9096069336, 49.73334503173828, 396.2414855957031, 261.8163159504029
LOSS, 10101.0, -39.0, 54.870216369628906, 9.326869806094184, 1083, 223.0, 327, 9, 232248.46947312355, 2.644880533218384, 387.3317565917969, 214.44918695579275
LOSS, 15241.0, -17.662269592285156, 63.864051818847656, 28.171903881700555, 541, 223.0, 363, 11, 144397.8516960144, 45.022071838378906, 384.2613830566406, 266.9091528576976
LOSS, 12763.654541015625, -34.0, 60.184852600097656, 23.592707099844038, 541, 207.0, 363, 13, 137292.1075706482, 50.33430099487305, 391.6207580566406, 253.7746905187582
LOSS, 8465.631958007812, -35.0001220703125, 63.81568145751953, 23.193512213720034, 365, 223.0, 375, 5, 95854.34744262695, 72.23298645019531, 408.08233642578125, 262.6146505277451
LOSS, 3881.0, -21.34002685546875, 59.192726135253906, 7.746506986027944, 501, 223.0, 366, 3, 100939.97787475586, 47.80290222167969, 377.5116882324219, 201.47700174601968
LOSS, 8200.563720703125, -21.34002685546875, 65.1262435913086, 29.080013193982712, 282, 207.0, 381, 3, 73834.2977142334, 88.08053588867188, 381.6385498046875, 261.8237507596929
LOSS, 13362.2783203125, -30.322418212890625, 62.637229919433594, 13.818281613559979, 967, 191.0, 335, 15, 217295.19008255005, 62.02505111694336, 388.4485168457031, 224.71064124358847
LOSS, 23161.42431640625, -20.9521484375, 61.540138244628906, 24.61362839150505, 941, 207.0, 337, 23, 239783.96534729004, 64.84727478027344, 403.2400817871094, 254.818241601796
LOSS, 24663.282859802246, -39.999755859375, 60.758888244628906, 29.6433688218777, 832, 185.0700225830078, 344, 18, 223313.3670539856, 62.611080169677734, 396.9925231933594, 268.4054892475788
LOSS, 8931.405029296875, -16.00006103515625, 64.68160247802734, 34.75254875212792, 257, 175.0, 382, 5, 70262.26168823242, 128.17381286621094, 387.3711242675781, 273.3940143510989
LOSS, 10792.802383422852, -27.47613525390625, 61.762306213378906, 28.253409380688094, 382, 185.39498901367188, 374, 10, 109249.42908477783, 61.335235595703125, 390.42999267578125, 285.99326985543934
LOSS, 6132.330261230469, -15.775001525878906, 56.628028869628906, 29.06317659350933, 211, 223.0, 385, 7, 57966.55227661133, 136.84469604492188, 400.7731018066406, 274.72299657161767
WIN , 27107.300003051758, -20.803001403808594, 95.2425308227539, 23.14884714180338, 1171, 180.39999389648438, 321, 21, 325974.5299797058, 45.708927154541016, 404.5186767578125, 278.3727839280152
LOSS, 20521.2255859375, -38.0, 60.69602966308594, 21.24350474734731, 966, 175.0, 335, 16, 255510.35486602783, 43.63714599609375, 394.32305908203125, 264.5034729461986
WIN , 27074.0, -19.723846435546875, 64.0010757446289, 24.999076638965835, 1083, 207.0, 327, 27, 294304.8500595093, 65.10511016845703, 404.3934326171875, 271.74963071053486
LOSS, 8465.82177734375, -19.532535552978516, 62.8900146484375, 27.486434342025163, 308, 223.0, 379, 6, 82592.49012756348, 47.85121154785156, 398.2467956542969, 268.1574354791022
WIN , 26984.0, -33.80790710449219, 76.78384399414062, 24.486388384754992, 1102, 207.0, 326, 25, 295297.1376991272, 35.81619644165039, 410.84808349609375, 267.9647347541989
WIN , 27769.25049972534, -17.662879943847656, 62.757469177246094, 27.494307425470634, 1010, 116.4990005493164, 332, 29, 286144.9003753662, 76.3206558227539, 428.46893310546875, 283.31178254986753
LOSS, 11077.256736755371, -35.0, 59.140846252441406, 16.55793234193628, 669, 201.8000030517578, 355, 8, 164777.52086639404, 48.80156326293945, 394.5972900390625, 246.30421654169513
LOSS, 13216.542602539062, -23.438720703125, 68.7728042602539, 24.475078893590858, 540, 223.0, 363, 5, 152879.53771972656, 85.35430908203125, 421.0491638183594, 283.11025503653065
LOSS, 17350.183071136475, -26.092529296875, 60.691139221191406, 19.407363614246616, 894, 120.68610382080078, 340, 12, 240614.60719299316, 51.654808044433594, 408.22857666015625, 269.143855920574
WIN , 27333.702308654785, -25.4593505859375, 84.88709259033203, 29.109374130622776, 939, 127.59538269042969, 337, 15, 260442.75522994995, 49.6771125793457, 415.4536437988281, 277.36182665596374
LOSS, 13111.603149414062, -20.2301025390625, 58.651344299316406, 20.74620751489567, 632, 207.0, 357, 11, 162925.60027313232, 66.0242691040039, 404.70745849609375, 257.79367131824733
LOSS, 8462.699829101562, -34.0869140625, 62.826133728027344, 28.398321574166317, 298, 223.0, 380, 5, 81828.02510070801, 72.17218780517578, 422.5675354003906, 274.5906882574094
LOSS, 22240.181411743164, -32.22747802734375, 65.4927749633789, 8.29857515363551, 2680, 201.74411010742188, 221, 21, 580649.0038013458, 14.046110153198242, 425.2230529785156, 216.6600760452783
LOSS, 22443.480224609375, -22.72552490234375, 61.835838317871094, 28.230792735357703, 795, 175.0, 346, 15, 227075.10470581055, 48.16883850097656, 404.4158630371094, 285.62906252303213
WIN , 27552.0, -41.999755859375, 88.7841796875, 16.28368794326241, 1692, 191.0, 287, 29, 444481.52490997314, 34.01473617553711, 436.7196044921875, 262.695936708022
LOSS, 12521.631103515625, -20.662147521972656, 60.088722229003906, 23.145343999104668, 541, 223.0, 363, 11, 157026.4720993042, 71.7842788696289, 413.0383605957031, 290.2522589635937
LOSS, 3084.173194885254, -19.332664489746094, 55.21002960205078, 22.349081122356914, 138, 161.6999969482422, 390, 1, 35780.30495452881, 64.67802429199219, 393.7588195800781, 259.27757213426673
LOSS, 9339.248046875, -17.662269592285156, 64.2979965209961, 25.378391431725543, 368, 175.0, 375, 5, 110209.26602172852, 66.4559555053711, 419.83642578125, 299.4817011460014
LOSS, 16160.60205078125, -35.99951171875, 58.693748474121094, 18.72607421875, 863, 223.0, 342, 11, 249431.95681762695, 81.841552734375, 417.6708068847656, 289.0289186762769
LOSS, 10333.959594726562, -16.85875129699707, 54.812232971191406, 28.389998886611437, 364, 223.0, 375, 13, 108868.33361053467, 110.80123138427734, 420.21112060546875, 299.08882860037
LOSS, 18243.405227661133, -24.43701171875, 61.81938171386719, 26.401454743359093, 691, 196.39999389648438, 353, 14, 206360.6298675537, 57.321189880371094, 415.8768615722656, 298.6405642077478
LOSS, 13015.70947265625, -20.662147521972656, 57.620826721191406, 24.05861270361599, 541, 223.0, 363, 8, 165642.83731079102, 96.72563934326172, 431.7420959472656, 306.1789968776174
LOSS, 22823.3408203125, -34.0869140625, 60.85730743408203, 26.97794423204787, 846, 207.0, 343, 15, 241655.48233795166, 73.59234619140625, 426.216796875, 285.6447781772478
LOSS, 10622.260780334473, -18.77500343322754, 50.879127502441406, 23.552684657060915, 451, 204.2675018310547, 369, 7, 125098.3532333374, 90.50402069091797, 420.8221130371094, 277.3799406504155
LOSS, 11637.391845703125, -21.562952041625977, 65.5959243774414, 27.00090915476363, 431, 191.0, 371, 8, 123649.79553985596, 81.99149322509766, 425.05450439453125, 286.8904768906171
LOSS, 14934.090087890625, -19.414894104003906, 60.80863952636719, 20.263351543949288, 737, 159.0, 350, 9, 223527.9775238037, 61.34095001220703, 416.1400146484375, 303.294406409503
LOSS, 23200.650390625, -26.092529296875, 64.5387191772461, 27.26280891965335, 851, 207.0, 343, 25, 239938.96618270874, 63.644710540771484, 417.61614990234375, 281.94943147204316
LOSS, 12674.014770507812, -21.463096618652344, 61.66663360595703, 24.56204412889111, 516, 191.0, 365, 7, 159769.86769104004, 116.73320007324219, 410.6765441894531, 309.6315265330233
LOSS, 16475.145263671875, -24.779434204101562, 57.016517639160156, 19.4282373392357, 848, 175.0, 343, 10, 242714.4980621338, 96.75753784179688, 419.97064208984375, 286.21992696006345
LOSS, 12145.070190429688, -18.360992431640625, 64.3459243774414, 23.266417989328904, 522, 175.0, 365, 13, 156584.0090484619, 75.20226287841797, 416.6811218261719, 299.9693659932221
LOSS, 4351.855224609375, -18.0462646484375, 53.457794189453125, 26.374880149147728, 165, 207.0, 388, 1, 49798.62391662598, 89.62767791748047, 416.6751403808594, 301.8098419189453
LOSS, 5023.7821044921875, -25.56976318359375, 52.1710205078125, 19.248207296904933, 261, 207.0, 382, 3, 75519.48681640625, 104.02295684814453, 431.8747863769531, 289.34669278316574
LOSS, -9682.547500610352, -29.951278686523438, 60.676666259765625, -1.6140269212552678, 5999, 190.09500122070312, 0, 4, 956111.8777542114, 31.69839096069336, 415.2869873046875, 159.37854271615458
LOSS, 8255.26708984375, -14.95697021484375, 67.12470245361328, 32.373596430759804, 255, 207.0, 382, 5, 76588.56904602051, 81.17082214355469, 424.9192199707031, 300.34732959223726
LOSS, 16930.6142578125, -44.999755859375, 62.599708557128906, 13.798381628209047, 1227, 223.0, 318, 18, 303838.114944458, 56.47127914428711, 446.2580871582031, 247.62682554560556
LOSS, 9169.046264648438, -26.092529296875, 63.173728942871094, 18.120644791795332, 506, 223.0, 366, 12, 134833.69010162354, 61.23169708251953, 426.5989074707031, 266.46974328384096
LOSS, 4323.567443847656, -21.34002685546875, 52.809364318847656, 14.316448489561775, 302, 223.0, 379, 5, 77197.91998291016, 65.09761810302734, 422.04840087890625, 255.62225159904025
LOSS, 21404.518196105957, -34.0869140625, 67.3006362915039, 23.06521357339004, 928, 184.83079528808594, 338, 13, 271366.3409576416, 94.6594009399414, 441.1890869140625, 292.42062603194137
LOSS, 22388.783447265625, -33.000244140625, 62.621070861816406, 13.906076675320264, 1610, 191.0, 292, 14, 400680.48853206635, 14.298823356628418, 435.60711669921875, 248.86986865345736
LOSS, 5951.0, -21.463096618652344, 57.15782165527344, 28.610576923076923, 208, 223.0, 386, 4, 61301.550117492676, 71.26081848144531, 430.64324951171875, 294.718990949484
LOSS, 15251.0, -18.77500343322754, 64.20125579833984, 22.36217008797654, 682, 223.0, 354, 13, 209810.5976715088, 99.49358367919922, 437.957275390625, 307.6401725388692
LOSS, 24144.57666015625, -25.063804626464844, 67.5765151977539, 26.32996364248228, 917, 223.0, 338, 22, 280040.55041503906, 79.41024780273438, 443.81005859375, 305.3877321865202
LOSS, 12545.868408203125, -21.0809326171875, 64.84931182861328, 29.659263376366727, 423, 191.0, 371, 9, 132129.53269195557, 110.37187957763672, 436.66375732421875, 312.3629614467035
LOSS, 21459.195556640625, -22.44354248046875, 63.536888122558594, 24.92357207507622, 861, 175.0, 342, 18, 244006.30573272705, 76.09147644042969, 442.39642333984375, 283.39872907401514
LOSS, 20180.27880859375, -27.44036102294922, 63.613182067871094, 25.480150010850693, 792, 191.0, 347, 16, 246283.7128982544, 92.33796691894531, 438.0345764160156, 310.96428396244244
LOSS, 11917.309326171875, -16.931686401367188, 58.11949920654297, 30.170403357397152, 395, 207.0, 373, 4, 126155.47504806519, 57.153560638427734, 456.5855407714844, 319.3809494887726
WIN , 27029.193550109863, -19.55850601196289, 68.2930679321289, 29.220749783902555, 925, 136.61289978027344, 338, 16, 282483.0471496582, 62.31854248046875, 447.16400146484375, 305.3870779996305
LOSS, 13911.534057617188, -20.6585693359375, 69.8760757446289, 19.321575080023873, 720, 223.0, 351, 14, 225821.34912109375, 66.49600219726562, 445.09979248046875, 313.64076266818574
LOSS, 10061.24658203125, -30.322265625, 60.372230529785156, 22.161336083769275, 454, 223.0, 369, 8, 133496.0067062378, 70.29039764404297, 427.32452392578125, 294.044067634885
LOSS, 24382.658935546875, -37.0, 62.31201171875, 23.695489733281704, 1029, 223.0, 331, 19, 301676.85275650024, 39.37124252319336, 436.3921813964844, 293.17478401992247
LOSS, 6911.4376220703125, -23.9776611328125, 60.071327209472656, 20.631157080806904, 335, 223.0, 377, 4, 96747.27890777588, 94.23827362060547, 435.5986328125, 288.79784748589816
LOSS, 25131.156494140625, -34.62065124511719, 67.4803695678711, 24.446650286129014, 1028, 191.0, 331, 14, 307346.5934333801, 59.988094329833984, 433.4479675292969, 298.97528544103125
LOSS, -6185.49503326416, -42.39573669433594, 50.92506790161133, -1.0310876868251642, 5999, 229.9903106689453, 0, 8, 1016828.0649023056, 14.69885540008545, 416.9641418457031, 169.4995940827314
LOSS, 19264.66650390625, -24.898500442504883, 68.4566421508789, 26.353852946520178, 731, 207.0, 351, 15, 223559.08087158203, 95.76364135742188, 433.0679016113281, 305.82637602131604
LOSS, 15906.24658203125, -24.599853515625, 62.72521209716797, 20.684325854396945, 769, 223.0, 348, 14, 193578.35009384155, 58.674747467041016, 435.793701171875, 251.72737333399422
LOSS, 11896.868530273438, -25.198747634887695, 66.5175552368164, 23.793737060546874, 500, 223.0, 366, 10, 149969.50650787354, 80.76344299316406, 426.43011474609375, 299.9390130157471
WIN , 27837.40355682373, -20.191650390625, 81.08223724365234, 22.11072562098787, 1259, 160.19288635253906, 316, 25, 365283.1647605896, 59.08943557739258, 449.9921569824219, 290.13754150960256
LOSS, 19786.17578125, -20.662452697753906, 69.71822357177734, 27.067271930574556, 731, 223.0, 351, 15, 226809.01404571533, 112.59339904785156, 441.34674072265625, 310.27224903654627
LOSS, 12923.999877929688, -18.562828063964844, 64.9937973022461, 23.286486266539978, 555, 223.0, 362, 6, 177287.57942962646, 117.73169708251953, 427.59844970703125, 319.437080053381
LOSS, 14111.7314453125, -28.651123046875, 59.231178283691406, 21.15701865863943, 667, 191.0, 355, 16, 193965.30097961426, 77.49317169189453, 424.9571228027344, 290.8025501943242
LOSS, 23712.89697265625, -23.14422607421875, 58.972999572753906, 17.233210009197855, 1376, 223.0, 308, 28, 394572.5947265625, 53.471710205078125, 435.8414611816406, 286.7533391908158
WIN , 27754.0, -25.30029296875, 73.759765625, 18.223243598161524, 1523, 207.0, 298, 26, 450175.9072418213, 72.35491180419922, 443.0110168457031, 295.5849686420363
LOSS, 25653.53953552246, -19.95636749267578, 65.86644744873047, 26.528996417293133, 967, 212.51565551757812, 335, 22, 297246.6331176758, 82.46100616455078, 436.720947265625, 307.3905202871518
LOSS, 14585.494239807129, -18.23295021057129, 62.793800354003906, 27.262606055714258, 535, 209.6999969482422, 364, 14, 161290.22744750977, 95.70249938964844, 432.3810729980469, 301.47706064955094
LOSS, 20367.88134765625, -38.867149353027344, 57.12158203125, 16.94499280171069, 1202, 191.0, 319, 17, 342417.6715698242, 54.520042419433594, 444.0139465332031, 284.8732708567589
WIN , 28729.279998779297, -25.060791015625, 69.83424758911133, 27.518467431780937, 1044, 116.44000244140625, 330, 24, 331552.89193344116, 53.75528335571289, 442.9407958984375, 317.57939840367925
WIN , 28141.707305908203, -22.37574005126953, 63.846046447753906, 24.114573526913627, 1167, 151.58538818359375, 322, 25, 347216.72246551514, 42.19265365600586, 443.2237854003906, 297.52932516325205
WIN , 27249.768089294434, -30.322265625, 83.73430633544922, 18.33766358633542, 1486, 155.4638214111328, 300, 29, 409897.20219802856, 56.668331146240234, 440.0821838378906, 275.83930161374735
LOSS, 22368.788330078125, -24.32061004638672, 60.643211364746094, 23.546092979029606, 950, 191.0, 336, 25, 292323.3773956299, 97.82066345214844, 433.2953186035156, 307.70881831118936
LOSS, 13625.650001525879, -19.52875328063965, 61.044097900390625, 22.337131150042424, 610, 193.6999969482422, 359, 6, 191181.46208190918, 97.32054138183594, 430.5825500488281, 313.41223292116257
WIN , 27304.802505493164, -21.462791442871094, 69.70426177978516, 21.415531376857384, 1275, 185.39498901367188, 314, 24, 377289.26289367676, 73.45870208740234, 437.5924987792969, 295.9131473675896
LOSS, 10993.999877929688, -40.9998779296875, 61.304542541503906, 22.076304975762426, 498, 223.0, 366, 7, 139640.81047058105, 82.38227081298828, 444.53265380859375, 280.40323387666876
LOSS, 9172.453979492188, -21.7667236328125, 63.529273986816406, 22.873950073546602, 401, 207.0, 373, 5, 116842.31507873535, 85.53997039794922, 431.639892578125, 291.3773443359984
WIN , 27559.25, -26.092529296875, 64.2720718383789, 21.78596837944664, 1265, 156.5, 315, 21, 375919.700881958, 76.18988800048828, 444.2308349609375, 297.16972401735813
LOSS, 7934.521797180176, -20.1611328125, 58.645545959472656, 20.449798446340658, 388, 136.03575134277344, 374, 7, 102153.45677185059, 78.46286010742188, 427.07012939453125, 263.2821050820891
WIN , 28681.940521240234, -18.27197265625, 78.34635162353516, 22.98232413560916, 1248, 171.11895751953125, 316, 30, 381638.41229248047, 69.86915588378906, 441.7641906738281, 305.80000984974396
LOSS, 20341.0, -23.53050994873047, 57.0897216796875, 24.89718482252142, 817, 223.0, 345, 22, 252728.3811187744, 74.43797302246094, 434.6651611328125, 309.3370637928695
LOSS, 10319.249877929688, -23.067398071289062, 64.1176528930664, 20.889169793379935, 494, 172.5, 367, 8, 145587.46018218994, 99.53788757324219, 440.57769775390625, 294.71145785868407
LOSS, 8113.374267578125, -13.000030517578125, 59.29832458496094, 37.9129638671875, 214, 223.0, 385, 6, 68595.60022735596, 116.91876983642578, 438.305908203125, 320.5401879782989
LOSS, 14456.816650390625, -19.40019989013672, 60.18760681152344, 25.908273567008287, 558, 223.0, 362, 19, 173555.36631774902, 80.62396240234375, 440.0712585449219, 311.031122433242
LOSS, 21422.64013671875, -21.20392608642578, 60.36308288574219, 20.638381634603807, 1038, 207.0, 330, 15, 305651.58740234375, 57.79283142089844, 443.700927734375, 294.4620302527396
LOSS, 19511.334228515625, -21.47637939453125, 61.16614532470703, 21.23104921492451, 919, 175.0, 338, 16, 272081.9144668579, 83.28337097167969, 452.02294921875, 296.06301900637425
WIN , 28304.802505493164, -21.767333984375, 92.24454498291016, 21.297819793448582, 1329, 185.39498901367188, 311, 27, 414369.6692047119, 89.71427154541016, 455.2200622558594, 311.79057126012935
LOSS, 9808.461547851562, -16.757362365722656, 62.666236877441406, 24.894572456476048, 394, 223.0, 373, 9, 115383.73217773438, 80.9640121459961, 434.3472595214844, 292.8521121262294
LOSS, 11656.150390625, -13.753593444824219, 66.4455337524414, 37.47958324959807, 311, 191.0, 379, 9, 104212.44801330566, 110.64366149902344, 447.4411315917969, 335.0882572775102
WIN , 27670.0, -29.23309326171875, 70.3353042602539, 28.263534218590397, 979, 175.0, 334, 30, 316891.57165527344, 72.3989028930664, 460.4337463378906, 323.68904152734774
LOSS, 10969.75732421875, -28.00872802734375, 65.8003921508789, 27.49312612586153, 399, 223.0, 373, 7, 119858.05367279053, 71.53681945800781, 442.389892578125, 300.39612449320936
WIN , 27142.0, -39.0, 73.048095703125, 19.568853640951694, 1387, 191.0, 307, 21, 410168.6636695862, 40.65742874145508, 445.1363220214844, 295.7236219679785
LOSS, 7034.8250732421875, -18.41558837890625, 64.4356460571289, 23.294122759080093, 302, 223.0, 379, 5, 84763.18963623047, 57.516571044921875, 435.8250427246094, 280.67281336500156
LOSS, 11204.368896484375, -42.999755859375, 66.7812271118164, 18.159430950541935, 617, 175.0, 358, 8, 159823.45418167114, 39.45274353027344, 458.4109191894531, 259.0331510237782
WIN , 27544.0, -23.5345458984375, 75.936279296875, 27.11023622047244, 1016, 207.0, 332, 28, 311081.1605987549, 59.62867736816406, 460.5204772949219, 306.18224468381385
LOSS, 19851.831298828125, -25.198747634887695, 61.830360412597656, 29.987660572247922, 662, 223.0, 355, 10, 208786.7490158081, 76.6541519165039, 454.11126708984375, 315.3878383924594
LOSS, 25064.4984664917, -30.83038330078125, 61.563720703125, 9.34893639182831, 2681, 201.08119201660156, 221, 23, 582179.3518352509, 29.068050384521484, 457.7213134765625, 217.1500752835699
WIN , 27406.0, -19.89990234375, 67.572021484375, 19.931636363636365, 1375, 223.0, 308, 31, 405634.15271759033, 72.35693359375, 458.9035949707031, 295.0066565218839
LOSS, 14054.82568359375, -43.999755859375, 60.898658752441406, 7.812576811336159, 1799, 223.0, 280, 16, 404997.60380744934, 22.00569725036621, 436.6235656738281, 225.12373752498573
LOSS, 10837.021850585938, -30.322418212890625, 58.671775817871094, 27.435498355913765, 395, 207.0, 373, 5, 119769.05805969238, 77.34994506835938, 436.6717529296875, 303.2128052144111
WIN , 26400.0, -20.662147521972656, 76.510009765625, 28.448275862068964, 928, 175.0, 338, 24, 280871.24543762207, 57.569129943847656, 445.93670654296875, 302.66297999743756
WIN , 27152.0, -17.188751220703125, 81.363525390625, 31.066361556064074, 874, 191.0, 341, 26, 290426.6830368042, 118.7382583618164, 453.9502868652344, 332.29597601465014
WIN , 28380.0, -42.999755859375, 68.3516616821289, 17.627329192546583, 1610, 175.0, 292, 26, 454563.0121688843, 60.00191116333008, 446.6435546875, 282.33727463905853
LOSS, 13882.947021484375, -19.589576721191406, 68.3360824584961, 35.3255649401638, 393, 223.0, 373, 12, 125562.08667755127, 95.64237213134766, 436.16253662109375, 319.49640375967243
WIN , 27576.45743560791, -25.890655517578125, 68.38528442382812, 22.548207224536313, 1223, 202.0851287841797, 318, 31, 371194.6949195862, 62.39467239379883, 449.8568115234375, 303.5116066390729
LOSS, 22023.90234375, -19.6673583984375, 63.267738342285156, 25.37315938220046, 868, 207.0, 342, 21, 282926.7089538574, 86.20988464355469, 470.8431396484375, 325.95242967034267
LOSS, 18139.0, -25.0457763671875, 63.874122619628906, 22.730576441102755, 798, 207.0, 346, 11, 252731.21367645264, 77.10712432861328, 457.0198974609375, 316.7057815494394
LOSS, 12706.166458129883, -18.731590270996094, 68.6314926147461, 31.528949027617575, 403, 196.39999389648438, 373, 9, 124532.08547210693, 65.67355346679688, 450.529052734375, 309.01261903748616
LOSS, 16355.959716796875, -41.000030517578125, 64.4612808227539, 29.259319708044497, 559, 223.0, 362, 8, 180043.80461883545, 60.055145263671875, 456.77166748046875, 322.08194028414215
WIN , 27735.415954589844, -39.0, 67.1922836303711, 19.88201860544075, 1395, 164.1680908203125, 306, 29, 417472.6959915161, 83.24333190917969, 454.8066101074219, 299.2635813559255
LOSS, 12114.66226196289, -19.687034606933594, 63.950096130371094, 26.393599699265557, 459, 148.19500732421875, 369, 8, 136710.40019989014, 86.3188247680664, 432.3819580078125, 297.84400915008746
LOSS, 14675.691162109375, -36.0, 61.563941955566406, 28.55192833095209, 514, 223.0, 365, 8, 170928.74181365967, 73.6037826538086, 460.6961364746094, 332.5461902989488
LOSS, 17900.869140625, -28.2073974609375, 64.4701156616211, 27.710323747097522, 646, 172.5, 356, 12, 199016.3632659912, 85.53795623779297, 462.2870178222656, 308.0748657368285
WIN , 26170.0, -18.6700439453125, 86.795654296875, 24.619002822201317, 1063, 175.0, 329, 24, 307200.0690422058, 51.84708023071289, 451.1990966796875, 288.99347981392833
LOSS, 5277.418212890625, -13.455345153808594, 59.346923828125, 35.1827880859375, 150, 175.0, 389, 3, 49512.83154296875, 75.4522933959961, 473.4969787597656, 330.0855436197917
WIN , 27336.0, -35.99951171875, 65.8400650024414, 24.987202925045704, 1094, 223.0, 327, 26, 338344.6078720093, 66.04395294189453, 459.25848388671875, 309.2729505228604
LOSS, 14139.532958984375, -17.662269592285156, 57.968360900878906, 25.708241743607953, 550, 191.0, 363, 7, 164283.76628494263, 35.10034942626953, 455.3274841308594, 298.6977568817139
WIN , 26932.29518890381, -20.002967834472656, 81.31449127197266, 22.57526838969305, 1193, 210.4096221923828, 320, 25, 361989.3562011719, 104.99566650390625, 466.5070495605469, 303.42779228933097
WIN , 27849.45249938965, -27.93212890625, 93.18814086914062, 24.42934429771022, 1140, 156.09500122070312, 323, 34, 341878.80501174927, 59.71931838989258, 467.6473083496094, 299.8936886067976
LOSS, 22332.32666015625, -26.590576171875, 83.0548324584961, 12.71772588847167, 1756, 175.0, 282, 19, 514542.6046600342, 107.48916625976562, 450.75299072265625, 293.0197065262154
LOSS, 14734.00048828125, -34.0, 65.3935775756836, 29.350598582233566, 502, 223.0, 366, 12, 159900.38020324707, 65.61739349365234, 453.4864501953125, 318.52665379132884
WIN , 27255.75, -20.31787109375, 94.70361328125, 21.461220472440946, 1270, 143.5, 315, 24, 391330.71881866455, 82.55595397949219, 459.0955810546875, 308.134424266665
LOSS, 23263.572265625, -20.132659912109375, 67.67752838134766, 24.56554621502112, 947, 191.0, 336, 15, 278863.47313690186, 30.59503173828125, 459.27288818359375, 294.4704045796218
LOSS, 15257.33935546875, -26.513656616210938, 63.22608184814453, 19.636215386703668, 777, 191.0, 348, 18, 237883.62329101562, 88.81727600097656, 447.2803039550781, 306.15652933206644
LOSS, 22272.260498046875, -18.0462646484375, 59.530029296875, 24.3146948668634, 916, 207.0, 338, 23, 282209.10816192627, 67.44468688964844, 465.48553466796875, 308.08854602830377
LOSS, 20441.650901794434, -22.035682678222656, 63.98358917236328, 25.48834277031725, 802, 207.6991729736328, 346, 17, 246434.5423965454, 64.75975799560547, 452.0084533691406, 307.2749905193833
WIN , 26892.398712158203, -26.092529296875, 79.86572265625, 22.7708710517851, 1181, 170.20257568359375, 321, 26, 359656.3431739807, 39.18458938598633, 461.2899475097656, 304.53543029126223
WIN , 26504.0, -18.491668701171875, 66.8953628540039, 34.60052219321149, 766, 207.0, 348, 15, 246031.26595687866, 61.30160140991211, 447.9983825683594, 321.18964224135595
WIN , 20441.193550109863, -39.907508850097656, 71.07037353515625, 5.526140456909939, 3699, 152.61289978027344, 153, 21, 792839.437374115, 34.87129592895508, 463.28741455078125, 214.33885844123142
LOSS, 23537.99951171875, -21.3397216796875, 66.2959976196289, 29.023427264758016, 811, 223.0, 345, 15, 267197.2106323242, 61.726226806640625, 464.29425048828125, 329.46635096464144
LOSS, 20601.0, -23.803184509277344, 61.162940979003906, 26.310344827586206, 783, 223.0, 347, 18, 233564.03769683838, 83.57109069824219, 470.45556640625, 298.2937901619903
WIN , 27402.0, -20.060813903808594, 87.816162109375, 29.817192600652884, 919, 191.0, 338, 20, 307101.1716003418, 95.33618927001953, 463.6166076660156, 334.16884831375603
LOSS, 21546.47509765625, -29.33441162109375, 64.4600601196289, 23.04435839321524, 935, 191.0, 337, 20, 288867.9676055908, 82.29642486572266, 465.136474609375, 308.94969797389393
LOSS, 8496.27001953125, -16.00006103515625, 64.90697479248047, 22.778203805713808, 373, 191.0, 375, 9, 122681.18507385254, 104.8343734741211, 462.16986083984375, 328.90398143124
LOSS, 7927.650001525879, -15.999984741210938, 62.59679412841797, 31.837951813356945, 249, 209.6999969482422, 383, 5, 80190.78495788574, 84.70926666259766, 451.6955871582031, 322.05134521239256
LOSS, 22916.947509765625, -39.999755859375, 68.2982406616211, 30.555930013020834, 750, 191.0, 349, 17, 239315.69521331787, 65.88472747802734, 460.2474670410156, 319.08759361775714
LOSS, 6103.8994140625, -18.146827697753906, 60.83251953125, 28.39022983284884, 215, 191.0, 385, 2, 66599.4014968872, 98.226318359375, 456.7100830078125, 309.76465812505677
WIN , 27296.0, -17.662269592285156, 64.8299331665039, 28.198347107438018, 968, 223.0, 335, 21, 312077.2929916382, 99.3208236694336, 467.0520935058594, 322.3938977186345
LOSS, 25971.0400390625, -20.662147521972656, 63.826820373535156, 22.60316800614665, 1149, 175.0, 323, 20, 355984.85987854004, 83.49474334716797, 460.93280029296875, 309.8214620352829
LOSS, 10552.290405273438, -18.691970825195312, 64.05875396728516, 26.380726013183594, 400, 207.0, 373, 5, 115131.04055023193, 89.48008728027344, 450.72833251953125, 287.82760137557983
LOSS, 21034.4725189209, -33.000244140625, 66.4510269165039, 21.707401980310525, 969, 172.09500122070312, 335, 16, 277640.07051467896, 41.60867691040039, 460.3069152832031, 286.52226059306395
LOSS, 8252.885131835938, -18.390968322753906, 57.56343078613281, 35.420107861956815, 233, 175.0, 384, 3, 76980.8783569336, 88.48749542236328, 463.1836242675781, 330.3900358666678
WIN , 27282.345001220703, -18.463523864746094, 90.36404418945312, 31.946539814075766, 854, 130.30999755859375, 343, 15, 280833.3054885864, 87.46527099609375, 450.7979736328125, 328.84462001005437
LOSS, 12040.63330078125, -16.821670532226562, 66.9487533569336, 30.794458569773017, 391, 207.0, 373, 13, 125170.62705230713, 107.50853729248047, 454.2860107421875, 320.1294809521921
LOSS, 19324.6337890625, -20.633392333984375, 59.550315856933594, 20.80154336820506, 929, 175.0, 338, 12, 281977.9363861084, 72.03467559814453, 452.11663818359375, 303.5284568203535
LOSS, 20479.276000976562, -19.72021484375, 65.89202117919922, 23.84083352849425, 859, 186.447998046875, 342, 18, 264027.2794036865, 57.95560073852539, 465.03857421875, 307.3658665933487
WIN , 27684.0, -22.329872131347656, 66.4830551147461, 20.846385542168676, 1328, 207.0, 311, 21, 410954.13105010986, 109.84020233154297, 467.1139221191406, 309.4534119353237
LOSS, 12539.59326171875, -27.504554748535156, 62.919532775878906, 27.5595456301511, 455, 207.0, 369, 7, 134357.4278717041, 38.19132614135742, 451.7525634765625, 295.2910502674815
LOSS, 10907.378173828125, -17.140396118164062, 60.742431640625, 29.24230073412366, 373, 223.0, 375, 5, 128709.3599395752, 135.79547119140625, 461.4359436035156, 345.06530814899514
WIN , 27195.415954589844, -35.0, 73.39013671875, 27.060115377701337, 1005, 164.1680908203125, 332, 24, 318824.04735565186, 64.32891845703125, 473.9759826660156, 317.2378580653252
WIN , 27635.05731201172, -33.000244140625, 65.4503402709961, 23.360149883357327, 1183, 164.8853759765625, 321, 17, 367892.4465408325, 65.2998046875, 462.99969482421875, 310.9826259854882
WIN , 27363.940521240234, -21.14720916748047, 63.891212463378906, 20.165026176300834, 1357, 187.11895751953125, 309, 20, 418305.7464828491, 71.67118835449219, 472.23223876953125, 308.25773506473774
LOSS, 21936.986572265625, -18.0462646484375, 69.5958480834961, 25.243943121134205, 869, 191.0, 342, 17, 270752.9765319824, 92.01361846923828, 455.872314453125, 311.5684424994044
WIN , 27483.300003051758, -14.901947021484375, 70.6832046508789, 34.14074534540591, 805, 148.39999389648438, 346, 31, 267117.9009399414, 99.37257385253906, 463.4189453125, 331.8234794284986
LOSS, 16866.39013671875, -18.20404815673828, 68.8558120727539, 24.987244646990742, 675, 207.0, 354, 11, 209609.76015472412, 74.96064758300781, 456.0961608886719, 310.5329780069987
WIN , 27346.0, -20.8817138671875, 67.5927734375, 21.447843137254903, 1275, 223.0, 314, 30, 377963.00019454956, 61.612911224365234, 469.63262939453125, 296.4415687800389
LOSS, 5782.0946044921875, -22.036293029785156, 61.66847229003906, 25.360064054790296, 228, 191.0, 384, 3, 61048.02409744263, 57.39738845825195, 442.452392578125, 267.7544916554501
LOSS, 18822.114013671875, -17.346237182617188, 66.9887466430664, 29.091366327159005, 647, 207.0, 356, 9, 215059.97622680664, 117.08401489257812, 461.85675048828125, 332.39563559011845
LOSS, 10361.0, -17.35771942138672, 58.58116149902344, 32.27725856697819, 321, 223.0, 378, 7, 103644.20896911621, 136.113525390625, 445.0086364746094, 322.87915566702867
LOSS, 24318.7158203125, -48.204200744628906, 82.32489776611328, 20.820818339308648, 1168, 175.0, 322, 23, 343676.6114425659, 80.76628875732422, 459.4306335449219, 294.243674180279
LOSS, 22571.0, -19.425399780273438, 60.46626281738281, 27.12860576923077, 832, 223.0, 344, 13, 277702.2362136841, 56.484771728515625, 460.57635498046875, 333.7767262183703
LOSS, 19741.234375, -17.662879943847656, 60.02777099609375, 28.903710651537335, 683, 223.0, 354, 13, 227165.19483184814, 119.6884765625, 455.3858337402344, 332.5991139558538
LOSS, 7881.2093505859375, -17.768150329589844, 60.021583557128906, 24.40002894918247, 323, 223.0, 378, 6, 103642.46144866943, 61.65301513671875, 458.1222229003906, 320.87449364913135
WIN , 27217.32250213623, -26.727294921875, 70.25843811035156, 25.604254470495043, 1063, 160.35499572753906, 329, 29, 329443.8074569702, 58.96870422363281, 463.72613525390625, 309.9189157638478
LOSS, 15018.2216796875, -21.34002685546875, 60.50567626953125, 24.459644429458468, 614, 223.0, 359, 8, 198038.22109985352, 77.6410140991211, 475.251220703125, 322.53781938086894
LOSS, 17393.00048828125, -23.9520263671875, 64.3636245727539, 21.905542176676637, 794, 185.0, 347, 14, 252505.9779586792, 80.32408142089844, 477.058837890625, 318.0176044819637
LOSS, 10027.828735351562, -34.0869140625, 59.715797424316406, 24.45811886671113, 410, 207.0, 372, 10, 135922.0857849121, 84.20846557617188, 469.130859375, 331.5172824022247
LOSS, 13390.151100158691, -17.87206268310547, 58.881126403808594, 27.954386430393928, 479, 197.3357391357422, 368, 21, 156152.0541305542, 87.236572265625, 461.6818542480469, 325.99593764207555
LOSS, 17791.0, -25.2825927734375, 62.904273986816406, 28.329617834394906, 628, 223.0, 358, 17, 210311.19500732422, 103.20414733886719, 474.9129638671875, 334.89043790975194
LOSS, 19440.458984375, -26.092529296875, 68.18502044677734, 28.3802320939781, 685, 175.0, 354, 13, 237691.3865814209, 101.7553939819336, 458.3732604980469, 346.99472493638086
LOSS, 9660.08203125, -18.34747314453125, 59.298927307128906, 22.783212337853772, 424, 223.0, 371, 4, 131098.60094451904, 81.16905975341797, 441.03143310546875, 309.194813548394
WIN , 27597.786407470703, -33.000244140625, 68.3086166381836, 27.030153190470816, 1021, 159.42718505859375, 331, 27, 348519.2887954712, 61.883338928222656, 462.75958251953125, 341.3509194862597
LOSS, 11658.7294921875, -25.42578125, 67.6473159790039, 2.2633914758663365, 5151, 223.0, 56, 25, 1175586.6764297485, 62.29308319091797, 461.8746643066406, 228.22494203644894
LOSS, 23858.48291015625, -19.723838806152344, 68.0516586303711, 32.46052096619898, 735, 223.0, 350, 20, 237169.6520690918, 97.0149154663086, 462.349365234375, 322.6797987334582
LOSS, 7687.7384033203125, -16.22850799560547, 65.0453872680664, 30.266686627245324, 254, 207.0, 383, 5, 85231.56272888184, 120.78521728515625, 451.9710693359375, 335.55733357827495
WIN , 27457.525505065918, -32.57337951660156, 78.83392333984375, 22.323191467533267, 1230, 179.94898986816406, 317, 30, 406407.00365448, 73.2188949584961, 460.9243469238281, 330.41219809307313
LOSS, 12170.763916015625, -21.046142578125, 59.881813049316406, 15.156617579097913, 803, 207.0, 346, 4, 219154.586227417, 51.24824523925781, 473.5953369140625, 272.91978359578707
LOSS, 25469.0, -18.462913513183594, 61.663108825683594, 28.58473625140292, 891, 207.0, 340, 21, 291382.4513015747, 50.54649353027344, 458.22198486328125, 327.0285648726989
LOSS, 13670.453125, -44.999755859375, 65.7542953491211, 6.346542769266481, 2154, 223.0, 256, 20, 482071.5312576294, 37.76462936401367, 449.8411560058594, 223.8029393025206
LOSS, 13199.297119140625, -21.17096710205078, 61.245948791503906, 20.75361182254815, 636, 223.0, 357, 13, 179098.3967781067, 62.6992301940918, 441.28289794921875, 281.6012527957652
LOSS, 19277.859375, -18.723487854003906, 62.836524963378906, 23.11493929856115, 834, 191.0, 344, 20, 255528.06735992432, 84.51143646240234, 460.57354736328125, 306.3885699759284
LOSS, 22410.609130859375, -26.092529296875, 59.323341369628906, 20.78906227352447, 1078, 175.0, 328, 25, 343341.09816741943, 81.06856536865234, 464.4391784667969, 318.49823577682696
LOSS, 14932.833740234375, -18.3203125, 64.8613510131836, 25.613780000402016, 583, 191.0, 361, 10, 183037.13582611084, 88.02959442138672, 471.8266906738281, 313.95735133123645
LOSS, 8392.64404296875, -13.720458984375, 60.442726135253906, 23.31290011935764, 360, 175.0, 375, 7, 106229.45261383057, 58.07151794433594, 455.0863342285156, 295.081812816196
LOSS, 21965.15234375, -26.092529296875, 59.172584533691406, 17.30902469956659, 1269, 207.0, 315, 22, 374792.6406478882, 72.54423522949219, 461.56951904296875, 295.34487048690954
LOSS, 18239.00048828125, -22.702980041503906, 57.444984436035156, 22.629032863872517, 806, 223.0, 346, 16, 265531.88373565674, 92.5013656616211, 474.64056396484375, 329.4440244859265
LOSS, 12887.214233398438, -23.9776611328125, 58.773902893066406, 27.017220615091063, 477, 191.0, 368, 12, 160313.45915222168, 97.60078430175781, 459.69500732421875, 336.0869164616807
LOSS, 17097.778076171875, -18.612060546875, 63.718788146972656, 30.80680734445383, 555, 207.0, 362, 13, 171954.8320465088, 80.27555084228516, 471.2784118652344, 309.82852620992577
LOSS, 11250.468627929688, -20.35790252685547, 66.68570709228516, 17.97199461330621, 626, 191.0, 358, 11, 168051.6240310669, 87.30802154541016, 474.73699951171875, 268.4530735320557
LOSS, 15923.708740234375, -18.738014221191406, 63.702003479003906, 27.31339406558212, 583, 223.0, 361, 11, 201045.86981201172, 113.81471252441406, 455.3195495605469, 344.8471180308949
LOSS, 20870.65048980713, -19.626571655273438, 62.366554260253906, 23.371389126323773, 893, 209.6999969482422, 340, 11, 261239.0362625122, 72.93205261230469, 457.7885437011719, 292.54091406776286
LOSS, 26360.00048828125, -22.28168487548828, 63.374855041503906, 20.904044796416535, 1261, 191.0, 315, 24, 421728.32119750977, 99.5286865234375, 466.6807861328125, 334.43958857851686
LOSS, 21094.552978515625, -21.462791442871094, 62.499000549316406, 23.59569684397721, 894, 207.0, 340, 23, 297873.81622314453, 151.89840698242188, 455.56329345703125, 333.19218816906545
LOSS, 8622.5712890625, -21.721656799316406, 59.57671356201172, 25.43531353705752, 339, 191.0, 377, 9, 115159.23204803467, 116.93759155273438, 460.0061950683594, 339.70274940423207
LOSS, 7744.101188659668, -14.662391662597656, 64.50003814697266, 29.22302335343271, 265, 208.19288635253906, 382, 4, 79801.21630859375, 102.10912322998047, 458.1258239746094, 301.1366653154481
LOSS, 21140.749755859375, -21.34033203125, 60.255126953125, 22.442409507281713, 942, 223.0, 337, 13, 291823.8651275635, 38.949432373046875, 460.9977722167969, 309.7917888827638
LOSS, 5728.554870605469, -17.662269592285156, 52.351661682128906, 20.680703503990863, 277, 191.0, 381, 2, 84976.48887634277, 90.59846496582031, 462.55450439453125, 306.7743280734396
WIN , 27172.65000152588, -33.99951171875, 95.0630874633789, 23.89854881400693, 1137, 209.6999969482422, 324, 27, 350239.27644348145, 103.626708984375, 462.6643981933594, 308.03806195556854
LOSS, 23183.422607421875, -28.978271484375, 61.580101013183594, 19.934155294429814, 1163, 207.0, 322, 18, 323946.5304336548, 82.38945007324219, 464.1696472167969, 278.5438782748536
LOSS, 16414.06396484375, -24.115028381347656, 62.23854064941406, 26.996815731650905, 608, 223.0, 359, 9, 199455.07251739502, 104.11091613769531, 473.180908203125, 328.05110611413653
WIN , 27050.0, -22.6483154296875, 67.7220687866211, 29.6276013143483, 913, 175.0, 339, 25, 294373.33532333374, 63.718318939208984, 468.4024353027344, 322.4242446038705
LOSS, 21836.509765625, -26.092529296875, 65.8919448852539, 19.222279723261444, 1136, 207.0, 324, 18, 338954.9618988037, 61.06044006347656, 462.38641357421875, 298.3758467419047
LOSS, 18171.0, -21.459030151367188, 57.811180114746094, 20.41685393258427, 890, 223.0, 340, 12, 258423.17472076416, 68.6600570678711, 457.9136047363281, 290.36311766378
LOSS, 24724.868408203125, -22.598037719726562, 66.4485855102539, 33.098886757969375, 747, 223.0, 350, 12, 249818.7526321411, 109.7573013305664, 457.5699768066406, 334.4293877270965
LOSS, 16458.65625, -20.474708557128906, 67.6653060913086, 18.410130033557046, 894, 223.0, 340, 14, 291713.9088745117, 78.44637298583984, 452.4991760253906, 326.3019114927424
LOSS, 12733.4609375, -21.14118194580078, 65.79154205322266, 30.462825209330145, 418, 223.0, 372, 9, 149162.2668838501, 82.38871765136719, 474.1825256347656, 356.84752843026337
LOSS, 14958.48388671875, -18.738265991210938, 63.983985900878906, 25.18263280592382, 594, 175.0, 360, 10, 195465.18831253052, 57.308101654052734, 466.78021240234375, 329.06597359011874
LOSS, 23999.262939453125, -27.823631286621094, 65.6099624633789, 27.906119697038516, 860, 223.0, 342, 20, 270955.3876647949, 89.01258850097656, 461.749267578125, 315.0644042613894
LOSS, 20500.00048828125, -29.044189453125, 63.342506408691406, 21.785335269161795, 941, 191.0, 337, 16, 299807.86392974854, 94.72464752197266, 461.08721923828125, 318.605593974228
LOSS, 13524.75146484375, -19.72052001953125, 60.144264221191406, 28.714971262937897, 471, 191.0, 368, 6, 158496.88424682617, 109.89688873291016, 458.4333190917969, 336.51143152192395
LOSS, 5027.650001525879, -19.363494873046875, 65.24739837646484, 21.95480350011301, 229, 209.6999969482422, 384, 3, 65754.19264221191, 51.34044647216797, 453.1431579589844, 287.1362124114057
LOSS, 13331.558471679688, -34.437408447265625, 64.6639175415039, 25.345168197109672, 526, 223.0, 364, 10, 172150.7112197876, 102.58191680908203, 457.7745056152344, 327.28272095016655
LOSS, 7726.559997558594, -20.069305419921875, 52.5213623046875, 29.94790696728137, 258, 191.8800048828125, 382, 3, 82941.35386657715, 154.73519897460938, 451.478271484375, 321.4781157619269
WIN , 27510.0, -34.99951171875, 88.0419921875, 26.175071360608943, 1051, 175.0, 329, 27, 334454.39695739746, 80.73674774169922, 472.8443908691406, 318.22492574443146
LOSS, 10685.329833984375, -21.940032958984375, 58.641883850097656, 22.542889945114716, 474, 223.0, 368, 5, 142574.6032180786, 59.70337677001953, 456.21246337890625, 300.7903021478452
LOSS, 22723.263427734375, -21.3397216796875, 64.9800796508789, 27.1809371145148, 836, 191.0, 344, 20, 280018.11097717285, 98.4380111694336, 465.76055908203125, 334.94989351336466
LOSS, -410.0, -26.752662658691406, 60.451576232910156, -0.06834472412068678, 5999, 205.0, 0, 7, 709054.1378231049, 25.629446029663086, 443.6703186035156, 118.19538886866225
