WIN , 31733.193550109863, -44.999755859375, 78.81329345703125, 6.352991701723696, 4995, 168.61289978027344, 66, 32, 27013.06492614746, 2.8793773651123047, 62.2705078125, 5.408021006235728
WIN , 28087.415954589844, -44.999755859375, 79.84818267822266, 5.394164769462233, 5207, 180.1680908203125, 52, 37, 95362.19518977404, -12.743955612182617, 99.25458526611328, 18.314229919295954
LOSS, 8555.594856262207, -39.0, 55.269081115722656, 14.827720721424969, 577, 184.83079528808594, 361, 8, 18791.268003940582, 1.3613967895507812, 102.94346618652344, 32.56718891497501
WIN , 29416.65000152588, -20.02800750732422, 92.5643081665039, 19.416930694076488, 1515, 161.6999969482422, 298, 31, 62509.33733582497, -9.352206230163574, 132.270751953125, 41.26028867051153
LOSS, 12689.946899414062, -20.662452697753906, 54.164649963378906, 25.27877868409176, 502, 175.0, 366, 9, 28720.058554649353, 11.211782455444336, 136.4384765625, 57.21127202121385
LOSS, 17661.0, -22.981765747070312, 57.30034255981445, 20.559953434225843, 859, 223.0, 342, 15, 45520.191253989935, 0.25085529685020447, 127.1611557006836, 52.992073636775245
LOSS, 9354.030517578125, -18.795310974121094, 59.088966369628906, 31.495052247737796, 297, 137.0, 380, 10, 17840.48741054535, 10.890290260314941, 118.83616638183594, 60.06898118028737
LOSS, 26829.0078125, -23.64012908935547, 54.187232971191406, 18.89366747359155, 1420, 223.0, 305, 31, 82568.32563781738, -6.13987398147583, 129.2540283203125, 58.14670819564604
LOSS, 18961.650245666504, -20.662147521972656, 59.82080078125, 25.939330021431605, 731, 209.6999969482422, 351, 16, 49544.09345436096, 10.814912796020508, 149.23780822753906, 67.77577763934468
LOSS, 20907.777099609375, -21.143096923828125, 56.971046447753906, 22.361258930063503, 935, 175.0, 337, 18, 78648.91182219982, -1.0403491258621216, 165.21392822265625, 84.11648323229927
LOSS, 18706.310791015625, -19.0604248046875, 51.688232421875, 25.59002844188184, 731, 207.0, 351, 21, 59796.821743011475, 16.944076538085938, 160.50692749023438, 81.80139773325783
LOSS, 25351.0, -45.249755859375, 56.120445251464844, 14.274211711711711, 1776, 223.0, 281, 20, 134228.88432884216, 9.9878568649292, 163.47743225097656, 75.57932676173546
LOSS, 22508.136474609375, -19.026260375976562, 61.106788635253906, 27.685284716616696, 813, 191.0, 345, 20, 74167.17317581177, 24.69962501525879, 195.8842010498047, 91.2265352716012
LOSS, 15917.289306640625, -18.880462646484375, 60.936195373535156, 30.376506310382872, 524, 191.0, 365, 11, 57145.90246963501, 26.67972183227539, 185.6984405517578, 109.0570657817462
WIN , 28703.74871826172, -20.7525634765625, 84.53125, 18.42345874086118, 1558, 167.5025634765625, 296, 32, 167527.61265087128, -10.065500259399414, 190.260498046875, 107.52735086705474
LOSS, 7736.557861328125, -40.00006103515625, 52.74756622314453, 25.702850037634967, 301, 223.0, 379, 6, 32041.74485397339, 37.203182220458984, 182.29086303710938, 106.45097958130694
LOSS, 23372.93701171875, -19.72021484375, 58.236595153808594, 28.57327263046302, 818, 175.0, 345, 17, 90739.77341270447, 24.785341262817383, 190.79763793945312, 110.92881835293944
LOSS, 11953.271728515625, -20.333824157714844, 58.689796447753906, 22.724851194896626, 526, 223.0, 364, 4, 57989.42185211182, 19.59126091003418, 192.0951385498047, 110.24604914850156
LOSS, 23699.0244140625, -39.0, 61.382057189941406, 6.192585423063104, 3827, 207.0, 144, 22, 361164.2695711255, -9.89515495300293, 229.02792358398438, 94.37268606509681
LOSS, 9445.4013671875, -19.72052001953125, 66.1659927368164, 27.862540906157818, 339, 207.0, 377, 3, 48246.04229736328, 37.93564224243164, 232.48854064941406, 142.3187088417796
LOSS, 23336.787109375, -17.966819763183594, 63.651344299316406, 31.621662749830623, 738, 175.0, 350, 15, 108935.48598003387, 8.856566429138184, 240.56198120117188, 147.60905959354184
LOSS, 9931.0, -18.46306610107422, 64.20690155029297, 26.13421052631579, 380, 223.0, 374, 7, 52499.09661102295, 16.147504806518555, 229.12725830078125, 138.1555173974288
WIN , 26172.0, -39.0, 83.0548324584961, 16.48110831234257, 1588, 191.0, 294, 27, 234672.3656115234, -11.472968101501465, 233.9047393798828, 147.77856776544294
LOSS, 8718.47509765625, 0, 55.681068420410156, 39.096300886350896, 223, 207.0, 385, 6, 33120.61765289307, 52.970069885253906, 227.60069274902344, 148.52294911611241
LOSS, 11663.84033203125, -18.462913513183594, 58.0291748046875, 25.747991902938743, 453, 175.0, 369, 10, 67106.66036224365, 36.94786071777344, 233.24024963378906, 148.1383230954606
LOSS, 13731.0, -19.36932373046875, 62.437644958496094, 30.649553571428573, 448, 223.0, 370, 7, 67774.51524353027, 28.222923278808594, 242.1359405517578, 151.28240009716578
LOSS, 10312.4013671875, -17.436920166015625, 61.251441955566406, 31.4402480706936, 328, 223.0, 378, 13, 53431.239082336426, 29.32868194580078, 251.4529266357422, 162.90011915346471
WIN , 27869.415954589844, -19.72021484375, 67.69437408447266, 25.70979331604229, 1084, 196.1680908203125, 327, 33, 174802.9986000061, 36.014835357666016, 255.58859252929688, 161.25737878229344
LOSS, 22813.248046875, -19.72021484375, 60.170509338378906, 23.86323017455544, 956, 207.0, 336, 21, 152359.4534201622, 7.084815502166748, 261.2523498535156, 159.3718132010065
WIN , 28092.361114501953, -19.489707946777344, 82.77289581298828, 23.140330407332744, 1214, 190.27777099609375, 319, 25, 199525.36771392822, 34.81114959716797, 251.74571228027344, 164.3536801597432
LOSS, 10142.489891052246, -17.662269592285156, 56.106178283691406, 21.579765725643078, 470, 201.8000030517578, 368, 9, 73181.17023468018, 38.381500244140625, 250.2006072998047, 155.70461752059612
LOSS, 17961.802505493164, -21.34033203125, 55.20575714111328, 16.008736635911912, 1122, 201.39498901367188, 325, 19, 191648.75094223022, 50.522918701171875, 276.7695007324219, 170.8099384511856
LOSS, 25567.5966796875, -35.99951171875, 66.43041229248047, 21.182764440503313, 1207, 223.0, 319, 25, 213146.98149871826, 31.94385528564453, 275.6336669921875, 176.59236246786932
LOSS, 10339.770751953125, -20.87403106689453, 63.328468322753906, 26.78697085998219, 386, 223.0, 374, 5, 68189.63036346436, 43.03449630737305, 259.3400573730469, 176.6570734804776
LOSS, 20047.563720703125, -39.0, 69.0184555053711, 15.005661467592159, 1336, 223.0, 310, 20, 210100.9519252777, 19.369792938232422, 272.4642639160156, 157.2611915608366
LOSS, 16253.759033203125, -20.2294921875, 61.247779846191406, 17.055361000213143, 953, 191.0, 336, 13, 163805.5668182373, 29.468109130859375, 284.41650390625, 171.88412048083663
LOSS, 16388.730224609375, -21.550445556640625, 59.442649841308594, 26.221968359375, 625, 207.0, 358, 14, 117410.1517829895, 44.61267852783203, 289.6082763671875, 187.8562428527832
LOSS, 12635.7724609375, -20.35759735107422, 60.169288635253906, 20.54597148119919, 615, 207.0, 358, 9, 109015.97443008423, 41.9699821472168, 288.019287109375, 177.26174704078736
LOSS, 20846.8447265625, -37.0, 59.62890625, 19.83524712327545, 1051, 223.0, 329, 18, 188349.8914012909, 27.64109230041504, 299.02801513671875, 179.2101725987544
LOSS, 6893.234619140625, -18.396926879882812, 61.667701721191406, 19.20121063827472, 359, 207.0, 376, 4, 63146.666315078735, 29.247594833374023, 282.4364929199219, 175.89600644868727
LOSS, 18467.670654296875, -16.424911499023438, 62.691261291503906, 31.19538961874472, 592, 207.0, 360, 11, 119678.48149490356, 38.43679428100586, 294.470703125, 202.15959711976953
LOSS, 13115.94140625, -43.999755859375, 55.542503356933594, 6.3178908507947975, 2076, 223.0, 261, 16, 311213.141795516, -1.1919456720352173, 305.55596923828125, 149.90999123098075
LOSS, 10563.999877929688, -18.546234130859375, 66.3322982788086, 28.474393201966812, 371, 223.0, 375, 5, 75115.93148040771, 39.91371154785156, 308.60931396484375, 202.46881800648978
WIN , 26650.0, -17.662879943847656, 75.4427261352539, 23.68888888888889, 1125, 175.0, 324, 13, 217075.32703018188, 34.71011734008789, 317.1159362792969, 192.95584624905055
LOSS, 8677.742309570312, -19.390625, 59.061500549316406, 24.65267701582475, 352, 175.0, 376, 5, 68382.11226272583, 37.99937057495117, 314.2491149902344, 194.26736438274384
LOSS, 10167.224731445312, -15.999984741210938, 63.844505310058594, 28.400069082249477, 358, 175.0, 376, 7, 80606.05740737915, 38.74592208862305, 334.04144287109375, 225.15658493681326
LOSS, 11799.19775390625, -16.821670532226562, 59.519264221191406, 35.64712312358384, 331, 207.0, 377, 10, 75591.02811813354, 63.24886703491211, 326.310302734375, 228.37168615750315
LOSS, 10137.631591796875, -16.7203369140625, 62.323509216308594, 31.483327924835017, 322, 207.0, 378, 5, 70756.98497009277, 63.035194396972656, 340.67510986328125, 219.7421893481142
WIN , 26554.0, -21.98052215576172, 87.523193359375, 25.60655737704918, 1037, 207.0, 330, 21, 222769.21268463135, 33.11174011230469, 333.834228515625, 214.82084154737834
LOSS, 22086.01171875, -35.0001220703125, 67.7297134399414, 29.06054173519737, 760, 207.0, 349, 13, 168943.93350982666, 66.19873809814453, 319.9103698730469, 222.2946493550351
LOSS, 11471.05126953125, -17.66242218017578, 63.995262145996094, 28.60611289159913, 401, 223.0, 373, 8, 83496.42666625977, 53.77096176147461, 316.8813171386719, 208.2205153772064
WIN , 28454.0, -39.831886291503906, 76.3558120727539, 16.4, 1735, 207.0, 284, 30, 328823.4323425293, 38.720272064208984, 357.1011047363281, 189.52359212825897
LOSS, 14431.82080078125, -19.6842041015625, 59.63432693481445, 21.60452215685816, 668, 159.0, 355, 8, 147664.62205791473, 15.61402416229248, 333.76312255859375, 221.0548234399921
LOSS, 12014.274662017822, -17.35771942138672, 63.778602600097656, 26.404999257182027, 455, 124.49999237060547, 369, 8, 101727.06582260132, 45.959815979003906, 332.4891662597656, 223.575968840882
WIN , 28197.415954589844, -20.881103515625, 81.70556640625, 20.85607688948953, 1352, 180.1680908203125, 309, 29, 285560.7145290375, 25.980775833129883, 337.6727600097656, 211.21354624928807
LOSS, 7372.402496337891, -18.13543701171875, 64.66910552978516, 23.330387646638894, 316, 180.19500732421875, 378, 6, 73076.74319839478, 43.10526657104492, 324.4715576171875, 231.25551645061637
LOSS, 14021.0, -20.662147521972656, 61.17822265625, 13.759568204121688, 1019, 223.0, 332, 9, 203451.0769920349, 50.23038864135742, 345.4563293457031, 199.65758291661916
LOSS, 13083.317016601562, -16.757362365722656, 58.0059814453125, 22.714092042711044, 576, 207.0, 361, 13, 128821.17468261719, 52.99821472167969, 353.7728271484375, 223.64787271287707
WIN , 26426.802505493164, -34.0, 84.32584381103516, 24.11204608165435, 1096, 201.39498901367188, 326, 20, 231712.7819442749, 23.81320571899414, 347.3407287597656, 211.41677184696616
LOSS, 17928.846923828125, -19.09674072265625, 62.573143005371094, 26.173499158873174, 685, 191.0, 354, 13, 160648.2080116272, 62.703914642333984, 333.4126281738281, 234.52293140383532
LOSS, 7360.722412109375, -21.34002685546875, 61.754661560058594, 27.881524288293086, 264, 207.0, 382, 4, 63881.27838897705, 82.28690338134766, 358.60968017578125, 241.9745393521858
LOSS, 16045.375, -20.662376403808594, 62.224021911621094, 21.80078125, 736, 223.0, 350, 19, 159422.7067375183, 33.693416595458984, 350.1258850097656, 216.60693850206292
LOSS, 23517.44384765625, -36.0, 83.24608612060547, 18.503102948588708, 1271, 175.0, 315, 20, 271983.528301239, 19.893831253051758, 353.7504577636719, 213.9917610552628
LOSS, 12728.946899414062, -18.462913513183594, 61.368019104003906, 35.456676600039174, 359, 207.0, 376, 9, 86689.89412689209, 86.06310272216797, 341.2210388183594, 241.47602820861306
WIN , 27502.0, -26.092529296875, 82.8271484375, 32.09101516919487, 857, 191.0, 342, 26, 216395.76822662354, 65.90142822265625, 356.9992370605469, 252.50381356665523
LOSS, 12471.0, -18.920814514160156, 64.1554946899414, 29.274647887323944, 426, 223.0, 371, 10, 104809.95997619629, 73.0715560913086, 357.8253479003906, 246.03276989717438
LOSS, 11821.0, -19.895980834960938, 61.51542663574219, 26.44519015659955, 447, 223.0, 370, 10, 108349.08573913574, 59.37589645385742, 345.4596252441406, 242.39169069157884
WIN , 28117.40818786621, -39.0, 83.33209228515625, 21.33339012736435, 1318, 180.18362426757812, 312, 33, 304545.0356769562, 28.82526206970215, 367.7911682128906, 231.06603617371485
WIN , 27149.415954589844, -36.0001220703125, 68.0849609375, 14.023458654230291, 1936, 196.1680908203125, 270, 30, 434419.5132408142, 50.73385238647461, 356.615234375, 224.39024444256933
LOSS, 21684.921630859375, -41.9998779296875, 63.533546447753906, 20.83085651379383, 1041, 207.0, 330, 14, 249913.78659439087, 61.21427536010742, 365.86456298828125, 240.07088049413147
LOSS, 23500.998291015625, -42.000030517578125, 61.11564636230469, 25.379047830470437, 926, 207.0, 338, 23, 245611.05234909058, 54.82816696166992, 368.82177734375, 265.23871743962263
LOSS, 17671.650245666504, -19.586639404296875, 62.722389221191406, 21.18902907154257, 834, 209.6999969482422, 344, 21, 219303.49463653564, 88.50975799560547, 363.4731750488281, 262.9538304994432
WIN , 26993.330017089844, -19.39031982421875, 66.68766403198242, 25.53768213537355, 1057, 128.3399658203125, 329, 32, 280354.9037475586, 65.16695404052734, 369.43719482421875, 265.2364273865266
LOSS, 21579.7177734375, -25.4962158203125, 59.65995788574219, 27.525150221221303, 784, 207.0, 347, 23, 198177.50526428223, 66.92919158935547, 363.913818359375, 252.77743018403345
WIN , 27642.0, -21.3397216796875, 67.056884765625, 17.937702790395846, 1541, 191.0, 297, 28, 384183.3892402649, 60.430538177490234, 379.5514831542969, 249.3078450618202
LOSS, 7121.599998474121, -21.34002685546875, 58.0426025390625, 21.845398768325524, 326, 201.8000030517578, 378, 7, 84951.41876220703, 81.30374908447266, 355.88958740234375, 260.5871741171995
WIN , 27939.482124328613, -28.704833984375, 89.35994720458984, 24.945966182436262, 1120, 136.03575134277344, 325, 30, 296414.5996208191, 62.07564926147461, 380.90301513671875, 264.6558925185885
WIN , 28375.74871826172, -26.902976989746094, 70.15625, 24.419749327247608, 1162, 183.5025634765625, 322, 30, 299786.05558776855, 69.86495208740234, 400.77685546875, 257.9914419860315
LOSS, 11623.430053710938, -22.82624053955078, 63.97039031982422, 32.020468467523244, 363, 188.5, 375, 8, 97293.93712615967, 121.7964096069336, 370.37005615234375, 268.02737500319466
LOSS, 15480.060791015625, -26.092529296875, 59.98681640625, 13.460922426970109, 1150, 207.0, 323, 10, 253981.7642250061, 25.567562103271484, 377.43701171875, 220.85370802174444
WIN , 27085.707305908203, -26.175537109375, 79.13631439208984, 25.19600679619368, 1075, 183.58538818359375, 328, 20, 292769.26331329346, 89.98106384277344, 382.2485046386719, 272.34350075655203
LOSS, 21258.75537109375, -43.019996643066406, 62.619529724121094, 8.135765545768752, 2613, 191.0, 225, 18, 486521.26312065125, 30.748682022094727, 375.6393127441406, 186.19259974001196
WIN , 25667.415954589844, -41.999755859375, 81.059814453125, 10.395875234746798, 2469, 180.1680908203125, 235, 29, 529706.3136453629, 12.957207679748535, 397.3332214355469, 214.54285688350055
LOSS, 8502.0712890625, -16.287330627441406, 60.038063049316406, 39.91582764818075, 213, 207.0, 385, 10, 60770.9150390625, 82.68441772460938, 373.70953369140625, 285.30946027728874
LOSS, 23520.744384765625, -17.662879943847656, 65.8492202758789, 28.966433971386238, 812, 207.0, 345, 24, 220876.45232391357, 77.45194244384766, 391.8879699707031, 272.0153353742778
WIN , 26370.0, -42.00048828125, 89.541015625, 16.049908703590994, 1643, 175.0, 290, 18, 397213.1771621704, 58.77159118652344, 401.86376953125, 241.76091123686575
LOSS, 14377.8896484375, -14.900009155273438, 60.507423400878906, 35.76589464785448, 402, 223.0, 373, 17, 116472.1316986084, 132.36251831054688, 385.3974914550781, 289.7316708920607
LOSS, 16941.482177734375, -43.999755859375, 64.2464370727539, 20.889620441102807, 811, 223.0, 345, 15, 219379.31266021729, 72.36564636230469, 375.03106689453125, 270.5047011839917
LOSS, 21217.05780029297, -21.507423400878906, 59.705421447753906, 22.310260568131408, 951, 196.8853759765625, 336, 19, 267468.9140396118, 90.44193267822266, 389.4048767089844, 281.25017249170537
WIN , 27844.0, -24.102783203125, 64.0993423461914, 24.510563380281692, 1136, 207.0, 324, 31, 326095.166557312, 98.33372497558594, 394.9440612792969, 287.055604363831
LOSS, 9657.5234375, -15.204170227050781, 67.6137466430664, 36.72062143536122, 263, 223.0, 382, 7, 77625.04838562012, 149.0443572998047, 396.18170166015625, 295.15227523049475
LOSS, 17312.417236328125, -21.462791442871094, 60.68046569824219, 24.213170959899475, 715, 223.0, 352, 14, 200658.31163787842, 114.2538070678711, 384.798828125, 280.64099529773205
LOSS, 16382.35986328125, -18.20404815673828, 63.981834411621094, 24.59813793285473, 666, 223.0, 355, 12, 188427.39534759521, 101.4516372680664, 384.2539978027344, 282.92401703843126
WIN , 26906.412925720215, -22.13616943359375, 75.29624938964844, 26.02167594363657, 1034, 162.1741485595703, 331, 28, 284492.9977722168, 68.52945709228516, 409.0426940917969, 275.1382957178112
WIN , 27512.0, -29.969398498535156, 61.61308288574219, 20.17008797653959, 1364, 191.0, 309, 23, 374598.10513305664, 99.73179626464844, 391.9107971191406, 274.63204188640515
LOSS, 16268.938087463379, -27.5946044921875, 55.74981689453125, 26.19796793472364, 621, 177.6999969482422, 358, 7, 165245.19215393066, 93.71937561035156, 386.3005065917969, 266.09531747814924
WIN , 27562.83213043213, -26.092529296875, 89.20613861083984, 27.48039095755945, 1003, 149.3357391357422, 333, 27, 281825.7146987915, 57.75482177734375, 387.1741943359375, 280.9827663995927
LOSS, 26540.409423828125, -18.892303466796875, 63.493553161621094, 25.25253037471753, 1051, 191.0, 329, 20, 288094.2580795288, 78.8133316040039, 407.3714599609375, 274.1144225304746
LOSS, 25274.60732269287, -25.060791015625, 67.1318588256836, 21.958824780793112, 1151, 185.8000030517578, 323, 23, 311565.22259902954, 38.3688850402832, 399.2495422363281, 270.69089713208473
LOSS, 22091.93212890625, -34.0869140625, 61.477577209472656, 19.637273003472224, 1125, 207.0, 324, 14, 296811.15532684326, 61.37031555175781, 395.7643127441406, 263.83213806830514
LOSS, 21387.80322265625, -42.18708038330078, 59.132080078125, 22.02657386473352, 971, 191.0, 335, 20, 281877.4697265625, 126.47740173339844, 401.1341857910156, 290.2960553311663
LOSS, 19781.162109375, -39.141639709472656, 90.9798355102539, 11.038594927106585, 1792, 175.0, 280, 25, 487260.6386375427, 36.54084777832031, 395.71722412109375, 271.90883852541447
LOSS, 22113.474609375, -26.002113342285156, 82.88126373291016, 14.841258127097316, 1490, 191.0, 300, 21, 404804.8317604065, 43.02177810668945, 403.2352600097656, 271.68109514121244
LOSS, 21738.362495422363, -28.016868591308594, 62.276512145996094, 30.276270884989366, 718, 168.03575134277344, 352, 11, 210276.34237670898, 78.95928955078125, 417.03839111328125, 292.8639865970877
LOSS, 12611.459060668945, -23.9776611328125, 67.21883392333984, 32.254370999153316, 391, 164.39999389648438, 373, 8, 117916.2783126831, 124.3698501586914, 393.6266784667969, 301.57615936747595
LOSS, 17055.519287109375, -48.689552307128906, 63.504249572753906, 5.640052674308656, 3024, 191.0, 198, 16, 605305.7239112854, 42.35580825805664, 407.9342346191406, 200.16723674314994
LOSS, 17257.283203125, -21.7667236328125, 64.4359359741211, 29.60082882182676, 583, 191.0, 361, 13, 171395.2981109619, 96.50985717773438, 410.27081298828125, 293.98850447849384
LOSS, 23428.174072265625, -33.448486328125, 64.6596450805664, 26.20601126651636, 894, 223.0, 340, 22, 256775.35107421875, 40.316490173339844, 403.6717834472656, 287.22075064230285
LOSS, 20949.276000976562, -22.776885986328125, 70.60445404052734, 23.698276019204258, 884, 186.447998046875, 341, 15, 257373.8776321411, 98.62123107910156, 400.74566650390625, 291.14692039834966
WIN , 27974.0, -19.963096618652344, 86.7626953125, 22.798696006519968, 1227, 207.0, 318, 22, 350023.4821166992, 105.0443115234375, 415.4994812011719, 285.2677115865519
LOSS, 12014.76953125, -22.528745651245117, 64.2912826538086, 28.538644967339668, 421, 223.0, 371, 10, 121412.08634567261, 37.49946975708008, 410.11749267578125, 288.3897537901962
WIN , 23464.0, -45.249755859375, 69.0440902709961, 8.096618357487923, 2898, 207.0, 206, 19, 631165.2524642944, 44.397918701171875, 406.8774108886719, 217.7933928448221
LOSS, 22485.692626953125, -26.536865234375, 62.07685089111328, 24.736735563204757, 909, 191.0, 339, 24, 272153.71726226807, 104.6070556640625, 417.895263671875, 299.39902889138403
LOSS, 12264.841186523438, -18.33984375, 63.935768127441406, 23.677299587883084, 518, 191.0, 365, 6, 149750.4141998291, 77.02610778808594, 410.3778991699219, 289.09346370623376
LOSS, 11947.321044921875, -17.419349670410156, 69.65901947021484, 33.46588527989321, 357, 191.0, 376, 5, 109260.61011886597, 55.696292877197266, 415.57757568359375, 306.0521291844985
LOSS, 7353.523193359375, -19.39183807373047, 53.30260467529297, 20.257639651127754, 363, 223.0, 375, 7, 105222.70263671875, 95.13959503173828, 427.2946472167969, 289.869704233385
LOSS, 16464.29296875, -26.306968688964844, 63.704444885253906, 19.812626917870038, 831, 207.0, 344, 17, 240142.79671096802, 55.68337631225586, 417.4653015136719, 288.98050145724187
LOSS, 18875.70654296875, -19.52875328063965, 64.9214859008789, 27.596062197322734, 684, 207.0, 354, 11, 207185.04315948486, 74.13682556152344, 415.5322265625, 302.9021098822878
WIN , 27665.28000640869, -37.807373046875, 77.3940658569336, 16.7465375341457, 1652, 164.4399871826172, 289, 28, 452425.32025527954, 31.83355712890625, 429.90985107421875, 273.8652059656656
WIN , 27883.300003051758, -30.75499725341797, 91.1543960571289, 19.874055597328407, 1403, 148.39999389648438, 306, 27, 410573.24895858765, 59.7492790222168, 437.818359375, 292.6395217096134
WIN , 28169.75, -27.703208923339844, 75.017333984375, 21.356899166034875, 1319, 175.5, 312, 33, 392489.660194397, 99.09571075439453, 428.4191589355469, 297.56608051129416
LOSS, 11078.42138671875, -26.092605590820312, 63.226844787597656, 26.06687385110294, 425, 207.0, 371, 9, 129965.25565338135, 72.49840545654297, 433.04071044921875, 305.80060153736787
LOSS, 12143.678855895996, -21.34002685546875, 67.1803970336914, 19.429886169433594, 625, 201.8000030517578, 358, 9, 157873.50061416626, 53.36398696899414, 418.384033203125, 252.59760098266602
LOSS, 17001.0, -35.785301208496094, 59.137184143066406, 16.984015984015983, 1001, 223.0, 333, 10, 275697.6385421753, 83.65497589111328, 420.6535949707031, 275.42221632584943
LOSS, 8335.445556640625, -18.77500343322754, 59.237586975097656, 34.73102315266927, 240, 175.0, 383, 4, 76338.92129516602, 112.07017517089844, 420.9364929199219, 318.0788387298584
WIN , 28378.49168395996, -38.0, 80.75401306152344, 20.126589846780114, 1410, 138.01663208007812, 305, 27, 392070.3506965637, 37.45114517211914, 428.2497863769531, 278.06407850820125
LOSS, 11742.356323242188, -34.0869140625, 62.44316101074219, 29.954990620515783, 392, 207.0, 373, 13, 123822.10472106934, 90.1531753540039, 426.50347900390625, 315.87271612517685
LOSS, 9885.443603515625, -15.999755859375, 55.29730987548828, 30.13854757169398, 328, 191.0, 378, 5, 106038.18727111816, 188.44610595703125, 417.5460205078125, 323.2871563143847
WIN , 27984.753562927246, -21.575790405273438, 64.8573989868164, 26.754066503754537, 1046, 205.4928741455078, 330, 30, 328236.3827972412, 77.59635162353516, 429.05810546875, 313.80151319047917
LOSS, 21661.0, -20.46428680419922, 60.512611389160156, 26.841387856257743, 807, 223.0, 346, 18, 248332.14067840576, 107.84722137451172, 419.2061462402344, 307.72260307113476
LOSS, 12355.505126953125, -13.858749389648438, 63.778587341308594, 34.80423979423416, 355, 207.0, 376, 6, 111492.06105041504, 119.73851013183594, 415.12774658203125, 314.06214380398603
WIN , 25404.0, -40.680519104003906, 65.60233306884766, 15.23021582733813, 1668, 207.0, 288, 23, 445122.09044647217, 53.87206268310547, 425.19451904296875, 266.85976645471953
WIN , 27930.0, -35.885366439819336, 65.2303237915039, 20.984222389181067, 1331, 175.0, 311, 28, 422188.3019371033, 36.89419174194336, 420.50982666015625, 317.1963200128499
LOSS, 9243.045288085938, -30.322265625, 66.1113510131836, 12.802001784052544, 722, 223.0, 351, 6, 168585.77695465088, 41.571754455566406, 415.4813232421875, 233.4983060313724
LOSS, 24587.262451171875, -38.010231018066406, 69.3541488647461, 14.395352723168545, 1708, 191.0, 286, 26, 486988.62825775146, 61.29357147216797, 439.11138916015625, 285.12214769189194
LOSS, 18730.026245117188, -26.3885498046875, 65.2574691772461, 24.580086935849327, 762, 170.447998046875, 349, 17, 229386.6138305664, 70.10856628417969, 419.9620666503906, 301.03230161491655
LOSS, 22442.75634765625, -25.763916015625, 68.8780746459961, 26.27957417758343, 854, 175.0, 343, 17, 260348.52348327637, 81.91802215576172, 429.5240173339844, 304.85775583521826
LOSS, 11771.857666015625, -35.8258056640625, 61.318885803222656, 8.891131167685517, 1324, 207.0, 311, 11, 351297.8820037842, 68.64254760742188, 434.54498291015625, 265.3307265889609
LOSS, 16873.916015625, -35.99951171875, 61.313720703125, 7.951892561557493, 2122, 175.0, 258, 15, 450624.6668815613, 38.05729675292969, 426.82275390625, 212.35846695643792
LOSS, 7405.7376708984375, -25.833740234375, 59.35638427734375, 16.604792984077214, 446, 207.0, 370, 5, 127572.00498962402, 93.70747375488281, 434.84442138671875, 286.03588562695967
LOSS, 18986.45068359375, -18.57758331298828, 61.5838623046875, 29.075728458795943, 653, 191.0, 356, 11, 206653.70350646973, 163.2904815673828, 436.30780029296875, 316.4681523835677
WIN , 26972.0, -28.3587646484375, 79.90234375, 20.098360655737704, 1342, 191.0, 310, 29, 395621.4816055298, 58.61839294433594, 439.84381103515625, 294.79991177759297
LOSS, 12537.0, -35.0, 64.26627349853516, 16.135135135135137, 777, 191.0, 348, 15, 197680.3613433838, 56.458587646484375, 432.5706787109375, 254.4148794638144
LOSS, 13489.795288085938, -22.6483154296875, 61.476356506347656, 26.042075845725748, 518, 207.0, 365, 11, 163200.15827178955, 102.9959487915039, 432.9813537597656, 315.0582206019103
LOSS, 19962.165283203125, -20.966697692871094, 64.1881332397461, 33.32581850284328, 599, 207.0, 360, 8, 197037.2320175171, 112.17137908935547, 448.7138671875, 328.9436260726496
LOSS, 17929.355712890625, -21.3397216796875, 61.613380432128906, 15.951384086201625, 1124, 223.0, 325, 17, 288826.0288887024, 39.709415435791016, 433.0985412597656, 256.96265915364984
LOSS, 14155.11376953125, -30.322265625, 64.61844635009766, 28.42392323199046, 498, 223.0, 366, 12, 160499.08603668213, 111.59870147705078, 431.9080810546875, 322.28732135879943
WIN , 27661.45249938965, -31.172279357910156, 67.65713500976562, 22.12916199951172, 1250, 172.09500122070312, 316, 30, 370066.8777770996, 78.6333236694336, 437.1602783203125, 296.0535022216797
LOSS, 12337.5087890625, -26.092529296875, 62.926170349121094, 18.721561136665404, 659, 223.0, 356, 12, 186134.72119903564, 77.30826568603516, 437.415771484375, 282.45025978609357
LOSS, 10878.73828125, -26.092529296875, 58.884803771972656, 24.22881577115813, 449, 191.0, 370, 7, 142231.18726348877, 111.04216766357422, 427.16900634765625, 316.7732455756988
LOSS, 9900.419067382812, -16.00006103515625, 66.1080093383789, 26.830403976647187, 369, 207.0, 375, 5, 115091.8071975708, 101.92566680908203, 432.107421875, 311.90191652458213
LOSS, 7899.0457763671875, -16.00006103515625, 63.921730041503906, 40.927698323146046, 193, 207.0, 387, 7, 65892.15849304199, 168.14649963378906, 430.82293701171875, 341.41014763234193
LOSS, 13482.321044921875, -38.484031677246094, 60.354766845703125, 17.087859372524555, 789, 191.0, 347, 9, 262865.1697463989, 108.89117431640625, 436.654296875, 333.1624458129264
LOSS, 4311.0, -19.363494873046875, 63.470680236816406, 24.775862068965516, 174, 223.0, 388, 3, 53191.367683410645, 89.84911346435547, 440.247802734375, 305.6975154219003
LOSS, 15980.3935546875, -22.093284606933594, 65.89202117919922, 18.326139397577407, 872, 191.0, 341, 12, 225807.62622070312, 74.52493286132812, 433.11456298828125, 258.9536997943843
LOSS, 25524.12744140625, -39.0, 65.3148422241211, 15.922724542361978, 1603, 223.0, 293, 21, 427050.0358657837, 79.34574890136719, 436.4717102050781, 266.40675974159933
LOSS, 13801.832130432129, -39.0, 62.455955505371094, 21.46474670362695, 643, 181.3357391357422, 357, 13, 184118.10791778564, 78.23834228515625, 440.8068542480469, 286.34231402455
LOSS, 10635.613647460938, -36.0, 64.3508071899414, 25.262740255251632, 421, 223.0, 371, 9, 127375.30233764648, 102.47416687011719, 439.0328063964844, 302.5541623222007
WIN , 27930.412925720215, -40.999755859375, 66.2260971069336, 17.34808256255914, 1610, 194.1741485595703, 292, 29, 428451.1056022644, 63.72465133666992, 435.8455810546875, 266.11869913184125
LOSS, -16457.867233276367, -36.06333923339844, 56.03525924682617, -2.743435111397961, 5999, 203.39498901367188, 0, 4, 860246.1623153687, 20.419986724853516, 427.5255432128906, 143.39826009591076
LOSS, 26732.357421875, -26.092529296875, 59.377052307128906, 24.54761930383379, 1089, 223.0, 327, 23, 348865.68743896484, 96.7099380493164, 441.6389465332031, 320.3541666106197
LOSS, 25296.02783203125, -32.4674072265625, 61.049110412597656, 17.09191069731841, 1480, 175.0, 301, 20, 395988.4888458252, 57.04949951171875, 434.83856201171875, 267.5597897606927
LOSS, 14120.189453125, -39.999755859375, 63.312889099121094, 19.004292669078062, 743, 223.0, 350, 17, 196088.27040100098, 36.952449798583984, 437.5169372558594, 263.9142266500686
LOSS, 5212.099021911621, -18.89850616455078, 62.951881408691406, 36.19513209660848, 144, 166.1175079345703, 390, 2, 45853.7287902832, 75.54074096679688, 427.2765808105469, 318.42867215474445
LOSS, 20772.431640625, -24.652099609375, 66.4278335571289, 27.404263378133244, 758, 175.0, 349, 23, 229115.2206878662, 84.67664337158203, 442.1566467285156, 302.2628241264726
LOSS, 14932.14501953125, -21.34002685546875, 66.0964126586914, 26.522460070215363, 563, 223.0, 362, 10, 167007.70719146729, 88.05045318603516, 437.0556335449219, 296.63891153013725
LOSS, 9725.000244140625, -20.662147521972656, 67.1175308227539, 26.71703363774897, 364, 223.0, 375, 7, 106578.6641998291, 102.88005065917969, 442.06939697265625, 292.7985280215085
WIN , 26744.0, -24.90967559814453, 67.2066421508789, 25.230188679245284, 1060, 207.0, 329, 28, 334472.99140930176, 64.73927307128906, 444.8054504394531, 315.54055793330355
LOSS, 20922.946655273438, -37.0, 60.091392517089844, 20.472550543320388, 1022, 186.447998046875, 331, 19, 308690.9230232239, 41.903316497802734, 467.9884948730469, 302.0459129385752
LOSS, 15269.161376953125, -36.0001220703125, 63.01917266845703, 17.921550911916814, 852, 175.0, 343, 10, 251029.45388031006, 79.238525390625, 455.5225830078125, 294.6355092491902
LOSS, 14145.930694580078, -18.339996337890625, 65.0871810913086, 29.532214393695362, 479, 186.20257568359375, 368, 20, 154141.9394683838, 122.22407531738281, 449.0016784667969, 321.7994560926593
LOSS, 16956.509033203125, -34.0001220703125, 63.403541564941406, 21.628200297452967, 784, 223.0, 347, 12, 230358.70498657227, 103.49613189697266, 437.690673828125, 293.8248788094034
LOSS, 21701.0, -25.724157333374023, 65.9764633178711, 23.259378349410504, 933, 223.0, 337, 24, 294566.2699356079, 76.35558319091797, 458.059326171875, 315.7194747434168
LOSS, 20695.3134765625, -38.00048828125, 67.4449691772461, 28.118632440981656, 736, 207.0, 350, 17, 226540.72680664062, 80.74330139160156, 440.2890930175781, 307.79990055250084
LOSS, 13922.434326171875, -38.0, 60.0531005859375, 24.045655140193222, 579, 223.0, 361, 8, 187448.3419494629, 89.00094604492188, 439.9163818359375, 323.7449774602122
LOSS, 7393.6058349609375, -16.084640502929688, 62.43675231933594, 28.546740675524855, 259, 186.447998046875, 382, 6, 80685.0380859375, 103.37516784667969, 439.7398681640625, 311.52524357504825
LOSS, 16914.374755859375, -30.802001953125, 61.110740661621094, 25.511877459818063, 663, 207.0, 355, 14, 218727.36450195312, 105.91146850585938, 433.9865417480469, 329.90552715226715
LOSS, 12348.382934570312, -16.528751373291016, 67.77425384521484, 36.860844580806905, 335, 207.0, 377, 9, 103851.22606658936, 81.7571792602539, 448.3157043457031, 310.0036599002667
LOSS, 20069.368293762207, -34.210594177246094, 63.866798400878906, 20.499865468602867, 979, 201.44407653808594, 334, 12, 267077.2581253052, 51.11507034301758, 444.7472229003906, 272.8061880748776
LOSS, 7351.967529296875, -15.775001525878906, 65.82511138916016, 34.19519781068314, 215, 207.0, 385, 3, 70137.51484680176, 131.4781036376953, 431.9332275390625, 326.22099928745
LOSS, 12094.42919921875, -21.34002685546875, 63.415138244628906, 22.522214523684823, 537, 191.0, 364, 9, 168206.76274108887, 142.7812042236328, 432.76373291015625, 313.23419504858265
LOSS, 12101.0, -23.71856689453125, 63.153297424316406, 25.47578947368421, 475, 223.0, 368, 5, 140016.91191864014, 76.0949478149414, 437.15350341796875, 294.7724461445055
LOSS, 15865.658203125, -39.0, 83.09854888916016, 15.508952300219942, 1023, 223.0, 331, 20, 296455.28034210205, 67.1941909790039, 444.8304748535156, 289.7901078612923
LOSS, 5271.938049316406, -13.000030517578125, 64.87967681884766, 39.93892461603338, 132, 159.8800048828125, 391, 4, 42410.230239868164, 122.50703430175781, 429.8909606933594, 321.28962302930427
LOSS, 20120.9169921875, -18.551109313964844, 63.521949768066406, 28.74416713169643, 700, 223.0, 353, 14, 213211.28259277344, 81.85694122314453, 430.7544860839844, 304.5875465611049
LOSS, 17838.796630859375, -38.0, 60.93267059326172, 17.45479122393285, 1022, 223.0, 331, 16, 284085.4667377472, 26.0465145111084, 448.304443359375, 277.97012400953736
LOSS, 14741.14892578125, -34.68010711669922, 56.614524841308594, 23.54816122329273, 626, 223.0, 358, 12, 196734.93180084229, 102.0306167602539, 443.0331726074219, 314.2730539949557
WIN , 26783.0, -33.000244140625, 80.75126647949219, 24.891263940520446, 1076, 169.0, 328, 17, 345870.5016479492, 94.84373474121094, 440.9591369628906, 321.44098666166286
WIN , 26949.415954589844, -21.84929656982422, 68.0684585571289, 25.91289995633639, 1040, 196.1680908203125, 330, 29, 318118.7832183838, 65.44953155517578, 447.9510803222656, 305.8834454022921
WIN , 27027.300003051758, -23.881591796875, 87.5679702758789, 24.5034451523588, 1103, 180.39999389648438, 326, 29, 361042.1585998535, 92.57405090332031, 450.7816162109375, 327.3274330007738
LOSS, 25038.748046875, -17.662269592285156, 65.1183090209961, 33.51907369059572, 747, 191.0, 350, 27, 244284.45219421387, 119.28170776367188, 447.5926513671875, 327.02068566829166
LOSS, 8465.78466796875, -18.46306610107422, 63.56909942626953, 28.69757514565678, 295, 207.0, 380, 6, 91628.2586593628, 92.75163269042969, 440.68670654296875, 310.60426664190777
LOSS, 24901.523193359375, -17.35906219482422, 67.1700210571289, 29.330416011024, 849, 207.0, 343, 23, 282364.38526916504, 70.9238510131836, 449.273681640625, 332.5846705172733
LOSS, 24338.9443359375, -18.20404815673828, 58.957130432128906, 27.689356468643346, 879, 223.0, 341, 21, 285976.45933914185, 40.40116500854492, 468.3931579589844, 325.34295715488264
LOSS, 21303.120361328125, -22.198745727539062, 67.2130355834961, 23.591495416753183, 903, 223.0, 339, 20, 300944.7053604126, 95.38495635986328, 454.6271667480469, 333.2720989594824
LOSS, 20115.202392578125, -33.253517150878906, 60.537109375, 20.909773796858758, 962, 207.0, 335, 19, 308187.65156555176, 91.07106018066406, 441.21844482421875, 320.3613841637752
LOSS, 13812.300003051758, -16.351959228515625, 59.397125244140625, 28.65622407272149, 482, 180.39999389648438, 367, 7, 153066.5576019287, 73.15156555175781, 445.6514587402344, 317.5654722031716
LOSS, 11951.073974609375, -26.341949462890625, 57.093505859375, 17.345535521929428, 689, 207.0, 354, 12, 211343.3881225586, 88.37754821777344, 467.39923095703125, 306.7393151270807
LOSS, 13594.76220703125, -17.662269592285156, 62.02513885498047, 25.506120463473266, 533, 223.0, 364, 9, 162759.20511627197, 84.56332397460938, 455.838623046875, 305.3643623194596
LOSS, 8321.999877929688, -19.13629150390625, 65.6453628540039, 25.52760698751438, 326, 207.0, 378, 6, 97483.56021881104, 52.465660095214844, 446.5794677734375, 299.02932582457373
LOSS, 8447.970336914062, -16.7203369140625, 53.798500061035156, 25.83477167252007, 327, 207.0, 378, 4, 107546.03880310059, 166.19863891601562, 441.31640625, 328.88696881682137
LOSS, 10696.862548828125, -36.0, 65.69417572021484, 23.93034127254614, 447, 207.0, 370, 9, 136263.11309814453, 76.92272186279297, 447.7107238769531, 304.8391791904799
LOSS, 20869.353515625, -23.171798706054688, 67.32732391357422, 19.59563710387324, 1065, 191.0, 328, 17, 289451.7816619873, 32.17928695678711, 446.0472717285156, 271.7857104807392
LOSS, 13389.111083984375, -21.34002685546875, 58.41667175292969, 27.048709260574494, 495, 207.0, 366, 7, 154355.6008758545, 70.701171875, 443.06781005859375, 311.829496718898
LOSS, 23778.65048980713, -18.361602783203125, 65.3487319946289, 37.56500867268109, 633, 193.6999969482422, 357, 24, 219040.56175231934, 128.8272247314453, 445.1725158691406, 346.0356425787035
LOSS, 23284.3193359375, -43.020606994628906, 70.7579574584961, 17.13342114491354, 1359, 191.0, 309, 17, 365541.69437789917, 37.71954345703125, 442.0555725097656, 268.97843589249385
LOSS, 8679.7705078125, -13.000030517578125, 61.765968322753906, 36.01564526063278, 241, 175.0, 383, 8, 84245.81631469727, 182.34950256347656, 440.20904541015625, 349.56770255061105
WIN , 27447.75, -22.276611328125, 75.820556640625, 27.781123481781375, 988, 159.5, 334, 29, 316105.06678009033, 47.97565460205078, 458.1110534667969, 319.9443995749902
LOSS, 22720.6982421875, -25.570068359375, 59.305030822753906, 22.080367582300777, 1029, 175.0, 331, 22, 314710.5261745453, 30.125314712524414, 447.00640869140625, 305.841133308596
LOSS, 23080.05224609375, -40.349708557128906, 60.994483947753906, 21.330917048145796, 1082, 207.0, 327, 16, 326404.1435852051, 82.0029525756836, 446.9161682128906, 301.66741551312856
LOSS, 12653.635925292969, -18.77500343322754, 66.3377914428711, 23.563567831085603, 537, 186.4561767578125, 364, 12, 165128.21965789795, 111.50489807128906, 445.4648742675781, 307.50134014506136
WIN , 24134.0, -36.24951171875, 66.845703125, 9.475461327051432, 2547, 207.0, 230, 30, 519461.87260627747, 24.93055534362793, 451.007080078125, 203.9504800181694
WIN , 28280.0, -22.82624053955078, 77.913818359375, 22.66025641025641, 1248, 175.0, 316, 27, 396306.40896606445, 91.02558135986328, 444.5469055175781, 317.55321231255164
WIN , 26684.300003051758, -25.405624389648438, 69.0740737915039, 20.18479576630239, 1322, 126.39999389648438, 311, 22, 370735.51289749146, 51.53498458862305, 437.86334228515625, 280.4353350207954
WIN , 27367.415954589844, -22.23938751220703, 73.412109375, 25.745452450225628, 1063, 180.1680908203125, 329, 20, 333859.14817619324, -19.48613166809082, 448.53271484375, 314.0725758948196
LOSS, 14880.00048828125, -18.462913513183594, 65.02127838134766, 20.524138604525863, 725, 191.0, 351, 9, 206739.97729110718, 38.22340774536133, 443.4751281738281, 285.1585893670444
LOSS, 17107.170166015625, -16.362045288085938, 62.589942932128906, 24.90126661719887, 687, 207.0, 354, 12, 222841.4179840088, 84.09642791748047, 439.67669677734375, 324.3688762503767
WIN , 27004.0, -18.462913513183594, 64.9181137084961, 22.540901502504173, 1198, 207.0, 320, 31, 361692.89820861816, 56.21246337890625, 445.2943420410156, 301.9139384045227
LOSS, 10881.0, -18.462913513183594, 64.05570220947266, 27.68702290076336, 393, 223.0, 373, 4, 130832.99602508545, 96.01168060302734, 440.0807189941406, 332.9083868322785
LOSS, -1855.4449844360352, -25.28289794921875, 59.576637268066406, -0.30929237946925076, 5999, 210.5500030517578, 0, 6, 650940.253941536, 13.552168846130371, 432.3475036621094, 108.50812701142456
LOSS, 13661.599998474121, -33.000244140625, 57.573463439941406, 15.95981308232958, 856, 201.8000030517578, 342, 11, 244040.08905029297, 66.02595520019531, 429.348876953125, 285.0935619746413
LOSS, 8756.054931640625, -37.0, 66.8016586303711, 19.28646460713794, 454, 223.0, 369, 10, 126849.27202606201, 96.98323059082031, 430.4385986328125, 279.4036828767886
LOSS, 22371.3291015625, -38.0, 90.9798355102539, 13.468590669212823, 1661, 207.0, 289, 22, 441122.0755004883, 64.04067993164062, 440.2274475097656, 265.5762043952368
LOSS, 12915.112670898438, -16.72411346435547, 63.448097229003906, 29.62181805251935, 436, 207.0, 370, 6, 141674.56843566895, 86.90945434570312, 435.57464599609375, 324.9416707240113
LOSS, 22272.48291015625, -28.9202880859375, 61.849365234375, 23.79538772452591, 936, 175.0, 337, 21, 305368.5373535156, 104.80620574951172, 436.2632751464844, 326.2484373434996
WIN , 27350.0, -48.689552307128906, 78.34228515625, 7.470636438131658, 3661, 175.0, 155, 23, 742505.9859275818, 46.08336639404297, 447.0765075683594, 202.81507400370987
LOSS, 19503.471923828125, -24.1507568359375, 61.8768310546875, 24.750598888106758, 788, 223.0, 347, 18, 247880.91529083252, 74.09463500976562, 439.503662109375, 314.5696894553712
LOSS, 17640.0, -18.99950408935547, 60.4864501953125, 29.449081803005008, 599, 185.0, 360, 13, 198725.41596221924, 109.94498443603516, 443.898193359375, 331.76196320904717
LOSS, 21006.7392578125, -26.092529296875, 63.506385803222656, 22.783882058364966, 922, 207.0, 338, 22, 295621.776802063, 82.8489990234375, 453.6539001464844, 320.63099436232426
WIN , 27496.348709106445, -19.13690185546875, 70.584716796875, 24.528410980469623, 1121, 162.30258178710938, 325, 12, 372577.22747039795, 105.02159881591797, 453.4917297363281, 332.3614874847439
LOSS, 9643.999877929688, -15.204170227050781, 62.422386169433594, 28.617210320266135, 337, 223.0, 377, 6, 110772.9835357666, 166.35549926757812, 441.3377990722656, 328.7032152396635
WIN , 25684.0, -44.2001953125, 73.602294921875, 6.224915172079496, 4126, 207.0, 124, 19, 813400.7484207153, 39.461204528808594, 437.40118408203125, 197.14026864292666
WIN , 27490.0, -23.71826171875, 78.07373046875, 24.654708520179373, 1115, 175.0, 325, 26, 373600.6175918579, 76.48707580566406, 447.0628967285156, 335.067818468034
LOSS, 12429.799682617188, -21.3397216796875, 68.5259017944336, 21.999645455959623, 565, 191.0, 362, 14, 181651.95459747314, 83.36107635498047, 440.2373046875, 321.5078842433153
LOSS, 17325.308837890625, -23.64012908935547, 66.4687271118164, 21.38927017023534, 810, 175.0, 345, 18, 241954.87451934814, 65.99512481689453, 451.2003173828125, 298.70972162882487
LOSS, 22284.0224609375, -17.662269592285156, 66.7821273803711, 19.668157511860105, 1133, 223.0, 324, 15, 319259.2586593628, 47.931427001953125, 454.18170166015625, 281.7822230003202
LOSS, 10378.498062133789, -18.77500343322754, 64.2513198852539, 25.881541302079274, 401, 201.39498901367188, 373, 5, 136492.5383605957, 149.10098266601562, 442.0146179199219, 340.38039491420375
LOSS, 6857.8701171875, -34.0, 65.0725326538086, 31.8970703125, 215, 223.0, 385, 4, 69110.41646194458, 61.06393814086914, 442.2333984375, 321.44379749741665
LOSS, 21839.757568359375, -42.00048828125, 63.617774963378906, 14.589016411729709, 1497, 191.0, 300, 8, 408159.65716552734, 54.02528762817383, 440.8103332519531, 272.65174159353865
LOSS, 4034.24658203125, -19.858810424804688, 61.18180847167969, 1.948911392285628, 2070, 207.0, 261, 6, 265642.69036865234, 13.889533042907715, 435.6188659667969, 128.32980211046007
LOSS, 23066.75537109375, -18.462913513183594, 66.8398208618164, 28.233482706357098, 817, 175.0, 345, 18, 259337.68614959717, 73.99465942382812, 445.5472106933594, 317.42678843279947
LOSS, 9625.857299804688, -16.954322814941406, 66.93441009521484, 23.139080047607422, 416, 207.0, 372, 8, 128953.0686416626, 109.63176727294922, 436.68560791015625, 309.9833380809197
LOSS, 10981.0, -24.5172119140625, 65.1982650756836, 12.934040047114252, 849, 223.0, 343, 14, 210814.45752334595, 63.822933197021484, 447.94775390625, 248.3091372477573
LOSS, 4765.4014892578125, -12.774999618530273, 62.98529815673828, 44.12408786349826, 108, 191.0, 392, 4, 35147.19340515137, 76.19591522216797, 434.9858093261719, 325.43697597362376
LOSS, 21360.006103515625, -17.966819763183594, 63.395606994628906, 24.66513406872474, 866, 175.0, 342, 16, 253185.88525772095, 62.95073318481445, 459.8407897949219, 292.3624541082228
LOSS, 22812.115966796875, -39.0, 63.837181091308594, 19.137681180198722, 1192, 191.0, 320, 14, 295852.4167690277, 28.67814826965332, 446.71392822265625, 248.19833621562728
LOSS, 12517.8037109375, -27.3443603515625, 61.702796936035156, 28.644859750429063, 437, 207.0, 370, 9, 145837.0866165161, 52.65314483642578, 446.0272521972656, 333.7233103352771
LOSS, 17109.819580078125, -18.499481201171875, 64.8488540649414, 28.094941839208744, 609, 223.0, 359, 17, 201035.640335083, 84.23448944091797, 448.7732238769531, 330.10778380144995
LOSS, 17543.868438720703, -15.204170227050781, 65.8736343383789, 37.09063094866956, 473, 175.42718505859375, 368, 12, 161856.52268981934, 115.41148376464844, 443.9418640136719, 342.1913798939098
LOSS, 14201.15234375, -17.96221923828125, 63.566505432128906, 27.41535201496139, 518, 175.0, 365, 8, 171671.78280639648, 132.75074768066406, 444.5022277832031, 331.41270812045656
LOSS, 8249.5693359375, -24.861297607421875, 55.33760070800781, 18.373205647967705, 449, 223.0, 370, 6, 134463.64043807983, 62.655086517333984, 445.2136535644531, 299.4735867217814
WIN , 25526.300003051758, -40.418701171875, 69.2888412475586, 6.621608301699548, 3855, 142.39999389648438, 142, 21, 740454.7640380859, 33.18836212158203, 439.05865478515625, 192.0764627854957
WIN , 27513.724090576172, -17.662269592285156, 64.85860443115234, 32.104695554931354, 857, 167.55181884765625, 342, 13, 286190.4845504761, 80.70462799072266, 452.6430358886719, 333.94455606823345
LOSS, 12736.515380859375, -21.34002685546875, 59.46111297607422, 28.303367513020834, 450, 191.0, 369, 11, 144439.01734924316, 79.1453857421875, 442.3535461425781, 320.97559410942927
LOSS, 13699.02490234375, -35.0, 62.532958984375, 24.638533997021135, 556, 223.0, 362, 11, 180464.1330947876, 53.96308517456055, 444.53826904296875, 324.5757789474597
WIN , 27632.0, -20.332252502441406, 64.5180435180664, 25.632653061224488, 1078, 191.0, 328, 20, 340765.16439819336, 73.90574645996094, 444.2168273925781, 316.10868682578234
LOSS, 22987.354736328125, -39.0, 62.56751251220703, 27.43121090253953, 838, 175.0, 344, 24, 266109.3480911255, 93.82807922363281, 454.2551574707031, 317.55292134979175
LOSS, 15392.34033203125, -25.20965576171875, 60.08842468261719, 23.14637643914474, 665, 223.0, 355, 10, 202897.90299224854, 39.13739013671875, 443.8918151855469, 305.10962855977226
LOSS, 14245.189697265625, -28.704833984375, 62.781593322753906, 26.137962747276376, 545, 191.0, 363, 6, 160210.52947616577, 36.26325988769531, 439.64459228515625, 293.96427426819406
LOSS, -3469.197494506836, -28.867530822753906, 55.49016571044922, -0.5782959650786524, 5999, 203.39498901367188, 0, 8, 527603.6797095537, -0.40456581115722656, 439.89361572265625, 87.94860471904546
LOSS, 26589.012573242188, -38.5418701171875, 61.75468444824219, 23.910982529894053, 1112, 154.447998046875, 325, 18, 343762.53548431396, 68.30445861816406, 445.4754943847656, 309.13897075927514
LOSS, 14470.22607421875, -19.724143981933594, 61.550514221191406, 25.121920267740887, 576, 223.0, 361, 15, 171562.464553833, 48.32630157470703, 440.6341857910156, 297.8515009615156
LOSS, 12401.0, -16.94141387939453, 61.421409606933594, 25.9979035639413, 477, 223.0, 368, 17, 137405.7471923828, 54.91461181640625, 444.1163635253906, 288.0623630867564
LOSS, 7746.66650390625, -18.282318115234375, 62.07329177856445, 28.90547202950093, 268, 223.0, 382, 5, 88408.1088256836, 94.19161987304688, 429.7184143066406, 329.88100308090895
LOSS, 11631.521606445312, -18.860069274902344, 69.14022064208984, 25.62009164415267, 454, 175.0, 369, 8, 150574.76914978027, 131.80274963378906, 438.83331298828125, 331.6624871140535
WIN , 27640.0, -22.528745651245117, 79.62646484375, 26.52591170825336, 1042, 175.0, 330, 20, 328188.0222854614, 68.58057403564453, 435.9479675292969, 314.9597142854716
LOSS, 21020.127197265625, -19.199684143066406, 63.951637268066406, 32.94690783270474, 638, 223.0, 357, 22, 210335.5263824463, 100.55916595458984, 437.3143005371094, 329.6795084364362
LOSS, 26572.932373046875, -34.0869140625, 60.283103942871094, 22.443355044803106, 1184, 223.0, 321, 24, 388748.0719871521, 55.84615707397461, 440.88800048828125, 328.334520259419
LOSS, 17331.30517578125, -17.050537109375, 57.962867736816406, 22.420834638785575, 773, 223.0, 348, 16, 256685.86465454102, 88.60527038574219, 449.4847717285156, 332.06450796189006
LOSS, 14675.0, -29.390869140625, 67.7678451538086, 20.438718662952645, 718, 175.0, 352, 10, 231264.60356140137, 125.21914672851562, 437.1943054199219, 322.0955481356565
LOSS, 9630.388427734375, -20.436798095703125, 68.8567123413086, 20.49018814411569, 470, 223.0, 368, 4, 141326.32558441162, 122.3563003540039, 463.4407653808594, 300.69430975406726
LOSS, 18793.03076171875, -26.092529296875, 61.484596252441406, 19.079219047430204, 985, 207.0, 334, 21, 284309.40625, 85.7350845336914, 447.864990234375, 288.63899111675124
LOSS, 18970.5615234375, -18.126670837402344, 62.166358947753906, 28.570122776261297, 664, 175.0, 355, 15, 215156.22623443604, 63.36375427246094, 439.0318298339844, 324.03046119643983
LOSS, 12881.320678710938, -26.092529296875, 63.917457580566406, 20.6101130859375, 625, 191.0, 358, 8, 183579.3915939331, 64.43470764160156, 439.10699462890625, 293.727026550293
WIN , 28190.398712158203, -36.0001220703125, 85.599365234375, 20.546937836850002, 1372, 154.20257568359375, 308, 27, 438106.17555618286, 44.05396270751953, 444.0591735839844, 319.3193699389088
LOSS, 24051.34130859375, -19.82623863220215, 67.5755844116211, 26.22828932234869, 917, 207.0, 338, 18, 287014.50567626953, 60.85741424560547, 449.9584045410156, 312.9929178585273
WIN , 28073.75, -22.073486328125, 74.646240234375, 24.82206012378426, 1131, 127.5, 324, 29, 363647.2590332031, 58.57160949707031, 440.13861083984375, 321.5271963158295
LOSS, 12476.276000976562, -19.52875328063965, 66.5587387084961, 30.282223303341173, 412, 207.0, 372, 9, 134370.66986846924, 107.25594329833984, 445.153076171875, 326.1424025933719
WIN , 27046.0, -19.217529296875, 69.4417495727539, 25.39530516431925, 1065, 223.0, 328, 25, 332721.74643325806, 47.63041305541992, 454.642822265625, 312.41478538334087
LOSS, 20674.00048828125, -20.45654296875, 62.470314025878906, 27.27440697662434, 758, 223.0, 349, 11, 258105.45530700684, 83.78089141845703, 442.6849060058594, 340.50851623615677
LOSS, 18534.882568359375, -30.3265380859375, 59.001075744628906, 23.67162524694684, 783, 207.0, 347, 16, 247414.57196044922, 71.46666717529297, 440.35009765625, 315.9828505242008
LOSS, 12354.751953125, -18.462913513183594, 55.22943115234375, 20.488809209162522, 603, 207.0, 359, 12, 178536.4421234131, 75.01517486572266, 446.3057556152344, 296.08033519637326
LOSS, 13203.390991210938, -27.401123046875, 71.10799407958984, 24.31563718455053, 543, 191.0, 363, 8, 174736.23082733154, 74.66320037841797, 439.785400390625, 321.79784682749823
LOSS, 13721.318725585938, -38.444793701171875, 83.0548324584961, 20.327879593460647, 675, 207.0, 354, 9, 202902.71162605286, 27.950212478637695, 452.2212829589844, 300.5966098163746
WIN , 27092.0, -21.146705627441406, 75.426025390625, 26.50880626223092, 1022, 191.0, 331, 25, 348492.7307739258, 122.22968292236328, 444.0736389160156, 340.99093030716807
LOSS, 10940.543212890625, -31.112747192382812, 59.73994445800781, 25.987038510429038, 421, 175.0, 371, 6, 135933.86669921875, 150.91929626464844, 426.62725830078125, 322.8832938223723
LOSS, 22465.925537109375, -30.322265625, 68.9061508178711, 19.828707446698477, 1133, 223.0, 324, 24, 374059.2170410156, 108.59207153320312, 437.0459899902344, 330.14935308121414
LOSS, 11373.660522460938, -21.3397216796875, 62.591773986816406, 25.732263625477234, 442, 223.0, 370, 10, 148498.84172058105, 97.79734802246094, 443.4360656738281, 335.9702301370612
LOSS, 22534.698486328125, -34.0869140625, 66.9832534790039, 18.129282772588997, 1243, 175.0, 317, 22, 386146.49923324585, 61.99111557006836, 447.45697021484375, 310.65687790285267
LOSS, 21763.2041015625, -19.39031982421875, 62.650978088378906, 28.411493605172975, 766, 207.0, 348, 20, 245998.52262878418, 94.51133728027344, 433.32037353515625, 321.1468963822248
LOSS, 11801.0390625, -22.366004943847656, 58.183494567871094, 29.210492728960396, 404, 223.0, 373, 11, 132313.21342468262, 121.279296875, 439.67730712890625, 327.5079540214916
WIN , 21340.65000152588, -38.200439453125, 67.6619644165039, 4.22002175232863, 5057, 193.6999969482422, 62, 27, 761839.9574489594, 26.635595321655273, 450.9266052246094, 150.65057493552686
LOSS, 10683.853515625, -32.9345703125, 61.16326904296875, 14.207252015458776, 752, 207.0, 349, 9, 242555.95054626465, 71.27101135253906, 437.54449462890625, 322.5478065774796
LOSS, 5321.051513671875, -16.48139190673828, 57.298583984375, 30.062437930349578, 177, 191.0, 388, 1, 57035.64828491211, 141.6396484375, 435.08355712890625, 322.2353010447012
WIN , 26964.300003051758, -39.0, 66.10860443115234, 19.768548389334132, 1364, 126.39999389648438, 309, 28, 445031.11111450195, 72.9179458618164, 442.20269775390625, 326.26914304582255
LOSS, 15396.650489807129, -17.35771942138672, 67.86795806884766, 24.208569952526933, 636, 177.6999969482422, 357, 12, 196001.80155563354, 60.447330474853516, 437.1897888183594, 308.1789332635748
LOSS, 12099.937744140625, -16.72203826904297, 61.79271697998047, 23.678938833934687, 511, 175.0, 365, 8, 159196.12832260132, 44.619075775146484, 442.1148681640625, 311.53841159021783
LOSS, 7487.650001525879, -18.562828063964844, 65.4164810180664, 32.98524229747083, 227, 209.6999969482422, 384, 4, 75190.60116577148, 104.18702697753906, 433.9787292480469, 331.2361284835748
WIN , 26756.0, -30.056678771972656, 71.015625, 26.180039138943247, 1022, 223.0, 331, 25, 342014.42556381226, 56.34803771972656, 447.0913391113281, 334.65207980803547
LOSS, -9636.132888793945, -28.704833984375, 57.59168243408203, -1.606289863109509, 5999, 228.60549926757812, 0, 4, 481939.68105888367, -9.099148750305176, 445.7066345214844, 80.33666962141751
