WIN , 33822.65000152588, -34.531219482421875, 80.8028335571289, 9.067734584859485, 3730, 209.6999969482422, 151, 36, 12965.051831245422, 10.852088928222656, 30.02192497253418, 3.475885209449175
WIN , 29637.360473632812, -25.0601806640625, 83.24608612060547, 15.276989934862275, 1940, 180.279052734375, 270, 36, 28513.50772380829, 11.279656410217285, 50.20283889770508, 14.697684393715612
LOSS, 13126.399169921875, -26.868057250976562, 50.80804443359375, 15.388510164035024, 853, 223.0, 343, 11, 15384.772472381592, 17.816497802734375, 53.780513763427734, 18.036075583096824
LOSS, 12881.0, -23.02788543701172, 54.85893249511719, 19.546282245827012, 659, 223.0, 356, 13, 12801.333934783936, 23.256296157836914, 52.19157409667969, 19.425392920764697
LOSS, 18375.270751953125, -33.022003173828125, 56.761695861816406, 18.302062501945343, 1004, 207.0, 333, 17, 26157.41687965393, 20.02033042907715, 72.77279663085938, 26.05320406340033
LOSS, 15276.047607421875, -21.445045471191406, 53.80279541015625, 20.3680634765625, 750, 223.0, 349, 14, 28468.182077348232, -0.9341488480567932, 79.48600006103516, 37.957576103130975
LOSS, 6801.952880859375, -17.828079223632812, 57.555442810058594, 26.991876511346724, 252, 207.0, 383, 6, 10699.719890594482, 49.59641647338867, 75.80387878417969, 42.45920591505747
WIN , 27834.40000152588, -22.22826385498047, 87.6632308959961, 30.587252748929536, 910, 146.1999969482422, 339, 19, 36648.968170166016, 48.0971565246582, 79.55138397216797, 40.27359139578683
WIN , 28437.300003051758, -20.436798095703125, 75.4097671508789, 27.134828247186793, 1048, 180.39999389648438, 330, 30, 46233.60085105896, 19.720666885375977, 88.09017944335938, 44.116031346430304
LOSS, 15003.6083984375, -23.802879333496094, 63.167625427246094, 26.936460320354577, 557, 175.0, 362, 13, 23983.222171783447, 45.34281539916992, 86.22583770751953, 43.05784950050888
LOSS, 9648.564697265625, -18.77500343322754, 61.01005554199219, 32.70699897378178, 295, 223.0, 380, 6, 14834.599590301514, 44.327880859375, 86.82164764404297, 50.28677827220852
WIN , 22375.32250213623, -45.249755859375, 82.83656311035156, 8.244407701597726, 2714, 144.35499572753906, 219, 28, 163472.58710098267, 18.457351684570312, 129.2179718017578, 60.23308294067158
LOSS, 6894.760986328125, -15.98406982421875, 60.6146240234375, 27.144728292630415, 254, 223.0, 383, 4, 16772.96103286743, 46.09860610961914, 117.11347198486328, 66.0352796569584
LOSS, 10985.443969726562, -19.404891967773438, 64.2653579711914, 26.343990335075688, 417, 223.0, 372, 7, 27626.03108215332, 68.02813720703125, 112.52320098876953, 66.24947501715424
LOSS, 15376.947166442871, -18.44245147705078, 68.4831771850586, 29.123005997050893, 528, 197.9879913330078, 364, 12, 36687.74472427368, 51.85397720336914, 118.33814239501953, 69.48436500809409
LOSS, 6940.339050292969, -30.872533798217773, 57.38311767578125, 21.42079953794126, 324, 196.8853759765625, 378, 1, 24449.891147613525, 54.51960372924805, 133.83474731445312, 75.46262699880718
LOSS, 20638.66748046875, -21.353431701660156, 68.1746597290039, 33.07478762895633, 624, 191.0, 358, 13, 54790.00162124634, 52.46059036254883, 141.8419647216797, 87.80448977763837
WIN , 25290.28749847412, -33.000244140625, 64.7939224243164, 25.39185491814671, 996, 154.4250030517578, 333, 16, 88697.16813659668, 71.2381591796875, 147.66183471679688, 89.05338166324968
LOSS, 20671.0, -33.000244140625, 66.49556732177734, 26.845454545454544, 770, 223.0, 348, 19, 68780.71202087402, 75.39324188232422, 142.22926330566406, 89.32560002710912
LOSS, -15033.860107421875, -37.43743896484375, 58.07548522949219, -2.5060610280749915, 5999, 227.2142333984375, 0, 4, 510075.53701782227, 72.37551879882812, 165.3955078125, 85.026760629742
LOSS, 12731.0, -18.361602783203125, 62.95654296875, 25.061023622047244, 508, 223.0, 366, 10, 60678.30158996582, 85.342529296875, 180.7245330810547, 119.44547557079886
LOSS, 7298.981597900391, -15.65423583984375, 69.61919403076172, 36.863543423739344, 198, 138.20257568359375, 386, 5, 25599.60285949707, 95.50015258789062, 176.7355194091797, 129.29092353281348
WIN , 22402.0, -20.078506469726562, 83.91228485107422, 14.613176777560339, 1533, 191.0, 297, 29, 198634.69410705566, 84.01026916503906, 189.6615753173828, 129.57253366409373
LOSS, 2723.9881896972656, -13.000030517578125, 61.810302734375, 22.146245444693218, 123, 175.0, 391, 1, 14507.352157592773, 82.63717651367188, 175.5992431640625, 117.94595250075426
LOSS, 15654.00048828125, -16.626914978027344, 69.5158920288086, 30.220078162705114, 518, 223.0, 365, 9, 69963.51895904541, 81.01335144042969, 193.44985961914062, 135.0647084151456
LOSS, 13437.99951171875, -26.71875, 65.45003509521484, 20.14692580467579, 667, 223.0, 355, 9, 86170.48620605469, 94.25978088378906, 200.11367797851562, 129.19113374221092
LOSS, 12744.712158203125, -33.000244140625, 69.8180160522461, 22.717846984319294, 561, 223.0, 362, 11, 82055.16236877441, 100.09931182861328, 203.61474609375, 146.26588657535547
LOSS, 18073.802490234375, -34.0869140625, 66.3143081665039, 17.412141127393426, 1038, 175.0, 330, 17, 144645.2329711914, 92.08551025390625, 201.78219604492188, 139.3499354250399
LOSS, 20599.423583984375, -17.79485321044922, 69.5384750366211, 20.682152192755396, 996, 207.0, 333, 18, 144117.74602508545, 86.46585845947266, 206.12344360351562, 144.69653215370025
LOSS, 4698.903076171875, -16.48967742919922, 64.7914810180664, 17.86655162042538, 263, 191.0, 382, 3, 39192.48027801514, 98.83576965332031, 201.83749389648438, 149.02083755899292
LOSS, 7480.2431640625, -16.00006103515625, 62.9962158203125, 29.21969985961914, 256, 223.0, 382, 3, 38528.468757629395, 90.95269775390625, 196.6035614013672, 150.50183108448982
LOSS, 17086.77392578125, -18.204200744628906, 66.5230484008789, 15.174754818633437, 1126, 223.0, 324, 12, 153411.2389678955, 87.27439880371094, 206.73196411132812, 136.24443958072425
LOSS, 3037.650001525879, -13.000030517578125, 58.46717834472656, 18.985312509536744, 160, 209.6999969482422, 389, 1, 22569.653366088867, 117.97481536865234, 216.7305908203125, 141.06033353805543
LOSS, 10710.950805664062, -19.37347412109375, 68.8768539428711, 18.89056579482198, 567, 191.0, 362, 6, 88371.0813369751, 99.06367492675781, 213.5996551513672, 155.85728630859805
LOSS, 12518.716674804688, -17.30865478515625, 63.687965393066406, 22.394841994283876, 559, 223.0, 362, 10, 88041.92528533936, 103.51265716552734, 220.53103637695312, 157.4989718879058
LOSS, 14149.359130859375, -16.612197875976562, 64.9904556274414, 18.163490540255935, 779, 175.0, 348, 12, 117199.36233520508, 83.8003158569336, 219.94764709472656, 150.44847539820935
LOSS, 15019.3076171875, -17.35771942138672, 66.12386322021484, 19.736278077775953, 761, 207.0, 349, 15, 117206.18955993652, 89.83442687988281, 226.06117248535156, 154.01601781857624
LOSS, 4981.6854248046875, -17.80046844482422, 69.21956634521484, 11.39973781419837, 437, 223.0, 370, 3, 70376.28561401367, 118.240478515625, 217.7388916015625, 161.0441318398482
LOSS, 13107.0, -16.00006103515625, 69.5103988647461, 25.3030888030888, 518, 191.0, 365, 8, 80682.72998046875, 102.06010437011719, 228.66323852539062, 155.75816598546092
LOSS, 4719.489013671875, -16.858627319335938, 58.88275146484375, 14.476960164637653, 326, 191.0, 378, 3, 47670.345527648926, 91.24580383300781, 229.28009033203125, 146.22805376579424
LOSS, 12517.5673828125, -26.092529296875, 64.1943359375, 19.806277504450158, 632, 223.0, 357, 10, 93901.68142700195, 95.9220199584961, 226.48854064941406, 148.5786098528512
LOSS, 15722.090087890625, -18.71379852294922, 69.0245590209961, 23.677846517907568, 664, 223.0, 355, 19, 108555.19651794434, 98.96122741699219, 238.2401580810547, 163.48674174389208
LOSS, 13505.47998046875, -16.00006103515625, 69.4719467163086, 33.67950119817643, 401, 223.0, 373, 9, 68375.97121429443, 100.58798217773438, 233.8323516845703, 170.5136439259213
LOSS, 7097.650001525879, -17.13720703125, 66.98462677001953, 35.136881195672665, 202, 209.6999969482422, 386, 5, 32623.076469421387, 99.41455078125, 230.19931030273438, 161.50037856149203
LOSS, 8066.9671630859375, -33.000244140625, 59.28436279296875, 21.68539559969338, 372, 175.0, 375, 8, 63696.2364654541, 114.9710693359375, 234.43504333496094, 171.22644211143574
LOSS, 10507.0, -25.05120849609375, 70.3178939819336, 8.949744463373083, 1174, 191.0, 321, 15, 172969.90572357178, 95.67186737060547, 234.42457580566406, 147.3338208889027
LOSS, 8019.6661376953125, -13.27532958984375, 69.9937973022461, 35.64296061197917, 225, 175.0, 384, 5, 41423.10568237305, 129.23641967773438, 251.00540161132812, 184.102691921658
LOSS, 17585.83349609375, -27.71728515625, 66.5303726196289, 18.395223322273797, 956, 207.0, 336, 13, 167695.79396820068, 109.21007537841797, 254.6312255859375, 175.41401042698817
LOSS, 11543.854614257812, -17.662269592285156, 57.79571533203125, 20.252376516241775, 570, 223.0, 361, 9, 96744.30723571777, 122.98684692382812, 248.65708923339844, 169.72685479950488
LOSS, 13469.0, -15.72515869140625, 68.8457260131836, 18.22598105548038, 739, 207.0, 350, 9, 131005.40911102295, 113.6482925415039, 249.75868225097656, 177.2738959553761
LOSS, 5229.0, -16.123519897460938, 65.45003509521484, 15.244897959183673, 343, 207.0, 377, 3, 59333.880363464355, 115.07048034667969, 249.2532958984375, 172.9850739459602
LOSS, 2060.4732055664062, -35.079193115234375, 61.251747131347656, 4.693560832725299, 439, 191.0, 370, 4, 58311.81350708008, 96.0624771118164, 260.78521728515625, 132.8287323623692
LOSS, 12902.9658203125, -20.283790588378906, 61.551513671875, 19.3158170962762, 668, 159.0, 355, 7, 116418.19511413574, 119.06326293945312, 266.4485168457031, 174.278735200802
LOSS, 9145.020385742188, -28.440093994140625, 71.2218246459961, 27.29856831564832, 335, 223.0, 377, 3, 56797.30767059326, 114.1877212524414, 265.42041015625, 169.54420200177094
LOSS, 10655.27001953125, -39.999755859375, 71.4946517944336, 16.04709340290851, 664, 223.0, 355, 8, 115019.87253570557, 116.07174682617188, 260.5894470214844, 173.2226996019662
LOSS, 5859.2760009765625, -16.753623962402344, 62.19970703125, 13.657986016262383, 429, 186.447998046875, 371, 3, 72259.46530151367, 126.67005920410156, 253.1680145263672, 168.43698205481041
LOSS, 9257.108093261719, -20.1611328125, 66.4430923461914, 18.40379342596763, 503, 191.8800048828125, 366, 7, 90309.81003570557, 127.24689483642578, 270.95281982421875, 179.5423658761542
LOSS, 2602.8712768554688, -13.4564208984375, 60.8135986328125, 23.879552998674026, 109, 191.0, 392, 2, 17686.692779541016, 132.62689208984375, 263.02679443359375, 162.2632365095506
LOSS, 7821.0, -16.36211395263672, 70.4405746459961, 31.663967611336034, 247, 223.0, 383, 3, 42405.31449890137, 137.4149932861328, 257.02655029296875, 171.68143521822415
LOSS, 10331.840576171875, -19.858810424804688, 70.6895980834961, 18.094291727096103, 571, 207.0, 361, 8, 97230.46783447266, 118.5076904296875, 252.25831604003906, 170.28102948243898
LOSS, 2261.0, -17.175491333007812, 58.756103515625, 12.090909090909092, 187, 223.0, 387, 1, 30571.483795166016, 134.20286560058594, 259.6077880859375, 163.4838705623851
WIN , -13588.0, -36.6552734375, 83.0548324584961, -2.4281629735525376, 5596, 191.0, 26, 26, 1030944.5787963867, 117.30815124511719, 286.19293212890625, 184.22883824095544
LOSS, 9731.0, -16.00006103515625, 70.7536849975586, 15.745954692556634, 618, 223.0, 358, 14, 109569.75732421875, 143.1031036376953, 287.6146545410156, 177.29734194857403
LOSS, 1929.599998474121, -14.662391662597656, 59.82658386230469, 20.97391302689262, 92, 185.8000030517578, 393, 3, 15157.357360839844, 152.6496124267578, 259.38616943359375, 164.7538843569548
LOSS, 14372.08154296875, -16.495445251464844, 71.4372787475586, 19.23973432793675, 747, 223.0, 350, 12, 139803.6004333496, 153.66705322265625, 277.45135498046875, 187.15341423473842
LOSS, 5591.0, -15.999755859375, 67.2157974243164, 17.805732484076433, 314, 223.0, 379, 6, 57169.759521484375, 150.12722778320312, 272.1684875488281, 182.0692978391222
LOSS, 6503.055885314941, -19.52875328063965, 69.3883285522461, 20.977599630048196, 310, 178.7637176513672, 379, 5, 57936.01789855957, 158.3896026611328, 281.0809631347656, 186.8903803179341
LOSS, 10813.10205078125, -27.71728515625, 71.05657196044922, 7.021494838169643, 1540, 223.0, 297, 12, 258667.06605529785, 117.19023132324219, 279.1172790527344, 167.96562730863496
LOSS, 9373.73681640625, -36.9998779296875, 64.8674545288086, 7.33469234460583, 1278, 223.0, 314, 11, 218617.79000091553, 125.47573852539062, 296.122314453125, 171.06243349054424
LOSS, 10941.4755859375, -16.720947265625, 62.364349365234375, 7.82652044773784, 1398, 207.0, 306, 13, 271925.6407775879, 140.5301513671875, 298.39959716796875, 194.5104726592188
LOSS, 8563.029052734375, -16.00006103515625, 66.5279312133789, 23.080940842949797, 371, 188.5, 375, 6, 71198.92572021484, 139.25448608398438, 295.56951904296875, 191.91085099788367
LOSS, 7589.0189208984375, -13.858749389648438, 65.11327362060547, 28.96572107213144, 262, 207.0, 382, 3, 50501.97848510742, 144.05580139160156, 269.9837646484375, 192.7556430729291
WIN , 23080.0, -16.424911499023438, 77.1728515625, 17.12166172106825, 1348, 175.0, 310, 29, 262662.6608428955, 135.20425415039062, 280.7917175292969, 194.8536059665397
LOSS, 20982.00048828125, -26.536865234375, 68.70992279052734, 24.061927165460148, 872, 207.0, 341, 15, 176947.86479187012, 138.037109375, 285.45928955078125, 202.92186329342903
LOSS, 12555.66796875, -38.9998779296875, 63.088279724121094, 12.543124843906094, 1001, 223.0, 333, 11, 181175.07626342773, 134.05035400390625, 289.7547912597656, 180.99408218124648
LOSS, 15607.8896484375, -57.064208984375, 69.1844711303711, 8.171669973003926, 1910, 223.0, 272, 24, 375581.55154418945, 151.26600646972656, 306.2670593261719, 196.63955578229815
LOSS, 8099.3199462890625, -20.1611328125, 66.1864242553711, 16.36226251775568, 495, 191.0, 366, 10, 106815.7663269043, 153.40013122558594, 307.3992919921875, 215.78942692303897
LOSS, 3891.7755737304688, -16.00006103515625, 65.85095977783203, 20.26966444651286, 192, 207.0, 387, 2, 38016.325607299805, 166.49185180664062, 315.0480041503906, 198.00169587135315
LOSS, 13841.0, -33.000244140625, 64.7551498413086, 21.728414442700156, 637, 223.0, 357, 14, 127384.84144592285, 143.1610870361328, 303.3656921386719, 199.9762032118098
LOSS, 5276.167785644531, -14.013298034667969, 61.282859802246094, 20.61003041267395, 256, 191.0, 382, 1, 51847.54377746582, 164.23512268066406, 299.76953125, 202.52946788072586
LOSS, 11394.00048828125, -20.779693603515625, 68.8121566772461, 18.25961616711739, 624, 223.0, 358, 8, 123293.41194152832, 140.81121826171875, 293.8586730957031, 197.58559606014154
LOSS, 13816.692138671875, -25.498802185058594, 63.912635803222656, 20.28882839746237, 681, 223.0, 354, 11, 141483.35359191895, 143.24563598632812, 294.6726379394531, 207.7582284756519
LOSS, 6396.284118652344, -55.035014152526855, 62.727882385253906, 9.963059374847887, 642, 184.9793701171875, 357, 7, 121971.72630310059, 155.0519561767578, 298.2505187988281, 189.98711262165202
LOSS, 7354.6456298828125, -10.0, 69.7835464477539, 45.399047098042054, 162, 223.0, 389, 3, 34155.96421813965, 164.58670043945312, 308.32275390625, 210.8392852971583
LOSS, 19655.798828125, -34.912681579589844, 68.2896957397461, 17.379132474027408, 1131, 191.0, 324, 16, 235951.7744140625, 152.38583374023438, 313.8844909667969, 208.622258544706
LOSS, 14367.0, -25.2099609375, 64.5427474975586, 10.262142857142857, 1400, 191.0, 306, 13, 278108.7083892822, 152.22581481933594, 310.6156005859375, 198.6490774209159
LOSS, 4818.987976074219, -26.36474609375, 61.28204345703125, 13.348997163640496, 361, 223.0, 375, 7, 72427.38870239258, 161.60556030273438, 303.521728515625, 200.62988560219551
LOSS, 9171.599998474121, -17.662269592285156, 66.37097930908203, 17.740038681768127, 517, 201.8000030517578, 365, 10, 103641.3653717041, 166.4628143310547, 306.78826904296875, 200.46685758550117
LOSS, 14612.761474609375, -46.06439208984375, 68.55542755126953, 5.45455822120544, 2679, 223.0, 221, 26, 525397.3335266113, 157.6471710205078, 315.5097961425781, 196.11695913647307
LOSS, 6517.0767822265625, -18.012916564941406, 65.89202117919922, 19.281292255108173, 338, 207.0, 377, 5, 75124.39880371094, 166.2093963623047, 300.67327880859375, 222.2615349222217
LOSS, 12439.65966796875, -16.00006103515625, 71.0606918334961, 18.90525785405585, 658, 223.0, 356, 10, 130936.08322143555, 146.1785430908203, 325.2696838378906, 198.99100793531238
LOSS, 12601.0, -29.7039794921875, 60.821754455566406, 9.438951310861423, 1335, 223.0, 310, 17, 275882.8126220703, 158.22406005859375, 319.1234130859375, 206.6537922262699
WIN , 24940.0, -18.26494598388672, 70.1207504272461, 22.428057553956833, 1112, 175.0, 325, 26, 247428.91737365723, 163.02316284179688, 320.5988464355469, 222.50801922091478
LOSS, 11135.62060546875, -17.84075927734375, 64.1576156616211, 20.46989081887638, 544, 191.0, 363, 8, 117739.18873596191, 160.5957794189453, 322.2478942871094, 216.4323322352241
LOSS, 15907.0, -19.72021484375, 63.692527770996094, 21.495945945945945, 740, 191.0, 350, 12, 164660.07817077637, 165.0552215576172, 326.1691589355469, 222.5136191496978
LOSS, 19020.744384765625, -18.025794982910156, 67.9448471069336, 21.61448225541548, 880, 207.0, 341, 16, 189864.03608703613, 163.82275390625, 346.47296142578125, 215.75458646254106
LOSS, 8499.536010742188, -19.52875328063965, 70.2293930053711, 32.690523118239184, 260, 191.0, 382, 6, 61042.802993774414, 177.92408752441406, 346.0711364746094, 234.78001151451699
LOSS, 3789.0, -18.08832550048828, 60.27257537841797, 12.504950495049505, 303, 207.0, 379, 3, 61821.84550476074, 177.7963104248047, 355.43115234375, 204.03249341505196
LOSS, 12980.5947265625, -59.85563659667969, 66.09915924072266, 19.40298165405456, 669, 223.0, 355, 7, 138142.93922424316, 171.74261474609375, 324.0805969238281, 206.4916879286146
LOSS, 5581.373474121094, -26.53656005859375, 59.23652648925781, 19.652723500426386, 284, 191.0, 381, 2, 61213.47254943848, 170.36834716796875, 321.1271667480469, 215.54039630083972
LOSS, 16876.48779296875, -16.228504180908203, 63.1402587890625, 19.78486259433617, 853, 207.0, 343, 14, 182224.52172851562, 164.61483764648438, 328.05694580078125, 213.62780976379324
LOSS, 6978.459167480469, -30.390914916992188, 61.330047607421875, 14.155089589209876, 493, 164.1680908203125, 367, 4, 103931.0397644043, 170.99441528320312, 316.728759765625, 210.813468081956
LOSS, 12028.5244140625, -41.999755859375, 63.300392150878906, 15.016884412063046, 801, 223.0, 346, 17, 166872.45915222168, 168.18722534179688, 334.3427429199219, 208.3301612387287
LOSS, 12249.9716796875, -17.67638397216797, 63.216796875, 22.769464088638475, 538, 207.0, 364, 11, 117966.57684326172, 176.7062225341797, 329.4729919433594, 219.26873019193627
LOSS, 8053.79150390625, -16.084640502929688, 62.183128356933594, 25.730963271265974, 313, 175.0, 379, 6, 67499.70782470703, 174.90367126464844, 330.5717468261719, 215.65401860928765
WIN , 21670.753562927246, -21.34033203125, 72.85347747802734, 11.90046873307372, 1821, 173.4928741455078, 278, 20, 386893.1820526123, 162.4549102783203, 334.1239013671875, 212.46193413103367
LOSS, 7107.0, -27.199745178222656, 69.5769271850586, 19.10483870967742, 372, 191.0, 375, 8, 79107.87677001953, 172.75997924804688, 326.4804382324219, 212.65558271510628
LOSS, 15329.165283203125, -17.348602294921875, 72.1385726928711, 20.856007188031462, 735, 223.0, 350, 12, 159324.23532104492, 167.12217712402344, 333.6264343261719, 216.7676671034625
LOSS, 4128.795837402344, -16.00006103515625, 57.85003662109375, 13.716929692366591, 301, 207.0, 379, 2, 61528.296310424805, 176.0287628173828, 328.92779541015625, 204.41294455290634
LOSS, 1591.7980346679688, -15.204170227050781, 51.43907928466797, 9.044307015158914, 176, 223.0, 388, 2, 39495.36950683594, 171.5189971923828, 334.71392822265625, 224.4055085615678
LOSS, 6762.677810668945, -15.870216369628906, 55.296241760253906, 20.744410462174677, 326, 180.39999389648438, 378, 3, 73872.50846862793, 170.65122985839844, 331.7707214355469, 226.60278671358262
LOSS, 6645.2738037109375, -33.511199951171875, 61.5838623046875, 16.95222909109933, 392, 207.0, 373, 3, 80081.47816467285, 168.27626037597656, 322.5017395019531, 204.28948511396135
LOSS, 10219.0, -18.408065795898438, 62.08991241455078, 16.807565789473685, 608, 207.0, 359, 4, 131831.869430542, 168.70274353027344, 342.34539794921875, 216.82873261602302
LOSS, 12756.01953125, -16.58618927001953, 61.55029296875, 22.30073344624126, 572, 223.0, 361, 5, 122468.49824523926, 169.42135620117188, 339.40985107421875, 214.10576616300568
LOSS, 8725.440551757812, -19.224143981933594, 66.1864242553711, 11.727742677093834, 744, 191.0, 350, 6, 158720.58340454102, 173.46327209472656, 335.42413330078125, 213.3341174792218
LOSS, 10439.0, -33.000244140625, 69.65291595458984, 8.8616298811545, 1178, 207.0, 321, 11, 251333.86776733398, 159.66632080078125, 337.04925537109375, 213.35642425070796
LOSS, 7379.0, -17.1883544921875, 63.338523864746094, 27.32962962962963, 270, 207.0, 381, 5, 63660.16847229004, 171.0133819580078, 343.65460205078125, 235.77840174922235
LOSS, 15405.6552734375, -18.612060546875, 66.5727767944336, 24.033783577905616, 641, 207.0, 357, 6, 139147.53804016113, 162.92465209960938, 349.6561279296875, 217.07884249635123
LOSS, 19329.59619140625, -18.897872924804688, 65.6615219116211, 22.55495471575992, 857, 223.0, 342, 14, 196235.57078552246, 166.820556640625, 357.121337890625, 228.97966252686402
LOSS, 6889.2288818359375, -15.317138671875, 61.35292053222656, 25.515662525318287, 270, 207.0, 381, 1, 60437.35145568848, 178.63096618652344, 334.460205078125, 223.84204242847585
LOSS, 10821.0, -18.463523864746094, 63.019020080566406, 9.846223839854414, 1099, 223.0, 326, 12, 239468.4670715332, 161.29592895507812, 345.051513671875, 217.89669433260528
LOSS, 15526.762939453125, -16.48967742919922, 70.19551849365234, 21.26953827322346, 730, 223.0, 351, 16, 158237.20741271973, 159.7173614501953, 363.7057189941406, 216.76329782564346
LOSS, 6999.6237869262695, -38.9998779296875, 66.96431732177734, 19.772948550639178, 354, 184.83079528808594, 376, 9, 72550.5442199707, 168.29522705078125, 335.4812927246094, 204.94504016940877
LOSS, 9179.0, -16.7203369140625, 65.65161895751953, 35.57751937984496, 258, 207.0, 382, 8, 62115.720947265625, 146.91021728515625, 346.2946472167969, 240.75860832273497
LOSS, 19495.65000152588, -38.0, 63.6279296875, 20.674072111904433, 943, 193.6999969482422, 337, 15, 213367.51810455322, 118.08594512939453, 345.6983947753906, 226.26460032296205
LOSS, 5651.0, -31.583709716796875, 69.4920883178711, 10.42619926199262, 542, 223.0, 363, 7, 118572.11694335938, 161.731689453125, 347.6964416503906, 218.76774343793244
LOSS, 1311.0, -16.00006103515625, 54.546043395996094, 10.2421875, 128, 223.0, 391, 3, 27576.569274902344, 183.86996459960938, 332.5797119140625, 215.44194746017456
LOSS, 12023.494506835938, -20.1611328125, 61.03851318359375, 24.240916344427294, 496, 223.0, 366, 10, 113108.12306213379, 182.91087341308594, 349.94622802734375, 228.04057068978585
LOSS, 16400.32958984375, -17.662269592285156, 68.7608871459961, 18.162048272252214, 903, 185.0, 339, 13, 206229.3952178955, 173.95143127441406, 351.5294494628906, 228.3824974727525
WIN , 19841.725425720215, -33.000244140625, 76.95148468017578, 8.85396047555565, 2241, 151.5491485595703, 250, 25, 527760.8375244141, 189.15341186523438, 373.53692626953125, 235.50238176011337
LOSS, 3413.9998779296875, -16.00006103515625, 61.83380126953125, 14.107437512106147, 242, 223.0, 383, 3, 54219.78872680664, 190.4241943359375, 344.6752014160156, 224.04871374713488
LOSS, 5822.092468261719, -17.357872009277344, 60.27705383300781, 35.93884239667727, 162, 191.0, 389, 4, 38667.71430969238, 192.97314453125, 351.708251953125, 238.68959450427397
LOSS, 4990.29833984375, -16.00006103515625, 63.30352783203125, 26.82956096690188, 186, 191.0, 387, 1, 44428.82467651367, 189.31390380859375, 338.27630615234375, 238.8646487984606
LOSS, 9120.693603515625, -16.00006103515625, 71.51753997802734, 21.872166914905577, 417, 223.0, 372, 5, 98311.87724304199, 181.44842529296875, 338.27484130859375, 235.75989746532852
LOSS, 7647.4697265625, -18.323562622070312, 69.16425323486328, 13.729748162589766, 557, 223.0, 362, 7, 124625.34127807617, 182.56045532226562, 341.5654296875, 223.74388021198595
LOSS, 14229.984817504883, -21.60480499267578, 63.222267150878906, 15.828681665745142, 899, 103.89999389648438, 340, 15, 203207.3862915039, 180.42462158203125, 345.0167236328125, 226.03713714294094
LOSS, 20515.074462890625, -18.462913513183594, 61.4068603515625, 21.481753364283378, 955, 175.0, 336, 19, 235747.62310791016, 187.28402709960938, 349.6756591796875, 246.8561498512148
LOSS, 13748.896728515625, -17.662269592285156, 64.7151870727539, 17.470008549575127, 787, 223.0, 347, 8, 185243.05546569824, 187.24180603027344, 350.95989990234375, 235.3787235904679
LOSS, 12058.94189453125, -20.487070083618164, 64.4970703125, 23.23495548079239, 519, 223.0, 365, 9, 118129.49237060547, 195.2358856201172, 326.2124938964844, 227.60981188941324
LOSS, 4497.690002441406, -17.50006103515625, 61.867897033691406, 13.967981374041635, 322, 191.0, 378, 3, 68436.86140441895, 191.3343505859375, 353.5066833496094, 212.53683665968617
LOSS, 10174.804565429688, -19.185012817382812, 63.9373779296875, 14.64000656896358, 695, 191.0, 353, 9, 159236.43984985352, 197.37823486328125, 338.88824462890625, 229.117179640077
LOSS, 13963.176513671875, -36.0001220703125, 63.231101989746094, 18.945965418822084, 737, 223.0, 350, 17, 173783.56217956543, 183.98655700683594, 343.0004577636719, 235.79859183116068
LOSS, 7911.0, -19.81976318359375, 59.702049255371094, 14.331521739130435, 552, 223.0, 363, 7, 125924.26148986816, 187.0845947265625, 353.76116943359375, 228.12366211932638
LOSS, 11624.115966796875, -43.0731201171875, 65.0633773803711, 10.45334169675978, 1112, 207.0, 325, 10, 255854.04888916016, 173.76947021484375, 344.2731018066406, 230.0845763391728
LOSS, 17075.356201171875, -21.196136474609375, 68.0638656616211, 19.60431251569676, 871, 207.0, 341, 10, 221077.0036468506, 199.86183166503906, 357.9095764160156, 253.81975160373202
LOSS, 20084.00048828125, -19.04974365234375, 66.44170379638672, 19.90485677728568, 1009, 223.0, 332, 16, 242678.13452148438, 184.8140106201172, 376.1077575683594, 240.51351290533634
LOSS, 10697.3544921875, -16.00006103515625, 66.4104232788086, 26.28342627073096, 407, 207.0, 372, 10, 99166.81289672852, 185.09291076660156, 350.30450439453125, 243.6531029403649
LOSS, 13428.62451171875, -25.0457763671875, 64.12618255615234, 21.349164565530604, 629, 223.0, 358, 12, 157485.58018493652, 185.0128936767578, 356.0143127441406, 250.37453129560654
LOSS, 17734.00048828125, -30.536651611328125, 61.15478515625, 10.227220581477075, 1734, 223.0, 284, 20, 400077.65617370605, 185.65188598632812, 360.4761047363281, 230.72529191101847
LOSS, 14839.0, -17.662269592285156, 65.6227798461914, 16.164488017429193, 918, 207.0, 338, 18, 230089.01071166992, 190.12425231933594, 362.9156494140625, 250.64162386892147
LOSS, 4161.0, -19.52875328063965, 52.555198669433594, 13.642622950819671, 305, 223.0, 379, 1, 76448.62321472168, 192.30772399902344, 353.75396728515625, 250.65122365482517
LOSS, 5071.3822021484375, -16.720489501953125, 59.94529724121094, 13.34574263723273, 380, 207.0, 374, 4, 88487.52212524414, 182.1141815185547, 356.8735656738281, 232.86190032958984
LOSS, 15230.62841796875, -45.55406951904297, 69.82596588134766, 13.118542995666452, 1161, 207.0, 322, 11, 292836.6284790039, 161.41307067871094, 360.4801940917969, 252.2279315064633
LOSS, 11052.961433410645, -17.35771942138672, 62.284446716308594, 20.4684470989086, 540, 152.83079528808594, 363, 13, 127535.58557128906, 165.60520935058594, 353.6868896484375, 236.17701031720196
LOSS, 1991.0, -16.00006103515625, 59.08042907714844, 12.762820512820513, 156, 223.0, 389, 2, 35331.63279724121, 194.2027587890625, 376.37152099609375, 226.4848256233411
LOSS, 3711.0, -18.77500343322754, 57.49463653564453, 13.847014925373134, 268, 223.0, 382, 2, 59014.37390136719, 180.99911499023438, 335.3680419921875, 220.20288769166862
LOSS, 6003.9854736328125, -45.91070556640625, 63.254920959472656, 6.189675746013209, 970, 191.0, 335, 7, 257530.4035949707, 184.47213745117188, 352.5340576171875, 265.49526143811414
LOSS, 16137.8818359375, -17.662269592285156, 60.84283447265625, 20.5316562798187, 786, 207.0, 347, 15, 189336.47744750977, 175.39060974121094, 351.74822998046875, 240.88610362278595
LOSS, 12290.733276367188, -36.0, 65.5037612915039, 24.483532423042206, 502, 223.0, 366, 8, 121553.99073791504, 179.35240173339844, 360.28985595703125, 242.13942378070726
LOSS, 5824.2039794921875, -39.88494110107422, 58.83819580078125, 22.487274052093387, 259, 191.0, 382, 2, 69788.13970947266, 198.15664672851562, 358.87066650390625, 269.4522768705508
LOSS, 16257.336181640625, -48.190650939941406, 69.7933120727539, 15.527541720764685, 1047, 207.0, 330, 15, 255687.33946228027, 191.18516540527344, 366.4145202636719, 244.20949327820466
LOSS, 8883.999877929688, -17.188751220703125, 64.23743438720703, 28.750808666439116, 309, 223.0, 379, 7, 71938.57817077637, 168.76255798339844, 360.8765563964844, 232.81093259150927
LOSS, 8762.016967773438, -40.4193115234375, 63.865867614746094, 9.136618318846129, 959, 207.0, 336, 15, 209221.33291625977, 176.7908477783203, 382.9422302246094, 218.1661448553282
LOSS, 1719.599998474121, -11.527763366699219, 59.82658386230469, 24.921739108320594, 69, 185.8000030517578, 395, 3, 16143.896469116211, 190.36634826660156, 339.5986328125, 233.96951404516247
LOSS, 6983.10546875, -28.80382537841797, 61.434326171875, 19.615464799859552, 356, 175.0, 376, 4, 86264.12998962402, 180.93080139160156, 368.5725402832031, 242.31497188096637
LOSS, 10182.566772460938, -18.77500343322754, 65.6163558959961, 16.94270677614133, 601, 223.0, 359, 5, 148464.98670959473, 181.64976501464844, 361.22967529296875, 247.0299279693756
LOSS, 13223.747802734375, -13.540779113769531, 63.6407470703125, 26.23759484669519, 504, 223.0, 366, 14, 134639.8942718506, 203.8660125732422, 378.18548583984375, 267.14264736478293
LOSS, 11597.734619140625, -16.033241271972656, 64.4710464477539, 23.288623733214106, 498, 223.0, 366, 7, 127975.7526550293, 208.81361389160156, 374.6143798828125, 256.9794230020669
LOSS, 5482.1744384765625, -12.9998779296875, 67.4312515258789, 30.798732800430127, 178, 207.0, 388, 4, 46783.87176513672, 213.25682067871094, 371.98974609375, 262.83074025357706
WIN , 22544.0, -37.4261474609375, 84.644775390625, 14.286438529784537, 1578, 207.0, 294, 22, 413529.9822692871, 208.62681579589844, 381.2767639160156, 262.05955783858496
LOSS, 6479.0, -19.52875328063965, 57.53875732421875, 16.872395833333332, 384, 207.0, 374, 2, 95838.25849914551, 199.80250549316406, 385.2679443359375, 249.5787981748581
LOSS, 7995.7626953125, -18.77500343322754, 66.9939193725586, 29.504659392297047, 271, 207.0, 381, 4, 69811.53242492676, 190.5529327392578, 362.4327392578125, 257.60713071928694
LOSS, 19614.00048828125, -19.48956298828125, 67.33068084716797, 25.341085902172157, 774, 223.0, 348, 14, 204635.18704223633, 188.5529327392578, 374.319580078125, 264.3865465661968
LOSS, 16426.40185546875, -20.35759735107422, 66.98628997802734, 28.86889605530536, 569, 191.0, 362, 12, 152212.70195007324, 195.03070068359375, 394.6748352050781, 267.50914226726405
LOSS, 1991.0, -13.000030517578125, 55.02539825439453, 12.928571428571429, 154, 223.0, 389, 2, 37899.30810546875, 206.44667053222656, 365.55364990234375, 246.0994032822646
LOSS, 12982.00048828125, -31.05224609375, 62.752586364746094, 18.080780624347145, 718, 207.0, 352, 10, 175299.84344482422, 187.65655517578125, 383.2688293457031, 244.15019978387775
LOSS, 3010.5659790039062, -18.77500343322754, 59.82536315917969, 18.583740611135223, 162, 191.0, 389, 1, 42423.440994262695, 212.71864318847656, 362.4886169433594, 261.87309255717713
LOSS, 11798.393310546875, -15.804168701171875, 63.04290771484375, 24.427315342747153, 483, 207.0, 367, 11, 121518.4758605957, 210.475830078125, 372.8307189941406, 251.59104733042588
LOSS, 12369.942260742188, -19.89423370361328, 66.3429946899414, 29.664130121683904, 417, 223.0, 372, 5, 107430.71974182129, 178.14405822753906, 367.3025207519531, 257.62762528014696
LOSS, 5529.0330810546875, -15.999984741210938, 58.48663330078125, 13.040172360978037, 424, 191.0, 371, 2, 105302.44859313965, 219.5044403076172, 382.0780029296875, 248.3548315875935
LOSS, 9285.989868164062, -18.831626892089844, 61.139137268066406, 12.720534065978168, 730, 191.0, 351, 9, 179472.9503173828, 215.2321014404297, 375.7960510253906, 245.85335659915455
LOSS, 10652.701171875, -15.511917114257812, 69.79962921142578, 22.569282143802965, 472, 207.0, 368, 8, 124577.01583862305, 210.9285430908203, 366.4824523925781, 263.9343555903031
LOSS, 13939.56689453125, -14.662391662597656, 67.88838958740234, 37.57295658903302, 371, 223.0, 375, 13, 100194.41491699219, 211.4434356689453, 383.2150573730469, 270.0658084015962
LOSS, 1791.9292831420898, -16.48968505859375, 57.891998291015625, 14.932744026184082, 120, 181.39625549316406, 391, 2, 29037.73223876953, 207.6355438232422, 357.7585754394531, 241.9811019897461
LOSS, 7479.385986328125, -17.023719787597656, 62.85186767578125, 16.620857747395835, 450, 175.0, 369, 6, 114832.52200317383, 208.5159454345703, 380.64300537109375, 255.18338222927517
LOSS, 8704.922485351562, -20.1611328125, 61.3924560546875, 14.154345504636687, 615, 175.0, 358, 9, 155289.52320861816, 212.56826782226562, 377.9388427734375, 252.50328977011083
LOSS, 7584.930419921875, -13.000030517578125, 68.9781723022461, 26.065052989422252, 291, 175.0, 380, 8, 79871.22158813477, 203.9295196533203, 372.3619384765625, 274.4715518492604
LOSS, 19732.934326171875, -23.64012908935547, 69.8985824584961, 21.613290609169635, 913, 207.0, 339, 19, 245270.01252746582, 207.60531616210938, 383.21453857421875, 268.6418538088344
LOSS, 14901.1513671875, -33.000244140625, 71.30574798583984, 18.283621309432515, 815, 223.0, 345, 10, 212415.55499267578, 202.57420349121094, 377.89031982421875, 260.63258281309913
LOSS, 12896.004638671875, -29.547874450683594, 70.04109954833984, 19.133538039572514, 674, 175.0, 355, 10, 183407.26809692383, 218.83099365234375, 387.9066162109375, 272.11760845240923
LOSS, 5687.395263671875, -27.872541427612305, 61.09825134277344, 6.844037621747142, 831, 223.0, 344, 7, 221653.3563079834, 212.54095458984375, 400.5068664550781, 266.7308740168272
LOSS, 18131.0, -23.535057067871094, 61.09527587890625, 12.283875338753388, 1476, 223.0, 301, 17, 390394.72355651855, 198.63815307617188, 394.630126953125, 264.4950701602429
WIN , 25210.0, -18.963623046875, 63.380958557128906, 23.192272309107636, 1087, 175.0, 327, 34, 287095.83003234863, 209.70388793945312, 393.69207763671875, 264.1175989258037
LOSS, 5305.771667480469, -15.999984741210938, 62.8013916015625, 28.679846851245777, 185, 191.0, 387, 3, 49050.243896484375, 206.7969970703125, 377.4727478027344, 265.13645349451014
LOSS, 21364.00048828125, -46.6015625, 67.7629623413086, 12.709102015634295, 1681, 223.0, 287, 25, 436807.532119751, 204.34304809570312, 407.790771484375, 259.8498108981267
LOSS, 8843.999877929688, -18.0462646484375, 63.562522888183594, 18.012219710651095, 491, 223.0, 367, 6, 126139.73435974121, 206.38836669921875, 394.2763977050781, 256.90373596688636
LOSS, 8027.8514404296875, -19.395668029785156, 63.966064453125, 32.90103049356429, 244, 191.0, 383, 4, 70315.92848205566, 235.59701538085938, 390.5656433105469, 288.18003476252323
LOSS, 4321.9998779296875, -15.141426086425781, 52.47782897949219, 19.12389326517561, 226, 207.0, 384, 4, 60232.17413330078, 221.32350158691406, 392.2295227050781, 266.51404483761405
LOSS, 12328.723388671875, -18.721778869628906, 67.2627944946289, 19.981723482450363, 617, 223.0, 358, 8, 162247.47622680664, 211.73974609375, 404.36968994140625, 262.9618739494435
LOSS, 5616.74609375, -39.36981201171875, 59.186302185058594, 1.4604124008710349, 3846, 191.0, 143, 12, 867319.6145782471, 205.13050842285156, 386.5467834472656, 225.51212027515524
WIN , 23256.0, -55.784095764160156, 81.8798828125, 13.536670547147846, 1718, 223.0, 285, 26, 454899.12593078613, 210.30084228515625, 378.63214111328125, 264.7841245231584
LOSS, 9233.999877929688, -18.923423767089844, 68.34188079833984, 12.444743770794727, 742, 223.0, 350, 14, 189717.95588684082, 210.7458953857422, 382.9224548339844, 255.68457666690136
LOSS, 15052.66015625, -16.822616577148438, 69.4426498413086, 21.0526715472028, 715, 223.0, 352, 13, 191292.0394897461, 220.0397186279297, 373.2955627441406, 267.5413139716729
LOSS, 4887.832542419434, -15.775001525878906, 60.0164794921875, 44.84250038916912, 109, 169.8000030517578, 392, 6, 31244.404174804688, 228.78318786621094, 369.220458984375, 286.64590986059346
LOSS, 11594.565307617188, -17.662269592285156, 62.771827697753906, 25.20557675568954, 460, 191.0, 369, 5, 119485.9878540039, 210.34486389160156, 365.852783203125, 259.7521475087041
LOSS, 12751.0, -17.08990478515625, 59.338600158691406, 18.80678466076696, 678, 223.0, 354, 8, 173748.98336791992, 209.8377227783203, 370.2582092285156, 256.26693712082584
LOSS, 4130.581604003906, -13.000030517578125, 62.80181884765625, 13.54289050493084, 305, 223.0, 379, 1, 81000.34175109863, 207.90798950195312, 369.27313232421875, 265.5748909872086
LOSS, 12867.761474609375, -20.1611328125, 70.05765533447266, 24.698198607695538, 521, 223.0, 365, 12, 134207.07614135742, 207.96041870117188, 377.5506591796875, 257.59515574156893
LOSS, 10092.301879882812, -17.246910095214844, 67.45015716552734, 17.551829356317935, 575, 223.0, 361, 9, 151621.29537963867, 219.87088012695312, 381.124267578125, 263.68920935589335
LOSS, 19874.345458984375, -17.662879943847656, 70.32202911376953, 17.71332037342636, 1122, 207.0, 325, 12, 302250.85873413086, 218.42201232910156, 377.89111328125, 269.38579209815583
LOSS, 7651.0, -19.394615173339844, 64.2657470703125, 22.63609467455621, 338, 223.0, 377, 4, 89225.1616973877, 210.4769744873047, 382.455322265625, 263.97976833546653
LOSS, 20235.84619140625, -33.364234924316406, 66.1632308959961, 27.19871799920195, 744, 223.0, 350, 17, 200732.96208190918, 208.24261474609375, 389.6412353515625, 269.8023683896629
LOSS, 14558.2998046875, -16.00006103515625, 62.6116943359375, 18.616751668398337, 782, 223.0, 347, 12, 205503.4989013672, 223.65505981445312, 396.29132080078125, 262.79219808358977
LOSS, 5071.516296386719, -17.66242218017578, 68.3220443725586, 30.55130299028144, 166, 191.0, 388, 3, 41505.95034790039, 216.20089721679688, 388.76922607421875, 250.03584546927945
LOSS, 13017.611328125, -16.720489501953125, 68.0949935913086, 20.182343144379846, 645, 223.0, 356, 12, 168556.40859985352, 205.2566375732422, 364.1932678222656, 261.3277652710907
LOSS, 5941.714134216309, -17.662269592285156, 62.45384216308594, 14.113335235668192, 421, 201.8000030517578, 371, 4, 102944.5556640625, 209.16065979003906, 374.3440856933594, 244.5238851877969
LOSS, 4224.4228515625, -36.9998779296875, 68.1895980834961, 2.6125064017084108, 1617, 223.0, 292, 7, 397435.88134765625, 192.86476135253906, 393.95745849609375, 245.7859501222364
LOSS, 4139.0, -17.373687744140625, 59.241790771484375, 22.494565217391305, 184, 207.0, 387, 2, 46052.302322387695, 217.18174743652344, 380.9697570800781, 250.28425175210705
LOSS, 15721.99951171875, -16.72411346435547, 66.8419418334961, 36.142527613146555, 435, 175.0, 370, 8, 113719.01011657715, 202.8765411376953, 379.4573059082031, 261.4230117622463
LOSS, 11527.0, -30.067848205566406, 66.7717514038086, 11.957468879668049, 964, 191.0, 335, 9, 240580.58181762695, 200.0203094482422, 379.1626892089844, 249.56491889795328
LOSS, 15984.654296875, -20.161209106445312, 70.6590805053711, 20.310869500476493, 787, 207.0, 347, 14, 200424.39851379395, 217.87841796875, 379.6055908203125, 254.66886723480806
WIN , 9903.79694366455, -40.4193115234375, 84.32184600830078, 2.8280402466203745, 3502, 167.40611267089844, 166, 34, 896505.4215545654, 186.52001953125, 377.93780517578125, 255.99812151758007
LOSS, 14942.027587890625, -19.0604248046875, 84.26377868652344, 7.0315423943014705, 2125, 175.0, 258, 20, 566144.0064544678, 210.48529052734375, 387.4937744140625, 266.42070891974953
LOSS, 2188.6788940429688, -15.999984741210938, 56.71562194824219, 10.835044029915688, 202, 175.0, 386, 2, 50051.702728271484, 214.9115447998047, 382.584228515625, 247.7807065756014
LOSS, 9214.559997558594, -17.316200256347656, 61.807151794433594, 15.255894035693036, 604, 175.8800048828125, 359, 5, 156942.00952148438, 215.771484375, 392.3387145996094, 259.83776410841784
LOSS, 9437.99951171875, -28.381263732910156, 60.74951171875, 7.437351861086485, 1269, 223.0, 315, 15, 307188.78244018555, 203.01953125, 411.4139404296875, 242.07153856594607
LOSS, 5256.848815917969, -14.089508056640625, 62.298805236816406, 23.1579242991981, 227, 207.0, 384, 8, 60795.50802612305, 218.41409301757812, 403.5726013183594, 267.8216212604539
LOSS, 6171.9998779296875, -13.858749389648438, 57.2186279296875, 22.94423746442263, 269, 207.0, 382, 6, 70349.35913085938, 208.58746337890625, 393.3922119140625, 261.52178115561105
LOSS, 6399.044250488281, -13.720458984375, 56.28662109375, 25.39303274003286, 252, 207.0, 383, 4, 66960.94485473633, 209.6083221435547, 398.2139892578125, 265.71803513784255
LOSS, 8113.84765625, -43.999755859375, 65.2413101196289, 3.6271111561242737, 2237, 175.0, 250, 11, 633639.3512573242, 206.79736328125, 403.50543212890625, 283.25406851020307
LOSS, 6599.0, -18.77500343322754, 62.25562286376953, 24.80827067669173, 266, 207.0, 382, 0, 73390.60263061523, 213.88217163085938, 399.1263427734375, 275.90452116772644
LOSS, 18740.65576171875, -34.0, 67.6741714477539, 14.74481177161192, 1271, 223.0, 315, 17, 324679.12255859375, 199.1798095703125, 411.2806396484375, 255.45170933012884
WIN , 22920.0, -19.3505859375, 80.042724609375, 16.16361071932299, 1418, 175.0, 305, 15, 371618.6567993164, 199.1961212158203, 400.0539855957031, 262.07239548611875
LOSS, 5158.210021972656, -17.01622772216797, 59.808570861816406, 30.887485161512913, 167, 191.0, 388, 3, 43528.86944580078, 192.44056701660156, 381.8487548828125, 260.65191284910645
LOSS, 14878.732666015625, -21.3397216796875, 70.05765533447266, 20.60766297232081, 722, 207.0, 351, 10, 193668.55673217773, 203.99974060058594, 402.4482116699219, 268.2389982440135
LOSS, 14423.997009277344, -37.4371337890625, 69.3144760131836, 12.697180465913155, 1136, 138.4561767578125, 324, 13, 271404.9125061035, 178.95925903320312, 405.2231750488281, 238.912775093401
LOSS, 9527.864013671875, -20.35790252685547, 60.842529296875, 24.493223685531813, 389, 223.0, 374, 8, 107566.60382080078, 209.0935821533203, 385.35443115234375, 276.52083244421794
LOSS, 23010.59912109375, -43.0731201171875, 64.4997329711914, 19.819637485868864, 1161, 207.0, 322, 20, 301720.38652038574, 179.15814208984375, 394.7630310058594, 259.8797472182478
LOSS, 17930.58251953125, -31.594154357910156, 61.613380432128906, 16.726289663741838, 1072, 223.0, 328, 9, 277468.2095336914, 192.81753540039062, 399.8620910644531, 258.8322850127718
LOSS, 10574.877685546875, -33.0001220703125, 70.73140716552734, 22.262900390625, 475, 207.0, 368, 5, 122423.09071350098, 190.5810546875, 401.2254638671875, 257.7328225547389
LOSS, 8657.752563476562, -13.531158447265625, 59.564109802246094, 23.399331252639357, 370, 191.0, 375, 5, 92478.26622009277, 202.8809814453125, 388.90301513671875, 249.9412600543048
LOSS, 10767.524169921875, -47.841392517089844, 65.8269271850586, 21.752574080650252, 495, 207.0, 366, 10, 130839.70771789551, 188.83026123046875, 389.73297119140625, 264.32264185433434
LOSS, 10202.888549804688, -13.720458984375, 59.411521911621094, 24.408824281829396, 418, 207.0, 372, 7, 113107.25608825684, 191.1012725830078, 402.62945556640625, 270.59152174224124
LOSS, 4751.200134277344, -15.721900939941406, 61.90452575683594, 40.26440791760461, 118, 191.0, 392, 2, 32601.72300720215, 197.35440063476562, 398.87432861328125, 276.2857881966284
LOSS, 8652.996826171875, -16.736007690429688, 60.74798583984375, 26.14198436909932, 331, 175.0, 377, 7, 86390.64878845215, 191.119384765625, 390.6645812988281, 260.9989389379219
LOSS, 8321.0, -17.307029724121094, 59.82536315917969, 17.517894736842106, 475, 223.0, 368, 8, 126316.89849853516, 184.1664276123047, 393.7123718261719, 265.9303126284951
LOSS, 14581.874267578125, -33.000244140625, 67.4062271118164, 16.91632745658715, 862, 191.0, 342, 15, 227764.5514831543, 191.59413146972656, 397.6402282714844, 264.22801796189594
LOSS, 24549.41015625, -19.13690185546875, 65.23650360107422, 18.884161658653845, 1300, 207.0, 313, 25, 335017.0866699219, 187.20263671875, 389.77490234375, 257.7054512845553
LOSS, 20040.121826171875, -21.34002685546875, 71.0374984741211, 25.69246387970753, 780, 207.0, 347, 20, 221347.56021118164, 193.3763885498047, 386.01495361328125, 283.77892334766875
WIN , 24824.802505493164, -27.71728515625, 67.3827133178711, 19.780719127883, 1255, 185.39498901367188, 316, 16, 331733.87467956543, 175.37026977539062, 390.89581298828125, 264.3297806211677
LOSS, 7605.966819763184, -16.00006103515625, 61.937477111816406, 22.30488803449614, 341, 209.0954132080078, 377, 4, 96711.38520812988, 200.46481323242188, 380.52484130859375, 283.61110031709643
LOSS, 19197.0, -21.85979461669922, 65.38655853271484, 22.141868512110726, 867, 191.0, 342, 25, 234588.03125, 176.29701232910156, 402.7213439941406, 270.57443050749714
LOSS, 13342.71435546875, -17.916786193847656, 64.15771484375, 32.38522901812804, 412, 159.0, 372, 7, 116086.96089172363, 198.6609649658203, 392.931396484375, 281.7644681837952
LOSS, 1551.0, -16.00006103515625, 59.126953125, 7.678217821782178, 202, 223.0, 386, 0, 49032.79147338867, 191.9209442138672, 366.4604187011719, 242.73659145241916
WIN , 25187.80992126465, -34.0869140625, 67.9448471069336, 18.96672433830169, 1328, 159.38015747070312, 311, 25, 353665.2714538574, 178.711181640625, 391.4892272949219, 266.31421043212157
LOSS, 3971.0, -16.00006103515625, 68.55184173583984, 17.727678571428573, 224, 223.0, 385, 4, 53418.49250793457, 158.60939025878906, 359.7137145996094, 238.47541298185075
LOSS, 9754.220825195312, -38.44696807861328, 58.929443359375, 13.36194633588399, 730, 223.0, 351, 9, 207549.1923675537, 180.28419494628906, 423.0357666015625, 284.3139621473338
LOSS, 5814.1158447265625, -19.874961853027344, 67.1755142211914, 15.38125884848297, 378, 223.0, 374, 4, 101282.57611083984, 183.7510223388672, 374.4225158691406, 267.94332304454986
LOSS, 11251.283836364746, -17.662269592285156, 67.6930923461914, 33.991794067567206, 331, 201.8000030517578, 377, 10, 84879.11514282227, 172.40867614746094, 398.24798583984375, 256.43237203269564
LOSS, 3976.3121337890625, -15.463035583496094, 60.449134826660156, 27.049742406728317, 147, 191.0, 390, 3, 37369.31671142578, 182.33729553222656, 383.3033142089844, 254.2130388532366
LOSS, 10292.252075195312, -17.66242218017578, 65.2950210571289, 17.80666448995729, 578, 191.0, 361, 6, 145538.45176696777, 162.3700408935547, 373.175048828125, 251.79662935461553
WIN , 21781.0, -37.437744140625, 90.9798355102539, 8.901103391908459, 2447, 153.0, 236, 27, 629258.13671875, 167.31790161132812, 398.30926513671875, 257.1549394028402
LOSS, 7589.432323455811, -22.48973846435547, 65.6657943725586, 33.14162586661926, 229, 119.9000015258789, 384, 4, 64638.019958496094, 167.01034545898438, 400.48162841796875, 282.26209588862923
LOSS, 8452.754272460938, -15.205703735351562, 64.96329498291016, 42.26377136230469, 200, 207.0, 386, 9, 56963.63862609863, 201.5709686279297, 407.1231384277344, 284.81819313049317
LOSS, 11702.816040039062, -13.68133544921875, 67.4223861694336, 23.266035864888792, 503, 191.0, 366, 5, 134114.44512939453, 195.5020294189453, 415.90875244140625, 266.62911556539666
LOSS, 11441.0, -23.7188720703125, 64.6111068725586, 24.71058315334773, 463, 223.0, 369, 11, 116907.58937072754, 161.65322875976562, 390.81207275390625, 252.50019302532945
LOSS, 8959.717163085938, -13.330078125, 58.320228576660156, 25.16774484012904, 356, 127.0, 376, 6, 98495.41532897949, 198.7985076904297, 418.0525207519531, 276.6725149690435
LOSS, 3861.0, -13.000030517578125, 61.537109375, 20.87027027027027, 185, 223.0, 387, 2, 49021.43811035156, 226.29457092285156, 403.172119140625, 264.9807465424409
LOSS, 15789.822021484375, -42.099525451660156, 70.05765533447266, 17.200241853468818, 918, 223.0, 338, 15, 236237.31875610352, 192.46389770507812, 397.2183837890625, 257.33912718529797
LOSS, 5284.7813720703125, -18.6700439453125, 57.0428352355957, 20.88846392122653, 253, 191.0, 383, 4, 67583.97895812988, 183.1457061767578, 418.00970458984375, 267.13035161316157
LOSS, 4356.87646484375, -46.60186767578125, 54.81703567504883, 13.657919952488244, 319, 223.0, 378, 1, 75984.52018737793, 182.8904571533203, 390.8551330566406, 238.1959880482067
LOSS, 18202.00048828125, -19.48955535888672, 65.9126968383789, 20.684091463955966, 880, 207.0, 341, 16, 237813.4995727539, 170.33473205566406, 427.4962463378906, 270.2426131508567
LOSS, 12475.0, -15.999755859375, 61.698829650878906, 14.143990929705215, 882, 175.0, 341, 7, 231564.98405456543, 187.99639892578125, 391.1477966308594, 262.5453333951989
LOSS, 9741.892944335938, -17.662269592285156, 65.14884185791016, 30.06757081585166, 324, 223.0, 378, 2, 89049.98112487793, 170.42127990722656, 396.93975830078125, 274.84562075579606
LOSS, 18820.00048828125, -20.967002868652344, 69.68083953857422, 11.829038647568353, 1591, 191.0, 293, 18, 387617.4022369385, 140.0966033935547, 408.7541809082031, 243.63130247450565
LOSS, 18644.599365234375, -20.6585693359375, 68.8023910522461, 19.750634920799126, 944, 207.0, 337, 15, 246441.04963684082, 175.5607147216797, 409.3160095214844, 261.06043393733137
LOSS, 13835.6796875, -18.721778869628906, 67.4187240600586, 20.051709692028986, 690, 207.0, 353, 7, 189673.74214172363, 175.53323364257812, 407.4075927734375, 274.88948136481685
LOSS, 3761.9998779296875, -18.600341796875, 61.826171875, 17.25688017398939, 218, 207.0, 385, 4, 49959.97802734375, 189.65370178222656, 377.6986999511719, 229.17421113460435
LOSS, 19749.487548828125, -17.96697235107422, 66.18346405029297, 19.192893633457846, 1029, 223.0, 331, 19, 252151.66229248047, 127.15272521972656, 396.8511657714844, 245.0453472230131
LOSS, -21112.77500152588, -19.858810424804688, 54.42786407470703, -3.519382397320533, 5999, 210.5500030517578, 0, 8, 1163297.5384674072, 161.48788452148438, 388.3103942871094, 193.9152422849487
LOSS, 5250.768493652344, -16.00006103515625, 58.12651824951172, 17.159374162262562, 306, 207.0, 379, 3, 75553.81791687012, 205.2503204345703, 376.8913879394531, 246.90790168911803
LOSS, 22932.25390625, -18.49463653564453, 65.1830062866211, 24.52647476604278, 935, 191.0, 337, 20, 247895.16203308105, 173.61575317382812, 405.7973327636719, 265.1285155434022
LOSS, 11925.796142578125, -42.23986053466797, 62.794090270996094, 11.14560387156834, 1070, 223.0, 328, 21, 256505.20768737793, 164.2414093017578, 404.48553466796875, 239.72449316577377
LOSS, 2671.8187866210938, -13.000030517578125, 69.54732513427734, 18.175638004225128, 147, 140.5, 390, 3, 34093.43032836914, 182.74603271484375, 378.1330871582031, 231.92809747189892
LOSS, 16287.099365234375, -17.81140899658203, 67.1355209350586, 31.625435660649273, 515, 207.0, 365, 10, 143437.21546936035, 179.9326934814453, 397.35791015625, 278.51886498904923
LOSS, 13851.0, -32.258766174316406, 57.7703857421875, 10.007947976878613, 1384, 223.0, 307, 15, 349508.6551055908, 182.13177490234375, 395.910888671875, 252.53515542311476
LOSS, 8679.47119140625, -13.720458984375, 68.1825942993164, 38.23555590927864, 227, 127.0, 384, 6, 66697.02210998535, 182.58322143554688, 389.2110900878906, 293.8194806607284
LOSS, 5332.1927490234375, -17.298263549804688, 61.91986083984375, 14.72981422382165, 362, 207.0, 375, 5, 84263.32846069336, 180.86557006835938, 399.7227783203125, 232.77162558202585
LOSS, 2716.445556640625, -16.00006103515625, 59.1314697265625, 8.596346698229826, 316, 223.0, 378, 3, 81909.5129699707, 190.2553253173828, 392.02484130859375, 259.20731952522374
LOSS, 16341.0, -33.000244140625, 64.87447357177734, 12.77638780297107, 1279, 223.0, 314, 14, 360237.86389160156, 183.4263153076172, 403.95501708984375, 281.6558748175149
LOSS, 11174.947875976562, -17.66242218017578, 62.9779052734375, 16.754044791569058, 667, 207.0, 355, 6, 181530.15168762207, 193.4720001220703, 382.6456604003906, 272.15914795745437
LOSS, 5173.670166015625, -41.1575927734375, 69.43929290771484, 0.8624220980189407, 5999, 209.0, 0, 17, 1372867.0557861328, 167.95704650878906, 409.0249328613281, 228.849317517275
LOSS, 15336.628662109375, -17.662269592285156, 64.1377944946289, 25.018970085007137, 613, 223.0, 359, 15, 170203.52787780762, 172.9821014404297, 406.1432189941406, 277.6566523292131
WIN , 24482.0, -17.662269592285156, 68.5667953491211, 25.369948186528497, 965, 191.0, 335, 22, 265692.27923583984, 167.44219970703125, 402.5780944824219, 275.328786772891
LOSS, 6610.3756103515625, -18.46306610107422, 70.5504379272461, 11.783200731464461, 561, 223.0, 362, 7, 143843.27743530273, 191.7362060546875, 407.3213806152344, 256.40512911818666
LOSS, 19016.491455078125, -26.488037109375, 61.014930725097656, 22.66566323608835, 839, 207.0, 344, 23, 234424.70915222168, 168.97671508789062, 418.88623046875, 279.4096652589055
LOSS, 7376.4200439453125, -10.0, 67.6424331665039, 38.21979297380991, 193, 207.0, 387, 6, 56578.13900756836, 178.401123046875, 402.4694519042969, 293.1509793138257
LOSS, 7301.0, -18.612060546875, 54.060211181640625, 7.382204246713853, 989, 223.0, 334, 7, 215080.15968322754, 167.6732635498047, 404.82769775390625, 217.47235559477002
LOSS, 11113.666259765625, -22.48944091796875, 67.2032699584961, 11.540671090099298, 963, 191.0, 335, 12, 212722.07904052734, 157.84559631347656, 411.68853759765625, 220.89520149587472
LOSS, 5211.3646240234375, -13.000030517578125, 60.80665588378906, 23.580835402820984, 221, 191.0, 385, 1, 55381.70104980469, 157.71043395996094, 395.20330810546875, 250.59593235205742
