WIN , 32925.7073059082, -32.819374084472656, 86.17733001708984, 8.448988274546627, 3897, 183.58538818359375, 140, 32, 12417.557836532593, 10.310192108154297, 32.04090881347656, 3.1864402967751073
LOSS, 13543.375, -42.999755859375, 48.344627380371094, 18.301858108108107, 740, 207.0, 350, 15, 10208.416436195374, 12.005915641784668, 50.79179763793945, 13.795157346209963
LOSS, 11411.964477539062, -26.002418518066406, 55.340187072753906, 14.158764860470301, 806, 207.0, 346, 12, 13063.128171920776, 24.8015079498291, 53.944091796875, 16.20735505201089
LOSS, 24986.90673828125, -29.81298828125, 57.099510192871094, 16.986340406717368, 1471, 185.0, 301, 26, 27406.750314712524, 23.244606018066406, 58.7972412109375, 18.631373429444274
LOSS, 17754.45947265625, -20.968421936035156, 56.43885803222656, 21.83820353340252, 813, 223.0, 345, 13, 19086.051321029663, 26.911794662475586, 61.37777328491211, 23.476077885645342
WIN , 28080.0, -23.7158203125, 72.791748046875, 21.767441860465116, 1290, 175.0, 313, 23, 46005.42088890076, 28.908451080322266, 89.59014892578125, 35.66311696814012
LOSS, 10182.488037109375, -19.79700469970703, 60.21830749511719, 31.13910714712347, 327, 223.0, 378, 10, 12969.85242843628, 32.628822326660156, 87.80160522460938, 39.66315727350544
LOSS, 25706.38330078125, -24.304725646972656, 57.15203857421875, 24.599409857206936, 1045, 223.0, 330, 18, 46579.564291000366, 30.1649227142334, 94.81629180908203, 44.573745733014704
WIN , 27624.0, -21.3397216796875, 78.4375991821289, 21.281972265023114, 1298, 207.0, 313, 26, 57686.14237213135, 40.04777526855469, 92.71096801757812, 44.44232848392246
LOSS, 21395.258544921875, -18.6700439453125, 65.08063507080078, 31.885631214488637, 671, 207.0, 355, 12, 41412.10094833374, 42.650028228759766, 118.84918975830078, 61.71699098112331
LOSS, 11541.545654296875, -18.2713623046875, 61.870338439941406, 29.593706805889422, 390, 223.0, 373, 10, 26269.8113822937, 43.696468353271484, 121.86219787597656, 67.35849072383
LOSS, 17331.0, -19.279159545898438, 60.054237365722656, 31.858455882352942, 544, 223.0, 363, 10, 38012.81221008301, 53.45602798461914, 122.84484100341797, 69.87649303324082
WIN , 26470.0, -21.463096618652344, 69.080810546875, 31.853188929001202, 831, 175.0, 344, 29, 59533.69625854492, 60.17384338378906, 129.26641845703125, 71.64103039536091
LOSS, 20121.0, -17.35771942138672, 68.6012954711914, 33.25785123966942, 605, 223.0, 359, 13, 45248.6332359314, 40.975650787353516, 119.07889556884766, 74.79112931558909
WIN , 26212.0, -21.973777770996094, 81.796875, 28.678336980306344, 914, 191.0, 339, 18, 69831.93779754639, 47.05678176879883, 123.67830657958984, 76.40255776536804
LOSS, 9230.158958435059, -16.858779907226562, 66.8520278930664, 30.870096850953374, 299, 201.8000030517578, 380, 7, 22506.333755493164, 52.68651580810547, 124.53810119628906, 75.27201924914101
LOSS, 9610.745483398438, -19.157005310058594, 61.040283203125, 23.788973968808012, 404, 180.8955078125, 373, 5, 39424.28842544556, 54.01624298095703, 155.25094604492188, 97.58487234021177
LOSS, 13901.0, -36.0001220703125, 64.8384780883789, 20.841079460269864, 667, 223.0, 355, 8, 65279.188735961914, 89.78609466552734, 154.54229736328125, 97.86984817985295
LOSS, 15553.65478515625, -18.484237670898438, 64.8427505493164, 28.643931464376152, 543, 175.0, 363, 12, 52617.86365509033, 83.89906311035156, 151.3723602294922, 96.90214301121608
LOSS, 25073.58985900879, -33.99951171875, 67.0516128540039, 29.498341010598576, 850, 169.39498901367188, 343, 15, 91651.45254516602, 80.85295104980469, 156.7681884765625, 107.82523828843061
LOSS, 12801.0, -18.307327270507812, 69.9147720336914, 32.57251908396947, 393, 223.0, 373, 7, 40202.82447052002, 84.52118682861328, 149.9501953125, 102.29726328376596
WIN , 18622.0, -21.904098510742188, 90.9798355102539, 8.49156406748746, 2193, 191.0, 253, 25, 248932.2964401245, 79.72871398925781, 183.40069580078125, 113.51221907894414
LOSS, 22028.663330078125, -39.0, 84.58232116699219, 17.49695260530431, 1259, 175.0, 316, 23, 155572.12310028076, 86.11581420898438, 184.29612731933594, 123.56800881674405
LOSS, 4061.0, -14.8587646484375, 62.94468688964844, 36.585585585585584, 111, 223.0, 392, 3, 13999.808124542236, 63.48788833618164, 186.5609588623047, 126.12439751839852
LOSS, 19040.051513671875, -18.612060546875, 69.6132583618164, 31.786396516981426, 599, 223.0, 360, 12, 76460.46437072754, 103.84275817871094, 188.56442260742188, 127.64685203794247
LOSS, 13025.000244140625, -17.061767578125, 69.6495590209961, 22.770979447798297, 572, 223.0, 361, 9, 74142.30533599854, 94.4870376586914, 189.53805541992188, 129.61941492307437
LOSS, 8551.365356445312, -13.27532958984375, 60.62225341796875, 38.006068250868054, 225, 175.0, 384, 3, 29384.9998626709, 81.01985931396484, 185.2579345703125, 130.59999938964845
LOSS, 9161.666137695312, -22.498252868652344, 61.172996520996094, 29.55376173450101, 310, 191.0, 379, 10, 42655.34716796875, 110.62527465820312, 197.1805419921875, 137.59789409022179
LOSS, 5747.184814453125, -15.670013427734375, 62.131103515625, 31.065863861908785, 185, 207.0, 387, 3, 26965.670196533203, 92.04408264160156, 204.4740447998047, 145.76037944072002
LOSS, 9241.376220703125, -16.027198791503906, 71.8010482788086, 20.955501634247447, 441, 191.0, 370, 5, 65648.37881469727, 100.56092834472656, 205.70387268066406, 148.86253699477837
LOSS, 5083.592590332031, -16.75665283203125, 62.231971740722656, 17.17429929166227, 296, 207.0, 380, 2, 42379.02813720703, 70.9181900024414, 203.7945556640625, 143.17239235542917
LOSS, 15424.300003051758, -18.29052734375, 65.8226547241211, 19.876675261664637, 776, 196.39999389648438, 348, 15, 113028.6685180664, 98.86302947998047, 211.52517700195312, 145.65550066761134
LOSS, 12326.48681640625, -16.822120666503906, 67.9448471069336, 23.796306595378862, 518, 175.0, 365, 7, 75292.71852111816, 96.90498352050781, 197.57276916503906, 145.35273845775708
WIN , 24882.0, -18.670021057128906, 68.6888656616211, 26.611764705882354, 935, 191.0, 337, 23, 135891.88417816162, 78.30500030517578, 199.49546813964844, 145.33891355953114
LOSS, 6137.0, -20.1611328125, 60.76402282714844, 23.334600760456272, 263, 191.0, 382, 5, 38241.98476409912, 98.61610412597656, 207.5279083251953, 145.40678617528184
LOSS, 15291.592819213867, -16.7203369140625, 71.6295394897461, 28.31776448002568, 540, 119.60000610351562, 363, 15, 80510.82522583008, 94.49235534667969, 211.38626098632812, 149.09412078857423
LOSS, 6945.650001525879, -16.00006103515625, 66.4753646850586, 25.165398556253184, 276, 193.6999969482422, 381, 6, 46455.79192352295, 104.82633209228516, 220.3284149169922, 168.31808667943096
LOSS, 9283.620239257812, -18.79218292236328, 65.7326431274414, 25.574711402914083, 363, 223.0, 375, 3, 60792.511878967285, 119.68364715576172, 220.7440643310547, 167.47248451506138
LOSS, 6221.0, -31.1834716796875, 62.899085998535156, 31.261306532663315, 199, 223.0, 386, 3, 30584.365447998047, 120.2179946899414, 231.10411071777344, 153.69027863315603
LOSS, -20680.47721862793, -45.4351806640625, 54.132835388183594, -3.4473207565640824, 5999, 225.95443725585938, 0, 6, 766306.5747070312, 65.03536224365234, 226.9816131591797, 127.73905229322075
LOSS, 12698.02978515625, -14.662391662597656, 62.869163513183594, 27.248990955270923, 466, 175.0, 368, 7, 79490.52794647217, 86.5210952758789, 251.6274871826172, 170.5805320739746
LOSS, 20954.25634765625, -28.65447998046875, 66.8419418334961, 30.997420632627588, 676, 207.0, 354, 19, 116856.68501281738, 94.80625915527344, 261.2842102050781, 172.8649186580139
LOSS, 6777.90673828125, -34.6136474609375, 68.99053192138672, 10.2695556640625, 660, 223.0, 355, 10, 104252.24368286133, 92.6964340209961, 252.6949462890625, 157.9579449740323
LOSS, 8372.754272460938, -15.720840454101562, 63.2672119140625, 31.47651982128172, 266, 207.0, 382, 5, 51287.13006591797, 115.70111083984375, 262.62445068359375, 192.80875964630815
LOSS, 9677.181457519531, -18.999977111816406, 62.407989501953125, 18.937732793580295, 511, 175.8800048828125, 365, 8, 93477.01524353027, 133.74557495117188, 250.13662719726562, 182.92957973293596
LOSS, 7651.0, -16.720489501953125, 70.6651840209961, 28.128676470588236, 272, 223.0, 381, 6, 47598.86611175537, 117.78351593017578, 258.9833068847656, 174.9958312932183
LOSS, 5153.3675537109375, -16.00006103515625, 61.07383728027344, 17.89363733927409, 288, 223.0, 380, 2, 52177.92202758789, 127.45335388183594, 256.81146240234375, 181.17334037356906
LOSS, 13471.015869140625, -26.536865234375, 70.05765533447266, 13.916338707789901, 968, 223.0, 335, 13, 164199.79245758057, 96.00563049316406, 265.8636169433594, 169.62788477022787
LOSS, 18470.084602355957, -22.04345703125, 69.2174301147461, 28.07003738959872, 658, 184.83079528808594, 356, 20, 129937.07305908203, 115.166259765625, 260.1966552734375, 197.47275540893926
LOSS, 12539.20654296875, -17.632308959960938, 71.2218246459961, 27.25914465862772, 460, 175.0, 369, 7, 90467.8712387085, 123.34999084472656, 258.8941650390625, 196.6692853015402
LOSS, 9388.960327148438, -37.0, 70.3203353881836, 30.092821561373196, 312, 207.0, 379, 7, 65852.13208770752, 112.26373291015625, 278.16790771484375, 211.0645259221395
LOSS, 9204.37890625, -17.357872009277344, 68.04923248291016, 23.126580166457288, 398, 223.0, 373, 6, 74613.29252624512, 98.00838470458984, 281.164306640625, 187.47058423679678
LOSS, 12416.30973815918, -17.283912658691406, 69.93872833251953, 18.476651396070206, 672, 180.71792602539062, 355, 11, 137438.8655319214, 122.24451446533203, 288.06671142578125, 204.52212132726396
LOSS, 13801.881591796875, -20.01610565185547, 66.0887680053711, 25.55903998480903, 540, 191.0, 363, 13, 112205.05319976807, 108.17743682861328, 281.9298400878906, 207.78713555512604
LOSS, 9777.897827148438, -42.7813720703125, 68.32799530029297, 13.412754221054097, 729, 191.0, 351, 10, 131067.05786132812, 65.93809509277344, 274.27691650390625, 179.79020282761059
LOSS, 5778.364501953125, -35.172119140625, 63.22967529296875, 13.99119734129086, 413, 223.0, 372, 7, 71580.94966125488, 99.09626007080078, 268.08770751953125, 173.31949070521765
LOSS, 19646.3671875, -18.462913513183594, 65.1094741821289, 20.76783000792812, 946, 175.0, 336, 15, 173501.24424743652, 83.5123291015625, 284.4698791503906, 183.4051207689604
LOSS, 11469.367431640625, -35.0001220703125, 69.0785903930664, 24.612376462748124, 466, 207.0, 368, 5, 96397.6427078247, 115.26679992675781, 296.80609130859375, 206.8618942227998
LOSS, 19663.1142578125, -16.48968505859375, 69.8058090209961, 35.112704031808036, 560, 223.0, 362, 14, 121018.59143066406, 136.2721710205078, 293.9651794433594, 216.10462755475726
LOSS, 5062.610656738281, -19.13629150390625, 64.50003814697266, 19.176555517948035, 264, 191.0, 382, 3, 48253.63195037842, 119.84811401367188, 296.9130554199219, 182.77890890294856
LOSS, 4469.0, -15.576034545898438, 61.3076171875, 13.8359133126935, 323, 207.0, 378, 3, 64722.81204223633, 149.0605926513672, 275.00299072265625, 200.38022304097933
LOSS, 2201.3492431640625, -33.999969482421875, 63.238426208496094, 6.53219359989336, 337, 207.0, 377, 4, 52254.51752471924, 108.27921295166016, 277.961181640625, 155.05791550361792
LOSS, 7255.49479675293, -34.0, 71.6978988647461, 23.710767309650098, 306, 177.10000610351562, 379, 4, 59048.08522796631, 105.1300277709961, 293.55157470703125, 192.96759878420363
LOSS, 6991.650245666504, -34.0, 69.18401336669922, 26.685687960559175, 262, 209.6999969482422, 382, 4, 50709.61952972412, 102.83861541748047, 300.38055419921875, 193.54816614398518
LOSS, 3828.584426879883, -16.00006103515625, 62.884979248046875, 10.347525478053738, 370, 215.51547241210938, 375, 3, 72398.50602722168, 148.0784454345703, 293.44921875, 195.67163791140993
LOSS, 13211.0, -16.451171875, 68.9494857788086, 29.754504504504503, 444, 223.0, 370, 10, 93434.13697052002, 126.53388977050781, 299.7232666015625, 210.43724542909914
LOSS, 9560.345703125, -16.640419006347656, 61.8096923828125, 35.80653821395131, 267, 223.0, 382, 7, 56952.775955200195, 131.93788146972656, 298.96759033203125, 213.30627698576853
LOSS, 7567.0, -18.796070098876953, 61.422645568847656, 19.91315789473684, 380, 191.0, 374, 10, 79976.50280761719, 136.3818817138672, 289.0790710449219, 210.46448107267682
LOSS, 21066.37060546875, -19.37248992919922, 72.1135482788086, 27.646155650221456, 762, 207.0, 349, 19, 176192.36402893066, 125.91062927246094, 311.07489013671875, 231.22357484111635
LOSS, 12002.666015625, -35.76904296875, 63.717262268066406, 14.408962803871548, 833, 175.0, 344, 7, 185703.76922607422, 125.59829711914062, 305.28485107421875, 222.93369654990903
LOSS, 11141.0, -17.662269592285156, 68.9909896850586, 22.507070707070707, 495, 223.0, 366, 7, 106393.70762634277, 119.43184661865234, 299.06854248046875, 214.93678308352077
LOSS, 5209.0, -18.46306610107422, 61.03240966796875, 16.96742671009772, 307, 207.0, 379, 5, 61830.18273162842, 110.86132049560547, 309.69073486328125, 201.4012466828287
LOSS, 21015.67236328125, -15.853904724121094, 69.3877182006836, 31.555063608530407, 666, 207.0, 355, 18, 156491.9596786499, 127.3677749633789, 309.9499206542969, 234.97291243040524
LOSS, 8593.630004882812, -13.000030517578125, 65.3285903930664, 23.22602704022382, 370, 223.0, 375, 3, 86319.27214813232, 118.8076171875, 308.1732177734375, 233.29533013008736
LOSS, 11257.980224609375, -23.37921142578125, 62.44635772705078, 20.321263943338224, 554, 191.0, 363, 9, 120104.06066131592, 79.88467407226562, 312.9232177734375, 216.79433332367495
LOSS, 19298.69482421875, -17.985244750976562, 66.1864242553711, 26.692523961575034, 723, 207.0, 351, 12, 163817.08237457275, 118.76171112060547, 319.8409423828125, 226.57964367160824
LOSS, 20088.359375, -39.999755859375, 68.3138198852539, 22.02670984100877, 912, 175.0, 339, 16, 214306.946434021, 109.51036071777344, 327.0274353027344, 234.98568687940897
LOSS, 13649.806884765625, -22.002723693847656, 65.90230560302734, 24.418259185627235, 559, 207.0, 362, 6, 130987.74382019043, 115.10894012451172, 325.5203857421875, 234.3251231130419
LOSS, 5500.900634765625, -34.0869140625, 69.83206939697266, 23.60901559985247, 233, 207.0, 384, 2, 48832.63207244873, 115.97687530517578, 317.6791687011719, 209.5821118989216
LOSS, -17220.777069091797, -47.020263671875, 55.18829345703125, -2.870607946172995, 5999, 226.55413818359375, 0, 3, 872866.709060669, 104.90653228759766, 315.7785949707031, 145.50203518264192
LOSS, 10967.0, -17.446044921875, 61.79252624511719, 16.51656626506024, 664, 191.0, 355, 11, 151279.30528259277, 133.27297973632812, 336.90350341796875, 227.83027904004936
LOSS, 6621.2127685546875, -32.99993896484375, 65.9959945678711, 13.349219291440901, 496, 178.516845703125, 366, 7, 103403.48779296875, 131.26275634765625, 344.58746337890625, 208.47477377614666
LOSS, 13628.5830078125, -31.112747192382812, 66.32283782958984, 35.491101582845054, 384, 223.0, 374, 12, 96189.99216461182, 117.1859359741211, 349.57086181640625, 250.49477126200995
LOSS, 9908.810302734375, -17.662269592285156, 68.27445220947266, 30.11796444600114, 329, 191.0, 378, 8, 81282.19819641113, 110.3843765258789, 340.89111328125, 247.05835318058095
LOSS, 11844.518753051758, -35.009742736816406, 71.6246566772461, 33.27112009284202, 356, 164.39999389648438, 376, 7, 92157.51371765137, 150.24098205566406, 339.98828125, 258.86942055520046
LOSS, 13138.8271484375, -31.417236328125, 67.5728530883789, 18.610236754160766, 706, 223.0, 352, 12, 164328.8517150879, 105.65792083740234, 342.6708068847656, 232.76041319417547
LOSS, 4563.9998779296875, -13.600982666015625, 64.62255096435547, 15.264213638560827, 299, 223.0, 380, 6, 77177.85025024414, 201.90444946289062, 338.8680419921875, 258.11990050248875
LOSS, 13881.0, -18.13874053955078, 71.86910247802734, 24.655417406749557, 563, 223.0, 362, 10, 144105.2311553955, 127.86415100097656, 354.726806640625, 255.9595580024787
LOSS, 16220.0, -18.462913513183594, 72.1086654663086, 25.952, 625, 185.0, 358, 15, 155167.78067016602, 119.4989242553711, 361.81158447265625, 248.26844907226564
LOSS, 13615.424560546875, -16.7203369140625, 69.36820220947266, 21.274100875854494, 640, 207.0, 357, 11, 166265.47076416016, 160.28480529785156, 355.1665954589844, 259.78979806900026
LOSS, 6269.0, -13.65850830078125, 64.50003814697266, 27.375545851528383, 229, 207.0, 384, 4, 55100.62023925781, 134.284423828125, 346.40643310546875, 240.61406218016512
WIN , 4284.0, -37.00048828125, 80.15625, 1.0, 4284, 207.0, 114, 18, 882945.225769043, 105.33175659179688, 366.6657409667969, 206.10299387699416
LOSS, 12408.600463867188, -16.177879333496094, 66.96097564697266, 23.10726343364467, 537, 175.0, 364, 8, 137715.93841552734, 149.09764099121094, 354.6548767089844, 256.45426148142894
LOSS, 9505.644165039062, -18.91600799560547, 66.8419418334961, 21.95298883380846, 433, 223.0, 371, 4, 101268.86150360107, 107.90254974365234, 353.35687255859375, 233.87727829930964
LOSS, 15169.760009765625, -36.0001220703125, 65.7121810913086, 14.960315591484838, 1014, 191.0, 332, 14, 229465.73065948486, 104.56787872314453, 358.6080627441406, 226.29756475294366
LOSS, 18393.3798828125, -43.7615966796875, 64.7484359741211, 19.630074581443438, 937, 207.0, 337, 14, 215811.3140487671, 88.64227294921875, 363.5782165527344, 230.32157315770235
LOSS, 15196.012939453125, -31.2774658203125, 63.149635314941406, 26.52009238997055, 573, 207.0, 361, 10, 151540.92398834229, 118.3075180053711, 370.70867919921875, 264.4693263321855
LOSS, 3107.8416748046875, -15.999984741210938, 61.90971374511719, 21.286586813730736, 146, 191.0, 390, 1, 32389.8936920166, 146.14923095703125, 352.4045104980469, 221.84858693162056
WIN , 25689.300003051758, -19.081398010253906, 91.8245620727539, 21.956666669275005, 1170, 196.39999389648438, 321, 27, 272542.14304351807, 94.53804016113281, 373.5491638183594, 232.9420026012975
LOSS, 6919.0, -30.322418212890625, 64.2989273071289, 16.63221153846154, 416, 207.0, 372, 2, 104248.41841125488, 162.5030059814453, 359.9361572265625, 250.59715964243964
LOSS, 8983.13037109375, -26.092529296875, 63.364479064941406, 21.646097279743977, 415, 191.0, 372, 5, 106204.81370544434, 137.7265167236328, 355.99554443359375, 255.91521374805865
LOSS, 7283.193977355957, -16.00006103515625, 66.61016082763672, 27.58785597483317, 264, 183.91844177246094, 382, 6, 71254.39849853516, 136.224853515625, 361.3285827636719, 269.90302461566347
LOSS, 7963.9998779296875, -33.0001220703125, 71.4964828491211, 14.045855163897157, 567, 223.0, 362, 8, 130687.95491790771, 101.69168090820312, 366.6493835449219, 230.4902203137702
LOSS, 1889.599998474121, -14.129127502441406, 59.76709747314453, 32.579310318519326, 58, 185.8000030517578, 396, 2, 13203.108673095703, 130.55299377441406, 350.68499755859375, 227.6398047085466
LOSS, 9076.25, -16.013771057128906, 62.359619140625, 16.5625, 548, 172.5, 363, 6, 143283.51110839844, 150.7937774658203, 382.3314514160156, 261.4662611467125
LOSS, 12511.0, -23.746109008789062, 65.9221420288086, 15.332107843137255, 816, 223.0, 345, 13, 181907.01538848877, 96.20890808105469, 365.73663330078125, 222.92526395648133
LOSS, 4591.6951904296875, -16.00006103515625, 65.45003509521484, 30.208520989668997, 152, 223.0, 389, 1, 41009.277252197266, 208.68914794921875, 373.79388427734375, 269.7978766591925
LOSS, 2981.589599609375, -16.00006103515625, 60.71778869628906, 12.58054683379483, 237, 223.0, 384, 1, 56382.68214416504, 150.42816162109375, 380.4928894042969, 237.9016124226373
LOSS, 15773.949996948242, -18.462913513183594, 61.8017578125, 9.5948600954673, 1644, 177.10000610351562, 290, 16, 373478.4878616333, 83.65266418457031, 371.64959716796875, 227.1766957795823
LOSS, 3881.0, -16.7203369140625, 66.3402328491211, 13.429065743944637, 289, 223.0, 380, 3, 64604.84548187256, 122.30481719970703, 364.2733154296875, 223.54617813796733
LOSS, 9981.0, -18.612060546875, 70.4918441772461, 9.371830985915492, 1065, 223.0, 328, 11, 244349.6032485962, 118.51638793945312, 367.51702880859375, 229.43624718178046
WIN , 9994.0, -42.78076171875, 75.328369140625, 2.221382529450989, 4499, 207.0, 100, 21, 993823.604675293, 148.08872985839844, 369.7536926269531, 220.8987785452974
LOSS, 16164.080810546875, -16.084640502929688, 71.4134750366211, 20.93792851107108, 772, 175.0, 348, 13, 203266.97039794922, 128.8557586669922, 383.159912109375, 263.2991844533021
LOSS, 5681.0, -16.48968505859375, 67.8414077758789, 19.0, 299, 223.0, 380, 3, 79403.99257659912, 117.77587890625, 378.38104248046875, 265.5651925638767
LOSS, 12188.85400390625, -31.173812866210938, 68.5826644897461, 21.05156131935449, 579, 223.0, 361, 11, 147174.04410552979, 102.4784927368164, 387.8973693847656, 254.18660467276302
LOSS, 8787.0, -54.0478515625, 67.9417953491211, 5.114668218859139, 1718, 191.0, 285, 13, 358254.1778945923, 116.8228759765625, 381.8804626464844, 208.52978922851705
LOSS, 8746.15869140625, -49.407958984375, 65.45003509521484, 18.648525994469615, 469, 223.0, 368, 7, 116020.43285369873, 122.71908569335938, 379.6408996582031, 247.37832164967747
LOSS, 4655.128479003906, -16.00006103515625, 61.58393859863281, 19.55936335715927, 238, 175.0, 384, 2, 58584.9002532959, 186.15444946289062, 380.05780029296875, 246.1550430810752
LOSS, 5014.279235839844, -37.43743896484375, 63.29437255859375, 15.524084321485585, 323, 207.0, 378, 2, 72894.90562438965, 159.23448181152344, 369.0202941894531, 225.68082236653143
LOSS, 3561.60791015625, -16.00006103515625, 61.21795654296875, 37.88944585272606, 94, 223.0, 393, 0, 24243.074279785156, 188.73582458496094, 383.2985534667969, 257.9050455296293
LOSS, 12166.744384765625, -40.419273376464844, 61.79252624511719, 21.233410793657285, 573, 175.0, 361, 7, 148228.05270385742, 135.50181579589844, 388.7943115234375, 258.6877010538524
LOSS, 6979.0731201171875, -32.99993896484375, 69.8747787475586, 19.173277802519745, 364, 223.0, 375, 6, 82607.15809631348, 113.89545440673828, 377.6842956542969, 226.9427420228392
LOSS, 7651.409454345703, -16.033706665039062, 69.79962921142578, 31.88087272644043, 240, 180.19500732421875, 383, 5, 63401.07246398926, 153.0442657470703, 389.4511413574219, 264.1711352666219
LOSS, 4377.927795410156, -20.71624755859375, 60.315162658691406, 34.47187240480438, 127, 223.0, 391, 2, 33584.11633300781, 143.1021728515625, 363.3274230957031, 264.4418608898253
LOSS, 7058.5406494140625, -27.71759033203125, 62.04864501953125, 27.789530115803394, 254, 175.0, 383, 3, 62331.975494384766, 165.59426879882812, 364.9410095214844, 245.40147832434948
LOSS, 7949.0, -17.662269592285156, 60.838539123535156, 13.138842975206611, 605, 207.0, 359, 9, 143589.09826660156, 182.8525848388672, 380.84088134765625, 237.33735250677944
LOSS, 4641.0, -14.185562133789062, 61.5081787109375, 21.99526066350711, 211, 223.0, 385, 5, 55412.62519836426, 140.3295135498047, 374.0429992675781, 262.61907676949886
LOSS, 15197.36962890625, -28.9892578125, 65.9862289428711, 14.928653859436395, 1018, 223.0, 332, 12, 238356.30645751953, 81.55452728271484, 400.69317626953125, 234.141754869862
LOSS, 8488.919555664062, -18.71588897705078, 64.75591278076172, 18.990871489181348, 447, 191.0, 370, 7, 119463.00146484375, 146.0134735107422, 379.9642639160156, 267.2550368341023
LOSS, 13240.3125, -18.46306610107422, 72.0348129272461, 18.569863253856944, 713, 175.0, 352, 8, 202174.7310180664, 142.0009765625, 388.0512390136719, 283.55502246573127
LOSS, 7177.458740234375, -17.66242218017578, 58.35968017578125, 16.462061330812787, 436, 223.0, 370, 5, 108966.56470489502, 122.0270767211914, 405.53125, 249.9233135433372
LOSS, 12541.0, -17.298538208007812, 69.07857513427734, 13.299045599151643, 943, 223.0, 337, 15, 240569.9560699463, 114.77252960205078, 381.7969055175781, 255.11130018021876
LOSS, 10234.74462890625, -20.3973388671875, 66.3371810913086, 13.84945145995433, 739, 207.0, 350, 10, 194587.86169433594, 145.16390991210938, 395.365234375, 263.31239742129355
LOSS, 10062.534423828125, -17.92407989501953, 61.5838623046875, 22.97382288545234, 438, 223.0, 370, 5, 117980.63191986084, 122.81938934326172, 377.9440002441406, 269.3621733330156
LOSS, 14779.857666015625, -26.6112060546875, 59.8199462890625, 15.858216379845091, 932, 191.0, 337, 15, 256591.77221679688, 136.2442169189453, 389.6045837402344, 275.31306031845156
LOSS, 13617.0, -18.462913513183594, 66.39899444580078, 16.00117508813161, 851, 191.0, 343, 11, 196259.66052246094, 114.7365951538086, 401.4383544921875, 230.62239779372612
LOSS, 6617.557861328125, -16.033706665039062, 60.203468322753906, 14.200767942764216, 466, 191.0, 368, 5, 125210.99449157715, 183.5984649658203, 382.634521484375, 268.6931212265604
LOSS, 4684.703063964844, -16.00006103515625, 58.4307861328125, 22.202384189406843, 211, 175.0, 385, 4, 57604.045349121094, 143.41619873046875, 374.6219177246094, 273.0049542612374
LOSS, 11121.760498046875, -30.322265625, 66.9948501586914, 18.629414569592754, 597, 223.0, 360, 9, 140725.1610107422, 130.2897491455078, 379.8829650878906, 235.72053770643583
LOSS, 3671.0, -32.0001220703125, 59.92103576660156, 15.169421487603305, 242, 223.0, 383, 0, 56598.85969543457, 134.39881896972656, 382.5528259277344, 233.87958551832466
LOSS, 15399.0, -18.463523864746094, 67.9301986694336, 13.773703041144902, 1118, 207.0, 325, 15, 282403.85969543457, 129.1772918701172, 387.4776611328125, 252.5973700316946
LOSS, 7490.585479736328, -16.00006103515625, 68.8176498413086, 25.829605102539062, 290, 180.19500732421875, 380, 6, 76676.76536560059, 142.0037841796875, 368.5235595703125, 264.40263919172617
LOSS, 7953.4945068359375, -25.0457763671875, 71.0637435913086, 11.061883875988787, 719, 223.0, 352, 12, 161091.8832473755, 125.30838775634766, 382.8863830566406, 224.0499071590758
LOSS, 13994.80810546875, -19.44586181640625, 68.5567398071289, 36.16229484617248, 387, 207.0, 374, 8, 108595.59825134277, 118.2964859008789, 391.7115173339844, 280.60878101122165
LOSS, 3919.1400756835938, -16.822959899902344, 59.3084716796875, 22.14203432589601, 177, 207.0, 388, 1, 46833.42832946777, 166.76275634765625, 384.4656066894531, 264.59564027947897
LOSS, 19702.743408203125, -36.0, 69.32181549072266, 14.825239584802953, 1329, 191.0, 311, 13, 308460.21410369873, 99.30596160888672, 388.7481994628906, 232.0994839004505
LOSS, 12541.91796875, -33.000244140625, 71.10799407958984, 19.876256685816166, 631, 223.0, 357, 16, 169046.5673980713, 133.06082153320312, 395.9953918457031, 267.90264246920964
LOSS, 2241.0, -13.000030517578125, 65.17545318603516, 11.857142857142858, 189, 223.0, 387, 3, 50425.937927246094, 166.17735290527344, 372.43133544921875, 266.8039043769635
LOSS, 10903.0849609375, -16.00006103515625, 65.13387298583984, 20.6107466180293, 529, 223.0, 364, 8, 145904.61415100098, 159.0904541015625, 392.260986328125, 275.8121250491512
LOSS, 9575.701171875, -29.7039794921875, 66.9566879272461, 20.771586056127983, 461, 191.0, 369, 8, 122963.06083679199, 145.50096130371094, 390.485595703125, 266.7311514897874
LOSS, 8434.213523864746, -25.20965576171875, 70.3105697631836, 13.66971397709035, 617, 201.8000030517578, 358, 8, 165526.54536437988, 155.47120666503906, 388.53155517578125, 268.27641063918946
LOSS, 10579.0, -37.4371337890625, 64.85831451416016, 19.095667870036102, 554, 207.0, 363, 12, 141478.53896331787, 111.98591613769531, 386.86212158203125, 255.3764241215124
LOSS, 18224.87451171875, -17.662269592285156, 69.50971221923828, 20.924080954900976, 871, 223.0, 341, 10, 239541.9820098877, 155.1800994873047, 396.9559020996094, 275.01949714108804
LOSS, 2927.4194946289062, -34.836463928222656, 55.04798889160156, 10.307815121932768, 284, 207.0, 381, 1, 73441.7738647461, 156.29876708984375, 392.6958312988281, 258.59779529840176
LOSS, 11120.787841796875, -19.113754272460938, 70.3423080444336, 28.297170080908078, 393, 191.0, 373, 9, 108674.41538238525, 103.6575698852539, 392.23321533203125, 276.52522998062403
LOSS, 9541.706481933594, -14.662391662597656, 60.692649841308594, 28.229900834123058, 338, 191.8800048828125, 377, 7, 90432.21851348877, 120.81114959716797, 384.7496337890625, 267.5509423475999
LOSS, 8845.038452148438, -16.00006103515625, 66.8419418334961, 14.062064311841713, 629, 175.0, 358, 9, 182414.11709594727, 140.0267333984375, 385.07244873046875, 290.00654546255527
LOSS, 4971.918640136719, -15.999984741210938, 62.850341796875, 31.074491500854492, 160, 175.0, 389, 2, 45121.25517272949, 171.67486572265625, 387.2317810058594, 282.0078448295593
LOSS, 7793.9998779296875, -18.85546112060547, 69.7389907836914, 24.821655662196456, 314, 223.0, 379, 6, 78985.79322814941, 128.8546142578125, 393.24542236328125, 251.54711219155865
LOSS, 4331.8870849609375, -16.757362365722656, 63.30115509033203, 26.25386112097538, 165, 191.0, 388, 1, 41991.79508972168, 133.10107421875, 388.5373840332031, 254.49572781649502
LOSS, 20856.301025390625, -38.06254577636719, 69.8753890991211, 16.268565542426384, 1282, 207.0, 314, 22, 323500.1365966797, 120.6329116821289, 395.3184814453125, 252.3402001534163
LOSS, 7255.2532958984375, -14.940399169921875, 68.77828216552734, 25.91161891392299, 280, 175.0, 381, 4, 74976.29600524902, 167.8833770751953, 388.0225830078125, 267.7724857330322
LOSS, 7147.633605957031, -21.20415496826172, 65.87346649169922, 16.393655059534474, 436, 177.2279052734375, 370, 5, 96023.77085876465, 104.01948547363281, 387.05426025390625, 220.23800655679966
LOSS, 7281.0, -17.888519287109375, 64.3017578125, 35.86699507389162, 203, 223.0, 386, 3, 54761.383529663086, 128.77032470703125, 387.3695983886719, 269.7605099983403
LOSS, 11429.0, -17.524368286132812, 67.4254379272461, 22.812375249501, 501, 207.0, 366, 9, 137185.9767150879, 163.98497009277344, 402.82568359375, 273.82430482053473
LOSS, 16067.0, -16.88581085205078, 67.63509368896484, 16.736458333333335, 960, 191.0, 335, 17, 266944.4178695679, 109.49575805664062, 394.0577697753906, 278.06710194746654
LOSS, 5172.808723449707, -15.999984741210938, 65.32903289794922, 21.37524265888309, 242, 179.56382751464844, 383, 3, 68230.98736572266, 184.97177124023438, 388.2628173828125, 281.9462287839779
LOSS, 10554.095703125, -18.721778869628906, 69.6318588256836, 16.262088910824346, 649, 223.0, 356, 10, 177049.5545425415, 114.14347076416016, 388.8560791015625, 272.8036279546094
LOSS, 12461.0, -18.283477783203125, 71.6295394897461, 14.677267373380447, 849, 223.0, 343, 14, 215310.8406906128, 119.44054412841797, 391.9040222167969, 253.60523049542144
LOSS, 8047.0, -29.493682861328125, 66.3075942993164, 11.561781609195402, 696, 191.0, 353, 10, 201617.9037475586, 160.7659912109375, 393.7533874511719, 289.680896189021
LOSS, 8948.833374023438, -28.209609985351562, 69.0364761352539, 17.685441450639203, 506, 207.0, 366, 6, 142646.433883667, 169.80203247070312, 395.7349548339844, 281.90994838669366
LOSS, 10334.882446289062, -31.581443786621094, 59.743263244628906, 21.575955002691153, 479, 223.0, 368, 7, 138255.81396484375, 117.71959686279297, 406.50567626953125, 288.63426714998695
WIN , 26270.0, -22.159698486328125, 87.557373046875, 26.035678889990088, 1009, 175.0, 332, 29, 287871.26794433594, 147.90126037597656, 395.5036926269531, 285.30353611926256
LOSS, 6441.0, -16.72064208984375, 62.80249786376953, 20.065420560747665, 321, 223.0, 378, 2, 74321.71257019043, 99.35922241210938, 412.8876037597656, 231.5318148604063
LOSS, 13062.838989257812, -26.48145294189453, 65.3868637084961, 18.476434213943158, 707, 223.0, 352, 12, 197219.73611450195, 104.70498657226562, 409.37054443359375, 278.9529506570042
LOSS, 19938.007080078125, -29.89910888671875, 68.6998519897461, 15.104550818241004, 1320, 191.0, 311, 20, 387189.649559021, 113.3939208984375, 380.66021728515625, 293.3254920901674
LOSS, 5949.0, -15.271484375, 64.32669830322266, 16.20980926430518, 367, 207.0, 375, 5, 106219.25602722168, 201.6400146484375, 390.9419250488281, 289.4257657417484
LOSS, 10776.607299804688, -18.412315368652344, 70.3667221069336, 16.27886299064152, 662, 223.0, 355, 14, 164939.43515014648, 101.23370361328125, 417.4530334472656, 249.15322530233607
LOSS, 17229.612060546875, -53.8739013671875, 68.8670883178711, 13.696035024282095, 1258, 223.0, 316, 15, 336560.94023895264, 126.93372344970703, 407.79522705078125, 267.5365184729353
LOSS, 12448.273315429688, -15.66986083984375, 67.4239273071289, 27.601492938868486, 451, 175.0, 369, 5, 127264.99029541016, 204.79469299316406, 383.7625732421875, 282.18401395878084
LOSS, 10960.250732421875, -15.999755859375, 69.9614486694336, 32.815121953358904, 334, 191.0, 377, 6, 96692.14938354492, 171.44351196289062, 402.1829528808594, 289.49745324414647
LOSS, 20017.0, -26.120269775390625, 70.6792221069336, 25.370088719898607, 789, 191.0, 347, 12, 208147.95886993408, 99.2181625366211, 411.36663818359375, 263.8123686564437
LOSS, 12047.0, -27.433006286621094, 64.6163101196289, 18.764797507788163, 642, 191.0, 357, 12, 176898.9636001587, 127.9586410522461, 411.1506652832031, 275.543557009593
LOSS, 7667.650001525879, -18.601486206054688, 66.04239654541016, 31.04311741508453, 247, 209.6999969482422, 383, 3, 61926.85986328125, 120.92363739013672, 383.2230529785156, 250.71603183514677
LOSS, 8362.987670898438, -16.00006103515625, 67.6589126586914, 26.63371869712878, 314, 175.0, 379, 5, 83334.18971252441, 141.9468231201172, 393.1990966796875, 265.3955086386128
LOSS, 12051.0, -44.059349060058594, 65.5870590209961, 9.370917573872473, 1286, 223.0, 314, 9, 336957.8670501709, 124.36901092529297, 398.84515380859375, 262.0201143469447
LOSS, 8192.2421875, -17.527198791503906, 64.9233169555664, 37.57909260321101, 218, 127.0, 385, 7, 63273.94467163086, 206.0983123779297, 399.02386474609375, 290.2474526221599
LOSS, 8657.636596679688, -16.00006103515625, 69.3373794555664, 26.55716747447757, 326, 191.0, 378, 5, 93832.6091003418, 172.4678497314453, 381.0311279296875, 287.8300892648521
LOSS, 17636.744384765625, -19.48956298828125, 67.7025375366211, 24.159923814747433, 730, 175.0, 351, 17, 202553.6646347046, 123.72077178955078, 381.0739440917969, 277.47077347219806
LOSS, 8286.108764648438, -16.722042083740234, 70.20682525634766, 25.10942049893466, 330, 207.0, 377, 5, 96190.57444763184, 201.65017700195312, 398.1325378417969, 291.486589235248
LOSS, 4147.2091064453125, -14.438934326171875, 68.89226531982422, 33.44523472939768, 124, 223.0, 391, 2, 33145.1399230957, 192.5665740966797, 383.99908447265625, 267.2995155088363
LOSS, 11857.0, -18.51660919189453, 67.3476333618164, 25.498924731182797, 465, 191.0, 368, 7, 132047.6029586792, 112.44581604003906, 398.3068542480469, 283.9733396960843
LOSS, 13283.3076171875, -15.999755859375, 70.2458724975586, 38.280425409762245, 347, 159.0, 376, 7, 107524.39404296875, 154.88856506347656, 407.93035888671875, 309.8685707290166
LOSS, 11844.235717773438, -15.951210021972656, 70.27198028564453, 37.24602426972779, 318, 191.0, 378, 6, 93808.83605194092, 112.6335678100586, 397.66436767578125, 294.99633978597774
LOSS, 10474.97119140625, -21.538314819335938, 70.3709945678711, 13.910984317936586, 753, 191.0, 349, 11, 176697.52082061768, 109.95996856689453, 389.2104797363281, 234.65806217877514
LOSS, 8001.599998474121, -17.662269592285156, 61.35284423828125, 25.482802542911212, 314, 201.8000030517578, 379, 8, 80377.08110809326, 124.7861099243164, 379.76165771484375, 255.97796531239894
LOSS, 22413.949996948242, -21.463096618652344, 66.8419418334961, 17.817130363233897, 1258, 177.10000610351562, 316, 21, 308489.6365661621, 96.06513214111328, 401.6819152832031, 245.22228661857085
LOSS, 10348.384643554688, -18.20404815673828, 63.875732421875, 16.964564989433914, 610, 223.0, 359, 8, 156159.60345458984, 116.12696075439453, 409.3635559082031, 255.9993499255571
LOSS, 10822.760559082031, -19.72052001953125, 70.0609359741211, 23.838679645555136, 454, 191.8800048828125, 369, 8, 116241.23318481445, 133.26309204101562, 391.1733093261719, 256.03795855686
LOSS, 4736.795837402344, -18.339996337890625, 61.08543395996094, 29.06009716197757, 163, 191.0, 389, 1, 43722.065200805664, 147.4405975341797, 402.6630554199219, 268.2335288392986
LOSS, 10322.02685546875, -33.1390380859375, 66.5169448852539, 22.785931248275386, 453, 191.0, 369, 4, 116351.5267944336, 161.49612426757812, 398.41961669921875, 256.84663751530593
LOSS, 5681.0, -25.572265625, 59.895469665527344, 12.766292134831462, 445, 223.0, 370, 5, 106942.29359436035, 132.54217529296875, 389.088623046875, 240.31976088620303
LOSS, 23459.793701171875, -19.135284423828125, 69.1838607788086, 26.872615923450027, 873, 175.0, 341, 19, 247913.04232788086, 136.11691284179688, 395.24859619140625, 283.97828445347176
LOSS, 8414.513305664062, -17.178909301757812, 63.80706787109375, 38.247787753018464, 220, 207.0, 385, 5, 60954.493896484375, 130.050048828125, 388.1166076660156, 277.0658813476563
LOSS, 11320.300003051758, -36.9998779296875, 68.4245834350586, 20.733150188739483, 546, 164.39999389648438, 363, 10, 159195.88026428223, 173.29953002929688, 390.91058349609375, 291.56754627157915
LOSS, 13961.0, -36.0, 70.45735931396484, 24.885918003565063, 561, 223.0, 362, 11, 153821.64067077637, 116.60748291015625, 394.382568359375, 274.19187285343384
LOSS, 3987.3629150390625, -16.00006103515625, 62.161102294921875, 18.808315636976708, 212, 223.0, 385, 0, 57686.70486450195, 243.7427978515625, 418.30877685546875, 272.10709841746205
LOSS, 21008.109375, -39.866249084472656, 69.8412094116211, 15.736411516853932, 1335, 223.0, 310, 19, 343292.59101104736, 115.5553970336914, 403.8018493652344, 257.14800824797555
LOSS, 17444.6640625, -19.198715209960938, 67.1300277709961, 16.598158004281636, 1051, 207.0, 329, 18, 255411.0023574829, 104.60810852050781, 404.2733459472656, 243.01712878923206
WIN , 24654.0, -21.3397216796875, 67.5206527709961, 21.7215859030837, 1135, 207.0, 324, 23, 322120.31411743164, 140.89561462402344, 408.8366394042969, 283.8064441563274
LOSS, 5108.744079589844, -18.46306610107422, 61.30583953857422, 20.93747573602395, 244, 191.0, 383, 1, 67727.80549621582, 156.6421661376953, 398.1932373046875, 277.5729733451468
LOSS, 4649.0, -13.360725402832031, 63.029396057128906, 16.663082437275985, 279, 207.0, 381, 2, 73320.17364501953, 128.4318389892578, 386.40985107421875, 262.79632130831374
LOSS, 12779.0, -47.5372314453125, 69.50971221923828, 10.885008517887563, 1174, 207.0, 321, 20, 303727.5345611572, 149.4577178955078, 399.0502014160156, 258.71169894476765
WIN , 24332.0, -17.21373748779297, 70.4918441772461, 26.975609756097562, 902, 191.0, 339, 15, 252086.16233825684, 128.76748657226562, 402.2447204589844, 279.47468108454194
LOSS, 8996.877075195312, -34.0869140625, 68.41641998291016, 19.183106770139258, 469, 223.0, 368, 8, 127164.2474822998, 155.3633575439453, 402.38958740234375, 271.13912043134286
LOSS, 12423.99951171875, -18.576065063476562, 69.3358383178711, 12.300989615563118, 1010, 191.0, 332, 10, 249062.4337463379, 152.1063995361328, 412.8352355957031, 246.5964690557801
LOSS, 10600.0, -40.8123779296875, 63.216163635253906, 14.992927864214993, 707, 185.0, 352, 9, 193479.36834716797, 145.40049743652344, 397.1498107910156, 273.66247290971427
LOSS, 10332.507080078125, -20.1611328125, 68.0522689819336, 14.656038411458333, 705, 207.0, 352, 7, 189622.03295898438, 164.02569580078125, 396.7776794433594, 268.9674226368573
LOSS, 10692.304565429688, -12.9998779296875, 65.25899505615234, 30.204250184829625, 354, 188.5, 376, 8, 95828.48030090332, 156.35269165039062, 396.889404296875, 270.7019217539642
LOSS, 4795.110046386719, -19.366127014160156, 66.4754409790039, 11.256126869452391, 426, 191.0, 371, 1, 113316.71452331543, 157.722412109375, 411.132568359375, 266.001677284778
LOSS, 8478.881103515625, -13.000030517578125, 69.5097885131836, 31.403263346354166, 270, 191.0, 381, 5, 74014.91215515137, 190.85943603515625, 391.7499694824219, 274.1293042783384
LOSS, 13094.623046875, -17.357872009277344, 70.6963119506836, 27.22374853820166, 481, 223.0, 367, 11, 134358.14764404297, 146.8992156982422, 413.3167724609375, 279.3308682828336
LOSS, 7751.0, -22.6483154296875, 70.4655990600586, 18.54306220095694, 418, 223.0, 372, 6, 105326.64649963379, 156.02537536621094, 406.55413818359375, 251.97762320486552
LOSS, 4990.011169433594, -10.0, 61.890785217285156, 39.60326324947297, 126, 191.0, 391, 3, 36172.37176513672, 176.20809936523438, 393.3729248046875, 287.08231559632316
LOSS, 14654.9521484375, -37.0, 71.54882049560547, 13.799389970280131, 1062, 207.0, 329, 14, 303116.3514404297, 172.2881622314453, 429.0977478027344, 285.4202932584084
LOSS, 6611.0, -13.720458984375, 61.4874267578125, 19.218023255813954, 344, 223.0, 377, 7, 91796.09559631348, 191.6474609375, 396.39678955078125, 266.8491151055624
LOSS, 9371.101318359375, -16.00006103515625, 63.133544921875, 31.341475981135034, 299, 223.0, 380, 8, 82669.76109313965, 170.88412475585938, 404.47802734375, 276.4874952947814
LOSS, 18928.699996948242, -33.000244140625, 67.9332504272461, 19.334729312510973, 979, 167.60000610351562, 334, 23, 272528.4483795166, 155.59970092773438, 409.5274658203125, 278.3743088656962
LOSS, 22231.0, -18.890396118164062, 69.1081771850586, 28.574550128534703, 778, 223.0, 348, 19, 218125.56121826172, 150.6287841796875, 408.4937438964844, 280.3670452676886
LOSS, 16069.63623046875, -36.89874267578125, 65.4497299194336, 19.33770906193592, 831, 175.0, 344, 12, 232029.4948577881, 169.52346801757812, 403.2076721191406, 279.2172019949315
LOSS, 5659.0, -16.00006103515625, 62.6873779296875, 21.115671641791046, 268, 207.0, 382, 3, 70814.29530334473, 164.37933349609375, 392.8122253417969, 264.23244516173406
LOSS, 18201.013427734375, -33.000244140625, 67.5075454711914, 15.596412534476757, 1167, 223.0, 322, 20, 319705.10426330566, 142.23448181152344, 412.8654479980469, 273.954673747477
LOSS, 9124.432739257812, -16.00006103515625, 69.8521957397461, 16.680864239959437, 547, 207.0, 363, 7, 141853.01417541504, 189.1613006591797, 420.0562438964844, 259.3290935565174
WIN , 23631.707305908203, -19.65776824951172, 69.2174301147461, 27.867579370174766, 848, 151.58538818359375, 343, 10, 233514.3691253662, 151.19244384765625, 418.8953552246094, 275.37071830821486
LOSS, 11323.227783203125, -19.185012817382812, 66.30240631103516, 15.596732483750861, 726, 223.0, 351, 11, 196360.66850280762, 155.15972900390625, 410.7539367675781, 270.46924036199397
LOSS, 7345.237510681152, -18.10761260986328, 67.48799896240234, 24.899110205698822, 295, 213.5972442626953, 380, 7, 75417.59756469727, 167.0774383544922, 400.28741455078125, 255.6528731006687
LOSS, 10940.210571289062, -15.6121826171875, 70.8397445678711, 26.618517205082878, 411, 175.0, 372, 10, 113149.56861877441, 161.35513305664062, 396.46630859375, 275.3030866636847
LOSS, 17649.0, -26.092529296875, 69.5177230834961, 14.24455205811138, 1239, 207.0, 317, 12, 322523.2769012451, 167.0399932861328, 404.1132507324219, 260.3093437459605
LOSS, 14812.884765625, -18.72193145751953, 66.8419418334961, 33.74233431805239, 439, 223.0, 370, 9, 119097.24418640137, 161.90335083007812, 411.4813537597656, 271.29212798724683
LOSS, 5626.0001220703125, -37.9095458984375, 67.1336898803711, 4.426435973304731, 1271, 207.0, 315, 4, 257331.37617492676, 158.4132080078125, 407.2665100097656, 202.46371060183066
LOSS, 5479.5133056640625, -13.330001831054688, 60.084991455078125, 30.107215965187155, 182, 207.0, 387, 2, 50988.62657165527, 189.4796142578125, 399.5780334472656, 280.15728885524874
LOSS, 7429.452926635742, -14.71990966796875, 68.7596664428711, 33.6174340571753, 221, 177.10000610351562, 385, 4, 63425.75714111328, 176.1209259033203, 418.2457275390625, 286.9943762041325
LOSS, 15801.32177734375, -39.00048828125, 90.7179946899414, 10.56238086720839, 1496, 207.0, 300, 19, 408548.9109954834, 152.3401641845703, 426.838623046875, 273.0941918419007
LOSS, 2211.0, -19.72052001953125, 69.5418472290039, 1.4546052631578947, 1520, 223.0, 298, 6, 313932.3224029541, 146.9750213623047, 394.638427734375, 206.53442263352244
LOSS, 7677.9119873046875, -17.66242218017578, 70.2138442993164, 32.6719659034242, 235, 175.0, 384, 5, 65135.42573547363, 210.7471466064453, 418.642822265625, 277.1720244062708
LOSS, 7892.76123046875, -16.13641357421875, 70.9896011352539, 14.697879386347765, 537, 175.0, 364, 7, 143170.04249572754, 202.42079162597656, 423.2997741699219, 266.610879880312
LOSS, 12950.183067321777, -33.286048889160156, 68.8161392211914, 19.74113272457588, 656, 167.6953887939453, 356, 10, 178230.77569580078, 165.07452392578125, 415.94464111328125, 271.6932556338427
LOSS, 15421.167236328125, -26.53656005859375, 65.4860610961914, 18.185338722085053, 848, 223.0, 343, 9, 243356.50714111328, 166.3475799560547, 425.4190673828125, 286.9770131381053
LOSS, 14203.6708984375, -25.2099609375, 67.1312484741211, 12.947740107964904, 1097, 223.0, 326, 20, 285180.4415130615, 172.90872192382812, 437.80755615234375, 259.9639393920342
LOSS, 13117.891845703125, -16.310821533203125, 65.4497299194336, 28.89403490242979, 454, 175.0, 369, 9, 138481.73872375488, 203.08689880371094, 429.27227783203125, 305.0258562197244
LOSS, 5542.300003051758, -17.66242218017578, 70.69234466552734, 23.385232080387162, 237, 180.39999389648438, 384, 4, 66819.92109680176, 211.6139678955078, 414.2171936035156, 281.9405953451551
LOSS, -14032.248413085938, -57.12538146972656, 63.694969177246094, -2.3390979185007397, 5999, 209.496826171875, 0, 21, 1409559.2093658447, 183.21986389160156, 425.5906982421875, 234.96569584361472
LOSS, 15442.151123046875, -16.500625610351562, 69.9339828491211, 35.25605279234446, 438, 223.0, 370, 15, 133445.38040161133, 185.41818237304688, 417.1404724121094, 304.669818268519
LOSS, 11444.11572265625, -35.9466552734375, 62.32396697998047, 33.65916389016544, 340, 159.0, 377, 6, 99694.00184631348, 169.97698974609375, 426.8189697265625, 293.2176524891573
LOSS, 14009.765380859375, -18.234642028808594, 62.01416015625, 23.080338353969317, 607, 207.0, 359, 12, 175989.61726379395, 180.79554748535156, 412.804931640625, 289.9334716042734
LOSS, 17931.59999847412, -20.1611328125, 68.4044418334961, 20.446522233151793, 877, 201.8000030517578, 341, 15, 235828.1049194336, 171.3320770263672, 413.5665588378906, 268.9031983117829
LOSS, 8302.475219726562, -20.662452697753906, 65.43067169189453, 10.174601984959022, 816, 223.0, 345, 6, 248886.97511291504, 202.22293090820312, 422.2441711425781, 305.0085479324939
LOSS, 20841.0, -35.609130859375, 71.5794906616211, 16.501187648456057, 1263, 223.0, 315, 18, 344920.4044494629, 172.66702270507812, 429.388916015625, 273.0961238713087
LOSS, 12997.678466796875, -19.185012817382812, 64.1316909790039, 29.01267514910017, 448, 223.0, 370, 6, 128302.23112487793, 193.6007080078125, 417.9154357910156, 286.3889087608882
LOSS, 6442.2684326171875, -20.330589294433594, 67.86795806884766, 19.404422989810804, 332, 207.0, 377, 1, 92521.17291259766, 193.42588806152344, 398.6787109375, 278.6782316644508
LOSS, 16937.6279296875, -18.361602783203125, 69.6690902709961, 22.493529787101593, 753, 207.0, 349, 14, 217167.26950073242, 189.0194854736328, 432.1534729003906, 288.4027483409461
LOSS, -21172.91845703125, -26.705848693847656, 84.31877899169922, -4.132107427211407, 5124, 223.0, 58, 12, 1529376.3556671143, 190.04873657226562, 426.1998596191406, 298.473137327696
LOSS, 10146.378540039062, -16.00006103515625, 69.5097885131836, 23.432744896164117, 433, 207.0, 371, 9, 127550.27069091797, 216.90682983398438, 397.75640869140625, 294.57337342013386
LOSS, 9456.88818359375, -19.217803955078125, 66.8660659790039, 9.810049982981068, 964, 207.0, 335, 11, 244204.80445861816, 199.19017028808594, 415.42669677734375, 253.3244859529234
LOSS, 8001.9854736328125, -14.46380615234375, 65.0749740600586, 36.04497961095861, 222, 175.0, 385, 5, 62588.092697143555, 225.73118591308594, 404.4020690917969, 281.92834548262863
LOSS, 20041.000244140625, -34.99951171875, 71.3945541381836, 20.12148618889621, 996, 191.0, 333, 14, 285336.79692077637, 210.49037170410156, 421.2456970214844, 286.4827278321048
LOSS, 3193.3416137695312, -35.751953125, 58.06098937988281, 11.827191162109376, 270, 223.0, 381, 1, 73692.11567687988, 223.09388732910156, 419.05255126953125, 272.9337617662218
LOSS, 13214.02734375, -53.22365760803223, 59.285179138183594, 17.432753751649077, 758, 223.0, 349, 10, 218956.4035797119, 223.19183349609375, 415.4967346191406, 288.8606907384062
LOSS, 16454.11962890625, -30.322265625, 66.34114837646484, 10.42719875089116, 1578, 207.0, 294, 21, 419857.6844024658, 210.48675537109375, 425.40887451171875, 266.06950849332435
WIN , 22534.0, -34.0, 67.6628646850586, 16.654841093865485, 1353, 207.0, 309, 12, 390206.3530731201, 224.5381622314453, 442.318115234375, 288.40085223438297
LOSS, 4799.0, -33.878936767578125, 62.19970703125, 9.5597609561753, 502, 207.0, 366, 3, 140689.13372802734, 230.12445068359375, 439.8418273925781, 280.2572385020465
LOSS, 11437.0, -44.346771240234375, 66.4753646850586, 6.1062466631073145, 1873, 191.0, 275, 17, 525434.645401001, 222.4679718017578, 412.2239685058594, 280.5310439941276
LOSS, 16161.80078125, -16.302322387695312, 61.35986328125, 16.033532521081348, 1008, 223.0, 332, 10, 291984.75985717773, 219.0743865966797, 405.1053161621094, 289.6674204932319
LOSS, 21519.38720703125, -38.009620666503906, 67.3592300415039, 13.776816393746, 1562, 175.0, 295, 25, 433837.51976013184, 227.63394165039062, 414.3262939453125, 277.7448910116081
LOSS, 1941.0, -16.139503479003906, 46.05693054199219, 12.055900621118013, 161, 223.0, 389, 3, 43737.100189208984, 247.3253936767578, 401.4814147949219, 271.6590073863912
LOSS, 19396.786376953125, -18.731590270996094, 63.712059020996094, 20.396200186070583, 951, 191.0, 336, 17, 266702.5344848633, 227.3496856689453, 396.952880859375, 280.44430545201186
LOSS, 9295.650001525879, -43.0731201171875, 69.79634857177734, 8.981304349300366, 1035, 193.6999969482422, 330, 11, 277436.29487609863, 216.57498168945312, 414.03240966796875, 268.05439118463636
LOSS, 3719.0, -14.284034729003906, 65.32682037353516, 21.622093023255815, 172, 207.0, 388, 3, 48005.13366699219, 236.8255615234375, 398.420654296875, 279.0996143429778
WIN , 24593.40355682373, -39.999755859375, 77.44576263427734, 15.399751757560256, 1597, 208.19288635253906, 293, 27, 431842.23066711426, 209.0585174560547, 409.1399230957031, 270.4084099355756
LOSS, -444.66986083984375, -26.092529296875, 56.05811309814453, -0.5013188960990347, 887, 223.0, 340, 2, 247477.8260498047, 211.19784545898438, 384.9463195800781, 279.0054408678745
WIN , 23884.342315673828, -56.092681884765625, 78.62227630615234, 16.15990684416362, 1478, 206.31536865234375, 301, 23, 415215.43267822266, 228.3900146484375, 383.66046142578125, 280.9306039771466
LOSS, 4311.0, -16.48139190673828, 64.74385833740234, 25.063953488372093, 172, 223.0, 388, 2, 47337.960708618164, 247.60528564453125, 387.62689208984375, 275.22070179429164
LOSS, 7498.5814208984375, -20.161209106445312, 68.14458465576172, 25.078867628422866, 299, 186.447998046875, 380, 7, 83092.61473083496, 232.57388305664062, 389.6996765136719, 277.9017215078092
LOSS, 5340.67887878418, -17.66242218017578, 62.608558654785156, 16.741940058884577, 319, 164.18362426757812, 378, 4, 84764.48699951172, 246.97259521484375, 381.8712158203125, 265.71939498279534
LOSS, 15959.341064453125, -19.39183807373047, 63.916526794433594, 22.383367551827664, 713, 223.0, 352, 13, 203728.53479003906, 246.0596466064453, 409.6759948730469, 285.7342703927617
LOSS, 18161.82763671875, -35.95489501953125, 62.572021484375, 9.838476509598456, 1846, 223.0, 276, 23, 484765.8367767334, 201.4915008544922, 396.9076232910156, 262.60337853560856
LOSS, 2106.0, -62.457733154296875, 66.0146255493164, 10.477611940298507, 201, 223.0, 386, 3, 57171.68817138672, 254.5791473388672, 377.26129150390625, 284.4362595591379
LOSS, 4415.779357910156, -32.11151123046875, 54.69031524658203, 16.234482933493222, 272, 223.0, 381, 5, 77105.88290405273, 258.1253356933594, 383.32611083984375, 283.47751067666445
LOSS, 16399.556640625, -19.927978515625, 66.12767791748047, 16.498547928194164, 994, 207.0, 333, 15, 284356.9484100342, 236.2671661376953, 382.6068420410156, 286.0733887424891
WIN , 19474.53843688965, -29.70458984375, 64.5427474975586, 7.154496119356962, 2722, 185.92312622070312, 218, 18, 793673.7353515625, 248.72219848632812, 370.86944580078125, 291.5774193062316
LOSS, 5479.0, -14.662391662597656, 63.377601623535156, 15.835260115606937, 346, 207.0, 376, 2, 103876.29309082031, 239.6380615234375, 360.96697998046875, 300.22050026248644
LOSS, 5228.20703125, -29.80682373046875, 64.5864028930664, 2.2228771391369047, 2352, 223.0, 243, 17, 637916.217300415, 237.98976135253906, 374.8681335449219, 271.2228815052785
LOSS, 20131.59999847412, -26.092529296875, 70.8360824584961, 14.63052325470503, 1376, 201.8000030517578, 308, 22, 400679.7176055908, 249.60379028320312, 399.3524475097656, 291.1916552366212
LOSS, 1404.6697387695312, -31.9635009765625, 61.60491943359375, 2.430224461538981, 578, 223.0, 361, 3, 164555.10083007812, 251.78311157226562, 386.9237365722656, 284.697406280412
WIN , 24732.0, -26.092529296875, 61.958465576171875, 17.34361851332398, 1426, 191.0, 304, 24, 417407.554977417, 245.7993927001953, 407.53460693359375, 292.7121703908955
LOSS, 10189.0, -35.009742736816406, 69.6288070678711, 7.453547915142648, 1367, 207.0, 308, 9, 396876.5511627197, 254.39492797851562, 393.96240234375, 290.3266650788001
LOSS, 8696.742553710938, -15.999755859375, 69.6861801147461, 12.808162818425535, 679, 175.0, 354, 12, 210408.67919921875, 268.3262634277344, 397.0439453125, 309.8802344612942
LOSS, 5076.28719329834, -14.662391662597656, 57.92304992675781, 15.667553065735618, 324, 201.8000030517578, 378, 4, 101973.44515991211, 278.375244140625, 393.3030090332031, 314.7328554318275
LOSS, 6011.0, -16.730308532714844, 62.791969299316406, 20.87152777777778, 288, 223.0, 380, 5, 84582.5417175293, 272.9579162597656, 390.3553161621094, 293.6893809636434
LOSS, 4462.810241699219, -16.00006103515625, 55.49102783203125, 19.83471218532986, 225, 191.0, 384, 1, 67791.71481323242, 267.34307861328125, 396.39105224609375, 301.29651028103297
