LOSS, 20255.727294921875, -33.911170959472656, 52.180419921875, 7.0824221310915645, 2860, 207.0, 209, 18, 7169.100395604968, -1.5052902698516846, 37.403282165527344, 2.506678460001737
LOSS, 24695.3935546875, -48.690162658691406, 55.241310119628906, 6.74553224656856, 3661, 191.0, 155, 20, 33969.132143229246, -4.470210552215576, 65.5822525024414, 9.278648495828802
LOSS, 17011.025634765625, -44.999755859375, 57.297889709472656, 7.857286667328233, 2165, 223.0, 255, 19, 34497.29482135177, -8.408551216125488, 96.01307678222656, 15.934085367829915
WIN , 30170.0, -40.000244140625, 72.37088012695312, 16.29929767693139, 1851, 175.0, 276, 28, 57781.255667209625, -4.101953029632568, 102.7054443359375, 31.216237529556793
LOSS, 10950.377586364746, -30.386886596679688, 54.59892272949219, 18.91256923379058, 579, 185.8000030517578, 361, 8, 19833.829127311707, 4.126648902893066, 93.57122802734375, 34.25531800917393
WIN , 27075.415954589844, -42.00048828125, 57.924415588378906, 6.399294718645673, 4231, 164.1680908203125, 117, 18, 142301.38299033046, -12.698348045349121, 121.91535186767578, 33.63303781383372
LOSS, 6976.9315185546875, -14.696678161621094, 59.312965393066406, 34.71110208236163, 201, 207.0, 386, 5, 10825.668309211731, 8.908202171325684, 124.54751586914062, 53.85904631448622
WIN , 27826.300003051758, -25.25634765625, 80.1775894165039, 22.386403864080254, 1243, 142.39999389648438, 317, 29, 72614.81849610806, -0.5973788499832153, 154.1549072265625, 58.419001203626756
LOSS, 12094.650512695312, -17.662269592285156, 61.977149963378906, 25.624259560795153, 472, 223.0, 368, 8, 34750.328125953674, 12.282341957092285, 136.6187286376953, 73.62357653803744
LOSS, 25505.900535583496, -20.966697692871094, 58.875633239746094, 22.67191158718533, 1125, 201.8000030517578, 324, 21, 76292.56725132465, -9.636207580566406, 156.1552734375, 67.81561533451081
LOSS, 10244.812278747559, -17.662269592285156, 55.833961486816406, 30.765202038280957, 333, 201.8000030517578, 377, 12, 23808.931078910828, -1.9843196868896484, 145.14694213867188, 71.49829152826075
LOSS, 17675.1796875, -41.9998779296875, 66.86146545410156, 15.396497985627178, 1148, 223.0, 323, 13, 74470.33027887344, 3.59950590133667, 157.92686462402344, 64.86962567846119
LOSS, 19429.818115234375, -20.9521484375, 58.938865661621094, 25.465030295195774, 763, 175.0, 349, 12, 63421.814502716064, -16.525104522705078, 173.30702209472656, 83.12164417131856
LOSS, 4800.82177734375, -20.1611328125, 61.437904357910156, 25.267483038651317, 190, 223.0, 387, 5, 13842.312395334244, 3.50506329536438, 161.43832397460938, 72.85427576491708
WIN , 27301.13641357422, -36.9998779296875, 73.1640625, 26.050702684708224, 1048, 172.7271728515625, 330, 26, 103047.86694198847, -8.078542709350586, 189.36508178710938, 98.3281173110577
LOSS, 15704.713623046875, -17.9501953125, 65.2126235961914, 27.31254543138587, 575, 191.0, 361, 9, 54518.52377510071, 26.819791793823242, 168.1246795654297, 94.81482395669688
LOSS, 12154.403076171875, -21.4124755859375, 62.240745544433594, 24.855630012621422, 489, 175.0, 367, 11, 44752.299932956696, -3.9276251792907715, 179.61734008789062, 91.51799577291757
LOSS, 11661.0, -17.308349609375, 53.4942626953125, 23.74949083503055, 491, 223.0, 367, 10, 45661.438848376274, -0.41558754444122314, 170.6899871826172, 92.9968204651248
LOSS, 19155.697265625, -18.612060546875, 60.611183166503906, 26.385257941632233, 726, 223.0, 351, 17, 65077.689324975014, 1.3497802019119263, 208.39598083496094, 89.63869053026862
LOSS, 615.9806518554688, -25.198776245117188, 67.6439437866211, 0.10268055540181176, 5999, 193.0386962890625, 0, 7, 393334.2468506098, -2.428231954574585, 211.5405731201172, 65.5666355810318
LOSS, 13684.00048828125, -14.662391662597656, 65.0813980102539, 30.07472634787088, 455, 223.0, 369, 13, 56382.78525161743, 36.65443420410156, 207.67477416992188, 123.91820934421413
LOSS, 12523.999877929688, -18.716575622558594, 63.313133239746094, 27.049675762267142, 463, 223.0, 369, 18, 53919.831117630005, -8.253738403320312, 212.25051879882812, 116.4575186125918
LOSS, 22184.7470703125, -39.0, 61.30815887451172, 14.443194707234701, 1536, 207.0, 297, 21, 143907.33044219017, -15.845459938049316, 227.10484313964844, 93.68966825663422
LOSS, 4421.0, -15.775001525878906, 54.455177307128906, 31.354609929078013, 141, 223.0, 390, 3, 18569.070163726807, 32.10243606567383, 223.75985717773438, 131.69553307607663
LOSS, 10111.91650390625, -21.3397216796875, 58.417579650878906, 20.935644935623706, 483, 170.447998046875, 367, 7, 58659.346843242645, 3.938605785369873, 223.33633422851562, 121.44792307089574
WIN , 26480.0, -39.0, 80.572509765625, 16.69609079445145, 1586, 175.0, 294, 25, 171103.14696204662, -14.298565864562988, 233.16014099121094, 107.88344701263973
LOSS, 14537.810302734375, -33.000244140625, 69.4988021850586, 29.608574954652497, 491, 223.0, 367, 16, 61607.556079149246, -6.253854274749756, 229.86936950683594, 125.47363763574185
WIN , 26134.0, -26.54450225830078, 62.047340393066406, 17.766145479265806, 1471, 207.0, 301, 33, 173496.50295174122, -7.232314109802246, 239.29457092285156, 117.94459751987846
LOSS, 16780.0625, -18.895751953125, 60.52947998046875, 29.49044376098418, 569, 223.0, 362, 11, 84598.92479324341, 34.558956146240234, 238.28341674804688, 148.68000842397788
WIN , 27356.83213043213, -20.662147521972656, 74.61873626708984, 25.098011128836816, 1090, 181.3357391357422, 327, 21, 163928.88351249695, -17.560848236083984, 252.77194213867188, 150.3934711123825
LOSS, 16716.125244140625, -19.82878875732422, 67.9024429321289, 24.47456111880033, 683, 207.0, 354, 15, 91542.11168289185, -11.278757095336914, 237.2535400390625, 134.02944609501003
LOSS, 12673.67236328125, -16.85875129699707, 66.41072845458984, 34.34599556444783, 369, 191.0, 375, 11, 57016.965030670166, 30.960437774658203, 237.7983856201172, 154.51752040832022
LOSS, 19502.2255859375, -15.55596923828125, 64.0770492553711, 27.900179665146638, 699, 223.0, 353, 14, 113175.31144332886, 16.792766571044922, 250.44326782226562, 161.91031680018435
LOSS, 9542.109008789062, -19.351837158203125, 60.746070861816406, 24.529843210254658, 389, 223.0, 374, 6, 57254.55730628967, 23.853565216064453, 263.2373962402344, 147.1839519441894
LOSS, 15671.196342468262, -22.867431640625, 63.005592346191406, 22.041063772810496, 711, 196.30360412597656, 352, 11, 108664.15337944031, 13.577508926391602, 266.4394836425781, 152.8328458219976
LOSS, 7321.0, -16.080322265625, 65.2815933227539, 30.127572016460906, 243, 223.0, 383, 3, 37279.23519897461, 18.359350204467773, 252.71697998046875, 153.4124905307597
WIN , 26217.45249938965, -33.57763671875, 89.54800415039062, 22.255901951943674, 1178, 140.09500122070312, 321, 31, 152883.6515418291, -21.43281364440918, 273.94451904296875, 129.78238670783455
LOSS, 5722.680099487305, -18.897872924804688, 62.33075714111328, 19.268283163256918, 297, 210.27639770507812, 380, 4, 41001.44135284424, 31.335601806640625, 258.6415100097656, 138.05199108701763
LOSS, 11329.649536132812, -41.999267578125, 65.0746841430664, 27.700854611571668, 409, 186.447998046875, 372, 13, 64661.936849594116, 11.889291763305664, 263.53948974609375, 158.09764510903207
LOSS, 19379.276000976562, -31.71051025390625, 61.111061096191406, 4.904904075164911, 3951, 186.447998046875, 136, 23, 349235.7006149292, -9.711398124694824, 278.1818542480469, 88.39172376991374
LOSS, 10535.000244140625, -23.9776611328125, 61.88285827636719, 27.082262838407775, 389, 223.0, 374, 3, 65687.28956604004, 56.54370880126953, 276.91766357421875, 168.86192690498726
LOSS, 7972.014312744141, -25.56976318359375, 65.28829193115234, 28.884109828783117, 276, 180.19500732421875, 381, 8, 42894.45520019531, 29.74889373779297, 292.3930358886719, 155.41469275433084
LOSS, 13029.0810546875, -18.963623046875, 65.1509780883789, 16.877047998299872, 772, 223.0, 348, 12, 105595.29634857178, 17.197858810424805, 278.3732604980469, 136.78147195410853
LOSS, 3033.9389038085938, -17.66242218017578, 55.86151123046875, 26.382077424422555, 115, 175.0, 392, 3, 17574.977619171143, 44.33809280395508, 279.00555419921875, 152.82589234061862
LOSS, 12696.634307861328, -26.092529296875, 63.100196838378906, 38.4746494177616, 330, 166.86810302734375, 377, 4, 64888.76274871826, 91.32066345214844, 277.7156982421875, 196.63261439005535
LOSS, 14715.329833984375, -34.0, 63.916236877441406, 26.514107808980857, 555, 223.0, 362, 12, 93309.88300895691, 19.09065055847168, 287.81622314453125, 168.12591533145388
LOSS, 11712.1396484375, -19.032333374023438, 61.928932189941406, 30.421141943993508, 385, 207.0, 374, 10, 67330.62107086182, 47.720550537109375, 279.0953674316406, 174.88473005418655
LOSS, 16776.853271484375, -32.626869201660156, 66.96492767333984, 18.33535876664959, 915, 223.0, 338, 12, 142746.96750617027, -1.8169054985046387, 288.2670593261719, 156.00761476084182
LOSS, 17581.0, -18.612060546875, 66.2502212524414, 26.12332838038633, 673, 223.0, 355, 13, 118095.48396110535, 14.414360046386719, 283.04656982421875, 175.4762020224448
LOSS, 13690.23193359375, -15.945045471191406, 69.4496841430664, 36.31361255595159, 377, 175.0, 374, 14, 69854.38438415527, 13.518194198608398, 290.2018737792969, 185.29014425505378
LOSS, 2897.739044189453, -17.66242218017578, 56.658935546875, 30.827011108398438, 94, 223.0, 393, 2, 17561.28411102295, 73.83650970458984, 282.33892822265625, 186.82217139386117
LOSS, 8253.9072265625, -12.9998779296875, 66.5492935180664, 39.873947954408216, 207, 207.0, 386, 4, 40918.25008392334, 32.370361328125, 281.6614685058594, 197.67270571943644
LOSS, 20005.000244140625, -17.662269592285156, 65.23246002197266, 26.673333658854165, 750, 223.0, 349, 16, 138498.27480697632, 31.137226104736328, 300.692626953125, 184.66436640930175
LOSS, 10047.058959960938, -29.49212646484375, 58.865577697753906, 25.827915064166934, 389, 223.0, 374, 6, 68746.78086853027, 37.336856842041016, 306.35888671875, 176.72694310676164
LOSS, 15293.515625, -24.91729736328125, 67.1800765991211, 12.099300336234178, 1264, 175.0, 315, 17, 190091.7234802246, 15.248897552490234, 305.6387939453125, 150.38902174068403
LOSS, 19445.705322265625, -31.95953369140625, 69.3352279663086, 25.68785379427427, 757, 207.0, 349, 21, 133952.46020507812, -22.813488006591797, 305.2292175292969, 176.95173078610057
LOSS, 8638.19384765625, -32.99993896484375, 65.5443344116211, 20.567128208705356, 420, 191.0, 371, 9, 65448.221866607666, 30.483793258666992, 296.14093017578125, 155.8290996823992
LOSS, 17014.994384765625, -38.0, 69.0611801147461, 17.668737678884344, 963, 191.0, 335, 15, 142592.92258691788, 1.4026226997375488, 321.4680480957031, 148.07157070292615
LOSS, 16116.151123046875, -18.722389221191406, 67.6109848022461, 24.492630886089476, 658, 175.0, 356, 12, 101233.36447143555, 11.259834289550781, 301.8262023925781, 153.85009798090508
LOSS, 5699.8399658203125, -23.3648681640625, 56.28227233886719, 17.92402504974941, 318, 191.0, 378, 4, 47565.29261779785, 16.3896484375, 301.9105529785156, 149.57639187986746
WIN , 26705.0, -26.002723693847656, 72.48222351074219, 27.16683621566633, 983, 185.0, 334, 25, 180719.78053426743, 6.29196310043335, 304.284423828125, 183.84514805113676
LOSS, 11490.122314453125, -37.0, 63.563453674316406, 18.472865457320136, 622, 223.0, 358, 13, 99984.61321640015, 11.151529312133789, 314.1873779296875, 160.74696658585233
LOSS, 12061.0, -21.3397216796875, 61.702186584472656, 22.973333333333333, 525, 223.0, 364, 12, 88471.717502594, 17.7877254486084, 304.12896728515625, 168.51755714779807
LOSS, 16254.00048828125, -22.702392578125, 64.3962631225586, 24.332336060301273, 668, 223.0, 355, 12, 121066.56620025635, 31.020851135253906, 315.4613952636719, 181.23737455128196
LOSS, 12502.300003051758, -24.9993896484375, 63.327247619628906, 26.210272543085445, 477, 180.39999389648438, 368, 13, 99590.45072555542, 56.488250732421875, 319.3668518066406, 208.78501200326085
LOSS, 12218.000122070312, -18.897872924804688, 63.449317932128906, 27.705215696304563, 441, 223.0, 370, 8, 85090.6785774231, 55.39691925048828, 319.5975036621094, 192.94938452930407
LOSS, 5621.0, -17.956153869628906, 65.89484405517578, 27.965174129353233, 201, 223.0, 386, 7, 38746.50923156738, 36.302860260009766, 306.8604736328125, 192.76870264461385
LOSS, 20059.276000976562, -22.312469482421875, 62.370506286621094, 20.160076382891017, 995, 186.447998046875, 333, 18, 180367.39757490158, 6.674435138702393, 330.6838073730469, 181.27376640693626
LOSS, 21573.2138671875, -40.999755859375, 67.5976333618164, 20.783443031972542, 1038, 207.0, 330, 27, 189066.37417387962, -0.08072900772094727, 319.2630920410156, 182.14486914631948
LOSS, 21233.423828125, -20.662147521972656, 69.8134536743164, 22.00354800841969, 965, 207.0, 335, 15, 179450.0955696106, 10.128406524658203, 318.6072998046875, 185.95864825866383
LOSS, 20187.8662109375, -19.084518432617188, 71.0423812866211, 25.586649190034855, 789, 175.0, 347, 22, 140005.96271204948, -5.052700519561768, 323.30078125, 177.44735451463814
LOSS, 11416.443359375, -21.046142578125, 64.2522201538086, 30.122541845316622, 379, 191.0, 374, 6, 77238.26887130737, 25.852794647216797, 351.8341369628906, 203.79490467363422
LOSS, 24741.459716796875, -17.662269592285156, 67.9134292602539, 30.658562226514096, 807, 207.0, 346, 21, 172559.82873153687, 16.23320960998535, 321.655029296875, 213.82878405394902
LOSS, 21860.612548828125, -25.2099609375, 66.1910171508789, 30.446535583326078, 718, 207.0, 352, 18, 145277.8187942505, 45.12454605102539, 339.63140869140625, 202.33679497806475
LOSS, 17636.336669921875, -27.40753173828125, 70.8470687866211, 24.292474751958505, 726, 175.0, 351, 12, 154477.78533554077, 20.242237091064453, 324.2068786621094, 212.77931864399557
WIN , 25892.0, -34.44920349121094, 63.725196838378906, 16.57618437900128, 1562, 191.0, 295, 37, 301716.0111718178, 0.49292659759521484, 343.49725341796875, 193.16005836864133
LOSS, 21651.59999847412, -34.186622619628906, 66.0033187866211, 27.652107277744726, 783, 201.8000030517578, 347, 15, 160090.097260952, -12.290005683898926, 331.3118896484375, 204.4573400523014
LOSS, 6765.259033203125, -16.13641357421875, 56.003318786621094, 26.120691247888512, 259, 223.0, 382, 4, 54081.68804168701, 52.318458557128906, 328.1196594238281, 208.8096063385599
LOSS, 24755.65000152588, -34.105751037597656, 63.571388244628906, 19.56968379567263, 1265, 193.6999969482422, 315, 16, 223713.3660094738, -3.8839187622070312, 333.63336181640625, 176.84851067942594
LOSS, 15876.39013671875, -30.322265625, 64.7002182006836, 30.590347084236512, 519, 207.0, 365, 10, 116303.19351768494, 25.32895851135254, 334.8191223144531, 224.0909316333043
LOSS, 13784.00048828125, -31.165771484375, 66.33513641357422, 21.50390091775546, 641, 223.0, 357, 9, 123419.63573074341, 19.24256134033203, 319.7872314453125, 192.54233343329705
LOSS, 15701.17333984375, -22.270286560058594, 70.3795394897461, 27.35396052237587, 574, 223.0, 361, 10, 109742.9853439331, 24.451406478881836, 359.1994934082031, 191.1898699371657
LOSS, 8668.001953125, -19.780799865722656, 63.928733825683594, 19.176995471515486, 452, 223.0, 369, 4, 75345.1674823761, 21.284217834472656, 327.76934814453125, 166.6928484123365
LOSS, 14702.671875, -21.66497039794922, 64.2845687866211, 29.229963966202785, 503, 207.0, 366, 12, 110041.9822177887, -2.211275100708008, 333.0465393066406, 218.77133641707493
WIN , 26424.345001220703, -20.87433624267578, 68.95345306396484, 29.133787211930212, 907, 146.30999755859375, 339, 24, 196030.0085029602, 21.33525276184082, 356.6192321777344, 216.13010860304323
LOSS, 7971.0, -17.023719787597656, 65.07283782958984, 22.905172413793103, 348, 223.0, 376, 5, 73900.99318695068, 66.04269409179688, 367.5360412597656, 212.35917582457094
LOSS, 22311.0, -29.857177734375, 68.82621002197266, 20.58210332103321, 1084, 223.0, 327, 18, 204432.09291672707, -3.167365789413452, 390.8395690917969, 188.59049162059694
WIN , 26938.412925720215, -38.009620666503906, 77.08946228027344, 16.92111364680918, 1592, 178.1741485595703, 293, 29, 332294.801404953, 10.68946647644043, 343.2665100097656, 208.72789032974435
LOSS, 14256.361328125, -15.300285339355469, 61.742454528808594, 29.95033892463235, 476, 223.0, 368, 12, 110256.06135368347, 27.88262367248535, 346.578125, 231.63038099513335
WIN , 26939.847869873047, -20.61652374267578, 65.8641586303711, 30.613463488492098, 880, 175.30426025390625, 341, 22, 204182.55934143066, 48.95256805419922, 352.6957092285156, 232.02563561526213
LOSS, 6515.650001525879, -36.0, 64.4664535522461, 27.26213389759782, 239, 193.6999969482422, 384, 4, 53915.154289245605, 62.99073791503906, 355.8106689453125, 225.5864196202745
LOSS, 21610.6728515625, -27.225425720214844, 66.6893539428711, 23.98520849230022, 901, 223.0, 339, 21, 205270.70909881592, 43.03020095825195, 360.0296325683594, 227.82542630279235
LOSS, 19809.338623046875, -23.71856689453125, 65.6075210571289, 25.827038621964636, 767, 223.0, 348, 12, 182864.56060147285, -2.001002073287964, 352.1689453125, 238.4153332483349
LOSS, 9996.090637207031, -29.44305419921875, 70.9093246459961, 15.618891620635987, 640, 191.8800048828125, 357, 8, 102319.53341674805, 0.0512542724609375, 362.7864685058594, 159.87427096366883
LOSS, 16586.940185546875, -39.999755859375, 70.0658187866211, 18.20739866690107, 911, 191.0, 339, 16, 200424.28468966484, 0.7824656963348389, 371.2717590332031, 220.00470328173967
LOSS, 17991.320190429688, -22.3905029296875, 66.4262924194336, 22.266485384195157, 808, 170.447998046875, 346, 15, 173865.16912388802, -4.928733825683594, 365.0284423828125, 215.17966475728716
LOSS, 7759.10693359375, -33.090126037597656, 65.02188873291016, 7.171078496851894, 1082, 191.0, 327, 8, 144814.5016336441, 6.652678489685059, 369.88934326171875, 133.8396503083587
LOSS, 7862.033332824707, -18.412315368652344, 60.762855529785156, 29.445817725935232, 267, 217.18577575683594, 382, 3, 62273.37343597412, 61.11652374267578, 353.8538818359375, 233.2336083744349
WIN , 25519.724082946777, -40.00048828125, 68.7287826538086, 11.738603534014157, 2174, 215.5518341064453, 255, 27, 346520.5794047117, -14.073549270629883, 382.76666259765625, 159.39309080253528
LOSS, -1947.9608154296875, -37.94749450683594, 61.2969970703125, -0.3624113144985465, 5375, 175.0, 41, 7, 390302.85325562954, -29.69927215576172, 373.2715759277344, 72.61448432662876
LOSS, 18073.79931640625, -25.153724670410156, 59.427490234375, 21.67122220192596, 834, 191.0, 344, 16, 195810.03006744385, 61.47674560546875, 368.78021240234375, 234.78420871396145
LOSS, 10903.105224609375, -18.20404815673828, 60.47246551513672, 29.230845106191353, 373, 207.0, 375, 7, 93513.77373313904, 30.643014907836914, 393.4926452636719, 250.70716818535936
LOSS, 15438.02978515625, -30.948532104492188, 90.9798355102539, 4.52197708996961, 3414, 175.0, 172, 28, 851034.4700660706, 7.673421859741211, 371.63372802734375, 249.2778178283745
LOSS, 7557.650001525879, -16.941909790039062, 68.0357894897461, 38.95695877075195, 194, 209.6999969482422, 387, 4, 48470.388359069824, 47.030277252197266, 361.8828125, 249.84736267561766
LOSS, 16567.6796875, -21.462791442871094, 67.9982681274414, 24.15113657069971, 686, 223.0, 354, 13, 163241.71022987366, 16.042943954467773, 373.3383483886719, 237.96167671993246
LOSS, 15581.0, -36.0001220703125, 62.74272155761719, 18.749699157641395, 831, 223.0, 344, 13, 179071.39797592163, 35.8238639831543, 365.10845947265625, 215.48904690243276
LOSS, 20694.702392578125, -22.488121032714844, 69.8827133178711, 26.295682836820998, 787, 223.0, 347, 24, 190586.72473430634, 10.161174774169922, 384.19476318359375, 242.1686464222444
LOSS, 25797.18359375, -39.999755859375, 61.260597229003906, 23.688873823461893, 1089, 207.0, 327, 21, 258644.78510499, 1.9909002780914307, 369.49383544921875, 237.50668971991735
WIN , 25841.550003051758, -35.03880310058594, 81.84077453613281, 12.786516577462523, 2021, 151.89999389648438, 265, 30, 390730.5017461777, 11.97714614868164, 384.00433349609375, 193.33523094813344
WIN , 27376.83213043213, -23.9776611328125, 64.9880142211914, 25.974224032668054, 1054, 181.3357391357422, 329, 20, 272025.5219016075, 2.124436855316162, 381.04693603515625, 258.08873045693315
LOSS, 6409.0, -15.999984741210938, 64.35003662109375, 21.87372013651877, 293, 207.0, 380, 3, 63911.36654663086, 53.17155075073242, 376.33740234375, 218.12753087587325
LOSS, 19122.4296875, -31.7291259765625, 69.6163101196289, 20.364674853567625, 939, 191.0, 337, 15, 230176.5744934082, 51.62416458129883, 397.4696960449219, 245.1294723039491
LOSS, 14509.892234802246, -16.00006103515625, 62.150184631347656, 28.846704244139655, 503, 201.8000030517578, 366, 6, 132210.03383636475, 30.997093200683594, 399.59625244140625, 262.84300961503925
LOSS, 22579.0, -28.2098388671875, 65.32279205322266, 18.94211409395973, 1192, 207.0, 320, 23, 255668.39389514923, 0.5939311981201172, 404.79302978515625, 214.48690763015875
LOSS, 15321.743309020996, -26.092529296875, 63.128578186035156, 18.437717580049334, 831, 197.9879913330078, 344, 10, 191484.53796243668, 0.06843900680541992, 389.6345520019531, 230.42664014733654
LOSS, 18867.067626953125, -26.092529296875, 67.2078628540039, 15.683347985829696, 1203, 207.0, 319, 18, 294342.3624153137, 24.2634334564209, 389.31927490234375, 244.67361796784184
WIN , 28270.753562927246, -33.99951171875, 80.09102630615234, 21.401024650209877, 1321, 173.4928741455078, 311, 31, 295719.22553539276, 5.600591659545898, 377.3111572265625, 223.86012531066825
LOSS, 5726.49959564209, -23.846511840820312, 55.171356201171875, 14.280547620055087, 401, 201.8000030517578, 373, 5, 94375.53045272827, 44.82355880737305, 383.3774108886719, 235.35045000680367
WIN , 26317.525505065918, -29.81298828125, 73.42498779296875, 18.638474153729405, 1412, 179.94898986816406, 305, 28, 339306.8814945221, 24.25147819519043, 394.8045349121094, 240.30232400461904
LOSS, 3870.1751098632812, -21.897750854492188, 56.30858612060547, 12.132210375746963, 319, 223.0, 378, 3, 56530.946559906006, 9.430612564086914, 393.7911376953125, 177.212998620395
LOSS, 11712.367431640625, -20.766685485839844, 67.6088638305664, 24.709635931731277, 474, 191.0, 368, 8, 119314.71217727661, 45.689884185791016, 392.76470947265625, 251.718802061765
LOSS, 11204.301513671875, -18.963623046875, 60.26654815673828, 22.589317567886845, 496, 207.0, 366, 10, 121598.03185081482, 26.78853416442871, 395.5265197753906, 245.1573222798686
LOSS, 16878.918701171875, -48.06018829345703, 67.45195770263672, 24.71291171474652, 683, 223.0, 354, 17, 175891.432636261, 51.00984191894531, 417.9181213378906, 257.5277198188301
LOSS, 3129.404510498047, 0, 64.5909652709961, 45.35368855794271, 69, 132.19500732421875, 395, 5, 18101.069328308105, 98.0439224243164, 374.28253173828125, 262.33433809142184
LOSS, 17771.357177734375, -21.34002685546875, 63.20136260986328, 26.68371948608765, 666, 207.0, 355, 11, 181076.94162750244, 56.652793884277344, 387.7271728515625, 271.88729974099465
LOSS, 24695.689453125, -48.10340881347656, 58.553077697753906, 11.502417071786214, 2147, 207.0, 256, 21, 453312.85855293274, 10.840925216674805, 410.3558349609375, 211.13780090961004
LOSS, 21560.62646484375, -38.7371826171875, 69.3349380493164, 19.816752265481387, 1088, 223.0, 327, 19, 277149.4207897186, 18.60375213623047, 411.962890625, 254.732923519962
LOSS, 20584.00048828125, -32.62267303466797, 64.71639251708984, 18.39499596807976, 1119, 223.0, 325, 18, 282025.4107513428, 9.414138793945312, 398.6312561035156, 252.03343230683
WIN , 28404.0, -21.34033203125, 58.2177734375, 21.453172205438065, 1324, 207.0, 311, 28, 348726.229888916, 47.03852081298828, 405.6790466308594, 263.38839115477043
LOSS, 10598.053466796875, -20.662147521972656, 58.95179748535156, 30.630212331782875, 346, 191.0, 376, 4, 93279.07702636719, 52.61826705932617, 401.07080078125, 269.5927081686913
LOSS, 12550.246337890625, -20.662452697753906, 67.6610336303711, 33.20170988859954, 378, 207.0, 374, 9, 101480.39942550659, 51.2204704284668, 394.2102966308594, 268.46666514684284
LOSS, 16018.293701171875, -37.807373046875, 66.2157211303711, 22.85063295459611, 701, 223.0, 353, 9, 183855.25803375244, 91.52521514892578, 420.30474853515625, 262.27568906384084
LOSS, 23526.371826171875, -23.265907287597656, 67.96651458740234, 26.140413140190972, 900, 207.0, 339, 22, 249759.0976448059, 63.07789993286133, 392.2060241699219, 277.5101084942288
LOSS, 17797.540771484375, -19.93621826171875, 61.3037109375, 15.516600498242699, 1147, 191.0, 323, 10, 236176.3336057663, 8.301796913146973, 409.56658935546875, 205.90787585507087
LOSS, 14389.514404296875, -22.23938751220703, 63.222267150878906, 18.543188665331023, 776, 223.0, 348, 13, 198367.05542945862, 20.242755889892578, 405.2632141113281, 255.62764874930235
LOSS, 20770.705322265625, -31.45867919921875, 65.5940933227539, 22.096495023686835, 940, 207.0, 337, 24, 249074.84610939026, 20.55147361755371, 410.8460998535156, 264.97324054190454
LOSS, 17177.148681640625, -28.555625915527344, 64.4606704711914, 14.897787234727343, 1153, 223.0, 323, 17, 225038.4101781845, 9.646271705627441, 409.72344970703125, 195.17641819443583
LOSS, 7520.649879455566, -16.587265014648438, 62.337547302246094, 34.81782351599799, 216, 209.6999969482422, 385, 6, 60599.97561645508, 103.07981872558594, 384.3145751953125, 280.55544266877354
LOSS, 19547.52587890625, -37.0, 68.98442840576172, 18.337266302913932, 1066, 223.0, 328, 11, 227223.29872608185, -2.4719629287719727, 405.9417724609375, 213.1550644709961
LOSS, 11904.463989257812, -26.712448120117188, 61.8701171875, 10.166066600561752, 1171, 191.0, 321, 6, 199360.57116127014, 4.741998195648193, 396.23699951171875, 170.24813933498731
LOSS, 10491.0, -21.011734008789062, 59.2718505859375, 21.58641975308642, 486, 223.0, 367, 6, 125619.08573150635, 42.62300109863281, 403.4510498046875, 258.47548504425174
LOSS, 8668.047729492188, -45.1751708984375, 67.6823959350586, 7.959639788330751, 1089, 223.0, 327, 12, 228424.07745170593, 18.44217872619629, 411.8825378417969, 209.75581033214502
LOSS, 13130.227294921875, -39.0, 64.3801040649414, 7.393145999392948, 1776, 223.0, 281, 14, 295590.8829545975, 4.387381553649902, 400.3235168457031, 166.43630796993102
LOSS, 4571.0, -21.34002685546875, 57.59986114501953, 26.575581395348838, 172, 223.0, 388, 4, 42013.70715713501, 54.48604965209961, 392.4053955078125, 244.26573928566867
LOSS, 13048.649879455566, -39.999755859375, 66.38541412353516, 24.253996058467596, 538, 193.6999969482422, 364, 9, 146845.82621765137, 72.71458435058594, 398.0777282714844, 272.9476323748167
LOSS, 15351.0, -23.832763671875, 64.4356460571289, 21.62112676056338, 710, 223.0, 352, 11, 187544.03175354004, 43.733360290527344, 421.7927551269531, 264.14652359653525
LOSS, 8624.870361328125, -33.315574645996094, 61.92527770996094, 17.011578621948964, 507, 127.0, 366, 7, 140391.2124862671, 115.57369995117188, 410.5166320800781, 276.9057445488503
LOSS, 17012.446533203125, -40.9998779296875, 62.50541687011719, 17.395139604502173, 978, 223.0, 334, 10, 244629.55452919006, -10.376838684082031, 419.7624206542969, 250.13246884375263
LOSS, 22054.066436767578, -26.080322265625, 60.858055114746094, 21.579321366700174, 1022, 182.86810302734375, 331, 21, 264592.5604095459, 46.5911865234375, 411.7221374511719, 258.8968301463267
LOSS, 5978.4013671875, -20.43335723876953, 56.072593688964844, 15.815876632771165, 378, 191.0, 374, 5, 105935.47338867188, 79.75580596923828, 405.4371643066406, 280.25257510230654
LOSS, 7196.1898193359375, -31.092681884765625, 57.02247619628906, 10.886822722142114, 661, 223.0, 355, 2, 165018.64582061768, 71.58621978759766, 393.4420166015625, 249.64999367718258
LOSS, 10421.55419921875, -14.966941833496094, 70.4323501586914, 34.28142828690378, 304, 223.0, 379, 8, 90872.07957458496, 144.65057373046875, 415.0350646972656, 298.9213143900821
LOSS, 14171.617530822754, -36.382972717285156, 66.64786529541016, 11.114994141821768, 1275, 177.6999969482422, 314, 8, 233977.0971546173, 4.95048713684082, 414.2899169921875, 183.51144874871946
WIN , 28061.13641357422, -26.092529296875, 84.35546875, 19.92978438464078, 1408, 172.7271728515625, 306, 24, 339512.6204357147, 18.180288314819336, 408.74591064453125, 241.13112246854737
LOSS, 15932.167236328125, -36.0001220703125, 65.4268569946289, 21.884845104846324, 728, 191.0, 351, 11, 194431.73280715942, 35.0377197265625, 431.9177551269531, 267.0765560537904
LOSS, 14439.0, -32.4114990234375, 59.76618576049805, 17.825925925925926, 810, 207.0, 345, 10, 190936.10586547852, 16.601343154907227, 414.0727233886719, 235.72358748824507
LOSS, 8964.174072265625, -27.67242431640625, 62.860023498535156, 22.523050432828203, 398, 191.0, 373, 7, 104865.24122238159, 32.202152252197266, 397.255859375, 263.48050558387337
LOSS, 7770.82861328125, -16.252578735351562, 61.395790100097656, 27.076057885997386, 287, 207.0, 380, 5, 82138.0791091919, 78.28388977050781, 405.6300964355469, 286.1953975930031
LOSS, 15135.0966796875, -36.0001220703125, 68.6281509399414, 26.55280119243421, 570, 223.0, 361, 10, 144975.24660491943, 33.90574645996094, 426.1909484863281, 254.34253790336743
LOSS, 13828.687133789062, -22.04345703125, 64.8405990600586, 21.439825013626454, 645, 175.0, 356, 6, 167546.22304725647, 5.843591690063477, 412.2913513183594, 259.76158611977746
LOSS, 19569.623779296875, -18.891006469726562, 65.9358901977539, 24.370639824778177, 803, 207.0, 346, 19, 197023.02770233154, 12.286739349365234, 406.5197448730469, 245.35868954213143
WIN , 27978.65000152588, -38.00048828125, 68.6058578491211, 16.13532295359047, 1734, 177.6999969482422, 284, 27, 404721.8752670288, 20.819561004638672, 431.17620849609375, 233.40361895445722
WIN , 27422.0, -38.009620666503906, 83.758544921875, 16.751374465485643, 1637, 191.0, 290, 27, 378896.08406066895, 17.523475646972656, 425.0256652832031, 231.4575956387715
LOSS, 22958.838066101074, -28.704910278320312, 68.1871566772461, 25.22949238033085, 910, 176.33998107910156, 339, 23, 240985.23347854614, 14.833494186401367, 409.3411865234375, 264.81893788851227
LOSS, 20260.00634765625, -37.0, 63.581443786621094, 22.81532246357686, 888, 223.0, 340, 11, 244563.2682056427, 27.225706100463867, 403.7375793457031, 275.4090858171652
LOSS, 10703.77685546875, -18.257705688476562, 66.05306243896484, 23.94580952006432, 447, 175.0, 370, 7, 129780.35550689697, 108.29596710205078, 421.7242431640625, 290.33636578724156
WIN , 27159.75, -36.0, 87.776123046875, 26.890841584158416, 1010, 175.5, 332, 27, 270916.2585144043, 53.35304641723633, 415.73443603515625, 268.2339193211924
LOSS, 16803.68798828125, -19.13690185546875, 63.15001678466797, 21.99435600560373, 764, 223.0, 349, 14, 216782.71668243408, 66.71337890625, 432.3901062011719, 283.7470113644425
LOSS, 12225.121704101562, -17.9522705078125, 61.494056701660156, 27.41058678049678, 446, 223.0, 370, 9, 125454.73888778687, 51.66243362426758, 424.18682861328125, 281.2886522147688
LOSS, 24259.15422821045, -35.010353088378906, 67.5468978881836, 19.738937533124858, 1229, 214.09632873535156, 318, 19, 289151.73263549805, 44.21040344238281, 420.7085266113281, 235.27398912571036
LOSS, 5585.3739013671875, -18.0462646484375, 60.44867706298828, 12.810490599466027, 436, 207.0, 370, 2, 100800.55516815186, 59.028995513916016, 410.42291259765625, 231.19393387190792
LOSS, 6871.301780700684, -17.636924743652344, 66.2120590209961, 25.077743725184977, 274, 169.8000030517578, 381, 6, 69699.62437820435, 27.25259017944336, 414.24169921875, 254.37819116132974
LOSS, 12095.0, -32.920448303222656, 67.00125885009766, 15.043532338308458, 804, 175.0, 346, 5, 178709.06184196472, 25.759241104125977, 417.764404296875, 222.27495253975712
LOSS, 11881.599998474121, -23.881591796875, 59.98283386230469, 26.170925106771193, 454, 201.8000030517578, 369, 7, 121682.19744110107, 51.05864715576172, 397.8121337890625, 268.0224613240112
LOSS, 13241.792846679688, -22.583404541015625, 62.9425048828125, 28.415864477853408, 466, 223.0, 368, 10, 135511.32006835938, 49.75231170654297, 403.93353271484375, 290.7968241810287
LOSS, 19765.446044921875, -20.662147521972656, 63.552757263183594, 25.669410447950487, 770, 212.533203125, 348, 14, 202041.90250778198, 35.71165466308594, 425.0072937011719, 262.39208117893764
LOSS, 21581.0, -17.662879943847656, 65.2879867553711, 27.91849935316947, 773, 223.0, 348, 21, 189488.13304328918, 30.1546688079834, 406.7770080566406, 245.13341920218522
LOSS, 10475.086303710938, -49.376220703125, 65.89202117919922, 18.60583712914909, 563, 223.0, 362, 7, 147588.9220275879, 26.383312225341797, 411.5762634277344, 262.14728601703
LOSS, 22733.6357421875, -41.999755859375, 69.6675796508789, 30.392561152657084, 748, 191.0, 350, 15, 217307.95446014404, 63.32081604003906, 435.27923583984375, 290.5186556953797
LOSS, 4936.336242675781, -17.1451416015625, 64.52704620361328, 18.698243343468867, 264, 191.0, 382, 0, 57672.793674468994, 41.58613586425781, 391.7039489746094, 218.45755179723105
LOSS, 25308.439208984375, -19.72021484375, 67.3335952758789, 26.78141715236442, 945, 191.0, 336, 19, 265948.46827697754, 76.44295501708984, 414.28070068359375, 281.4269505576482
WIN , 24042.0, -37.0, 85.924072265625, 11.519885002395784, 2087, 191.0, 260, 30, 457348.45397377014, 20.198650360107422, 430.9040832519531, 219.14156874641597
LOSS, 22608.861083984375, -28.48529052734375, 71.04451751708984, 14.933197545564317, 1514, 175.0, 299, 16, 309299.9560241699, 27.26555633544922, 448.9031677246094, 204.29323383366574
LOSS, 2928.207420349121, -17.66242218017578, 60.842681884765625, 38.028667796741836, 77, 153.8000030517578, 394, 2, 19690.81046295166, 80.05615234375, 369.087890625, 255.7248112071644
LOSS, 12211.8876953125, -33.000244140625, 68.98001861572266, 28.46593868371212, 429, 191.0, 371, 5, 125012.94863128662, 80.1998519897461, 437.3856506347656, 291.4054746650038
LOSS, 10832.282104492188, -19.13629150390625, 66.5904769897461, 29.677485217786813, 365, 175.0, 375, 9, 100483.96142578125, 74.3319091796875, 428.4504089355469, 275.2985244541952
LOSS, 14327.09130859375, -22.222076416015625, 64.7911605834961, 28.596988639907686, 501, 223.0, 366, 18, 147717.542678833, 52.83625030517578, 418.634765625, 294.84539456852895
LOSS, 20728.79248046875, -25.20751953125, 69.47713470458984, 21.108749980110744, 982, 207.0, 334, 22, 276767.11904907227, 44.90690994262695, 419.5043029785156, 281.8402434308272
WIN , 26784.0, -40.4193115234375, 79.381103515625, 30.367346938775512, 882, 207.0, 341, 25, 266078.6802368164, 37.04054260253906, 418.9580383300781, 301.6765082050073
WIN , 27166.83213043213, -28.214759826660156, 80.50740814208984, 19.960934702742197, 1361, 181.3357391357422, 309, 15, 354984.0233154297, 55.33010482788086, 418.30072021484375, 260.8258804668844
LOSS, 13946.933837890625, -20.7525634765625, 67.7406997680664, 25.266184488932293, 552, 223.0, 363, 13, 141409.43364715576, 70.79576110839844, 418.56414794921875, 256.17651023035467
LOSS, 9954.5302734375, -19.858753204345703, 67.53133392333984, 25.788938532221504, 386, 223.0, 374, 10, 114718.3643951416, 77.99634552001953, 412.63873291015625, 297.1978352205741
LOSS, 25748.835693359375, -18.589393615722656, 68.0516586303711, 25.468680211037956, 1011, 223.0, 332, 16, 279251.7776412964, 30.187271118164062, 405.77410888671875, 276.2134299122615
LOSS, 13188.83935546875, -23.71856689453125, 69.7298355102539, 27.942456261586333, 472, 223.0, 368, 6, 127762.94718170166, 68.71124267578125, 417.9173278808594, 270.68421013072384
LOSS, 14552.00048828125, -40.9998779296875, 70.0850601196289, 21.751869190255977, 669, 207.0, 355, 14, 180265.13507843018, 20.587413787841797, 408.2734680175781, 269.4546114774741
LOSS, 21382.279541015625, -28.640052795410156, 62.695213317871094, 23.731719801349197, 901, 191.0, 339, 19, 241177.88521194458, 58.83694839477539, 420.6083679199219, 267.678008004378
LOSS, 13256.271934509277, -18.20404815673828, 67.78876495361328, 27.332519452596447, 485, 200.6861114501953, 367, 10, 136770.84816741943, 62.64147186279297, 413.2660217285156, 282.00174879880296
LOSS, 7921.0, -25.20965576171875, 57.02247619628906, 19.655086848635236, 403, 223.0, 373, 4, 100296.34370422363, 69.97652435302734, 420.59246826171875, 248.87430199559213
LOSS, 12836.165405273438, -39.00299072265625, 66.5846939086914, 20.87181366711128, 615, 223.0, 358, 8, 158188.98566436768, 42.85346984863281, 417.5152282714844, 257.2178628688905
LOSS, 16772.570556640625, -25.20965576171875, 66.4247817993164, 26.879119481795872, 624, 207.0, 358, 11, 173373.18559265137, 113.38610076904297, 430.83770751953125, 277.8416435779669
LOSS, 17836.1875, -18.6700439453125, 68.4932632446289, 30.077887858347385, 593, 207.0, 360, 12, 163437.619972229, 38.867897033691406, 406.90631103515625, 275.611500796339
WIN , 23962.0, -49.662391662597656, 90.9798355102539, 13.30483064963909, 1801, 191.0, 279, 32, 364021.86386680603, 24.14837074279785, 409.5310363769531, 202.1220787711305
LOSS, 13462.2451171875, -49.0460205078125, 70.1671371459961, 13.095569180143482, 1028, 223.0, 331, 18, 195302.84499931335, 22.503204345703125, 420.08050537109375, 189.9833122561414
LOSS, 8310.697387695312, -18.77500343322754, 67.3171157836914, 43.51150464761944, 191, 207.0, 387, 5, 56369.713806152344, 104.57169342041016, 402.1305847167969, 295.1293916552479
LOSS, 10511.024444580078, -35.0, 62.846290588378906, 24.790151991934145, 424, 164.19500732421875, 371, 5, 122375.24865722656, 60.28728485107422, 419.6468811035156, 288.62086947459096
LOSS, 13271.0, -29.454696655273438, 61.5948486328125, 29.36061946902655, 452, 223.0, 369, 11, 126162.97076797485, 57.54790115356445, 417.08563232421875, 279.1216167433072
LOSS, 8459.649047851562, -15.463035583496094, 63.227149963378906, 37.432075432971516, 226, 175.0, 384, 6, 69915.74893188477, 138.41917419433594, 408.3994140625, 309.3617209375432
WIN , 26826.345001220703, -22.04345703125, 62.21611022949219, 27.097318183051215, 990, 162.30999755859375, 333, 26, 277493.45942497253, 18.37974739074707, 416.3559265136719, 280.2964236615884
LOSS, 16769.824462890625, -19.13629150390625, 68.67743682861328, 28.52010963076637, 588, 223.0, 360, 15, 163974.28715515137, 32.88877868652344, 404.019775390625, 278.86783529787647
LOSS, 13318.101806640625, -31.573020935058594, 65.7002944946289, 11.024918714106478, 1208, 175.0, 319, 13, 262313.39234924316, 57.89954376220703, 436.743408203125, 217.14684797122777
LOSS, 10548.667846679688, -22.53020477294922, 69.2998275756836, 16.129461539265577, 654, 223.0, 356, 9, 140103.64879226685, 43.48816680908203, 410.5203857421875, 214.2257626793071
WIN , 24574.0, -44.584083557128906, 86.680908203125, 13.290427257977285, 1849, 207.0, 276, 16, 390608.2790470123, 22.848939895629883, 420.76361083984375, 211.2538015397579
WIN , 27039.13641357422, -35.0, 65.2364273071289, 26.482993549044288, 1021, 156.7271728515625, 331, 27, 278188.0689792633, 28.293474197387695, 422.5387878417969, 272.4662771589259
LOSS, 5113.149597167969, -16.757362365722656, 59.275665283203125, 40.58055235847594, 126, 191.0, 391, 4, 38831.081970214844, 69.1678466796875, 430.15216064453125, 308.18319023980035
WIN , 26480.491676330566, -20.87433624267578, 73.26255798339844, 21.201354424604137, 1249, 154.0166473388672, 316, 26, 337340.5274448395, 29.758403778076172, 421.1769104003906, 270.0884927500716
LOSS, 18427.560485839844, -30.322265625, 67.0595474243164, 26.823232148238493, 687, 175.8800048828125, 354, 11, 185617.04399108887, 48.34083938598633, 412.3354187011719, 270.18492575122104
LOSS, 14279.0, -23.803184509277344, 60.453102111816406, 19.08957219251337, 748, 207.0, 350, 12, 175938.4032611847, 25.777185440063477, 408.72222900390625, 235.21176906575494
LOSS, 17778.158935546875, -34.0869140625, 65.0816879272461, 31.29957559075154, 568, 207.0, 362, 9, 155797.28805923462, 54.399497985839844, 413.7901306152344, 274.2910001042863
LOSS, 20375.095458984375, -37.0, 65.2751693725586, 20.17336184057859, 1010, 223.0, 332, 14, 218438.19305038452, 25.91469955444336, 417.285888671875, 216.27543866374705
LOSS, 5746.9871826171875, -22.04345703125, 59.771728515625, 12.253704014109141, 469, 191.0, 368, 6, 90550.59949493408, 41.07966613769531, 398.4720458984375, 193.07164071414516
LOSS, 20092.64453125, -21.47314453125, 62.032386779785156, 25.498279861992387, 788, 191.0, 347, 16, 204764.53219223022, 28.07785415649414, 402.8392333984375, 259.85346724902314
LOSS, 9664.7958984375, -18.880462646484375, 69.8180160522461, 21.429702657289358, 451, 207.0, 369, 10, 106739.38864898682, 41.39659118652344, 414.77825927734375, 236.67270210418363
LOSS, 16145.163818359375, -28.58245849609375, 70.0005111694336, 22.739667349801937, 710, 223.0, 352, 16, 174172.2642097473, 56.39483642578125, 416.4820251464844, 245.3130481827427
LOSS, 7032.656387329102, -21.463096618652344, 66.5187759399414, 22.61304304607428, 311, 201.39498901367188, 379, 3, 64107.54502868652, 39.2590217590332, 394.9057312011719, 206.13358530124285
LOSS, 20584.4296875, -39.0, 68.2384262084961, 24.103547643442624, 854, 207.0, 343, 15, 243013.345413208, 84.27850341796875, 417.21636962890625, 284.55895247448245
LOSS, 22482.5126953125, -43.350196838378906, 65.7903060913086, 14.025273047606051, 1603, 191.0, 293, 23, 337391.3768119812, 10.90341567993164, 412.4924621582031, 210.4749699388529
LOSS, 7993.776893615723, -13.000030517578125, 66.6417465209961, 42.29511583923663, 189, 180.8214569091797, 387, 5, 60022.738677978516, 123.65757751464844, 422.30682373046875, 317.5806279258123
WIN , 26154.0, -30.322265625, 69.01123046875, 19.503355704697988, 1341, 207.0, 310, 26, 360399.02349472046, 38.02855682373047, 429.5683288574219, 268.75393250911293
WIN , 26514.0, -29.857177734375, 63.815818786621094, 20.132118451025057, 1317, 207.0, 312, 30, 322570.68148231506, 23.343032836914062, 415.3883056640625, 244.92838381345106
LOSS, 11497.171508789062, -16.842041015625, 70.0890121459961, 24.83190390667184, 463, 191.0, 369, 12, 131094.00901031494, 41.39884948730469, 413.9953308105469, 283.1404082296219
LOSS, 8727.302101135254, -22.684158325195312, 61.524269104003906, 24.242505836486817, 360, 209.6999969482422, 375, 6, 92671.06357192993, 59.95461654663086, 419.7966003417969, 257.4196210331387
LOSS, 13227.0, -19.821548461914062, 63.173057556152344, 30.337155963302752, 436, 191.0, 370, 9, 124334.26483154297, 69.01496887207031, 422.4291687011719, 285.170332182438
WIN , 26590.0, -22.30682373046875, 78.994140625, 25.690821256038646, 1035, 175.0, 330, 29, 292736.18532180786, 54.063053131103516, 427.2908020019531, 282.83689403073225
LOSS, 23905.89687347412, -22.7734375, 67.4767074584961, 19.09416683184834, 1252, 201.8000030517578, 316, 26, 299050.13025283813, 40.9887809753418, 425.32489013671875, 238.85793151185155
LOSS, 17037.32958984375, -22.04345703125, 65.8580551147461, 29.024411567025126, 587, 191.0, 360, 13, 164011.786113739, 24.599899291992188, 413.6799621582031, 279.40679065372916
LOSS, 7611.0, -22.003021240234375, 60.2984619140625, 16.262820512820515, 468, 223.0, 368, 4, 126841.06600189209, 75.13714599609375, 412.0024108886719, 271.02791880746173
LOSS, 15813.364013671875, -23.215721130371094, 69.3013687133789, 26.939291335045784, 587, 207.0, 360, 11, 167778.94620895386, 51.43479537963867, 423.5542297363281, 285.8244398789674
LOSS, 19743.65478515625, -23.16162109375, 70.1311264038086, 23.960746098490596, 824, 175.0, 345, 17, 207291.45454406738, 36.93836975097656, 423.0718078613281, 251.56729920396526
LOSS, 15001.721435546875, -22.04345703125, 65.2291030883789, 31.45014976005634, 477, 223.0, 368, 9, 133614.028049469, 45.34409713745117, 428.8258972167969, 280.11326635108804
LOSS, 12071.89306640625, -19.720443725585938, 65.7610092163086, 22.648955096446997, 533, 207.0, 364, 7, 132422.78816604614, 52.605342864990234, 408.8086853027344, 248.44800781622166
LOSS, 8823.6259765625, -15.721900939941406, 58.50860595703125, 30.321738751073884, 291, 191.0, 380, 6, 84753.80344390869, 127.39098358154297, 425.6351013183594, 291.2501836560436
LOSS, 8069.071533203125, -16.084640502929688, 65.27213287353516, 29.775171709236623, 271, 186.447998046875, 381, 6, 73070.58849334717, 79.0387191772461, 448.69964599609375, 269.6331678721298
LOSS, 7606.189849853516, -19.13629150390625, 61.264869689941406, 26.228240861563847, 290, 143.42718505859375, 380, 5, 69047.76788330078, 36.11372375488281, 430.98419189453125, 238.09575132172682
LOSS, 2864.915313720703, -19.390472412109375, 57.328163146972656, 12.348772903968548, 232, 175.0, 384, 1, 36429.6432800293, 35.89031219482422, 404.6272277832031, 157.0243244828849
LOSS, 15677.99951171875, -17.71978759765625, 64.3282241821289, 29.86285621279762, 525, 223.0, 364, 7, 159979.9246749878, 72.32489776611328, 413.5357360839844, 304.72366604759577
LOSS, 21827.225830078125, -33.000244140625, 58.769752502441406, 18.08386564215255, 1207, 191.0, 319, 16, 274892.4663963318, 40.285675048828125, 405.98974609375, 227.74852228362204
LOSS, 10781.719017028809, -14.662391662597656, 61.398536682128906, 35.583231079303, 303, 201.8000030517578, 379, 11, 89573.72402954102, 138.7501678466797, 429.2821350097656, 295.6228515826436
LOSS, 20665.566162109375, -14.662391662597656, 72.0384750366211, 34.50011045427274, 599, 207.0, 360, 17, 182303.06970596313, 63.98403549194336, 426.46417236328125, 304.3456923304894
LOSS, 21475.03515625, -21.575790405273438, 65.6319351196289, 23.166165217098165, 927, 207.0, 338, 24, 262262.94734954834, 42.6822624206543, 425.320068359375, 282.91580080857426
LOSS, 15954.130859375, -26.53656005859375, 60.832763671875, 28.85014621948463, 553, 175.0, 363, 11, 166076.7239074707, 68.01786804199219, 422.9532470703125, 300.3195730695673
LOSS, 13618.979347229004, -19.390625, 67.1968765258789, 30.74261703663432, 443, 209.6999969482422, 370, 15, 131726.2773284912, 76.21198272705078, 457.9460754394531, 297.350513156865
WIN , 26437.33000946045, -34.0, 65.7662124633789, 23.129772536710803, 1143, 160.33998107910156, 323, 16, 307221.3819770813, 49.622772216796875, 421.3264465332031, 268.7851110910598
WIN , 26009.768089294434, -21.1224365234375, 70.4784164428711, 24.308194475976105, 1070, 155.4638214111328, 328, 29, 302397.8694114685, 48.559120178222656, 457.7620544433594, 282.6148312256715
LOSS, 14946.150573730469, -26.88897705078125, 64.19377899169922, 26.547336720658027, 563, 196.1680908203125, 362, 13, 143807.5245399475, 48.94049072265625, 437.3882751464844, 255.43077182939166
LOSS, 13527.455078125, -19.583526611328125, 63.769142150878906, 21.506287882551668, 629, 223.0, 358, 11, 172162.40185165405, 33.26350784301758, 423.95233154296875, 273.7081110519142
LOSS, 19353.01123046875, -35.009742736816406, 65.4048843383789, 16.235747676567744, 1192, 207.0, 320, 17, 267179.91518592834, 20.571399688720703, 422.5372009277344, 224.14422414926875
LOSS, 11484.84619140625, -17.662269592285156, 62.50541687011719, 24.026874877418933, 478, 175.0, 368, 11, 137516.47299194336, 93.0333251953125, 416.0688171386719, 287.69136609193174
LOSS, 5328.38134765625, -13.703086853027344, 61.83875274658203, 31.343419692095587, 170, 175.0, 388, 3, 48652.88999938965, 77.5352783203125, 412.39031982421875, 286.193470584645
LOSS, 14261.249267578125, -16.48139190673828, 71.83065032958984, 33.32067585882739, 428, 191.0, 371, 8, 131090.35681152344, 51.24763488769531, 436.7906188964844, 306.2858804007557
LOSS, -10927.105140686035, -21.34002685546875, 50.870513916015625, -1.821487771409574, 5999, 210.5500030517578, 0, 5, 595662.4512958527, 19.877960205078125, 414.6639404296875, 99.29362415333433
WIN , 27406.802505493164, -22.476593017578125, 74.59806060791016, 25.471006045997363, 1076, 201.39498901367188, 328, 29, 293910.87493515015, 61.17814254760742, 442.0349426269531, 273.1513707575745
LOSS, 19680.098876953125, -45.00006103515625, 90.9798355102539, 7.143411570581897, 2755, 175.0, 216, 24, 622218.708574295, 19.152990341186523, 460.4324951171875, 225.85071091625954
LOSS, 20146.384765625, -43.999755859375, 69.9193344116211, 13.846312553694158, 1455, 191.0, 302, 10, 283681.5215835571, 38.09597396850586, 426.18817138671875, 194.9701179268434
LOSS, 10096.793701171875, -21.121994018554688, 69.4783706665039, 33.10424164318648, 305, 191.0, 379, 8, 84365.16801834106, 56.125301361083984, 441.2601013183594, 276.60710825685595
LOSS, 16902.142578125, -22.708656311035156, 63.809104919433594, 25.18948223267511, 671, 223.0, 355, 9, 189657.7679977417, 57.150840759277344, 424.9945068359375, 282.6494306970815
LOSS, 21732.123046875, -40.999755859375, 61.149513244628906, 18.370349152049872, 1183, 223.0, 321, 14, 262236.1978430748, -4.159865379333496, 420.3966369628906, 221.6704969087699
LOSS, 18461.298583984375, -19.084518432617188, 71.3133773803711, 34.187589970341435, 540, 207.0, 363, 20, 167115.05904388428, 38.94469451904297, 433.5322265625, 309.47233156274865
LOSS, 17412.755126953125, -22.531234741210938, 69.6635971069336, 25.72046547555853, 677, 185.0, 354, 12, 186745.83011054993, 0.7399730682373047, 420.6286315917969, 275.84317593877387
LOSS, 16198.359619140625, -27.408203125, 70.8208236694336, 23.71648553314879, 683, 223.0, 354, 14, 188995.99486923218, 24.310890197753906, 425.1417236328125, 276.7144873634439
LOSS, 21577.9306640625, -17.940277099609375, 62.565818786621094, 24.464773995535715, 882, 207.0, 341, 14, 239391.64001083374, 35.35448455810547, 424.9802551269531, 271.41909298280467
LOSS, 12694.987464904785, -19.486595153808594, 66.7448959350586, 31.345648061493296, 405, 207.9120330810547, 372, 7, 114169.59666061401, 32.25041961669922, 429.86444091796875, 281.90023866818274
LOSS, 13213.38671875, -21.34002685546875, 69.5192642211914, 30.586543330439813, 432, 191.0, 371, 11, 122704.147731781, 51.75605392456055, 428.4844665527344, 284.03737900875234
WIN , 25260.0, -26.095497131347656, 78.24462890625, 17.137042062415198, 1474, 175.0, 301, 25, 354082.4699859619, 58.96514892578125, 429.74359130859375, 240.2187720393229
LOSS, 11224.506896972656, -30.322265625, 64.1875228881836, 15.50346256487936, 724, 156.5989990234375, 351, 7, 176394.98627471924, 54.92898178100586, 433.3383483886719, 243.63948380486082
LOSS, 23013.65000152588, -26.092529296875, 69.1927261352539, 31.874861497958282, 722, 177.6999969482422, 351, 12, 223888.11138534546, 31.074817657470703, 430.2926025390625, 310.0943370988164
WIN , 23802.802505493164, -32.103126525878906, 67.9671401977539, 11.599806289226688, 2052, 169.39498901367188, 263, 16, 422333.99423217773, 24.45235824584961, 423.0555114746094, 205.81578666285463
LOSS, 13343.841941833496, -23.9959716796875, 69.9227066040039, 15.698637578627643, 850, 185.8000030517578, 343, 15, 193221.5854988098, 17.28903579711914, 426.88726806640625, 227.31951235154096
LOSS, 24727.77197265625, -27.3223876953125, 63.082115173339844, 19.687716538739053, 1256, 207.0, 316, 22, 316815.3573989868, 46.33944320678711, 459.77252197265625, 252.24152659155
LOSS, 12364.53515625, -32.2137451171875, 68.5561294555664, 18.537533967391305, 667, 223.0, 355, 6, 156203.01573467255, 2.3327436447143555, 451.696044921875, 234.1874298870653
LOSS, 12926.156005859375, -19.30767059326172, 68.28267669677734, 34.654573742250335, 373, 175.0, 375, 8, 115717.448387146, 80.61146545410156, 424.5067138671875, 310.2344460781394
LOSS, 6450.9744873046875, -18.593360900878906, 66.56615447998047, 24.07080032576376, 268, 207.0, 382, 3, 74074.83979797363, 74.89486694335938, 422.9040832519531, 276.3986559625882
LOSS, 11773.999877929688, -24.2236328125, 67.3073501586914, 29.434999694824217, 400, 223.0, 373, 7, 106407.02579879761, 35.38216781616211, 431.8913269042969, 266.017564496994
LOSS, 13978.60009765625, -38.0, 68.54756927490234, 18.91556170183525, 739, 223.0, 350, 16, 172980.26433563232, 23.63311767578125, 424.97918701171875, 234.07342941222237
LOSS, 2806.334732055664, -14.662391662597656, 54.37445831298828, 21.260111606482305, 132, 153.39498901367188, 391, 2, 29877.14426803589, 57.996456146240234, 422.0920715332031, 226.34200203057492
LOSS, 11149.16259765625, -34.07470703125, 62.645469665527344, 18.24740196015753, 611, 175.0, 359, 11, 163061.4910736084, 65.9032211303711, 427.41241455078125, 266.8764174690808
LOSS, 24066.43408203125, -41.00048828125, 64.4988021850586, 13.627652368081115, 1766, 207.0, 282, 16, 387249.9071884155, 14.939271926879883, 411.0463562011719, 219.28080814746068
LOSS, 23071.0, -39.0, 65.17049407958984, 20.784684684684684, 1110, 223.0, 325, 22, 287525.9742240906, 9.267148971557617, 445.6524963378906, 259.0324092108924
LOSS, 12497.587646484375, -26.522125244140625, 69.2614517211914, 17.357760620117187, 720, 207.0, 351, 10, 213139.91636657715, 137.2632598876953, 422.8917236328125, 296.027661620246
LOSS, 17532.83349609375, -38.885704040527344, 63.450233459472656, 16.49372859463194, 1063, 223.0, 329, 18, 277075.181388855, 20.715110778808594, 431.7843322753906, 260.6539806103998
LOSS, 12049.999877929688, -35.5548095703125, 64.01908111572266, 20.704467144209087, 582, 191.0, 361, 11, 156032.99212646484, 14.169017791748047, 418.8215026855469, 268.097924615919
LOSS, 13783.00048828125, -18.0462646484375, 63.471290588378906, 27.51097901852545, 501, 185.0, 366, 6, 141495.94477844238, 78.39674377441406, 446.919189453125, 282.42703548591294
LOSS, 24005.818115234375, -43.07373046875, 65.1802749633789, 19.77415001254891, 1214, 223.0, 319, 21, 292833.3616056442, 9.113729476928711, 442.5306091308594, 241.2136421792786
LOSS, 11861.1142578125, -30.322265625, 68.14702606201172, 18.389324430717053, 645, 207.0, 356, 5, 171929.5337677002, 37.944252014160156, 430.9013671875, 266.55741669410884
LOSS, 21408.49462890625, -27.87047576904297, 61.79267883300781, 14.474979465115787, 1479, 207.0, 301, 19, 307907.62890625, 9.783201217651367, 425.35443115234375, 208.18636166751185
LOSS, 16457.39404296875, -45.690284729003906, 64.5369644165039, 6.689997578442581, 2460, 223.0, 235, 19, 428590.2467341423, -1.4421601295471191, 433.4658508300781, 174.2236775342042
LOSS, 16384.7412109375, -17.662269592285156, 62.909461975097656, 24.564829401705396, 667, 175.0, 355, 12, 194567.37938308716, 10.623071670532227, 429.1117858886719, 291.70521646639753
WIN , 26850.0, -21.34033203125, 65.7747573852539, 31.55111633372503, 851, 175.0, 343, 21, 237788.74978256226, 24.49600601196289, 430.748046875, 279.42273769983814
LOSS, 16877.63037109375, -31.3995361328125, 66.89688873291016, 18.050941573362298, 935, 207.0, 337, 13, 221099.86704063416, 12.792230606079102, 450.2945251464844, 236.4704460327638
WIN , 26771.415954589844, -37.0, 83.00927734375, 19.136108616576013, 1399, 212.1680908203125, 306, 24, 337382.7372570038, 15.377710342407227, 443.505615234375, 241.1599265596882
LOSS, 11493.534912109375, -25.56976318359375, 67.1739730834961, 30.009229535533617, 383, 207.0, 374, 4, 110095.20867156982, 74.69099426269531, 451.80938720703125, 287.4548529283807
