WIN , 31606.0, -32.72702407836914, 79.329833984375, 6.783859197252629, 4659, 223.0, 89, 37, 20520.17793701589, -3.074153184890747, 63.31120300292969, 4.404416814126614
LOSS, 12325.712646484375, -27.755043029785156, 48.842750549316406, 16.00741902140828, 770, 207.0, 348, 10, 8658.986691787839, -1.042332649230957, 63.86634063720703, 11.24543726206213
LOSS, 26348.689453125, -44.999755859375, 53.423072814941406, 12.772025910385361, 2063, 191.0, 262, 26, 31900.42351654172, -2.333608627319336, 70.92582702636719, 15.463123372051246
LOSS, 25229.09814453125, -29.79918670654297, 52.477638244628906, 18.32178514490287, 1377, 223.0, 308, 20, 35170.1701836586, 3.444746971130371, 93.984619140625, 25.54115481747175
LOSS, 18032.5869140625, -20.275089263916016, 54.857093811035156, 28.53257423111155, 632, 223.0, 357, 13, 22301.2490940094, 21.15584945678711, 103.45223236083984, 35.286786541154115
WIN , 28536.65000152588, -38.0, 94.7884292602539, 10.283477478027343, 2775, 161.6999969482422, 214, 30, 89680.57075834274, -14.102959632873535, 125.0455322265625, 32.317322795799186
LOSS, 7387.2916259765625, -19.792760848999023, 51.84991455078125, 29.198781130342145, 253, 207.0, 383, 7, 11809.862550735474, 18.985034942626953, 109.73887634277344, 46.679298619507804
LOSS, 26844.564453125, -43.999755859375, 54.511634826660156, 18.374102979551676, 1461, 223.0, 302, 32, 72672.0498201251, -6.376319408416748, 120.11808013916016, 49.7413072006332
WIN , 27944.0, -40.9998779296875, 81.62109375, 17.574842767295596, 1590, 207.0, 293, 30, 79207.2456009984, -2.162330150604248, 126.91188049316406, 49.815877736476985
LOSS, 14421.14990234375, -24.610595703125, 62.963172912597656, 22.746293221362382, 634, 175.0, 357, 7, 37786.386704444885, 6.728976249694824, 144.3890838623047, 59.59997902909288
WIN , 27327.300003051758, -19.72021484375, 91.2532730102539, 24.508789240405164, 1115, 180.39999389648438, 325, 24, 77521.94701683521, 0.6437026262283325, 168.46397399902344, 69.5264098805697
LOSS, 22503.1435546875, -20.49420166015625, 63.766990661621094, 24.64747377293264, 913, 223.0, 339, 24, 66461.95561218262, 21.818645477294922, 154.22377014160156, 72.79513210534789
LOSS, 21619.3203125, -34.99951171875, 58.348289489746094, 18.94769527826468, 1141, 223.0, 323, 22, 79984.13781449199, -18.716623306274414, 147.45703125, 70.10003314153549
LOSS, 26217.537841796875, -36.0, 62.988502502441406, 21.454613618491713, 1222, 175.0, 318, 28, 92746.02355885506, -1.1447241306304932, 168.52133178710938, 75.89690962263099
LOSS, 17557.59999847412, -33.000244140625, 65.1009292602539, 21.78362282689097, 806, 169.8000030517578, 346, 21, 76514.52752113342, 16.137022018432617, 174.93484497070312, 94.93117558453278
LOSS, 26681.47119140625, -28.76909637451172, 64.6242446899414, 20.812380024497855, 1282, 223.0, 314, 26, 106942.62056678534, -0.7856543660163879, 181.39559936523438, 83.41858078532397
LOSS, 13095.650001525879, -21.34002685546875, 63.920188903808594, 23.767059893876368, 551, 193.6999969482422, 363, 12, 53992.209201812744, 23.103275299072266, 166.0314178466797, 97.98949038441515
LOSS, 7163.0233154296875, -12.9998779296875, 57.769920349121094, 27.6564606773347, 259, 223.0, 382, 4, 24400.976709365845, -12.896055221557617, 169.5693359375, 94.21226528712681
LOSS, 21219.3369140625, -17.662879943847656, 65.70288848876953, 21.34742144271881, 994, 207.0, 333, 19, 86846.86546969414, 2.555340051651001, 187.73626708984375, 87.37109202182509
LOSS, -9964.880592346191, -29.458778381347656, 59.180519104003906, -1.6610902804377716, 5999, 229.2417755126953, 0, 5, 328022.5053140521, -6.171891212463379, 185.4639892578125, 54.679530807476596
LOSS, 26470.425422668457, -24.426658630371094, 64.60082244873047, 20.941792264769347, 1264, 152.83079528808594, 315, 19, 139429.102558136, 20.23560905456543, 217.30372619628906, 110.30783430232277
LOSS, 11517.348876953125, -37.0, 63.061424255371094, 19.52093029992055, 590, 223.0, 360, 16, 65253.36919975281, 13.31704330444336, 218.88912963867188, 110.59893084703866
LOSS, 10110.546020507812, -30.0479736328125, 58.80485534667969, 16.281072496791968, 621, 207.0, 358, 6, 72738.74996376038, 6.285932540893555, 240.4116668701172, 117.13164245372042
LOSS, 3019.4097213745117, -14.662391662597656, 62.379676818847656, 33.180326608511116, 91, 130.62940979003906, 393, 5, 11704.090032577515, 31.208463668823242, 215.13287353515625, 128.6163739843683
LOSS, 8110.341796875, -16.00006103515625, 59.731971740722656, 34.95836981411638, 232, 175.0, 384, 4, 33391.359062194824, 48.62903594970703, 235.7451171875, 143.92827181980527
LOSS, 19166.19189453125, -18.6541748046875, 58.441062927246094, 26.076451557185376, 735, 191.0, 350, 13, 102469.06744194031, 20.99273681640625, 224.0546112060547, 139.41369719991877
LOSS, 21430.996337890625, -34.99951171875, 67.8142318725586, 22.347232886225886, 959, 223.0, 336, 21, 109578.7262544632, 3.2122387886047363, 249.89181518554688, 114.26353102655182
LOSS, 23630.698486328125, -40.999755859375, 70.3841323852539, 15.21616129190478, 1553, 223.0, 296, 28, 183621.90769958496, 4.607444763183594, 226.2640838623047, 118.23690128756276
LOSS, 24506.438232421875, -21.462791442871094, 62.186805725097656, 23.406340241090614, 1047, 223.0, 330, 26, 149168.02627182007, 1.4472980499267578, 261.1817932128906, 142.4718493522637
WIN , 26851.45249938965, -37.9998779296875, 88.39077758789062, 30.204108548244825, 889, 172.09500122070312, 340, 17, 135515.8122177124, 37.02021408081055, 235.865234375, 152.4362342156495
LOSS, 13940.0, -18.46306610107422, 70.6718978881836, 31.753986332574033, 439, 185.0, 370, 14, 64536.95622062683, 15.332096099853516, 237.1938018798828, 147.00901189208847
LOSS, 25207.2451171875, -30.322265625, 62.952491760253906, 15.103202586691133, 1669, 223.0, 288, 25, 203384.66960144043, -10.895999908447266, 250.1184539794922, 121.86019748438612
WIN , 26300.0, -17.078628540039062, 67.3677749633789, 32.23039215686274, 816, 175.0, 345, 18, 135727.90343666077, 21.961578369140625, 263.8398132324219, 166.3332149959078
LOSS, 9827.358032226562, -39.0, 66.18428802490234, 21.790150847509008, 451, 223.0, 369, 6, 64601.40297842026, -0.9907183647155762, 245.22349548339844, 143.24036137122008
WIN , 25301.13641357422, -36.88048553466797, 76.28662109375, 19.25505054305496, 1314, 172.7271728515625, 312, 21, 205326.7795472741, -10.314399719238281, 257.1288757324219, 156.26086723536844
LOSS, 15617.0, -23.9434814453125, 65.5284652709961, 25.22940226171244, 619, 191.0, 358, 8, 99254.57260131836, 20.209135055541992, 265.380126953125, 160.34664394397151
WIN , 26843.68825149536, -37.542259216308594, 83.8456916809082, 17.47635953873396, 1536, 127.62349700927734, 297, 28, 210449.5900747776, -2.1676220893859863, 283.52825927734375, 137.0114518716
LOSS, 7692.00959777832, -17.662269592285156, 63.76287078857422, 28.488924436216003, 270, 212.37606811523438, 381, 7, 46886.44374084473, 55.68427658081055, 300.458251953125, 173.65349533646196
LOSS, 20818.600830078125, -33.000244140625, 67.4791488647461, 14.650669127430067, 1421, 207.0, 305, 14, 178456.67305707932, -2.541712999343872, 286.63916015625, 125.58527308731831
LOSS, 11439.245971679688, -25.20965576171875, 62.691261291503906, 27.631028917100693, 414, 207.0, 372, 6, 67401.40318393707, 11.445927619934082, 263.46844482421875, 162.8053217003311
LOSS, 10423.999877929688, -16.7203369140625, 63.457862854003906, 35.82130542243879, 291, 223.0, 380, 8, 51286.92531585693, 68.12491607666016, 270.4120788574219, 176.2437296077558
LOSS, 23963.607177734375, -39.999755859375, 82.6256332397461, 14.532205686921998, 1649, 175.0, 290, 25, 241533.5179014206, 12.613731384277344, 288.67041015625, 146.4727215897032
LOSS, 7671.588623046875, -29.813064575195312, 63.209129333496094, 18.222300767332246, 421, 186.447998046875, 371, 8, 53119.498081207275, -8.104036331176758, 287.7320861816406, 126.17457976533795
LOSS, 8441.7392578125, -17.66242218017578, 68.83138275146484, 38.90202422955069, 217, 207.0, 385, 3, 41166.868743896484, 32.16112518310547, 281.8465881347656, 189.70907255251836
LOSS, 5909.816650390625, -14.662391662597656, 70.00479888916016, 42.51666654957284, 139, 207.0, 390, 2, 27738.448684692383, 122.25941467285156, 265.36126708984375, 199.5571847819596
LOSS, 16224.00048828125, -39.0, 65.55440521240234, 12.098434368591537, 1341, 223.0, 310, 11, 172658.8444929123, 13.653881072998047, 289.16705322265625, 128.7537990252888
LOSS, 10743.999877929688, -16.821670532226562, 61.4022216796875, 18.118043639004533, 593, 223.0, 360, 10, 91756.6650699377, 1.4185751676559448, 300.0006103515625, 154.73299337257623
LOSS, 21757.23388671875, -24.98291015625, 66.8773422241211, 26.119128315388654, 833, 175.0, 344, 23, 160324.2785358429, 23.020917892456055, 310.2336730957031, 192.46612069128798
LOSS, 17341.510696411133, -36.1319580078125, 64.10277557373047, 22.289859506955185, 778, 196.39999389648438, 348, 15, 145422.3495388031, 19.783695220947266, 311.4154052734375, 186.91818706787032
LOSS, 25511.89306640625, -30.322265625, 69.5964584350586, 25.209380500401434, 1012, 207.0, 332, 20, 203898.57040023804, 24.533159255981445, 305.2872314453125, 201.48080079074904
LOSS, 4136.091857910156, -33.304290771484375, 60.865394592285156, 17.23371607462565, 240, 223.0, 383, 3, 41430.11748504639, 62.342041015625, 282.46588134765625, 172.62548952102662
LOSS, 14857.735595703125, -29.81298828125, 64.07828521728516, 22.04411809451502, 674, 175.0, 355, 8, 112712.5838508606, 18.698505401611328, 303.2845153808594, 167.22935289445192
LOSS, 20570.01513671875, -19.250389099121094, 68.38629913330078, 21.882994826296542, 940, 191.0, 337, 9, 175301.44773101807, 20.131519317626953, 315.5985412597656, 186.4909018415086
WIN , 26240.491676330566, -29.857177734375, 62.32719421386719, 23.449947878758326, 1119, 154.0166473388672, 325, 25, 212636.90457344055, 18.465633392333984, 309.6382751464844, 190.0240434079004
LOSS, 13570.3408203125, -35.0001220703125, 65.5998764038086, 10.753043439233359, 1262, 223.0, 315, 10, 152533.08899235725, -6.865038871765137, 323.01568603515625, 120.86615609537024
LOSS, 19376.9638671875, -37.2904052734375, 65.3795394897461, 20.67979068002935, 937, 207.0, 337, 12, 164910.19384002686, 23.3656005859375, 302.6824645996094, 175.99807240130934
LOSS, 10128.452499389648, -37.44908142089844, 65.7686538696289, 20.50294028216528, 494, 188.09500122070312, 367, 11, 76002.84703826904, 31.83344268798828, 314.58612060546875, 153.8519170815163
LOSS, 6666.4241943359375, -20.71624755859375, 59.263832092285156, 14.91370065846966, 447, 223.0, 370, 6, 75924.67496871948, 36.197444915771484, 319.5520324707031, 169.8538589904239
LOSS, 22057.960693359375, -27.652587890625, 64.5033950805664, 23.79499535421723, 927, 191.0, 338, 11, 169607.82154464722, 10.448705673217773, 337.5047912597656, 182.9642087860272
LOSS, 25381.292770385742, -30.322265625, 69.3443832397461, 25.741676237713733, 986, 167.60000610351562, 334, 18, 193035.57168483734, 9.97242546081543, 316.0622253417969, 195.77644187103178
WIN , 26585.13641357422, -17.372711181640625, 82.5634765625, 33.996338124775214, 782, 204.7271728515625, 347, 25, 171679.89847564697, 54.287750244140625, 315.627685546875, 219.5395121171956
LOSS, 13826.0146484375, -28.2611083984375, 71.3603744506836, 14.755618621598186, 937, 223.0, 337, 14, 167680.34563064575, 13.804319381713867, 337.90447998046875, 178.95447772747679
LOSS, 7538.5048828125, -26.032852172851562, 60.373741149902344, 15.575423311596074, 484, 223.0, 367, 7, 70231.53151226044, 10.23833179473877, 316.3646545410156, 145.1064700666538
LOSS, 7579.6907958984375, -26.092605590820312, 65.2944107055664, 41.64665272471669, 182, 223.0, 387, 7, 39499.92818069458, 53.68965530395508, 311.3142395019531, 217.03257242139878
LOSS, 4255.244201660156, -13.239601135253906, 63.997718811035156, 40.52613525390625, 105, 207.0, 392, 2, 24130.522216796875, 140.44546508789062, 308.2854309082031, 229.8144973028274
LOSS, 14065.000244140625, -37.807373046875, 66.98477935791016, 16.166666947288075, 870, 223.0, 341, 11, 141442.50416183472, 18.32142448425293, 336.415283203125, 162.57759099061462
LOSS, 9539.640357971191, -13.4268798828125, 64.6065444946289, 42.39840159098307, 225, 209.6999969482422, 384, 7, 54538.53084564209, 84.52207946777344, 328.918701171875, 242.39347042507595
LOSS, 11387.69921875, -28.207550048828125, 64.0407485961914, 11.186345008595286, 1018, 223.0, 332, 7, 147693.4550766945, 7.709217548370361, 329.88031005859375, 145.0819794466547
LOSS, 14588.581787109375, -33.807838439941406, 66.04009246826172, 23.95497830395628, 609, 223.0, 359, 12, 124490.3152999878, 19.982784271240234, 331.8036193847656, 204.41759490966797
LOSS, 10438.651000976562, -16.7203369140625, 70.4735336303711, 26.62921173718511, 392, 191.0, 373, 8, 86136.30946731567, 46.56932067871094, 324.5223388671875, 219.73548333498897
LOSS, 13440.136413574219, -22.093589782714844, 68.9818344116211, 26.88027282714844, 500, 204.7271728515625, 366, 10, 103927.91946411133, 40.66160583496094, 336.9043884277344, 207.85583892822265
LOSS, 10384.700805664062, -18.204200744628906, 69.3575210571289, 27.692535481770832, 375, 191.0, 374, 7, 84015.8604259491, 26.808141708374023, 331.2663879394531, 224.0422944691976
LOSS, 13926.214111328125, -26.092529296875, 64.03861236572266, 20.878881726129123, 667, 159.0, 355, 7, 153868.5344543457, 82.92779541015625, 347.5993957519531, 230.68745795254227
LOSS, 11775.540115356445, -36.69921875, 67.7263412475586, 25.880307945838343, 455, 143.68539428710938, 369, 10, 104656.31090927124, 58.1269645690918, 329.88348388671875, 230.01387013026647
LOSS, 11960.624633789062, -37.0, 67.90792083740234, 13.700600955084838, 873, 223.0, 341, 11, 149365.68772125244, 13.807275772094727, 328.8663024902344, 171.09471674828458
LOSS, 18233.268798828125, -21.47314453125, 70.85774993896484, 19.92706972549522, 915, 207.0, 338, 17, 172121.28372192383, 30.81026840209961, 331.98480224609375, 188.11069259226647
LOSS, 13934.121337890625, -21.463096618652344, 70.4137191772461, 14.060667343986504, 991, 223.0, 333, 15, 161242.31993865967, 29.960575103759766, 343.98822021484375, 162.7066800591924
LOSS, 14421.742919921875, -17.662269592285156, 66.5978012084961, 27.73412099984976, 520, 207.0, 365, 15, 105959.15985107422, 20.618148803710938, 351.06488037109375, 203.76761509821966
LOSS, 18893.647705078125, -33.000244140625, 70.8946762084961, 22.73603815292193, 831, 223.0, 344, 12, 157261.61261367798, 15.052215576171875, 362.9765319824219, 189.2438178263273
LOSS, 13319.0, -37.43743896484375, 70.1201400756836, 9.880563798219585, 1348, 207.0, 310, 12, 223711.9581489563, 8.572136878967285, 325.0916748046875, 165.95842592652545
LOSS, 12278.031005859375, -17.66242218017578, 67.9427261352539, 28.957620296838147, 424, 175.0, 371, 6, 98797.10900878906, 38.3341178894043, 339.1860656738281, 233.01204954903082
LOSS, 19009.635498046875, -24.588058471679688, 82.88126373291016, 12.896631952541977, 1474, 191.0, 301, 18, 355732.54490089417, 11.571184158325195, 360.9768981933594, 241.33822584863918
LOSS, 15340.25048828125, -34.0869140625, 83.44023132324219, 23.894471165547117, 642, 223.0, 357, 18, 152930.411796093, 7.873158931732178, 348.29156494140625, 238.20936416836915
LOSS, 8536.047119140625, -16.362045288085938, 68.1148452758789, 40.26437320349351, 212, 207.0, 385, 5, 50045.132751464844, 38.940284729003906, 342.4895324707031, 236.0619469408719
LOSS, 19379.0, -33.000244140625, 65.4497299194336, 24.34547738693467, 796, 207.0, 346, 15, 168524.93927001953, 41.135169982910156, 336.2579040527344, 211.7147478266577
LOSS, 10168.467407226562, -20.042816162109375, 68.8496322631836, 28.3244217471492, 359, 175.0, 376, 9, 87232.30219268799, 81.86820220947266, 342.4080505371094, 242.9869141857604
LOSS, 14415.011474609375, -25.2093505859375, 67.9448471069336, 30.031273905436198, 480, 191.0, 367, 9, 119886.08388519287, 29.922897338867188, 352.4474792480469, 249.76267476081847
LOSS, 25089.966796875, -37.807373046875, 66.9722671508789, 29.03931342230903, 864, 207.0, 342, 22, 206181.55309295654, 42.168819427490234, 367.3257751464844, 238.63605682055154
LOSS, 11997.049194335938, -27.71759033203125, 66.7476577758789, 24.736183905847295, 485, 223.0, 367, 10, 119466.77571868896, 66.43447875976562, 362.5146179199219, 246.32324890451332
WIN , 25394.0, -26.41326904296875, 68.7044448852539, 17.5980595980596, 1443, 207.0, 303, 23, 317572.18720817566, 31.345491409301758, 358.15289306640625, 220.07774581301155
LOSS, 23664.032470703125, -48.69001007080078, 67.2945327758789, 21.931448072940803, 1079, 191.0, 328, 31, 236016.7036819458, 30.474857330322266, 359.0704345703125, 218.73651870430567
LOSS, 2587.224998474121, -40.11299133300781, 70.41876983642578, 0.4312760457533124, 5999, 210.5500030517578, 0, 30, 806737.7325820923, 13.764871597290039, 362.5427551269531, 134.47870188066216
LOSS, 6148.1673583984375, -14.662391662597656, 66.99454498291016, 28.202602561460722, 218, 223.0, 385, 2, 52157.7315864563, 60.23814010620117, 373.63555908203125, 239.25564947915734
WIN , 26465.250003814697, -26.092605590820312, 73.82109451293945, 31.885843378089998, 830, 124.49999237060547, 344, 20, 196872.8783340454, 40.549095153808594, 367.629638671875, 237.1962389566812
LOSS, 13251.94970703125, -37.88737487792969, 69.9188003540039, 16.36043173707562, 810, 223.0, 345, 8, 176074.5873298645, 9.4158935546875, 363.759765625, 217.37603374057346
LOSS, 9218.949241638184, -24.4195556640625, 66.5678939819336, 24.715681612971, 373, 201.8000030517578, 375, 6, 77865.4046535492, 13.58238410949707, 354.65606689453125, 208.7544360684965
LOSS, 10940.375366210938, -18.326812744140625, 63.80529022216797, 32.17757460650276, 340, 175.0, 377, 10, 86695.89699935913, 57.27974319458008, 364.815185546875, 254.98793235105626
LOSS, 18854.794921875, -24.701889038085938, 67.0653305053711, 19.161376953125, 984, 175.0, 334, 20, 195725.35121178627, -1.3609044551849365, 388.90447998046875, 198.90787724775026
LOSS, 14511.0, -33.000244140625, 68.1880874633789, 19.399732620320854, 748, 223.0, 350, 9, 146811.0203037262, 29.870283126831055, 385.10931396484375, 196.27141751835052
LOSS, 5253.120300292969, -22.84002685546875, 63.87915802001953, 11.129492161637646, 472, 191.0, 368, 4, 70188.20804214478, 13.691843032836914, 350.33563232421875, 148.70383059776435
LOSS, 12669.7900390625, -19.358070373535156, 65.8846206665039, 25.44134545996486, 498, 175.0, 366, 8, 111176.77513885498, 32.89516830444336, 373.94146728515625, 223.24653642340357
LOSS, 10128.201049804688, -20.002357482910156, 68.77523040771484, 14.938349630980365, 678, 207.0, 354, 6, 106280.2045173645, 25.213518142700195, 392.8153381347656, 156.75546388991813
LOSS, 8471.0, -19.0604248046875, 61.34063720703125, 18.741150442477878, 452, 223.0, 369, 9, 87611.75507736206, 45.894752502441406, 385.7030029296875, 193.83131654283642
LOSS, 2837.189178466797, -15.612335205078125, 61.751861572265625, 22.340072271392103, 127, 175.0, 391, 2, 25073.184810638428, 46.12748718261719, 350.97430419921875, 197.4266520522711
LOSS, 8695.326538085938, -18.65386962890625, 62.01438903808594, 26.429563945549962, 329, 175.0, 378, 7, 90923.53485870361, 117.85099029541016, 373.30194091796875, 276.3633278380049
LOSS, 14781.0, -34.99951171875, 61.815696716308594, 24.676126878130216, 599, 223.0, 360, 8, 151606.94562911987, 59.793968200683594, 388.5959167480469, 253.10007617549226
LOSS, 5134.128662109375, -17.580276489257812, 63.05206298828125, 37.47539169422902, 137, 223.0, 390, 6, 39087.923736572266, 136.35130310058594, 395.70465087890625, 285.31331194578297
LOSS, 14129.40087890625, -20.35759735107422, 60.77783203125, 27.868640786797336, 507, 223.0, 366, 13, 126865.63411712646, 47.694618225097656, 364.6233215332031, 250.22807518170902
LOSS, 15290.324951171875, -26.092529296875, 60.185157775878906, 14.576096235626192, 1049, 223.0, 330, 16, 235759.6614265442, 33.9052619934082, 395.0143127441406, 224.74705569737293
LOSS, 10401.178466796875, -18.612289428710938, 67.94454193115234, 27.157123934195496, 383, 191.0, 374, 9, 93522.25039291382, 53.22830581665039, 365.17401123046875, 244.1834213914199
LOSS, 5516.644958496094, -21.34002685546875, 61.3958740234375, 15.852428041655442, 348, 207.0, 376, 1, 81762.67826080322, 64.92159271240234, 363.5407409667969, 234.95022488736558
WIN , 23191.725425720215, -44.181007385253906, 69.72249603271484, 12.283752873792487, 1888, 151.5491485595703, 274, 22, 344525.72130584717, 49.81132125854492, 386.39776611328125, 182.48184391199533
LOSS, 20263.763916015625, -38.0, 66.7918930053711, 22.073816901977803, 918, 191.0, 338, 13, 212292.23744010925, 18.561086654663086, 384.3504333496094, 231.2551606101408
LOSS, 11999.953796386719, -34.0001220703125, 58.727928161621094, 24.844624837239582, 483, 180.1680908203125, 367, 5, 125640.0936126709, 51.4736213684082, 364.1986389160156, 260.1244174175381
LOSS, 24875.7353515625, -21.34002685546875, 70.6737289428711, 23.512037194293477, 1058, 191.0, 329, 18, 267804.4725189209, 27.14145278930664, 368.7583312988281, 253.12331996117288
LOSS, 26044.00048828125, -39.999755859375, 66.4620132446289, 18.589579220757496, 1401, 223.0, 306, 15, 298087.33409929276, 3.0235581398010254, 381.05474853515625, 212.7675475369684
LOSS, 13347.831886291504, -31.220619201660156, 68.45023345947266, 15.431019521724282, 865, 181.3357391357422, 342, 11, 159114.09797477722, 20.35696029663086, 371.4854736328125, 183.94693407488697
LOSS, 7717.650001525879, -15.93048095703125, 66.1925277709961, 26.98479021512545, 286, 209.6999969482422, 380, 8, 76006.27226257324, 63.65815734863281, 400.71856689453125, 265.7561967222841
LOSS, 18526.36297607422, -33.59759521484375, 68.4068832397461, 16.79633996017608, 1103, 186.4561767578125, 326, 12, 212420.7614221573, 4.18055534362793, 394.686279296875, 192.58455251328857
LOSS, 3797.1764526367188, -32.934722900390625, 63.67247772216797, 16.29689464650952, 233, 223.0, 384, 2, 56853.46714782715, 72.14199829101562, 374.53485107421875, 244.00629677179035
LOSS, 13231.0, -17.35832977294922, 68.7496109008789, 28.76304347826087, 460, 223.0, 369, 9, 121876.73775482178, 52.04030990600586, 396.7523193359375, 264.94942990178646
LOSS, 14229.409423828125, -39.0, 64.9565658569336, 16.29943805707689, 873, 223.0, 341, 16, 168726.9103603363, 17.658266067504883, 386.4556579589844, 193.27252045857537
LOSS, 8208.075622558594, -21.46302032470703, 54.87681579589844, 17.538623125125202, 468, 186.4561767578125, 368, 8, 91282.58535003662, 25.131553649902344, 385.6453857421875, 195.04825929495004
LOSS, 5068.1175537109375, -18.23295021057129, 63.82171630859375, 26.815436792121364, 189, 191.0, 387, 3, 43215.33362579346, 41.285274505615234, 371.16241455078125, 228.65255886663203
LOSS, 14191.0, -21.770355224609375, 62.847511291503906, 27.395752895752896, 518, 223.0, 365, 8, 140323.96182250977, 117.0329818725586, 390.0818176269531, 270.8956791940343
LOSS, 11975.68017578125, -18.81591796875, 68.6107406616211, 32.990854478736225, 363, 223.0, 375, 6, 104795.21053314209, 85.3275146484375, 377.9230651855469, 288.6920400362041
LOSS, 11300.018028259277, -21.34002685546875, 65.2153549194336, 31.38893896738688, 360, 209.6038360595703, 375, 8, 102756.71338653564, 83.29312896728516, 404.2372741699219, 285.435314962599
LOSS, 20274.300003051758, -29.547874450683594, 71.08846282958984, 24.937638380137464, 813, 196.39999389648438, 345, 19, 202195.56719970703, 27.214826583862305, 383.4617614746094, 248.7030346859865
LOSS, 24788.376708984375, -37.43743896484375, 67.94454193115234, 22.59651477573781, 1097, 223.0, 326, 23, 294643.57635879517, 38.577877044677734, 398.4871826171875, 268.5903157327212
LOSS, 14573.702392578125, -32.095947265625, 66.17774200439453, 27.549531933039933, 529, 175.0, 364, 12, 148136.01301574707, 50.92720031738281, 381.5415954589844, 280.03027035112865
LOSS, 13511.802505493164, -17.368690490722656, 65.8913345336914, 38.27706092207695, 353, 201.39498901367188, 376, 7, 94969.22765350342, 57.29724884033203, 397.3794250488281, 269.0346392450522
LOSS, 15724.966064453125, -57.64649963378906, 67.52783966064453, 16.312205461050958, 964, 223.0, 335, 15, 244842.21837615967, 25.531005859375, 401.08648681640625, 253.9857037097092
LOSS, 19961.0, -33.740234375, 68.8497085571289, 21.863088718510404, 913, 223.0, 339, 18, 230472.56533813477, 29.515705108642578, 400.34814453125, 252.4343541491071
LOSS, 9602.26953125, -25.763916015625, 60.97564697265625, 18.609049479166668, 516, 223.0, 365, 2, 134590.0757484436, 61.23623275756836, 399.9001770019531, 260.83348013264265
LOSS, 22885.482421875, -26.092529296875, 65.3426284790039, 17.36379546424507, 1318, 223.0, 312, 16, 312512.3028526306, 23.186250686645508, 399.1880798339844, 237.11100368181383
LOSS, 15107.0, -27.093505859375, 67.04549407958984, 17.364367816091953, 870, 191.0, 341, 13, 220207.0673084259, 7.684980392456055, 393.73760986328125, 253.11157161888036
LOSS, 15775.275634765625, -31.43964385986328, 67.6848373413086, 25.07992946703597, 629, 207.0, 358, 16, 168146.07739830017, 27.835283279418945, 398.8441162109375, 267.3228575489669
LOSS, 12037.538818359375, -20.662452697753906, 69.50971221923828, 28.190957420045375, 427, 207.0, 371, 9, 108660.05146408081, 43.53919219970703, 404.858642578125, 254.4731884404703
LOSS, 15531.451416015625, -35.99951171875, 71.1668930053711, 21.481952165996717, 723, 175.0, 351, 12, 143556.3393893242, 3.1553521156311035, 404.42333984375, 198.55648601566278
LOSS, 3681.1485595703125, -19.996780395507812, 59.38213348388672, 14.212928801429777, 259, 191.0, 382, 1, 52458.038190841675, 28.440847396850586, 379.61126708984375, 202.5406879955277
LOSS, 12945.958251953125, -28.704833984375, 63.669044494628906, 18.415303345594772, 703, 175.0, 353, 10, 172947.50870513916, 79.7198257446289, 391.4678649902344, 246.01352589635727
LOSS, 8650.297485351562, -25.569839477539062, 66.76900482177734, 29.828612018453665, 290, 223.0, 380, 6, 78345.31944274902, 65.97480773925781, 379.9272766113281, 270.15627394051387
LOSS, 8666.235595703125, -17.525062561035156, 67.22037506103516, 30.950841413225447, 280, 223.0, 381, 8, 75775.2714061737, 23.046470642089844, 413.55670166015625, 270.6259693077632
LOSS, 12869.296020507812, -32.09716796875, 64.2592544555664, 22.697171112006725, 567, 207.0, 362, 8, 140913.12714004517, 50.45326614379883, 399.2646179199219, 248.52403375669343
LOSS, 20241.0, -37.0, 64.8055191040039, 28.388499298737727, 713, 223.0, 352, 15, 203563.82639312744, 49.04132843017578, 393.12481689453125, 285.50326282346066
LOSS, 21850.11279296875, -37.437744140625, 62.889610290527344, 14.290459642229399, 1529, 191.0, 298, 20, 360584.92192840576, 41.563663482666016, 394.8448791503906, 235.8305571801215
LOSS, 12419.0, -26.092605590820312, 63.195411682128906, 28.225, 440, 207.0, 370, 10, 124115.670753479, 35.2431755065918, 406.1438293457031, 282.08106989427046
LOSS, 20334.00048828125, -42.438133239746094, 59.011451721191406, 19.110902714550047, 1064, 223.0, 329, 27, 278696.41141319275, 27.41122055053711, 407.3434143066406, 261.9327174936022
LOSS, 8696.345703125, -26.226806640625, 63.337303161621094, 26.84057315779321, 324, 191.0, 378, 7, 96065.40782928467, 109.39759063720703, 391.28900146484375, 296.498172312607
LOSS, 7454.8897705078125, -19.489707946777344, 61.218482971191406, 28.672652963491586, 260, 223.0, 382, 6, 69132.45250701904, 91.47337341308594, 393.51251220703125, 265.8940481039194
LOSS, 9621.316184997559, -16.00006103515625, 56.454078674316406, 25.186691583763242, 382, 201.8000030517578, 374, 3, 118222.19958496094, 123.22615051269531, 403.470947265625, 309.48219786638987
LOSS, 10650.292114257812, -26.092529296875, 64.91675567626953, 31.791916758978545, 335, 207.0, 377, 7, 105775.93006896973, 198.62387084960938, 391.7855224609375, 315.7490449819992
LOSS, 6151.438232421875, -35.0001220703125, 70.65131378173828, 20.436671868511212, 301, 223.0, 379, 3, 76589.55192184448, 30.943561553955078, 420.9825439453125, 254.450338610779
LOSS, 23481.137351989746, -22.492965698242188, 64.6739730834961, 15.560727204764577, 1509, 201.8000030517578, 299, 24, 306234.51986312866, 19.235748291015625, 398.31915283203125, 202.93871428968103
LOSS, 11044.190551757812, -18.722877502441406, 63.150245666503906, 13.962314224725427, 791, 191.0, 347, 8, 217337.97201538086, 16.575529098510742, 387.4159851074219, 274.7635550131237
LOSS, 25968.265625, -32.620859146118164, 66.8306655883789, 18.548761160714285, 1400, 223.0, 306, 26, 352326.2431297302, 26.6905574798584, 402.74359130859375, 251.6616022355216
LOSS, 24139.057556152344, -16.753623962402344, 65.07682037353516, 34.88303115050917, 692, 191.8800048828125, 353, 16, 198388.2956943512, 20.626413345336914, 401.4746398925781, 286.688288575652
LOSS, 17639.140380859375, -24.235260009765625, 66.5025863647461, 16.944419193909102, 1041, 207.0, 330, 11, 254207.3350830078, 25.577743530273438, 410.83880615234375, 244.19532668876832
LOSS, 16872.595458984375, -41.00048828125, 66.14720916748047, 8.861657278878349, 1904, 223.0, 273, 18, 312305.5540161133, 23.765329360961914, 411.82000732421875, 164.02602626896706
LOSS, 21849.0341796875, -43.0731201171875, 61.85600280761719, 23.87872587943989, 915, 207.0, 338, 11, 253423.76879119873, 74.00053405761719, 410.80853271484375, 276.9658675313647
LOSS, 19694.706787109375, -22.830810546875, 64.2442855834961, 22.927481707927097, 859, 207.0, 342, 18, 251347.90435028076, 127.2877426147461, 406.2492980957031, 292.60524371394735
LOSS, 7677.1661376953125, -23.84143829345703, 63.685523986816406, 19.584607494120696, 392, 175.0, 373, 5, 97803.45784378052, 41.866844177246094, 402.7480163574219, 249.49861694841968
LOSS, 16680.044189453125, -18.6700439453125, 70.2025375366211, 26.77374669254113, 623, 223.0, 358, 14, 165561.3674736023, 27.89285659790039, 415.4789123535156, 265.74858342472277
LOSS, 4143.9998779296875, -17.662269592285156, 60.553504943847656, 20.01932308178593, 207, 223.0, 386, 5, 44922.7333946228, 60.051822662353516, 386.2823791503906, 217.01803572281548
LOSS, 9924.158714294434, -18.20404815673828, 66.5566177368164, 29.27480446694523, 339, 185.8000030517578, 377, 10, 105422.7442703247, 94.77092742919922, 418.7236022949219, 310.9815465201319
LOSS, 17474.00048828125, -26.803062438964844, 61.77947998046875, 18.993478791610055, 920, 223.0, 338, 9, 227410.1188583374, 29.96636962890625, 418.7465515136719, 247.18491180254065
LOSS, 8326.666259765625, -13.27532958984375, 64.18692779541016, 37.84848299893466, 220, 175.0, 385, 10, 69834.6010131836, 148.83755493164062, 412.7917175292969, 317.43000460537996
LOSS, 21269.0, -26.092529296875, 70.96639251708984, 25.533013205282113, 833, 207.0, 344, 20, 241992.77097702026, 42.716041564941406, 425.1201171875, 290.5075281836978
LOSS, 10201.0, -21.412513732910156, 66.12691497802734, 15.914196567862714, 641, 223.0, 357, 11, 179217.20043945312, 37.5923957824707, 407.345703125, 279.5900162861983
WIN , 24214.0, -38.408203125, 81.4241714477539, 14.648517846339988, 1653, 207.0, 289, 18, 407015.0753135681, 40.37897491455078, 401.59039306640625, 246.2281157371858
LOSS, 6519.038757324219, -13.000030517578125, 62.171630859375, 30.321110499182414, 215, 207.0, 385, 4, 66197.3053817749, 115.53334045410156, 391.9267578125, 307.89444363616235
LOSS, 6288.620361328125, -18.6700439453125, 69.1164321899414, 11.169840783886546, 563, 207.0, 362, 8, 148817.95902633667, 61.53102493286133, 402.138427734375, 264.3303002243991
LOSS, 16050.576416015625, -19.455406188964844, 67.6869888305664, 29.02455048104091, 553, 223.0, 363, 10, 168547.2593460083, 70.32550048828125, 437.02996826171875, 304.7870874249698
LOSS, 10234.023742675781, -19.0604248046875, 70.8348617553711, 13.848475971144495, 739, 154.4561767578125, 350, 9, 126132.32009124756, 31.27356719970703, 411.8609619140625, 170.6797294874798
LOSS, 10876.55810546875, -18.00731658935547, 67.8539047241211, 17.021217692439357, 639, 191.0, 357, 12, 168468.9360370636, 1.3634824752807617, 414.1968994140625, 263.6446573349978
LOSS, 24701.911865234375, -38.0, 65.9483871459961, 18.230193258475552, 1355, 223.0, 309, 29, 310628.9662017822, 25.76421546936035, 427.1019592285156, 229.2464695216105
LOSS, 23162.573486328125, -19.3548583984375, 64.38452911376953, 32.259851652267585, 718, 223.0, 352, 17, 205269.33723449707, 20.06205940246582, 425.9959411621094, 285.89044183077584
LOSS, 17879.0, -19.390625, 71.7662582397461, 23.838666666666665, 750, 207.0, 349, 13, 201402.92150878906, 28.449275970458984, 420.9271545410156, 268.5372286783854
LOSS, 7826.1715087890625, -33.000244140625, 70.93953704833984, 16.1697758446055, 484, 223.0, 367, 7, 92888.38923835754, 25.190500259399414, 438.21685791015625, 191.91815958338336
LOSS, -8148.052787780762, -34.0869140625, 56.80511474609375, -1.3582351704918756, 5999, 227.82737731933594, 0, 8, 535674.5262384415, 1.1922187805175781, 422.6370849609375, 89.29397003474604
LOSS, 11316.744873046875, -16.23963165283203, 62.77587890625, 28.649987020371835, 395, 191.0, 373, 7, 110916.59867095947, 43.747215270996094, 417.2098388671875, 280.8015156226822
LOSS, 25275.810546875, -18.204200744628906, 84.31877899169922, 26.38393585268789, 958, 175.0, 336, 25, 291995.52795028687, 33.079002380371094, 446.9871520996094, 304.79700203579006
LOSS, 10431.487182617188, -12.9998779296875, 63.142311096191406, 42.232741630029096, 247, 207.0, 383, 3, 81086.74378967285, 145.31971740722656, 429.3815002441406, 328.2864121039387
LOSS, 14401.38037109375, -15.66986083984375, 65.6020278930664, 39.02813108697493, 369, 207.0, 375, 8, 114604.43772888184, 57.8813591003418, 430.44281005859375, 310.5811320565903
LOSS, 15241.0, -20.1611328125, 68.2134017944336, 28.702448210922785, 531, 223.0, 364, 11, 150613.90238189697, 69.73955535888672, 427.5492858886719, 283.64200071920334
LOSS, 23329.08544921875, -40.999755859375, 66.80684661865234, 15.31784993382715, 1523, 207.0, 298, 15, 330221.73443603516, 32.810943603515625, 430.8251037597656, 216.8232005489397
LOSS, 7219.0, -18.579620361328125, 64.79666900634766, 26.346715328467152, 274, 207.0, 381, 5, 86149.7158203125, 113.48442840576172, 447.7956237792969, 314.41502124201645
LOSS, 18460.819091796875, -28.683456420898438, 65.3722152709961, 15.474282558086232, 1193, 175.0, 320, 22, 305782.7977409363, 27.08899688720703, 428.8752746582031, 256.31416407454844
WIN , 25893.28000640869, -43.350196838378906, 90.6985092163086, 16.163096133838135, 1602, 148.4399871826172, 293, 29, 342320.5054001808, 5.8498101234436035, 414.1336364746094, 213.68321186028766
LOSS, 21957.59619140625, -19.0338134765625, 69.5516128540039, 25.561811631439173, 859, 207.0, 342, 13, 242797.361743927, 62.133026123046875, 434.1955261230469, 282.6511778159802
LOSS, 6762.33740234375, -20.662376403808594, 56.169349670410156, 23.158689734053937, 292, 207.0, 380, 4, 83861.30297470093, 46.74266052246094, 429.51092529296875, 287.19624306404427
LOSS, 21654.00048828125, -42.60326385498047, 71.10799407958984, 19.403226243979613, 1116, 223.0, 325, 23, 294954.4939827919, 5.675329685211182, 422.21539306640625, 264.2961415616415
LOSS, 17948.260498046875, -24.931640625, 63.131614685058594, 30.892014626586704, 581, 175.0, 361, 11, 181232.50561523438, 104.74315643310547, 429.3360900878906, 311.93202343413833
LOSS, 3837.660888671875, -13.000030517578125, 56.77490234375, 31.98050740559896, 120, 207.0, 391, 1, 35738.117851257324, 118.21141052246094, 398.0502624511719, 297.8176487604777
WIN , 26451.0, -21.721656799316406, 68.8451156616211, 20.069044006069802, 1318, 153.0, 312, 26, 381008.6942424774, 19.249475479125977, 420.2881164550781, 289.0809516255519
LOSS, 20467.57666015625, -39.0, 70.6175765991211, 19.32726785661591, 1059, 207.0, 329, 23, 241541.78883743286, 13.573343276977539, 429.1941223144531, 228.08478643761364
LOSS, 9684.768310546875, -33.42218017578125, 68.5082015991211, 21.285205078125, 455, 223.0, 369, 7, 138710.16607666016, 62.5906982421875, 417.0411376953125, 304.85750786079154
LOSS, 5135.416175842285, -31.9720458984375, 61.47740936279297, 13.694443135579426, 375, 138.4480438232422, 374, 5, 104153.82836914062, 66.21951293945312, 415.8848876953125, 277.7435423177083
LOSS, 15062.240234375, -30.322265625, 68.7694320678711, 30.61430941946138, 492, 223.0, 367, 10, 128317.58923912048, 19.608715057373047, 431.2385559082031, 260.8081082095945
LOSS, 25443.163719177246, -25.2099609375, 67.2069320678711, 23.40677435066904, 1087, 201.8000030517578, 327, 16, 278914.7475090027, 46.74898147583008, 418.49005126953125, 256.59130405612024
LOSS, 6199.7593994140625, -15.591896057128906, 60.840065002441406, 25.725142736157935, 241, 191.0, 383, 1, 67545.65074920654, 81.59636688232422, 395.5250244140625, 280.272409747745
LOSS, 9233.999877929688, -19.13629150390625, 64.09911346435547, 12.512194956544292, 738, 223.0, 350, 8, 167301.128364563, 21.44287872314453, 426.87188720703125, 226.69529588694172
LOSS, 7911.0, -38.0, 70.1607437133789, 11.018105849582172, 718, 223.0, 352, 12, 114232.42441654205, 2.0959463119506836, 418.4392395019531, 159.09808414560175
LOSS, 8382.754272460938, -17.66242218017578, 68.67667388916016, 28.03596746642454, 299, 207.0, 380, 4, 77288.05919647217, 58.69597244262695, 416.1854248046875, 258.48849229589354
LOSS, 7890.438232421875, -31.7108154296875, 65.29837799072266, 31.18750289494812, 253, 175.0, 383, 6, 75861.30351257324, 113.81753540039062, 407.6657409667969, 299.84704945681125
LOSS, 15491.0, -36.0, 67.60550689697266, 11.77127659574468, 1316, 223.0, 312, 11, 272501.4243412018, 26.348133087158203, 414.97906494140625, 207.06795162705302
LOSS, 5492.544105529785, -16.00006103515625, 64.3364486694336, 27.740121745099923, 198, 175.5953826904297, 386, 6, 64197.202697753906, 128.4691619873047, 430.67779541015625, 324.22829645330256
LOSS, 17374.300003051758, -19.70492172241211, 69.3154067993164, 23.703001368419862, 733, 196.39999389648438, 351, 17, 189284.42429208755, -7.302979946136475, 432.23773193359375, 258.23250244486707
LOSS, 9688.599609375, -14.690025329589844, 67.63249969482422, 30.182553300233646, 321, 207.0, 378, 5, 92524.97225189209, 64.50859832763672, 430.9042053222656, 288.2397889467043
LOSS, 9140.66015625, -28.820716857910156, 61.435768127441406, 20.49475371356502, 446, 207.0, 370, 7, 123967.38299179077, 55.364139556884766, 412.63262939453125, 277.95377352419456
LOSS, 8041.2581787109375, -28.209686279296875, 57.827964782714844, 18.700600415606832, 430, 223.0, 371, 3, 109538.45955657959, 78.91940307617188, 424.1331481933594, 254.74060361995254
LOSS, 5543.988525390625, -20.662452697753906, 65.2422103881836, 35.31202882414411, 157, 191.0, 389, 3, 38887.42173194885, 27.538930892944336, 409.0013732910156, 247.690584279929
LOSS, 3721.464599609375, -13.000030517578125, 70.67984771728516, 42.77545516792385, 87, 207.0, 394, 3, 30156.58233642578, 160.27484130859375, 436.8180236816406, 346.6273831773078
WIN , 25612.0, -31.762550354003906, 82.760009765625, 15.54126213592233, 1648, 191.0, 290, 13, 328472.253698349, 19.12908172607422, 436.1588439941406, 199.31568792375546
LOSS, 22233.65000152588, -19.72052001953125, 67.8157730102539, 21.33747600914192, 1042, 177.6999969482422, 330, 12, 279319.77887535095, 22.172103881835938, 424.60894775390625, 268.0612081337341
LOSS, 5977.0, -16.93126678466797, 59.7625732421875, 15.770448548812665, 379, 191.0, 374, 5, 92779.6702709198, 28.761507034301758, 441.5857849121094, 244.80124082036886
LOSS, 9999.994140625, -20.161209106445312, 70.4918441772461, 21.141636660940804, 473, 223.0, 368, 9, 115247.69454860687, -0.8253564834594727, 419.15411376953125, 243.65263118098704
LOSS, 7087.2457275390625, -33.1787109375, 58.817054748535156, 14.983606189300344, 473, 223.0, 368, 7, 136850.51628112793, 104.63777160644531, 443.9276123046875, 289.3245587338857
LOSS, 21591.83213043213, -38.421302795410156, 67.1019515991211, 18.87397913499312, 1144, 181.3357391357422, 323, 22, 278528.000169754, 28.552194595336914, 451.87738037109375, 243.46853161691786
LOSS, 4172.094482421875, -34.089698791503906, 63.11530303955078, 0.7789571475768997, 5356, 207.0, 42, 11, 503228.41161489487, 6.542789936065674, 413.6127624511719, 93.95601411779217
LOSS, 8801.337768554688, -37.0, 65.8919448852539, 26.430443749413477, 333, 191.0, 377, 5, 92799.46999359131, 61.190921783447266, 407.5684814453125, 278.67708706784174
LOSS, 11068.557495117188, -18.462913513183594, 64.2494888305664, 10.581794928410313, 1046, 207.0, 330, 8, 154581.80212783813, 18.088077545166016, 437.50738525390625, 147.7837496442047
LOSS, 7698.512336730957, -20.662452697753906, 68.8762435913086, 15.615643685052651, 493, 184.83079528808594, 367, 8, 138549.51434707642, 31.386497497558594, 426.46746826171875, 281.0334976614126
LOSS, 4906.72412109375, -15.612335205078125, 67.2221908569336, 37.17215243252841, 132, 191.0, 391, 4, 37305.66614151001, 50.07234573364258, 416.6061096191406, 282.6186828902273
LOSS, 21728.5009765625, -27.589111328125, 65.6379623413086, 21.53468877756442, 1009, 175.0, 332, 17, 289249.208568573, 58.890464782714844, 444.05133056640625, 286.66918589551335
LOSS, 10878.917846679688, -16.015167236328125, 64.3947525024414, 25.90218534923735, 420, 175.0, 371, 8, 112753.02857208252, 80.13375091552734, 427.6996765136719, 268.4595918382917
WIN , 26617.74871826172, -28.768310546875, 70.42012786865234, 24.487349326827708, 1087, 199.5025634765625, 327, 20, 280565.53661727905, 26.665142059326172, 436.89007568359375, 258.10996928912516
WIN , 25714.0, -30.41802215576172, 77.396240234375, 16.326349206349207, 1575, 207.0, 294, 33, 378940.69261312485, 7.643395900726318, 421.31793212890625, 240.59726515119038
LOSS, 5959.447998046875, -12.9998779296875, 59.937049865722656, 30.098222212357953, 198, 207.0, 386, 3, 63161.20762634277, 188.6087646484375, 408.6773986816406, 318.9959981128423
WIN , 26499.415954589844, -19.48956298828125, 69.57450103759766, 22.287145462228633, 1189, 196.1680908203125, 320, 29, 338393.74139404297, 32.14737319946289, 423.6717224121094, 284.6036512986064
LOSS, 11539.00537109375, -16.123519897460938, 66.0551986694336, 40.34617262620192, 286, 223.0, 380, 6, 88160.25968933105, 95.42410278320312, 434.3416748046875, 308.2526562564023
LOSS, 16430.293212890625, -35.99951171875, 68.0147476196289, 20.589339865777724, 798, 223.0, 346, 10, 226294.2850151062, 14.39129638671875, 431.5001525878906, 283.5767982645441
LOSS, 13608.6982421875, -36.9998779296875, 66.6069564819336, 26.841613889916175, 507, 159.0, 366, 8, 148409.2622833252, 79.82099914550781, 435.2397155761719, 292.7204384286493
LOSS, 16656.151611328125, -20.993751525878906, 63.609519958496094, 22.785433120831907, 731, 191.0, 351, 13, 182417.61598205566, 29.662742614746094, 413.93011474609375, 249.54530230103373
LOSS, 15066.34880065918, -19.115463256835938, 69.1222152709961, 22.862441275658846, 659, 199.20425415039062, 356, 9, 174760.2265510559, 45.07648468017578, 429.9486389160156, 265.1900251154111
LOSS, 6078.0, -37.281494140625, 61.974998474121094, 1.0131688614769128, 5999, 189.0, 0, 27, 801904.4860458374, 26.910810470581055, 448.7823486328125, 133.67302651205824
WIN , 25733.75, -40.00048828125, 80.8779296875, 14.178374655647383, 1815, 127.5, 278, 22, 326166.2255516052, 28.59632110595703, 416.67974853515625, 179.7059093948238
LOSS, 1521.0, -13.000030517578125, 53.330665588378906, 18.77777777777778, 81, 223.0, 394, 2, 18648.017837524414, 89.18012237548828, 434.2428283691406, 230.222442438573
WIN , 25956.802505493164, -26.092529296875, 93.52506256103516, 35.02942308433625, 741, 201.39498901367188, 350, 14, 231312.93368530273, 57.11005401611328, 436.4588928222656, 312.1632033539848
LOSS, 13827.107421875, -28.867530822753906, 69.8680648803711, 31.00248300868834, 446, 191.0, 370, 7, 119347.63222503662, 36.961544036865234, 405.8600769042969, 267.5955879485126
LOSS, 8264.437622070312, -20.71624755859375, 66.1864242553711, 25.196456164848513, 328, 207.0, 378, 5, 90407.9395980835, 68.63814544677734, 416.39288330078125, 275.633962189279
LOSS, 7737.0302734375, -18.72193145751953, 61.822662353515625, 25.038932923745953, 309, 223.0, 379, 5, 67672.9916267395, 27.54157257080078, 430.23486328125, 219.00644539397896
WIN , 424.8321304321289, -33.000244140625, 90.9798355102539, 0.07867261674669054, 5400, 165.3357391357422, 39, 26, 1612452.542497635, 31.224817276000977, 430.169921875, 298.6023226847472
LOSS, 7565.2938232421875, -18.20404815673828, 59.15076446533203, 35.68534822284051, 212, 223.0, 385, 3, 59213.41771697998, 66.62408447265625, 409.4413757324219, 279.30857413669804
LOSS, 9945.39599609375, -18.0462646484375, 70.96822357177734, 27.78043574327863, 358, 191.0, 376, 5, 93194.18479156494, 33.95734405517578, 427.7134094238281, 260.31895193174563
LOSS, 10545.712890625, -15.612335205078125, 58.149559020996094, 31.956705729166668, 330, 175.0, 377, 6, 95219.72647094727, 52.14912414550781, 419.96319580078125, 288.54462566953714
LOSS, 21279.377685546875, -19.897628784179688, 69.1838607788086, 36.06674183990996, 590, 223.0, 360, 14, 181774.6678199768, 37.69899368286133, 442.87908935546875, 308.0926573219946
LOSS, 22972.059326171875, -17.078628540039062, 68.7608871459961, 31.043323413745778, 740, 175.0, 350, 15, 221731.1866760254, 37.245628356933594, 440.650146484375, 299.6367387513857
LOSS, 13487.964111328125, -35.0, 65.7970199584961, 24.931541795430913, 541, 223.0, 363, 13, 152971.18829345703, 67.82695007324219, 412.0953674316406, 282.75635544077085
LOSS, 6575.2867431640625, -17.96697235107422, 56.2677001953125, 17.534097981770834, 375, 191.0, 374, 7, 105937.55360412598, 74.95154571533203, 402.3354187011719, 282.50014294433595
LOSS, 12904.327369689941, -19.28697967529297, 70.3136215209961, 36.97515005641817, 349, 211.3721160888672, 376, 11, 99383.4561920166, 35.428672790527344, 439.5079345703125, 284.7663501203914
LOSS, 16004.316650390625, -17.762229919433594, 66.1470718383789, 36.12712562164926, 443, 223.0, 370, 11, 129895.4962348938, 53.932796478271484, 421.07855224609375, 293.21782445799954
LOSS, 22485.485595703125, -40.425331115722656, 69.1365737915039, 21.704136675389115, 1036, 207.0, 330, 21, 307984.0061569214, 64.14167785644531, 430.5322265625, 297.2818592248276
LOSS, 11861.0, -22.35192108154297, 60.410377502441406, 23.39447731755424, 507, 223.0, 366, 14, 126155.9149093628, 38.693321228027344, 409.9766540527344, 248.82823453523233
WIN , 26622.0, -21.98052215576172, 69.6541519165039, 25.922103213242455, 1027, 191.0, 331, 26, 304257.4527359009, 40.83659362792969, 439.3769836425781, 296.2584739395335
LOSS, 16275.601501464844, -25.4180908203125, 65.8336410522461, 18.991366979538906, 857, 143.8800048828125, 342, 15, 204760.17695999146, 22.890310287475586, 413.428955078125, 238.92669423569598
LOSS, 12082.500610351562, -17.844223022460938, 71.32344818115234, 29.98139109268378, 403, 175.0, 373, 8, 121124.10276031494, 95.51043701171875, 422.42584228515625, 300.5560862538832
LOSS, 6670.8907470703125, -13.720458984375, 68.38172149658203, 35.67321255117814, 187, 223.0, 387, 2, 53883.721771240234, 139.25953674316406, 425.5269775390625, 288.14824476599057
LOSS, 4259.6304931640625, -10.063636779785156, 65.5995864868164, 24.340745675223214, 175, 207.0, 388, 1, 59735.048110961914, 81.01089477539062, 444.7215881347656, 341.3431320626395
LOSS, -6928.251281738281, -40.212440490722656, 51.772003173828125, -1.154901030461457, 5999, 201.5025634765625, 0, 4, 378486.9055900574, 0.23305130004882812, 410.62799072265625, 63.09166620937779
WIN , 26345.482124328613, -26.092529296875, 69.6871109008789, 19.300719505002647, 1365, 184.03575134277344, 308, 23, 347176.6294784546, 69.24205017089844, 445.6245422363281, 254.34185309776893
WIN , 24557.074905395508, -24.038002014160156, 77.33557891845703, 20.74077272415161, 1184, 180.85018920898438, 321, 24, 294556.7718334198, 30.939706802368164, 442.0740051269531, 248.7810572917397
LOSS, 14024.209228515625, -17.66242218017578, 65.66991424560547, 20.503229866250912, 684, 223.0, 354, 16, 154817.47730636597, 21.200668334960938, 419.8896484375, 226.34134109117832
LOSS, 14385.77001953125, -16.336875915527344, 61.05712890625, 32.327573077598316, 445, 207.0, 370, 11, 125623.5994758606, 47.941650390625, 433.8013000488281, 282.30022354125975
LOSS, 9212.217407226562, -20.074905395507812, 61.99272155761719, 27.1746826171875, 339, 175.0, 377, 6, 93074.08389663696, 59.33784103393555, 406.6731262207031, 274.55481975409134
LOSS, 14811.000244140625, -33.000244140625, 59.867149353027344, 21.008510984596633, 705, 191.0, 352, 14, 166956.66499328613, 51.953128814697266, 438.6517333984375, 236.81796452948387
LOSS, 13711.003273010254, -18.462913513183594, 61.741554260253906, 27.64315176010132, 496, 209.6999969482422, 366, 11, 136238.51314163208, 48.74912643432617, 429.6534423828125, 274.6744216565163
LOSS, 15845.400634765625, -33.000244140625, 68.3110580444336, 26.27761299297782, 603, 223.0, 359, 9, 172148.70374298096, 59.689231872558594, 412.45001220703125, 285.4870708838822
LOSS, 21001.576904296875, -21.462791442871094, 61.622520446777344, 18.27813481662043, 1149, 207.0, 323, 21, 267007.6069946289, 33.677879333496094, 432.4818115234375, 232.3825996471966
LOSS, 11013.123046875, -15.999755859375, 65.76346588134766, 30.507266057825486, 361, 191.0, 375, 8, 106828.95572280884, 52.986183166503906, 401.55340576171875, 295.9250851047336
LOSS, 13960.0, -20.1611328125, 70.0313491821289, 33.63855421686747, 415, 185.0, 372, 12, 116942.69542694092, 75.83629608154297, 435.1177673339844, 281.7896275347974
LOSS, 16351.069580078125, -38.00048828125, 62.847511291503906, 21.801426106770833, 750, 223.0, 349, 12, 198280.5813217163, 44.324363708496094, 424.82440185546875, 264.3741084289551
LOSS, 6651.36376953125, -21.34002685546875, 69.95337677001953, 23.670333699399468, 281, 223.0, 381, 5, 71251.85319137573, 33.95387649536133, 426.57391357421875, 253.56531384831223
WIN , 27515.724082946777, -26.092529296875, 76.4765853881836, 24.699931851837324, 1114, 183.5518341064453, 325, 27, 287296.5846042633, 24.329557418823242, 421.85888671875, 257.8963955154967
LOSS, 11114.328491210938, -30.322418212890625, 62.385475158691406, 20.970431115492335, 530, 191.0, 364, 9, 151977.21001052856, 26.316211700439453, 404.6931457519531, 286.7494528500539
LOSS, 8503.999877929688, -16.7203369140625, 57.528892517089844, 19.82284353829764, 429, 223.0, 371, 7, 93415.10739898682, 37.57395553588867, 424.3304138183594, 217.75083309787138
LOSS, 10886.301879882812, -38.0, 65.5092544555664, 23.71743328950504, 459, 175.0, 369, 6, 110864.42594909668, 34.591609954833984, 401.7051086425781, 241.53469705685552
LOSS, 7830.0772705078125, -13.000030517578125, 62.634788513183594, 31.44609345585467, 249, 207.0, 383, 5, 70910.1000289917, 81.951416015625, 419.5439758300781, 284.7795181887217
LOSS, 19448.48046875, -21.723960876464844, 64.14237213134766, 20.58040261243386, 945, 223.0, 336, 11, 194669.66104507446, 17.68020248413086, 433.7659912109375, 205.9996413175391
LOSS, -8683.453506469727, -35.5869140625, 56.227317810058594, -1.4474834983280092, 5999, 231.90701293945312, 0, 4, 307078.00484752655, -21.66916275024414, 389.9474182128906, 51.18819884106127
LOSS, 8981.027099609375, -14.662391662597656, 66.3899917602539, 34.019042043974906, 264, 191.0, 382, 6, 73982.1854019165, 61.78644561767578, 423.9346923828125, 280.23555076483524
LOSS, 10794.121459960938, -14.689720153808594, 62.478179931640625, 33.009545749116015, 327, 207.0, 378, 6, 96174.25068855286, 21.079599380493164, 421.49285888671875, 294.11085837477935
LOSS, 8572.329956054688, -33.000244140625, 62.52220153808594, 23.878356423550663, 359, 223.0, 376, 8, 86881.80698013306, 51.295169830322266, 421.173583984375, 242.01060440148484
LOSS, 13274.596313476562, -21.570327758789062, 62.7557373046875, 30.307297519352883, 438, 207.0, 370, 14, 123599.83031463623, 32.60234832763672, 425.9225769042969, 282.19139341241146
LOSS, 20097.192626953125, -39.0, 69.2098159790039, 32.41482681766633, 620, 223.0, 358, 10, 181242.73321533203, 74.96923065185547, 421.7305603027344, 292.32698905698714
WIN , 27045.40818786621, -23.16162109375, 66.3753433227539, 21.53296830244125, 1256, 164.18362426757812, 316, 23, 307999.9876422882, 23.37183380126953, 417.3798522949219, 245.22292009736321
LOSS, 9490.100952148438, -15.999984741210938, 67.0592269897461, 24.77833146775049, 383, 223.0, 374, 9, 98455.68784713745, 62.674747467041016, 444.67547607421875, 257.0644591309072
LOSS, 25094.7890625, -21.3397216796875, 65.8922348022461, 23.831708511396013, 1053, 223.0, 329, 22, 282564.1396369934, 17.46924591064453, 435.3371887207031, 268.34201295061104
WIN , 28014.0, -18.462913513183594, 70.015869140625, 22.943488943488944, 1221, 207.0, 318, 29, 338162.0885734558, 29.282283782958984, 430.1290283203125, 276.9550274966878
WIN , 26544.0, -24.7314453125, 79.66064453125, 18.255845942228337, 1454, 207.0, 303, 28, 371508.5993499756, 31.378925323486328, 444.367431640625, 255.50797754468746
LOSS, 12811.047500610352, -26.16991424560547, 63.591529846191406, 23.041452339227252, 556, 201.39498901367188, 362, 10, 160390.47954177856, 44.09260177612305, 419.19525146484375, 288.47208550679596
LOSS, 13189.24365234375, -21.24211883544922, 66.0616226196289, 26.807405797446645, 492, 191.0, 367, 11, 133530.26308822632, 33.45046615600586, 433.3922119140625, 271.40297375655757
LOSS, 12939.363403320312, -18.08428192138672, 65.46576690673828, 24.140603364403567, 536, 175.0, 364, 12, 137541.59019088745, 35.96471405029297, 419.47479248046875, 256.607444385984
LOSS, 10020.464721679688, -26.536865234375, 57.225341796875, 26.36964400442023, 380, 223.0, 374, 5, 117939.72470092773, 104.428466796875, 422.4697265625, 310.36769658138877
LOSS, 13204.775634765625, -17.402008056640625, 64.95825958251953, 29.673653111832866, 445, 223.0, 370, 7, 138270.9782485962, 114.8456802368164, 419.42498779296875, 310.7212994350476
LOSS, 25789.9892578125, -23.7188720703125, 66.5141830444336, 27.118810996648264, 951, 223.0, 336, 23, 285632.85987472534, 59.68690872192383, 463.853271484375, 300.3500103835177
WIN , 26840.468872070312, -37.43743896484375, 84.44091415405273, 12.363182345495307, 2171, 114.062255859375, 255, 29, 529549.733997345, 14.60196304321289, 430.7479248046875, 243.91973007708197
LOSS, 9915.320678710938, -16.92816162109375, 60.7122802734375, 30.137752822829597, 329, 223.0, 378, 4, 92662.03686141968, 46.27630615234375, 415.06744384765625, 281.64752845416314
LOSS, 9419.999877929688, -15.204170227050781, 64.7466049194336, 31.93220297603284, 295, 191.0, 380, 5, 87203.32270050049, 46.983158111572266, 436.31341552734375, 295.60448373051014
LOSS, -9660.79988861084, -26.092529296875, 53.49757385253906, -1.6104017150543157, 5999, 226.5997772216797, 0, 7, 283493.08811450005, -8.90587329864502, 411.6837463378906, 47.256724139773304
