LOSS, 32265.885498046875, -42.00048828125, 43.817138671875, 7.343169207566426, 4394, 191.0, 107, 30, 19082.508740901947, 4.5313334465026855, 50.40870666503906, 4.34285588095174
LOSS, 8670.909976959229, -24.784141540527344, 54.277587890625, 10.920541532694243, 794, 107.99327850341797, 347, 9, 11553.136337280273, 18.266977310180664, 53.04993438720703, 14.550549543174148
LOSS, 16859.294677734375, -40.9998779296875, 60.570289611816406, 12.958719967512971, 1301, 223.0, 313, 16, 22301.765966415405, 13.641992568969727, 56.921016693115234, 17.14201842153375
LOSS, 22346.9072265625, -28.80974578857422, 57.070533752441406, 23.085647961324895, 968, 191.0, 335, 14, 19677.94016456604, 22.131860733032227, 55.40666198730469, 20.32845058322938
LOSS, 24405.4892578125, -20.078506469726562, 56.481849670410156, 23.309922882342406, 1047, 207.0, 330, 25, 32604.42625427246, 24.610807418823242, 82.46762084960938, 31.140808265780766
LOSS, 22077.07666015625, -28.97216796875, 57.94647216796875, 20.25419877078555, 1090, 223.0, 327, 15, 41259.148864746094, 35.12788391113281, 84.726318359375, 37.8524301511432
WIN , 28778.415000915527, -22.084877014160156, 82.35376739501953, 20.57070407499323, 1399, 158.1699981689453, 306, 27, 57897.555656433105, 35.607295989990234, 87.00499725341797, 41.38495758143896
WIN , 27844.0, -22.198745727539062, 71.806640625, 21.517774343122102, 1294, 207.0, 313, 23, 59913.6582069397, 33.700252532958984, 112.72924041748047, 46.30112689871692
LOSS, 21567.040771484375, -34.0, 60.190040588378906, 17.309021485942516, 1246, 207.0, 316, 22, 76920.28786468506, 44.41883850097656, 119.3185043334961, 61.733778382572275
LOSS, 6513.3194580078125, -19.489707946777344, 58.68573760986328, 23.94602741914637, 272, 207.0, 381, 4, 19684.571311950684, 59.168304443359375, 114.5528335571289, 72.36974747040692
LOSS, 9281.0, -18.34014892578125, 65.44486236572266, 28.91277258566978, 321, 223.0, 378, 7, 23163.736888885498, 60.42276382446289, 130.99215698242188, 72.16117410867757
LOSS, 15113.99308013916, -17.662269592285156, 67.26630401611328, 33.58665128919813, 450, 182.3458709716797, 369, 17, 32766.619354248047, 44.862815856933594, 120.42359161376953, 72.81470967610677
LOSS, 13831.979591369629, -20.04668426513672, 64.0318832397461, 25.567429928594507, 541, 161.6999969482422, 363, 10, 39849.146484375, 40.19816589355469, 126.0055160522461, 73.65831143137709
WIN , 26332.0, -35.0001220703125, 78.359375, 26.65182186234818, 988, 191.0, 334, 17, 74836.43746185303, 40.84847640991211, 132.691650390625, 75.74538204640994
LOSS, 21595.794921875, -21.771949768066406, 63.665382385253906, 30.288632428997197, 713, 223.0, 352, 11, 63682.50123214722, 63.08847427368164, 144.64566040039062, 89.31627101282919
WIN , 26402.0, -20.377548217773438, 67.0381851196289, 27.190525231719878, 971, 191.0, 335, 24, 89264.00826263428, 48.3159294128418, 147.4896240234375, 91.92997761342356
LOSS, 10313.577880859375, -35.0001220703125, 63.497840881347656, 17.45106240416138, 591, 175.0, 360, 6, 54255.873710632324, 41.4401741027832, 144.00367736816406, 91.80350881663676
LOSS, 18379.0, -43.999755859375, 70.0572738647461, 25.45567867036011, 722, 207.0, 351, 13, 64751.37278366089, 52.39928436279297, 146.88299560546875, 89.6833418056245
LOSS, 23781.796142578125, -18.125411987304688, 63.551856994628906, 28.1108701448914, 846, 191.0, 343, 19, 78874.63990783691, 46.294944763183594, 148.10186767578125, 93.23243487923985
WIN , 19740.0, -21.810714721679688, 75.426025390625, 5.414152495885903, 3646, 175.0, 156, 19, 255292.8899784088, 30.412010192871094, 164.37060546875, 70.01999176588284
WIN , 25676.0, -28.033050537109375, 67.5584945678711, 29.925407925407924, 858, 223.0, 342, 16, 105221.61330413818, 55.791568756103516, 192.774169921875, 122.63591294188599
LOSS, 11268.793701171875, -21.34002685546875, 67.2374496459961, 34.251652587148556, 329, 207.0, 378, 8, 43048.07689666748, 50.76719665527344, 188.9506378173828, 130.8452185309042
LOSS, 21104.80322265625, -34.0869140625, 84.23841094970703, 22.309517148685252, 946, 207.0, 336, 23, 130960.07247543335, 56.3012809753418, 195.43177795410156, 138.4355945829105
LOSS, 7557.650001525879, -18.1983642578125, 62.930908203125, 42.45870787374089, 178, 209.6999969482422, 388, 4, 24788.057411193848, 38.24382019042969, 189.86422729492188, 139.25874950108903
LOSS, 8767.413208007812, -20.11339569091797, 71.44506072998047, 27.48405394359816, 319, 191.0, 378, 6, 44495.851486206055, 70.28407287597656, 184.75010681152344, 139.4854278564453
LOSS, 12941.0, -19.022003173828125, 69.5537338256836, 25.32485322896282, 511, 223.0, 365, 7, 66781.83686447144, 56.682640075683594, 188.5365447998047, 130.68852615356445
LOSS, 12443.158203125, -17.662269592285156, 66.7436752319336, 22.46057437387184, 554, 223.0, 363, 14, 78449.57859802246, 49.38567352294922, 189.0825958251953, 141.60573754155678
LOSS, 9904.808715820312, -15.266792297363281, 70.66045379638672, 36.28135060740041, 273, 207.0, 381, 9, 39587.268211364746, 74.77690124511719, 188.42367553710938, 145.00830846653753
LOSS, 19424.00048828125, -23.002235412597656, 66.7195816040039, 26.427211548681974, 735, 223.0, 350, 19, 105853.76390075684, 57.2822265625, 212.5244903564453, 144.01872639558752
LOSS, 13406.612548828125, -17.44127655029297, 69.5921859741211, 23.85518247122442, 562, 175.0, 362, 10, 90374.24252319336, 67.08201599121094, 226.12075805664062, 160.8082607174259
LOSS, 9165.874366760254, -37.43743896484375, 69.7591323852539, 21.11952619069183, 434, 145.6999969482422, 371, 9, 67503.32776641846, 87.0572738647461, 217.62982177734375, 155.53762158160936
LOSS, 12285.722534179688, -37.11250305175781, 70.6407699584961, 2.0479617493215017, 5999, 213.554931640625, 0, 25, 602594.6118087769, 37.77218246459961, 218.55123901367188, 100.44917683093463
LOSS, 10963.514770507812, -16.34710693359375, 68.30205535888672, 24.148710948255093, 454, 207.0, 369, 7, 76889.82373428345, 43.36719512939453, 243.2867889404297, 169.36084522969924
LOSS, 6051.0, -14.310493469238281, 64.95748138427734, 25.00413223140496, 242, 223.0, 383, 3, 37854.102294921875, 39.306793212890625, 244.2103729248047, 156.42191030959452
LOSS, 14277.817626953125, -16.548973083496094, 65.6810531616211, 26.93927854142099, 530, 223.0, 364, 7, 101162.18800354004, 69.10667419433594, 284.7022705078125, 190.872052836868
WIN , 20271.13641357422, -26.092529296875, 70.6795425415039, 5.29410718557697, 3829, 172.7271728515625, 144, 23, 482059.40003585815, 46.7637939453125, 279.139404296875, 125.89694438126355
LOSS, 13501.0, -19.72252655029297, 67.0491714477539, 23.0, 587, 223.0, 360, 9, 112226.08588790894, 62.0263786315918, 276.3430480957031, 191.18583626560294
LOSS, 5069.7808837890625, -16.22850799560547, 58.50547790527344, 26.54335541250818, 191, 175.0, 387, 4, 36829.358947753906, 70.4438247680664, 272.84197998046875, 192.82386883640788
LOSS, 8141.0, -20.662452697753906, 63.2354736328125, 25.520376175548588, 319, 223.0, 378, 3, 54117.83339691162, 45.3431510925293, 285.9621276855469, 169.64838055458188
LOSS, 5321.371337890625, -16.23963165283203, 61.03308868408203, 24.409960265553327, 218, 191.0, 385, 1, 39648.56430435181, 58.45930099487305, 271.0508728027344, 181.87414818510004
LOSS, 12341.0, -18.20465850830078, 63.221961975097656, 23.506666666666668, 525, 223.0, 364, 9, 98083.94118499756, 53.44474792480469, 280.4144287109375, 186.82655463809058
LOSS, 15205.59716796875, -36.9998779296875, 71.22212982177734, 20.03372485898386, 759, 223.0, 349, 13, 139741.80004119873, 39.120574951171875, 287.5731201171875, 184.11304353254116
LOSS, 14003.750244140625, -36.0001220703125, 69.76773834228516, 23.378547986879173, 599, 223.0, 360, 13, 111309.33282470703, 47.813472747802734, 286.53485107421875, 185.82526348031223
LOSS, 4311.0, -14.342445373535156, 57.719032287597656, 36.53389830508475, 118, 223.0, 392, 3, 21792.193244934082, 65.77200317382812, 275.51849365234375, 184.6796037706278
LOSS, 18649.0, -23.013816833496094, 68.0284652709961, 22.882208588957056, 815, 207.0, 345, 10, 143007.9069328308, 49.36518096923828, 288.4181213378906, 175.46982445746113
WIN , 25510.39999771118, -26.092529296875, 68.55428314208984, 29.59443155186912, 862, 114.20000457763672, 342, 19, 176445.27968215942, 40.46652603149414, 295.7823486328125, 204.692899863294
WIN , 25286.0, -26.438385009765625, 89.31640625, 28.964490263459336, 873, 223.0, 341, 20, 179429.9691505432, 25.183616638183594, 305.19781494140625, 205.53261071081695
WIN , 25263.13641357422, -36.9998779296875, 81.458740234375, 16.12197601376785, 1567, 188.7271728515625, 295, 31, 247466.54425430298, 36.14940643310547, 301.2852783203125, 157.9237678712846
LOSS, 16282.412353515625, -38.0, 67.8511734008789, 20.558601456459122, 792, 223.0, 347, 11, 147714.09550476074, 58.504310607910156, 300.7216796875, 186.50769634439487
LOSS, 20458.3994140625, -21.34033203125, 69.00809478759766, 21.81066035614339, 938, 207.0, 337, 9, 188890.38467025757, 43.497962951660156, 309.3304748535156, 201.3756766207437
LOSS, 6237.193359375, -27.726905822753906, 57.75968933105469, 16.116778706395348, 387, 207.0, 374, 3, 78774.25416564941, 84.29539489746094, 312.9712829589844, 203.55104435568325
LOSS, 9660.725341796875, -19.489715576171875, 62.570716857910156, 20.86549749848137, 463, 223.0, 369, 8, 100979.27575302124, 60.86110305786133, 298.4561462402344, 218.0977878035016
LOSS, 21103.451171875, -16.00006103515625, 67.28612518310547, 31.126034176806783, 678, 223.0, 354, 19, 151970.00144958496, 45.97662353515625, 311.2869873046875, 224.14454491089228
LOSS, 4508.968444824219, -14.662391662597656, 59.89141082763672, 34.15885185472893, 132, 223.0, 391, 3, 28188.73415374756, 44.07345962524414, 296.4411926269531, 213.5510163162694
LOSS, 19539.455810546875, -19.764556884765625, 70.7579574584961, 27.48165374197873, 711, 223.0, 352, 14, 161075.7113494873, 88.90877532958984, 298.5528869628906, 226.54811722853347
LOSS, 7861.0, -43.350196838378906, 65.2364273071289, 18.15473441108545, 433, 223.0, 371, 6, 78475.33754730225, 53.68427276611328, 309.2809753417969, 181.23634537483198
LOSS, 10081.0, -23.1634521484375, 61.895652770996094, 15.113943028485757, 667, 223.0, 355, 9, 120809.52349853516, 39.052650451660156, 320.3021240234375, 181.12372338610967
LOSS, 2568.107940673828, -15.185264587402344, 57.454063415527344, 19.45536318692294, 132, 191.0, 391, 2, 26958.057090759277, 74.6745834350586, 311.2276611328125, 204.22770523302484
LOSS, 6393.9998779296875, -21.89697265625, 70.81702423095703, 29.330274669402236, 218, 223.0, 385, 3, 40436.39742279053, 38.90564727783203, 324.61798095703125, 185.48806157243362
LOSS, 5692.253173828125, -30.447425842285156, 60.20411682128906, 6.275913091320976, 907, 207.0, 339, 4, 99786.19577407837, 32.24626541137695, 313.2626953125, 110.01785642125509
LOSS, 5742.8665771484375, -16.123519897460938, 58.452125549316406, 36.34725681739518, 158, 207.0, 389, 2, 35500.29709625244, 85.31472778320312, 313.7260437011719, 224.68542465982557
WIN , 25798.65000152588, -19.48956298828125, 81.8660659790039, 19.84511538578914, 1300, 177.6999969482422, 313, 28, 262663.23721313477, 34.62675476074219, 329.9476013183594, 202.04864401010366
LOSS, 10971.0, -24.192527770996094, 68.75493621826172, 37.064189189189186, 296, 223.0, 380, 7, 70687.80786132812, 56.20978546142578, 326.3872375488281, 238.8101616936761
LOSS, 8327.113403320312, -18.05621337890625, 62.662574768066406, 38.551450941297745, 216, 207.0, 385, 5, 51019.731842041016, 77.38450622558594, 311.95758056640625, 236.20246223167138
LOSS, 17019.706787109375, -19.385498046875, 68.1063003540039, 25.82656568605368, 659, 207.0, 356, 11, 159716.46362304688, 134.96441650390625, 339.4164123535156, 242.36185678762803
LOSS, 14701.0, -18.462913513183594, 67.5142593383789, 27.79017013232514, 529, 223.0, 364, 11, 119333.73846817017, 60.161067962646484, 327.7529296875, 225.58362659389445
LOSS, 13225.484474182129, -18.462913513183594, 68.0315170288086, 25.287733220233516, 523, 209.6999969482422, 365, 12, 118203.12593841553, 58.90704345703125, 330.46624755859375, 226.0098010294752
LOSS, 19419.276000976562, -21.34033203125, 70.30265045166016, 24.801118775193565, 783, 186.447998046875, 347, 14, 189359.11418151855, 88.55683135986328, 325.0343933105469, 241.83794914625614
LOSS, 16379.0, -18.920066833496094, 68.3956069946289, 17.574034334763947, 932, 207.0, 337, 9, 200969.32425689697, 65.00656127929688, 331.2841796875, 215.63232216405254
LOSS, 20511.496337890625, -17.983718872070312, 66.20291900634766, 18.579253929248754, 1104, 207.0, 326, 15, 248612.74585723877, 56.89084243774414, 334.57684326171875, 225.1927045808322
LOSS, 21122.477783203125, -18.892127990722656, 71.8797836303711, 33.15930578210852, 637, 207.0, 357, 14, 156872.79070663452, 58.75364303588867, 339.3012390136719, 246.2681172788611
LOSS, 15807.674705505371, -18.870704650878906, 69.1078872680664, 23.664183690876303, 668, 214.9264678955078, 355, 12, 159366.1007385254, 55.105777740478516, 327.95245361328125, 238.5720070936009
LOSS, 17462.279541015625, -17.662269592285156, 71.8175277709961, 30.47518244505345, 573, 191.0, 361, 11, 148023.7034072876, 118.642822265625, 334.4208679199219, 258.33107051882655
WIN , 26121.13641357422, -25.2099609375, 67.8783187866211, 29.08812518215392, 898, 172.7271728515625, 340, 18, 223621.72494506836, 78.72994995117188, 342.21221923828125, 249.02196541767077
LOSS, 16111.989013671875, -17.537353515625, 69.1054458618164, 30.86587933653616, 522, 191.0, 365, 13, 132578.48628234863, 77.9980697631836, 342.929931640625, 253.98177448725792
LOSS, 14419.546676635742, -17.662269592285156, 69.1356430053711, 19.381111124510404, 744, 129.10000610351562, 350, 14, 161513.17190551758, 51.779884338378906, 351.6998596191406, 217.08759664720105
LOSS, 15779.0, -17.27509307861328, 69.8671646118164, 32.334016393442624, 488, 207.0, 367, 15, 131378.107421875, 88.57695770263672, 342.9444580078125, 269.21743324154716
LOSS, 4838.345642089844, -14.662391662597656, 61.463165283203125, 31.015036167242588, 156, 175.0, 389, 2, 37551.42250061035, 121.97586822509766, 353.9458923339844, 240.7142467987843
LOSS, 18338.110397338867, -26.54389190673828, 69.6898422241211, 28.039924154952395, 654, 167.60000610351562, 356, 15, 157844.80164718628, 41.205589294433594, 349.30194091796875, 241.3529077174102
LOSS, -13412.775001525879, -37.94566345214844, 59.82536315917969, -2.2358351394442204, 5999, 210.5500030517578, 0, 5, 543022.0282764435, 30.8301944732666, 341.5091552734375, 90.51875783904708
LOSS, 8559.22412109375, -16.10253143310547, 66.32910919189453, 42.58320458255597, 201, 191.0, 386, 6, 53443.6135559082, 95.2022933959961, 358.7555236816406, 265.8886246562597
LOSS, 24050.797119140625, -33.99951171875, 70.8895034790039, 27.145369208962332, 886, 175.0, 340, 24, 212145.24285125732, 58.66674041748047, 365.83929443359375, 239.44158335356357
LOSS, 2114.58154296875, -22.8397216796875, 84.3410415649414, 0.8669871024882124, 2439, 223.0, 237, 14, 676979.9652252197, 55.53255081176758, 366.0481872558594, 277.564561387954
LOSS, 2987.259864807129, -16.084793090820312, 56.22459411621094, 23.52173121895377, 127, 156.10801696777344, 391, 1, 27380.23748779297, 67.46659851074219, 337.9613037109375, 215.59242116372417
LOSS, 7698.44482421875, -21.20423126220703, 61.98638916015625, 27.396600797931494, 281, 175.0, 381, 6, 71021.02478027344, 100.58903503417969, 364.5163879394531, 252.74386042801936
LOSS, 14351.0, -18.863868713378906, 68.8057632446289, 30.404661016949152, 472, 223.0, 368, 7, 119364.09058380127, 72.8406753540039, 388.14678955078125, 252.89002242330778
LOSS, 8345.13037109375, -13.27532958984375, 71.23433685302734, 43.01613593347294, 194, 127.0, 387, 6, 57817.158782958984, 109.05218505859375, 375.8121337890625, 298.02659166473705
LOSS, 14344.00048828125, -25.043487548828125, 65.4503402709961, 24.519658954326925, 585, 223.0, 360, 11, 162603.77529144287, 95.84032440185547, 372.1921691894531, 277.9551714383639
LOSS, 15544.00048828125, -16.48968505859375, 71.9420394897461, 25.27479754192073, 615, 223.0, 358, 9, 157494.66023254395, 101.85809326171875, 377.9337463378906, 256.08887842690075
WIN , 23274.0, -32.587135314941406, 87.958984375, 16.40169133192389, 1419, 207.0, 305, 11, 304283.1463775635, 55.26934814453125, 377.8471984863281, 214.4349164042026
LOSS, 4217.920471191406, -16.753623962402344, 62.965087890625, 20.1814376612029, 209, 223.0, 386, 2, 43753.34426116943, 89.69207000732422, 368.10107421875, 209.34614479028437
LOSS, 19368.127197265625, -18.204200744628906, 71.8810043334961, 31.803164527529763, 609, 182.52001953125, 359, 14, 165126.45595550537, 68.75818634033203, 380.27545166015625, 271.1436058382683
LOSS, 13610.815139770508, -27.95196533203125, 69.5079574584961, 24.435933823645435, 557, 164.39999389648438, 362, 8, 156506.89743041992, 121.76422119140625, 380.722412109375, 280.9818625321722
LOSS, 11974.357788085938, -16.498497009277344, 62.58209228515625, 27.030153020510017, 443, 191.0, 370, 8, 121309.4242401123, 117.50814819335938, 381.8887939453125, 273.8361720995763
LOSS, 14179.0, -20.662452697753906, 67.9942855834961, 21.353915662650603, 664, 207.0, 355, 11, 186671.81129455566, 104.3989028930664, 375.79962158203125, 281.13224592553564
LOSS, 6618.161964416504, -17.662269592285156, 68.5011978149414, 24.88030813690415, 266, 197.3357391357422, 382, 6, 61559.66176986694, 43.237701416015625, 366.900634765625, 231.42729988671783
LOSS, 9721.84228515625, -23.71856689453125, 67.7706069946289, 20.29612168091075, 479, 223.0, 368, 9, 120118.64298629761, 53.379520416259766, 375.9256591796875, 250.76960957473403
LOSS, 11829.413208007812, -18.46306610107422, 71.7900619506836, 19.94842024959159, 593, 207.0, 360, 6, 154671.7571182251, 71.60441589355469, 374.8905334472656, 260.8292700138703
LOSS, 21483.69970703125, -25.767303466796875, 66.3207015991211, 25.51508278744804, 842, 207.0, 343, 17, 231769.97743225098, 47.78787612915039, 387.34027099609375, 275.26125585778027
LOSS, 3962.68115234375, -13.27532958984375, 65.23657989501953, 22.51523382013494, 176, 191.0, 388, 1, 50928.08288574219, 110.22545623779297, 389.66668701171875, 289.36410730535334
LOSS, 13320.0, -22.04345703125, 69.1078872680664, 24.9906191369606, 533, 185.0, 364, 14, 142060.75200271606, 63.74434280395508, 384.89642333984375, 266.53049156231907
LOSS, 7875.0657958984375, -18.14130401611328, 65.6795425415039, 26.604952013170397, 296, 186.447998046875, 380, 7, 75020.72434997559, 74.3716812133789, 388.46343994140625, 253.44839307424184
LOSS, 11133.999877929688, -18.462913513183594, 69.8448715209961, 28.258882938907835, 394, 223.0, 373, 10, 98399.87209701538, 59.57147216796875, 388.40008544921875, 249.7458682665365
LOSS, 16031.0, -18.360992431640625, 65.5986557006836, 32.062, 500, 223.0, 366, 13, 139092.90995788574, 65.68668365478516, 390.97222900390625, 278.1858199157715
LOSS, 8070.2783203125, -19.72052001953125, 67.6946029663086, 33.21102189429013, 243, 175.0, 383, 6, 74147.63414001465, 149.82659912109375, 391.25518798828125, 305.1342968724883
LOSS, 14887.0, -25.883033752441406, 68.3644790649414, 26.026223776223777, 572, 191.0, 361, 12, 155301.3364944458, 77.56013488769531, 396.2258605957031, 271.5058330322479
LOSS, 16968.720703125, -22.04345703125, 67.6817855834961, 29.927197007275133, 567, 175.0, 362, 16, 163194.64178848267, 61.05497741699219, 401.0155944824219, 287.82123772219165
LOSS, 16289.745140075684, -37.059425354003906, 68.4068832397461, 23.17175695601093, 703, 211.5106964111328, 353, 17, 203651.6647415161, 71.49261474609375, 400.9355163574219, 289.6894235298949
LOSS, 8824.490844726562, -17.662269592285156, 68.82886505126953, 22.061227111816407, 400, 191.0, 373, 7, 117942.97463989258, 145.848388671875, 393.0438232421875, 294.85743659973144
LOSS, 20746.7392578125, -18.46306610107422, 68.7038345336914, 28.265312340344007, 734, 207.0, 351, 17, 199197.19940185547, 85.34662628173828, 403.2393493652344, 271.3858302477595
LOSS, 7528.293701171875, -16.00006103515625, 67.14269256591797, 21.57104212370165, 349, 223.0, 376, 3, 76871.71459960938, 78.57015991210938, 392.7994079589844, 220.262792549024
LOSS, 13964.273681640625, -18.08868408203125, 71.10799407958984, 23.31264387586081, 599, 175.0, 360, 10, 161720.18659973145, 91.07115173339844, 405.0637512207031, 269.98361702793227
LOSS, 17172.939453125, -19.717185974121094, 68.75493621826172, 29.305357428540955, 586, 175.0, 360, 11, 165581.88474273682, 113.21944427490234, 397.21502685546875, 282.56294324699115
LOSS, 3973.9998779296875, -18.20404815673828, 62.641197204589844, 22.839079758216595, 174, 223.0, 388, 4, 38106.511726379395, 35.79305648803711, 384.9330749511719, 219.00294095620342
LOSS, 8355.58251953125, -16.979843139648438, 71.7601547241211, 33.15707349020337, 252, 223.0, 383, 5, 76535.69090270996, 117.43721771240234, 398.26580810546875, 303.71305913773796
LOSS, 18629.0, -33.000244140625, 70.5492172241211, 17.895292987512008, 1041, 207.0, 330, 15, 246809.84577178955, 49.873783111572266, 400.37408447265625, 237.08918902189197
LOSS, 12150.5380859375, -20.002357482910156, 68.4017105102539, 20.734706631292664, 586, 207.0, 360, 11, 161127.60067749023, 79.96837615966797, 391.84661865234375, 274.961775900154
LOSS, 11783.287109375, -29.7039794921875, 66.77510833740234, 17.85346531723485, 660, 207.0, 355, 8, 178473.95654296875, 80.88289642333984, 406.1205139160156, 270.4150856711648
LOSS, 20065.23390197754, -31.2774658203125, 63.687034606933594, 17.41773776213328, 1152, 201.39498901367188, 323, 16, 297674.9413070679, 39.11556625366211, 415.9776611328125, 258.3983865512742
LOSS, 4202.0201416015625, -15.463035583496094, 60.80665588378906, 20.497659227324696, 205, 191.0, 386, 1, 57163.95333099365, 112.19927215576172, 387.8892517089844, 278.84855283411537
LOSS, 8004.074462890625, -15.999984741210938, 61.5838623046875, 25.09114251689851, 319, 207.0, 378, 5, 86172.13761138916, 113.96044921875, 403.39874267578125, 270.13209282567135
LOSS, 11168.791870117188, -26.092529296875, 68.1413803100586, 16.9996832117461, 657, 207.0, 356, 10, 169275.38623046875, 75.85414123535156, 396.75421142578125, 257.64898969629945
LOSS, 10520.556396484375, -17.403587341308594, 70.0566635131836, 32.07486706245236, 328, 207.0, 378, 6, 96968.71416473389, 80.5611572265625, 401.3277282714844, 295.6363236729692
LOSS, 2849.9530029296875, -18.806396484375, 62.49152374267578, 33.13898840615916, 86, 175.0, 394, 3, 24314.367156982422, 113.65489196777344, 394.7484130859375, 282.7251994997956
LOSS, 10889.050903320312, -18.0462646484375, 61.920692443847656, 25.032300927173132, 435, 175.0, 370, 7, 139361.73432922363, 134.65699768066406, 410.65142822265625, 320.3718030556865
LOSS, 16943.899169921875, -26.8865966796875, 62.410499572753906, 15.237319397411758, 1112, 223.0, 325, 17, 260090.74057769775, 75.3659439086914, 419.8417053222656, 233.8945508792246
LOSS, 8425.690673828125, -12.9998779296875, 62.791648864746094, 37.614690508161274, 224, 127.0, 385, 9, 75302.82453918457, 200.00437927246094, 410.7776184082031, 336.1733238356454
LOSS, 10716.9130859375, -17.27509307861328, 62.737037658691406, 17.861521809895834, 600, 223.0, 359, 11, 165071.61395263672, 97.4505615234375, 405.334228515625, 275.11935658772785
LOSS, 12014.952026367188, -22.04345703125, 68.6137924194336, 25.509452285280652, 471, 223.0, 368, 9, 146383.88199615479, 103.91423797607422, 398.1715393066406, 310.79380466274904
LOSS, 17340.572509765625, -23.95263671875, 66.8419418334961, 17.950903219219075, 966, 175.0, 335, 13, 282755.97147369385, 95.8266372680664, 414.44671630859375, 292.7080450038239
LOSS, 12038.515991210938, -34.042877197265625, 65.6963119506836, 30.17171927621789, 399, 207.0, 373, 11, 115798.22499084473, 115.1080322265625, 412.4216613769531, 290.221115265275
LOSS, 7447.8970947265625, -17.579383850097656, 63.068458557128906, 18.999737486547353, 392, 207.0, 373, 5, 116631.66688537598, 82.89927673339844, 406.40106201171875, 297.52976246269384
LOSS, 18991.0, -16.7203369140625, 68.3214340209961, 23.918136020151135, 794, 223.0, 347, 14, 220156.5950012207, 80.57352447509766, 413.4579772949219, 277.27530856576914
LOSS, 2611.0, -17.01622772216797, 48.073272705078125, 18.131944444444443, 144, 223.0, 390, 0, 42543.183654785156, 75.80669403076172, 421.2236328125, 295.43877538045246
LOSS, 24280.00048828125, -17.788597106933594, 68.0711898803711, 22.691589241384346, 1070, 191.0, 328, 22, 330413.6166419983, 59.628204345703125, 420.2562561035156, 308.79777256261525
LOSS, 17466.418212890625, -39.352943420410156, 71.0399398803711, 12.214278470552884, 1430, 207.0, 304, 16, 328108.40966415405, 28.808517456054688, 420.3836975097656, 229.44644032458325
LOSS, 12790.1328125, -30.645057678222656, 68.40169525146484, 24.980728149414062, 512, 207.0, 365, 12, 166489.7975921631, 72.44292449951172, 420.9551696777344, 325.1753859221935
LOSS, 16012.702392578125, -37.8076171875, 62.245994567871094, 13.99711747602983, 1144, 207.0, 323, 13, 334947.86641693115, 45.93111801147461, 427.1488952636719, 292.78659651829645
LOSS, 20251.0, -33.99951171875, 70.3115005493164, 28.68413597733711, 706, 223.0, 352, 12, 217844.93257522583, 53.20938491821289, 426.39129638671875, 308.56222744366266
LOSS, -9016.825294494629, -26.092529296875, 60.66687774658203, -1.5030547248699164, 5999, 229.9903106689453, 0, 7, 509926.50469207764, 23.901409149169922, 414.53143310546875, 85.00191776830766
WIN , 26313.078689575195, -34.99591064453125, 67.96664428710938, 19.949263600890973, 1319, 208.84262084960938, 312, 26, 365542.8213882446, 88.13695526123047, 434.1884765625, 277.1363316059474
LOSS, 11332.52294921875, -30.322418212890625, 70.6932601928711, 17.015800224052178, 666, 207.0, 355, 9, 181831.7734375, 70.5576400756836, 425.3675537109375, 273.02068083708707
LOSS, 24638.27880859375, -35.289207458496094, 65.1769027709961, 21.784508230410037, 1131, 175.0, 324, 23, 352065.5923309326, 86.45655059814453, 432.1395263671875, 311.2869958717353
LOSS, 11065.000244140625, -28.7027587890625, 63.67247772216797, 26.598558279184196, 416, 223.0, 372, 8, 128884.29264068604, 92.5611572265625, 427.2192077636719, 309.8180111554953
LOSS, 21938.427001953125, -21.540077209472656, 68.4908218383789, 22.547201440856245, 973, 191.0, 335, 13, 320095.5826950073, 89.59584045410156, 439.13201904296875, 328.9779883813025
LOSS, 17852.624755859375, -19.22760772705078, 56.786720275878906, 16.454032033050115, 1085, 223.0, 327, 12, 295177.5789489746, 86.63536834716797, 427.1630859375, 272.053068155737
LOSS, 12929.908813476562, -26.90522003173828, 60.144805908203125, 22.644323666333733, 571, 207.0, 361, 10, 175621.42113494873, 84.11284637451172, 426.8325500488281, 307.56816310849166
WIN , 25544.0, -39.15570831298828, 63.01513671875, 12.52156862745098, 2040, 207.0, 263, 27, 533466.9665145874, 69.4742431640625, 427.21600341796875, 261.5034149581311
LOSS, 14556.819091796875, -50.473411560058594, 59.57389831542969, 12.962439084413958, 1123, 223.0, 325, 13, 338099.3382720947, 85.32200622558594, 432.903076171875, 301.067977090022
LOSS, 21294.00048828125, -31.9635009765625, 68.4215316772461, 13.35884597759175, 1594, 223.0, 293, 17, 415432.5945510864, 84.25700378417969, 429.49932861328125, 260.6227067447217
LOSS, 9414.88916015625, -31.001033782958984, 67.89083099365234, 20.203624807202253, 466, 223.0, 368, 8, 138544.1502609253, 99.99117279052734, 426.3894958496094, 297.30504347838047
LOSS, 14877.983642578125, -22.5396728515625, 60.366432189941406, 16.698073672927187, 891, 223.0, 340, 13, 271712.6120452881, 78.7426528930664, 426.887939453125, 304.95242653792155
LOSS, 14510.868408203125, -19.075172424316406, 68.5597915649414, 21.339512365004595, 680, 191.0, 354, 11, 209287.25828552246, 103.06381225585938, 425.0300598144531, 307.7753798316507
LOSS, 11524.958984375, -22.708656311035156, 65.1201400756836, 16.58267479766187, 695, 191.0, 353, 12, 186296.42346191406, 37.775089263916016, 430.76165771484375, 268.0524078588692
LOSS, 15660.072021484375, -15.721900939941406, 67.9308090209961, 24.936420416376393, 628, 175.0, 358, 10, 196800.4580001831, 73.83242797851562, 426.14013671875, 313.3765254779986
LOSS, 14420.282470703125, -31.664329528808594, 56.09283447265625, 17.269799366111528, 835, 191.0, 344, 13, 219143.0848236084, 38.549800872802734, 424.5027770996094, 262.4468081719861
LOSS, 9610.0, -34.923192501068115, 70.2000961303711, 20.360169491525422, 472, 185.0, 368, 7, 137396.331199646, 65.38687896728516, 431.7464599609375, 291.0939220331483
LOSS, 11612.098754882812, -36.0001220703125, 63.8232421875, 16.708055762421314, 695, 207.0, 353, 8, 201767.82443237305, 95.71588134765625, 423.3461608886719, 290.31341644945763
LOSS, 20474.00048828125, -26.536865234375, 67.6723403930664, 27.153846801434018, 754, 223.0, 349, 13, 227553.83819580078, 59.70966720581055, 441.77581787109375, 301.7955413737411
LOSS, 5669.727355957031, -23.71856689453125, 61.292724609375, 20.92150315851303, 271, 191.0, 381, 2, 76641.13729286194, 30.58299446105957, 428.7122497558594, 282.80862469690754
LOSS, 21627.388671875, -43.921424865722656, 67.2783432006836, 19.24144899633007, 1124, 207.0, 325, 13, 318487.9844894409, 84.33536529541016, 437.4089050292969, 283.35229936782997
LOSS, 9397.286743164062, -18.75359344482422, 67.8416976928711, 15.610110869043293, 602, 207.0, 359, 8, 138692.73126983643, 107.37799072265625, 432.8224792480469, 230.38659679374823
LOSS, 22582.029296875, -20.29155731201172, 69.1744155883789, 26.75595888255332, 844, 191.0, 343, 17, 251606.12271881104, 66.8046875, 439.3441467285156, 298.1115198090178
LOSS, 11969.0830078125, -24.507522583007812, 68.5265121459961, 26.42181679428808, 453, 207.0, 369, 9, 153916.21881866455, 70.6058578491211, 437.2772216796875, 339.7709024694582
LOSS, 8530.001831054688, -13.000030517578125, 67.45665740966797, 35.394198469106584, 241, 175.0, 383, 7, 81172.29042053223, 90.13553619384766, 430.44122314453125, 336.8144830727478
WIN , 26456.002716064453, -28.43994140625, 69.58089447021484, 22.709015206922277, 1165, 122.99456787109375, 322, 23, 327601.65773391724, 52.24325180053711, 438.2695617675781, 281.20313968576585
LOSS, 9761.064697265625, -13.000030517578125, 68.8799057006836, 39.0442587890625, 250, 223.0, 383, 13, 83409.1743927002, 180.64443969726562, 424.28411865234375, 333.6366975708008
LOSS, 13419.0, -25.7647705078125, 67.0284194946289, 28.310126582278482, 474, 207.0, 368, 9, 166157.43766784668, 130.1056671142578, 435.4593505859375, 350.5431174427145
LOSS, 16373.171241760254, -40.2396240234375, 65.2339859008789, 21.018191581207002, 779, 209.6999969482422, 348, 12, 235423.78633117676, 90.39591217041016, 442.9492492675781, 302.21281942384695
LOSS, 14432.03857421875, -26.700439453125, 62.32947540283203, 17.26320403614683, 836, 175.0, 344, 13, 233483.27206420898, 96.0240478515625, 438.0024108886719, 279.2862106031208
LOSS, 11773.217529296875, -26.327491760253906, 66.7714614868164, 19.78692021730567, 595, 207.0, 360, 11, 173022.99912261963, 105.84898376464844, 437.4936828613281, 290.7949565086044
LOSS, 10191.713500976562, -14.078750610351562, 71.10799407958984, 32.87649516444053, 310, 223.0, 379, 8, 107313.3182220459, 178.58421325683594, 442.9373779296875, 346.1719942646642
LOSS, 21538.989501953125, -27.553184509277344, 67.02262115478516, 24.44834222696155, 881, 223.0, 341, 17, 293460.1840286255, 85.65050506591797, 448.5371398925781, 333.0989603049097
LOSS, 12137.648193359375, -18.840957641601562, 71.10784149169922, 29.17703892634465, 416, 191.0, 372, 10, 129639.35847091675, 52.20878982543945, 448.3100280761719, 311.63307324739606
WIN , 27071.0, -21.4365234375, 95.56205749511719, 22.634615384615383, 1196, 153.0, 320, 18, 381503.17833709717, 91.36287689208984, 437.915283203125, 318.98259058285714
LOSS, 7188.699996948242, -18.683448791503906, 65.4243392944336, 29.828630692731295, 241, 167.60000610351562, 383, 7, 83473.49240112305, 70.96562957763672, 430.4728698730469, 346.3630390088093
LOSS, 20738.25, -19.46166229248047, 68.6904067993164, 25.076481257557436, 827, 188.5, 344, 18, 237581.9997253418, 71.45939636230469, 433.26934814453125, 287.28174090125975
LOSS, 5872.00505065918, -15.999984741210938, 63.924766540527344, 20.82271294559993, 282, 112.71292114257812, 381, 4, 93709.26903533936, 112.24161529541016, 440.2804870605469, 332.3023724657424
LOSS, 19976.361328125, -34.0001220703125, 64.4017562866211, 22.048963938327816, 906, 223.0, 339, 18, 265997.8723831177, 71.11961364746094, 437.0937194824219, 293.59588563258023
LOSS, -10931.071868896484, -40.3546142578125, 64.9904556274414, -1.8221490029832446, 5999, 227.15106201171875, 0, 3, 596614.2939472198, 28.11256217956543, 426.9044189453125, 99.45229103970992
LOSS, 19178.7509765625, -32.129058837890625, 62.234107971191406, 23.106928887424697, 830, 207.0, 344, 16, 253758.70935821533, 83.56523895263672, 443.48309326171875, 305.7333847689341
LOSS, 7407.725326538086, -17.357872009277344, 68.8497085571289, 39.19431389702691, 189, 183.48245239257812, 387, 3, 59448.71170043945, 105.56884765625, 437.38201904296875, 314.5434481504733
LOSS, 15227.319580078125, -36.3720703125, 83.0548324584961, 10.429670945258989, 1460, 223.0, 302, 20, 370488.35188293457, 101.5662612915039, 454.1034240722656, 253.75914512529766
LOSS, 13397.73291015625, -37.179298400878906, 61.1199951171875, 23.504794579221493, 570, 207.0, 361, 7, 185235.18795776367, 112.73657989501953, 441.47735595703125, 324.9740139609889
LOSS, 21270.6748046875, -41.999755859375, 63.06822967529297, 17.209283822562703, 1236, 207.0, 317, 19, 373067.75595092773, 95.66950225830078, 445.6618957519531, 301.83475400560496
LOSS, 18875.08176422119, -18.888526916503906, 61.895362854003906, 19.359058219714044, 975, 184.2871551513672, 334, 19, 254855.88150024414, 77.65957641601562, 444.82525634765625, 261.3906476925581
WIN , 26776.0, -23.092041015625, 71.326904296875, 24.07913669064748, 1112, 223.0, 325, 27, 362199.626537323, 46.786556243896484, 449.8324890136719, 325.71908861270055
LOSS, 12181.0, -26.092529296875, 63.44243621826172, 15.758085381630012, 773, 223.0, 348, 9, 248070.4973678589, 118.32610321044922, 444.8138427734375, 320.9191427786014
LOSS, 17393.83213043213, -25.867347717285156, 58.51531982421875, 17.27292167868136, 1007, 197.3357391357422, 332, 12, 313140.270362854, 107.09630584716797, 442.2422180175781, 310.9635256830725
LOSS, 22090.175537109375, -27.94561767578125, 68.4374008178711, 25.217095361997004, 876, 207.0, 341, 23, 286981.17694854736, 108.27938079833984, 444.25311279296875, 327.60408327459743
LOSS, 6536.351379394531, -13.0792236328125, 65.87195587158203, 23.09664798372626, 283, 207.0, 381, 4, 84562.36745452881, 105.86735534667969, 446.47259521484375, 298.8069521361442
LOSS, 15102.15234375, -18.861045837402344, 64.90225982666016, 23.19839069700461, 651, 223.0, 356, 11, 195287.91233825684, 73.57476043701172, 452.9447021484375, 299.981432163221
LOSS, 10447.078369140625, -18.721778869628906, 62.19970703125, 9.497343971946023, 1100, 159.0, 326, 11, 291933.6084060669, 105.73844909667969, 442.13165283203125, 265.39418946006083
LOSS, 10520.798278808594, -19.554046630859375, 70.2541275024414, 28.205893508870226, 373, 191.8800048828125, 375, 9, 122781.16780090332, 135.43959045410156, 439.0420227050781, 329.1720316378105
LOSS, 9068.078857421875, -23.718719482421875, 69.1222152709961, 27.731128004348243, 327, 223.0, 378, 8, 108795.85837554932, 82.87141418457031, 439.3641357421875, 332.7090470200285
LOSS, 7813.045921325684, -18.0462646484375, 64.3978042602539, 16.379551197747766, 477, 201.8000030517578, 368, 7, 105246.43595504761, 61.926063537597656, 456.02294921875, 220.64242338584404
LOSS, 10543.479858398438, -25.20965576171875, 62.745582580566406, 24.23788473195043, 435, 223.0, 370, 6, 147285.04873657227, 134.5070343017578, 449.326171875, 338.5863189346489
LOSS, 10475.329833984375, -21.3397216796875, 62.076026916503906, 23.124348419391556, 453, 223.0, 369, 7, 146207.46881866455, 95.9781723022461, 461.10589599609375, 322.7537943016878
LOSS, 15061.98486328125, -19.49017333984375, 67.63114166259766, 20.326565267586034, 741, 175.0, 350, 8, 210524.8391647339, 72.4084701538086, 456.79254150390625, 284.1090946892495
LOSS, 16838.61865234375, -19.13629150390625, 68.4068832397461, 20.117823957399942, 837, 191.0, 344, 12, 215060.03189086914, 52.83654022216797, 463.33148193359375, 256.9414956880157
LOSS, 18888.56494140625, -14.581298828125, 62.457176208496094, 29.934334296998813, 631, 191.0, 357, 8, 206693.3835296631, 91.855224609375, 450.40911865234375, 327.5647916476436
LOSS, 14429.297119140625, -39.999755859375, 67.8816909790039, 13.96834183847108, 1033, 223.0, 331, 12, 281121.5466156006, 83.61905670166016, 452.0528259277344, 272.14089701413417
LOSS, 6487.261795043945, -20.002357482910156, 67.09630584716797, 12.670433193445206, 512, 148.39999389648438, 365, 7, 123100.97538757324, 125.25601196289062, 449.99749755859375, 240.431592553854
LOSS, 7841.0, -13.753593444824219, 63.73046875, 36.81220657276995, 213, 223.0, 385, 4, 72323.45091247559, 117.07571411132812, 449.84466552734375, 339.54671789894644
LOSS, 16236.05810546875, -18.17772674560547, 71.7503890991211, 22.644432504140514, 717, 207.0, 352, 6, 248706.37370300293, 118.26249694824219, 457.3544006347656, 346.8708140906596
LOSS, 21952.662841796875, -33.000244140625, 70.8199234008789, 17.891330759410657, 1227, 191.0, 318, 14, 338616.23877716064, 64.98616027832031, 451.5443420410156, 275.97085474911216
LOSS, 8419.666137695312, -17.49994659423828, 62.32574462890625, 30.6169677734375, 275, 175.0, 381, 7, 94276.69973754883, 107.42076873779297, 441.2386474609375, 342.82436268199575
LOSS, 18228.250732421875, -18.721778869628906, 71.1876449584961, 14.843852387965697, 1228, 175.0, 318, 17, 375728.3839645386, 94.29924011230469, 450.1670837402344, 305.9677393848034
LOSS, 16573.00048828125, -22.04345703125, 64.1576156616211, 19.543632651275058, 848, 185.0, 343, 15, 283783.54093933105, 105.24966430664062, 447.9237060546875, 334.65040205109796
LOSS, 20700.4404296875, -22.04345703125, 66.9991226196289, 17.40995830924096, 1189, 207.0, 320, 13, 377424.61167907715, 101.15325927734375, 452.1468811035156, 317.4302873667596
LOSS, 3956.7333374023438, -34.20726776123047, 64.08660888671875, 11.811144290753266, 335, 223.0, 377, 1, 90285.38928222656, 120.0992202758789, 439.7029724121094, 269.5086247230644
LOSS, 16843.206260681152, -40.4193115234375, 63.714599609375, 14.879157474099959, 1132, 197.5620880126953, 324, 14, 320163.3338775635, 81.40614318847656, 449.12725830078125, 282.8298002451974
LOSS, 19841.0, -32.99993896484375, 69.6541519165039, 18.806635071090046, 1055, 223.0, 329, 16, 325650.0783958435, 51.739986419677734, 448.9967956542969, 308.67306009084695
LOSS, 2244.373565673828, -16.720489501953125, 58.087074279785156, 14.479829455960182, 155, 223.0, 389, 0, 54809.399002075195, 149.07862854003906, 449.92041015625, 353.60902581984
WIN , 25662.0, -22.48944091796875, 83.663330078125, 21.692307692307693, 1183, 191.0, 321, 22, 395209.23428344727, 74.72864532470703, 455.5298767089844, 334.0737398845708
LOSS, 13367.0, -32.400665283203125, 63.07373046875, 10.314043209876543, 1296, 191.0, 313, 10, 382217.56813049316, 65.32815551757812, 450.5273132324219, 294.92096306365215
LOSS, 11094.188232421875, -36.0, 62.4224853515625, 17.307625947616028, 641, 175.0, 357, 12, 170811.5544052124, 79.51182556152344, 452.80731201171875, 266.4766839394889
LOSS, 16184.5908203125, -19.3548583984375, 68.8497085571289, 24.485008805313917, 661, 207.0, 355, 14, 195816.48611450195, 89.19513702392578, 440.37530517578125, 296.24279291150066
LOSS, 15266.97412109375, -19.72406768798828, 71.2224349975586, 29.07995070684524, 525, 223.0, 364, 8, 161352.28945922852, 88.01771545410156, 456.51202392578125, 307.3376942080543
LOSS, 12350.256103515625, -30.822509765625, 63.222267150878906, 7.709273472856196, 1602, 207.0, 293, 14, 300094.4289970398, 50.97114562988281, 450.7362365722656, 187.32486204559288
LOSS, 15539.0, -39.1937255859375, 67.9415054321289, 30.231517509727627, 514, 207.0, 365, 13, 186793.79141235352, 137.4636993408203, 451.2451477050781, 363.4120455493259
LOSS, 9987.941040039062, -18.722877502441406, 62.88482666015625, 24.480247647154567, 408, 207.0, 372, 6, 124466.64875793457, 92.61099243164062, 449.07843017578125, 305.06531558317295
LOSS, 10453.923095703125, -15.992332458496094, 67.5969467163086, 36.68043191474781, 285, 207.0, 380, 6, 101251.59312438965, 126.8538818359375, 448.0439453125, 355.26874780487594
LOSS, 4426.554443359375, -17.66242218017578, 66.7052230834961, 17.994123753493394, 246, 191.0, 383, 3, 64140.91083526611, 108.0533676147461, 444.9615783691406, 260.73540989945576
LOSS, 7339.9998779296875, -17.662269592285156, 70.0502700805664, 23.3015869140625, 315, 191.0, 378, 4, 110243.5486831665, 85.75341033935547, 447.7942199707031, 349.9795196291
WIN , 25969.0, -18.766456604003906, 69.4478530883789, 20.053281853281852, 1295, 137.0, 313, 22, 379535.1021003723, 46.39963912963867, 448.212646484375, 293.07729891920644
LOSS, 8915.324951171875, -40.71006774902344, 62.343666076660156, 21.797860516312653, 409, 223.0, 372, 9, 140120.46411132812, 104.73731994628906, 442.8042297363281, 342.5928217880883
LOSS, 16751.0, -20.35759735107422, 65.7085189819336, 21.868146214099216, 766, 223.0, 348, 19, 248273.6243057251, 92.6624984741211, 443.54827880859375, 324.117003010085
LOSS, 9281.859008789062, -16.033241271972656, 70.7869644165039, 35.97619770848474, 258, 191.0, 382, 8, 96210.87934875488, 157.3929901123047, 438.3309326171875, 372.9103850726933
LOSS, 12968.00048828125, -18.462913513183594, 63.605247497558594, 15.310508250627214, 847, 175.0, 343, 11, 258593.3652267456, 110.48078918457031, 436.95703125, 305.3050356868307
LOSS, 5284.75634765625, -14.9405517578125, 64.9953384399414, 26.826174353585024, 197, 191.0, 386, 2, 60929.400146484375, 144.982421875, 431.5000915527344, 309.2862951598192
LOSS, 10201.785522460938, -17.357872009277344, 61.87408447265625, 25.31460427409662, 403, 223.0, 373, 9, 129161.00484466553, 78.3840103149414, 435.9316711425781, 320.4987713267135
LOSS, 16436.382080078125, -16.00006103515625, 66.99454498291016, 30.213937647202435, 544, 223.0, 363, 8, 191180.63236999512, 145.30894470214844, 446.3039855957031, 351.4349859742557
LOSS, 11331.411010742188, -36.0001220703125, 64.7221908569336, 16.542205855098082, 685, 186.447998046875, 354, 5, 204414.2067642212, 61.2930793762207, 443.05670166015625, 298.41490038572437
LOSS, 7817.2728271484375, -18.46306610107422, 66.1864242553711, 7.347060927771087, 1064, 191.0, 329, 9, 240246.56895446777, 77.29622650146484, 437.4295349121094, 225.79564751359754
LOSS, 3661.404052734375, -16.00006103515625, 63.071815490722656, 13.510716061750461, 271, 223.0, 381, 3, 93040.36354064941, 114.0394515991211, 421.7127380371094, 343.32237468874325
LOSS, 10041.811401367188, -25.20965576171875, 62.04193115234375, 17.867991817379338, 562, 188.5, 362, 9, 165317.04103851318, 88.45378875732422, 439.63446044921875, 294.1584360115893
LOSS, 14285.666259765625, -26.092529296875, 68.2924575805664, 17.047334438861128, 838, 207.0, 344, 10, 237800.85149383545, 73.61788940429688, 442.2470397949219, 283.7718991573215
LOSS, 14888.501220703125, -16.505836486816406, 66.70447540283203, 31.543434789625266, 472, 223.0, 368, 9, 166227.8437347412, 78.49742889404297, 459.5338439941406, 352.1776350312314
LOSS, 9188.114990234375, -17.283912658691406, 60.99700927734375, 24.179249974300987, 380, 207.0, 374, 4, 117780.38582229614, 40.565185546875, 438.6942138671875, 309.9483837428846
LOSS, 13241.61865234375, -43.999755859375, 70.2751693725586, 26.169206822813734, 506, 175.0, 366, 11, 159456.13019561768, 109.60551452636719, 441.9477233886719, 315.13069208620095
LOSS, 7387.073638916016, -18.36114501953125, 64.50003814697266, 23.525712225847183, 314, 135.58538818359375, 379, 6, 97837.27750396729, 85.89080810546875, 437.1993713378906, 311.58368631836714
LOSS, 18621.0, -18.98064422607422, 82.32489776611328, 20.946006749156357, 889, 223.0, 340, 18, 279592.9608078003, 77.09745025634766, 444.8935546875, 314.5027680627675
LOSS, 10405.005981445312, -17.662269592285156, 63.607704162597656, 36.38113979526333, 286, 191.0, 380, 8, 97536.82456970215, 91.74755096435547, 437.5198669433594, 341.0378481458117
WIN , 25745.250003814697, -25.2099609375, 81.06474685668945, 19.098850151197848, 1348, 124.49999237060547, 310, 18, 384159.890335083, 61.89933776855469, 450.8706970214844, 284.98508185095176
LOSS, 6108.161071777344, -15.870216369628906, 64.2531509399414, 32.490218466900764, 188, 207.0, 387, 5, 61949.336013793945, 128.1002655029297, 443.40057373046875, 329.5177447542231
LOSS, 10553.999877929688, -19.24481201171875, 68.2796401977539, 27.62827193175311, 382, 223.0, 374, 10, 126747.67263793945, 125.15404510498047, 434.9170227050781, 331.800190151674
LOSS, 22758.355712890625, -33.000244140625, 70.4137191772461, 17.7799654006958, 1280, 175.0, 314, 20, 361763.845413208, 96.61761474609375, 453.9281311035156, 282.6280042290688
LOSS, 5474.86669921875, -16.00006103515625, 61.302886962890625, 23.003641593356093, 238, 207.0, 384, 6, 74207.00441741943, 119.2032470703125, 435.0338439941406, 311.79413620764467
WIN , 26415.897872924805, -15.999755859375, 67.7599105834961, 27.6316923356954, 956, 183.20425415039062, 336, 23, 317608.61418914795, 99.83673858642578, 451.5096130371094, 332.2265838798619
LOSS, 9386.489501953125, -17.7322998046875, 64.30289459228516, 20.858865559895833, 450, 223.0, 369, 6, 122469.86204528809, 102.88764190673828, 436.02813720703125, 272.15524898952907
LOSS, 15198.586669921875, -16.48967742919922, 63.828636169433594, 26.900153398091813, 565, 223.0, 362, 9, 180494.66624450684, 88.02401733398438, 439.2522888183594, 319.4595862734634
LOSS, 20243.217041015625, -17.662269592285156, 67.4422378540039, 18.352871297384972, 1103, 191.0, 326, 21, 319663.10737609863, 59.61491394042969, 450.2435302734375, 289.81242735820365
LOSS, 4144.300003051758, -17.66242218017578, 57.79303741455078, 11.323224052053984, 366, 196.39999389648438, 375, 1, 90358.19097137451, 98.90541076660156, 432.8706359863281, 246.88030320047682
LOSS, 16570.291015625, -36.0001220703125, 70.05765533447266, 19.98828831800362, 829, 191.0, 344, 12, 260394.54125213623, 74.12922668457031, 449.29840087890625, 314.10680488798096
LOSS, 17859.59999847412, -20.18492889404297, 69.5510025024414, 21.185765122745103, 843, 185.8000030517578, 343, 19, 233951.82568740845, 60.71125793457031, 440.11419677734375, 277.52292489609545
LOSS, 21529.022369384766, -34.99951171875, 68.89105987548828, 24.946723487120238, 863, 180.19500732421875, 342, 18, 259549.00283050537, 57.93021011352539, 449.09722900390625, 300.75203108980924
LOSS, 11966.933349609375, -20.284095764160156, 67.8886947631836, 30.922308396923448, 387, 207.0, 374, 8, 134576.11721801758, 126.08638000488281, 456.4234619140625, 347.74190495611776
LOSS, 13694.7060546875, -17.662269592285156, 63.87480926513672, 21.498753618033753, 637, 223.0, 357, 12, 197316.7872467041, 71.42672729492188, 441.5903015136719, 309.75947762433924
LOSS, 6534.2435302734375, -19.13629150390625, 64.71099090576172, 25.22873949912524, 259, 207.0, 382, 3, 68668.33568954468, 57.874786376953125, 427.8001708984375, 265.1287092260412
LOSS, 5835.3287353515625, -13.330078125, 60.63751220703125, 32.23938527818543, 181, 207.0, 387, 3, 61824.36563873291, 118.27288055419922, 438.68841552734375, 341.5710808769774
LOSS, 18801.0, -18.2332763671875, 67.15277862548828, 27.12987012987013, 693, 223.0, 353, 17, 236959.15495300293, 100.8001480102539, 437.0089416503906, 341.9324025295858
LOSS, 11561.0, -20.332557678222656, 68.00206756591797, 32.02493074792244, 361, 223.0, 375, 12, 110385.67012786865, 81.11640167236328, 433.0776062011719, 305.77747957858355
LOSS, 7358.072364807129, -16.48968505859375, 62.114173889160156, 26.854278703675654, 274, 209.6999969482422, 381, 5, 79246.20143127441, 86.65840911865234, 434.46087646484375, 289.21971325282635
WIN , 26142.753562927246, -18.796371459960938, 69.2558822631836, 24.094703744633406, 1085, 189.4928741455078, 327, 21, 365526.1276321411, 108.54849243164062, 444.7789001464844, 336.89044021395495
WIN , 27329.0, -21.16271209716797, 84.78935241699219, 22.092966855295067, 1237, 137.0, 317, 23, 370015.97301101685, 50.93794631958008, 444.0010070800781, 299.1236645198196
LOSS, 14444.377685546875, -18.935623168945312, 66.67256927490234, 28.716456631305913, 503, 223.0, 366, 15, 167787.3427886963, 138.04766845703125, 452.4188537597656, 333.57324610078786
LOSS, 16783.171730041504, -23.95263671875, 68.1261215209961, 22.89655079132538, 733, 197.3357391357422, 351, 17, 244824.89668273926, 89.62919616699219, 435.16729736328125, 334.0039518181982
LOSS, 18799.276000976562, -17.35832977294922, 67.0430679321289, 26.741502135101797, 703, 186.447998046875, 353, 18, 219380.85335540771, 79.6792221069336, 428.9322814941406, 312.0638027815188
LOSS, 10030.960571289062, -34.0869140625, 65.0273666381836, 14.882730817936295, 674, 191.0, 355, 9, 204651.48376464844, 78.51636505126953, 439.5762939453125, 303.63721626802436
LOSS, 5295.635437011719, -14.28403091430664, 61.65929412841797, 25.958997240253524, 204, 207.0, 386, 3, 66529.6801071167, 105.96590423583984, 426.26361083984375, 326.12588287802305
LOSS, 17184.300003051758, -27.754432678222656, 66.29430389404297, 17.393016197420806, 988, 196.39999389648438, 334, 14, 302424.6610031128, 98.32357788085938, 457.4761047363281, 306.09783502339354
LOSS, 15383.926025390625, -30.820594787597656, 67.8829116821289, 26.030331684248097, 591, 223.0, 360, 8, 198567.31581115723, 131.46673583984375, 438.3008117675781, 335.9853059410444
LOSS, 5329.641296386719, -15.463035583496094, 58.9405460357666, 24.336261627336615, 219, 191.0, 385, 0, 71830.11199951172, 164.6581573486328, 435.4120178222656, 327.9913789932042
LOSS, 17070.6982421875, -23.69769287109375, 69.3102035522461, 23.643626374220915, 722, 175.0, 351, 18, 241036.22273254395, 79.12801361083984, 431.9948425292969, 333.84518384008857
LOSS, 16981.156021118164, -25.656951904296875, 61.06475830078125, 16.187946635956305, 1049, 137.39498901367188, 330, 21, 292021.5995941162, 48.80369186401367, 432.34051513671875, 278.3809338361451
LOSS, 10541.0, -27.713623046875, 64.20706939697266, 25.038004750593824, 421, 223.0, 371, 5, 132413.13285064697, 73.59783935546875, 429.77587890625, 314.5205055834845
LOSS, 9249.414306640625, -17.707778930664062, 67.3268814086914, 15.571404556634048, 594, 223.0, 360, 8, 163591.46041870117, 76.90663146972656, 437.0182800292969, 275.40649902138244
LOSS, 15268.759765625, -18.20404815673828, 69.1664810180664, 27.91363759712066, 547, 175.0, 363, 7, 181131.9945602417, 82.45622253417969, 456.770751953125, 331.13710157265393
LOSS, -11580.4175491333, -37.94566345214844, 64.9262924194336, -1.9303913234094516, 5999, 225.83509826660156, 0, 6, 478810.6377182007, 33.43193817138672, 427.4648132324219, 79.81507546561105
LOSS, 11590.73779296875, -16.00006103515625, 69.0444107055664, 36.913177684613856, 314, 191.0, 379, 6, 108139.49077606201, 127.09049224853516, 430.8421630859375, 344.3932827263121
LOSS, 24795.4052734375, -20.47064971923828, 67.8526840209961, 26.155490794765296, 948, 175.0, 336, 19, 312555.1335220337, 79.45361328125, 449.2596740722656, 329.6995079346347
LOSS, 3673.0794677734375, -18.204200744628906, 66.7467269897461, 21.231673224123917, 173, 223.0, 388, 2, 46338.09689331055, 94.70013427734375, 437.2322082519531, 267.8502710595985
LOSS, 7269.553565979004, -13.720458984375, 69.65506744384766, 40.84018857291575, 178, 197.3357391357422, 388, 1, 59783.42719268799, 93.6231918334961, 429.802490234375, 335.86195052071906
LOSS, 6001.0, -15.588813781738281, 67.6998062133789, 39.22222222222222, 153, 223.0, 389, 5, 53172.67197418213, 98.37152099609375, 429.7816467285156, 347.5338037528244
WIN , 26947.54999923706, -39.00048828125, 76.18159103393555, 18.406796447566297, 1464, 119.9000015258789, 302, 21, 399736.58014678955, 70.17407989501953, 453.4415283203125, 273.04411212212403
LOSS, 10947.969802856445, -14.437042236328125, 65.96076202392578, 32.10548329283415, 341, 211.37606811523438, 377, 10, 113274.5740814209, 132.17318725585938, 439.2563781738281, 332.18350170504664
WIN , 26244.0, -27.760498046875, 64.6321792602539, 17.40318302387268, 1508, 207.0, 299, 30, 414370.32872772217, 77.42930603027344, 448.3836364746094, 274.781385097959
LOSS, 18913.949996948242, -26.90522003173828, 68.1838150024414, 11.925567463397378, 1586, 177.10000610351562, 294, 27, 392970.3830795288, 72.63756561279297, 456.8607177734375, 247.7745164435869
LOSS, 22650.1572265625, -19.48956298828125, 64.2537612915039, 27.554935798737834, 822, 207.0, 345, 18, 268135.4087867737, 57.022159576416016, 442.9285583496094, 326.19879414449355
LOSS, 12682.792770385742, -16.720489501953125, 68.50028228759766, 36.868583634842274, 344, 177.10000610351562, 377, 9, 117002.02436065674, 109.88511657714844, 450.72418212890625, 340.1221638391184
WIN , 26924.0, -39.954200744628906, 66.93603515625, 8.213544844417328, 3278, 207.0, 181, 18, 677493.6378479004, 62.228668212890625, 444.8287048339844, 206.678962125656
LOSS, 24498.31884765625, -20.1611328125, 67.5691909790039, 27.220354275173612, 900, 207.0, 339, 21, 302172.25399780273, 101.02711486816406, 433.3200378417969, 335.74694888644746
LOSS, 12001.346923828125, -16.351959228515625, 69.20491790771484, 32.348643999536726, 371, 191.0, 375, 7, 117897.18042755127, 93.70329284667969, 438.3885803222656, 317.7821574866611
WIN , 26572.753562927246, -43.07373046875, 76.30196380615234, 19.48149088191147, 1364, 189.4928741455078, 309, 26, 439550.8393249512, 95.78756713867188, 440.2699279785156, 322.2513484787032
LOSS, 19875.82485961914, -18.141456604003906, 65.44393157958984, 3.313189674882337, 5999, 193.35028076171875, 0, 25, 901341.2951660156, 43.718780517578125, 457.404296875, 150.24859062610696
LOSS, 15201.0, -20.1611328125, 62.6251220703125, 27.0, 563, 223.0, 362, 14, 182182.8175201416, 72.39533233642578, 440.1676025390625, 323.5929263235197
LOSS, 5104.451183319092, -19.72052001953125, 61.05260467529297, 5.542292272876321, 921, 110.4000015258789, 338, 5, 204081.47505187988, 85.4286880493164, 444.2811584472656, 221.58683501832778
LOSS, 14889.519287109375, -26.54389190673828, 66.7802963256836, 23.301282139451292, 639, 223.0, 357, 11, 176291.77516937256, 53.072261810302734, 447.43023681640625, 275.8869720960447
LOSS, -11320.050483703613, -24.115028381347656, 58.51355743408203, -1.8869895788804156, 5999, 225.10096740722656, 0, 7, 433472.6659297943, 29.90101432800293, 431.2005310058594, 72.25748723617174
