WIN , 32504.498138427734, -38.482139587402344, 84.19033813476562, 7.517228986685415, 4324, 166.00372314453125, 111, 31, 17746.88985157013, 6.074181079864502, 51.99065399169922, 4.104276098883009
LOSS, 15300.078369140625, -43.999755859375, 52.122413635253906, 4.849470164545364, 3155, 223.0, 189, 14, 45570.12190914154, 10.797597885131836, 60.42786407470703, 14.443778735068634
WIN , 28938.65000152588, -41.9998779296875, 87.0406265258789, 16.0591842405804, 1802, 177.6999969482422, 279, 36, 51369.40436172485, 4.3957977294921875, 91.7911376953125, 28.5068836635543
LOSS, 22605.114501953125, -19.91020965576172, 62.715980529785156, 27.43339138586544, 824, 207.0, 345, 13, 30651.179971694946, 13.466304779052734, 88.65963745117188, 37.19803394623173
LOSS, 21491.0, -40.9998779296875, 61.396095275878906, 19.120106761565836, 1124, 223.0, 325, 20, 43869.048124313354, 18.030040740966797, 98.65298461914062, 39.02940224583039
WIN , 28170.0, -20.662147521972656, 76.773681640625, 19.824067558057706, 1421, 175.0, 305, 18, 63003.79476547241, 14.124746322631836, 115.97298431396484, 44.337645858882766
LOSS, 5799.71549987793, -18.6700439453125, 57.377845764160156, 26.007692824564707, 223, 199.20425415039062, 385, 6, 14371.492965698242, 33.811317443847656, 125.0345687866211, 64.4461567968531
WIN , 27694.0, -21.2823486328125, 62.536537170410156, 24.66073018699911, 1123, 207.0, 325, 29, 70063.61694335938, 18.504911422729492, 124.21849822998047, 62.38968561296471
LOSS, 22993.551025390625, -20.436798095703125, 63.690101623535156, 22.49858221662488, 1022, 175.0, 331, 22, 64689.8178524971, 7.398056507110596, 127.6004867553711, 63.29727774216938
WIN , 27186.557502746582, -34.0, 68.5420913696289, 26.83766782107264, 1013, 141.88499450683594, 332, 14, 68306.0870552063, 25.757919311523438, 123.9554443359375, 67.42950350958174
LOSS, 12224.4345703125, -15.7410888671875, 61.976318359375, 32.16956465871711, 380, 207.0, 374, 8, 32492.637996673584, 23.230253219604492, 144.87918090820312, 85.50694209650943
LOSS, 7005.201316833496, -13.329925537109375, 60.56243896484375, 30.59039876346505, 229, 169.8000030517578, 384, 4, 19866.621883392334, 40.73210906982422, 156.10537719726562, 86.75380735105823
LOSS, 17279.404052734375, -19.858753204345703, 61.935646057128906, 27.915030779861674, 619, 207.0, 358, 9, 57037.98991775513, 48.0380859375, 144.77024841308594, 92.14537951172072
LOSS, 11591.463668823242, -19.95667266845703, 63.32617950439453, 20.810527233075838, 557, 145.10000610351562, 362, 7, 42059.781739234924, 10.898122787475586, 145.51068115234375, 75.51127780832122
WIN , 26600.115753173828, -16.291778564453125, 77.87492370605469, 30.09062868006089, 884, 174.76849365234375, 341, 17, 81399.82180976868, 30.08791732788086, 150.45115661621094, 92.08124639114104
LOSS, 15353.912063598633, -19.72021484375, 62.367164611816406, 21.474002886151933, 715, 164.39999389648438, 352, 11, 58620.16840362549, 14.381328582763672, 144.57174682617188, 81.98624951556012
LOSS, 13069.0, -18.963623046875, 69.8653335571289, 26.085828343313374, 501, 207.0, 366, 14, 44097.46714401245, 29.88652229309082, 145.82186889648438, 88.01889649503484
LOSS, 17982.668212890625, -18.462913513183594, 65.5589828491211, 27.580779467623657, 652, 207.0, 356, 13, 68813.85348510742, 34.856204986572266, 172.821533203125, 105.54272006918316
LOSS, 20670.319679260254, -39.0, 70.8751449584961, 23.569349691288775, 877, 209.6999969482422, 341, 16, 87879.75916290283, 23.92626953125, 177.2864990234375, 100.20497053922786
LOSS, -6472.775001525879, -25.198776245117188, 62.31742858886719, -1.0789756628647906, 5999, 210.5500030517578, 0, 7, 332373.3230304718, 11.588608741760254, 177.2393035888672, 55.404787969740255
LOSS, 21616.649169921875, -19.897865295410156, 69.8192367553711, 30.749145334170517, 703, 175.0, 353, 20, 92355.50940322876, 32.10200881958008, 213.88906860351562, 131.3734130913638
LOSS, 16684.00048828125, -17.662269592285156, 83.0548324584961, 14.055602770245367, 1187, 223.0, 320, 19, 168030.15579986572, 38.67020797729492, 219.99154663085938, 141.55868222398124
LOSS, 6378.504638671875, -36.0001220703125, 68.5600814819336, 6.792869689746405, 939, 175.0, 337, 6, 92883.95470046997, 38.19417953491211, 219.0727081298828, 98.91794962776355
LOSS, 4825.49365234375, 0, 60.5764274597168, 46.39897742638221, 104, 191.0, 393, 2, 17191.449882507324, 68.59278869628906, 225.41647338867188, 165.30240271641657
LOSS, 8433.743286132812, -17.662269592285156, 63.37371826171875, 33.07350308287378, 255, 175.0, 382, 5, 38702.30940628052, 49.81503677368164, 223.9313201904297, 151.77376237757065
LOSS, 13741.0, -16.498497009277344, 59.0081787109375, 26.785575048732944, 513, 223.0, 365, 11, 77529.00095748901, 38.125240325927734, 219.89488220214844, 151.12865683721054
LOSS, 2579.3969116210938, -13.000030517578125, 58.58650207519531, 27.151546438116775, 95, 223.0, 393, 1, 13487.49598312378, 47.56550598144531, 212.82997131347656, 141.97364192761873
LOSS, 18741.0, -37.00048828125, 68.91561126708984, 22.606755126658626, 829, 223.0, 344, 18, 126766.60062408447, 52.703025817871094, 232.92526245117188, 152.91507916053615
LOSS, 18556.744384765625, -29.937095642089844, 67.1423110961914, 19.492378555426075, 952, 175.0, 336, 22, 150083.3914794922, 45.6236572265625, 245.3245391845703, 157.6506213019876
LOSS, 13003.206787109375, -33.582679748535156, 70.7997817993164, 24.124687916714983, 539, 175.0, 364, 8, 92664.33116912842, 58.90605545043945, 242.44839477539062, 171.91898176090615
LOSS, 13514.802993774414, -20.22979736328125, 65.8949966430664, 29.572873071716444, 457, 201.39498901367188, 369, 12, 76418.8860168457, 57.30603790283203, 246.74705505371094, 167.21856896465144
LOSS, 10279.546363830566, -19.022003173828125, 71.37776947021484, 34.26515454610189, 300, 214.8940887451172, 379, 10, 48655.64805984497, 61.191165924072266, 245.4697723388672, 162.18549353281657
LOSS, 5198.999816894531, -16.00006103515625, 64.16885375976562, 27.802138058259526, 187, 191.0, 387, 2, 33924.08522796631, 68.00798034667969, 242.54702758789062, 181.41222047040807
LOSS, 11205.18830871582, -16.00006103515625, 69.23238372802734, 34.16215947779214, 328, 164.39999389648438, 378, 6, 57833.36082839966, 61.574283599853516, 252.4242706298828, 176.32122203780384
LOSS, 16961.0, -37.0, 71.8993148803711, 11.498983050847457, 1475, 223.0, 301, 15, 195441.70540237427, 18.697139739990234, 255.55943298339844, 132.50285112025375
LOSS, 7032.570068359375, -21.51190185546875, 66.29691314697266, 27.048346416766826, 260, 186.447998046875, 382, 4, 46889.24983596802, 53.672428131103516, 258.7350158691406, 180.34326859987698
LOSS, 9671.525512695312, -19.042030334472656, 70.6438217163086, 26.940182486616468, 359, 223.0, 376, 9, 56095.6149559021, 45.60760498046875, 259.9526672363281, 156.25519486323705
LOSS, 11931.24609375, -18.20404815673828, 66.1864242553711, 17.649772328032544, 676, 207.0, 354, 13, 107824.68544006348, 61.51698303222656, 247.76077270507812, 159.5039725444726
LOSS, 20782.92832183838, -33.000244140625, 69.1161117553711, 31.01929600274385, 670, 209.6999969482422, 355, 10, 115652.35071182251, 46.07886505126953, 259.23114013671875, 172.61544882361568
LOSS, -7156.554069519043, -30.088409423828125, 56.234046936035156, -1.1929578378928227, 5999, 227.82737731933594, 0, 6, 387204.3503704071, 19.752735137939453, 257.630615234375, 64.54481586437858
LOSS, 11634.415771484375, -17.562469482421875, 69.0810317993164, 29.013505664549562, 401, 191.0, 373, 8, 72031.43923187256, 47.40483093261719, 299.53131103515625, 179.62952426900887
LOSS, 10238.532470703125, -19.72052001953125, 70.7964096069336, 21.46442865975498, 477, 207.0, 368, 9, 76394.48124313354, 47.93315505981445, 295.8096008300781, 160.156145163802
LOSS, 20171.32177734375, -38.0, 72.1117172241211, 14.155313527960526, 1425, 207.0, 304, 19, 216821.8752632141, 31.840633392333984, 290.12457275390625, 152.1557019390976
LOSS, 1859.599998474121, -13.824211120605469, 58.586578369140625, 32.62456137673897, 57, 185.8000030517578, 396, 3, 10778.134353637695, 65.2732925415039, 286.9408874511719, 189.0900763796087
LOSS, 19177.300491333008, -24.18328857421875, 69.8216781616211, 17.77321639604542, 1079, 196.39999389648438, 328, 22, 181236.37189102173, 47.10499572753906, 292.63128662109375, 167.96698043653544
LOSS, 10140.546264648438, -15.612335205078125, 67.9170913696289, 33.031095324587746, 307, 175.0, 379, 8, 60766.93817138672, 48.206573486328125, 292.9729919433594, 197.9379093530512
LOSS, 7106.0001220703125, -20.63634490966797, 62.82684326171875, 28.538153100683985, 249, 207.0, 383, 6, 52600.45499420166, 80.4019546508789, 312.0084228515625, 211.24680720562915
LOSS, 20542.9052734375, -26.654052734375, 70.05765533447266, 16.647411080581442, 1234, 175.0, 317, 20, 238632.05866622925, 40.90224838256836, 309.23834228515625, 193.38092274410798
LOSS, 24106.6982421875, -37.807373046875, 67.5105972290039, 22.828312729344223, 1056, 223.0, 329, 26, 203767.6715927124, 51.59905242919922, 310.4640808105469, 192.9618102203716
WIN , 25681.40355682373, -19.361923217773438, 70.7732162475586, 32.54930742309725, 789, 192.19288635253906, 347, 16, 164722.7056350708, 35.80026626586914, 312.5318298339844, 208.7740248860213
LOSS, 12177.298950195312, -15.999984741210938, 67.9433364868164, 38.054059219360354, 320, 207.0, 378, 7, 71635.9727859497, 86.2643051147461, 305.92333984375, 223.86241495609283
LOSS, 13431.60888671875, -18.8795166015625, 70.4906234741211, 25.879785908899326, 519, 175.0, 365, 10, 105423.71816635132, 55.85079574584961, 312.5091857910156, 203.12855138025301
LOSS, 10570.34033203125, -24.1507568359375, 67.92334747314453, 21.1406806640625, 500, 207.0, 366, 8, 104443.77498626709, 48.09214782714844, 321.6181335449219, 208.88754997253417
LOSS, 11026.560325622559, -38.675819396972656, 62.607643127441406, 17.929366383126112, 615, 201.8000030517578, 358, 9, 109795.65107345581, 29.803775787353516, 323.3183288574219, 178.52951394057857
LOSS, 8019.7274169921875, -27.167694091796875, 62.648216247558594, 19.801796091338733, 405, 223.0, 372, 6, 79449.1594657898, 47.457725524902344, 333.9538269042969, 196.1707641130612
LOSS, 15722.487350463867, -25.27587890625, 68.0510482788086, 30.29380992382248, 519, 129.10000610351562, 365, 13, 115234.5382194519, 50.22689437866211, 323.0324401855469, 222.0318655480769
LOSS, 14867.239013671875, -40.999755859375, 65.8180923461914, 21.26929758751341, 699, 223.0, 353, 17, 151391.26816940308, 39.79243850708008, 331.7172546386719, 216.58264401917464
LOSS, 5497.215576171875, -13.858749389648438, 63.607704162597656, 41.645572546756625, 132, 188.9501953125, 391, 2, 29040.482749938965, 75.43760681152344, 307.07550048828125, 220.0036571965073
LOSS, 19891.0, -20.87433624267578, 68.9287338256836, 21.38817204301075, 930, 223.0, 337, 17, 188499.42205810547, 37.02830123901367, 331.8529357910156, 202.6875506001134
LOSS, 7333.0472412109375, -16.858627319335938, 64.1982192993164, 19.348409607416723, 379, 207.0, 374, 6, 69781.7678604126, 33.86029052734375, 332.3146057128906, 184.12075952615461
LOSS, 5079.51513671875, -18.57642364501953, 57.393714904785156, 21.989243016098484, 231, 207.0, 384, 2, 50079.85594177246, 94.96961975097656, 328.89154052734375, 216.79591316784615
LOSS, 9487.750610351562, -35.0001220703125, 66.0094223022461, 11.815380585742917, 803, 207.0, 346, 11, 141259.09506988525, 37.00209045410156, 343.830078125, 175.9141906225221
LOSS, 9986.00439453125, -39.999755859375, 67.53194427490234, 17.33681318495009, 576, 207.0, 361, 10, 112042.06365966797, 65.52452850341797, 324.31781005859375, 194.517471631368
LOSS, 11465.449584960938, -20.662376403808594, 57.5262451171875, 16.217043260199347, 707, 207.0, 352, 13, 162360.5208015442, 42.590023040771484, 334.6238708496094, 229.64712984659715
LOSS, 5787.29833984375, -16.330589294433594, 66.1806411743164, 25.162166694972825, 230, 207.0, 384, 2, 55356.88635253906, 139.14210510253906, 335.4113464355469, 240.6821145762568
WIN , 25640.0, -42.00048828125, 70.05057525634766, 22.412587412587413, 1144, 175.0, 323, 24, 244233.5013999939, 45.00531005859375, 343.53521728515625, 213.49082290209256
LOSS, 13488.44873046875, -28.283370971679688, 70.9154281616211, 33.97594138657116, 397, 223.0, 373, 7, 97901.65266418457, 73.01394653320312, 338.5151062011719, 246.60365910373946
LOSS, 18313.743896484375, -39.999755859375, 64.05767059326172, 16.55853878524808, 1106, 175.0, 326, 19, 239319.7460861206, 70.42218780517578, 344.1484069824219, 216.38313389341826
LOSS, 20010.993530273438, -28.43994140625, 66.6261978149414, 17.83511009828292, 1122, 186.447998046875, 325, 17, 238245.08749389648, 55.464447021484375, 343.85357666015625, 212.33965017281326
LOSS, 13066.915283203125, -21.158836364746094, 66.6222152709961, 24.74794561212713, 528, 175.0, 364, 13, 119384.03762435913, 61.38309860229492, 340.8443603515625, 226.10613186431652
LOSS, 11835.357421875, -21.342391967773438, 70.3597183227539, 28.866725419207317, 410, 207.0, 372, 6, 99491.56916809082, 82.22835540771484, 354.7491149902344, 242.66236382461176
WIN , 18864.0, -40.050048828125, 68.3003921508789, 3.7682780663204154, 5006, 207.0, 66, 24, 563485.1098518372, 41.329383850097656, 354.75396728515625, 112.56194763320758
LOSS, 21272.23193359375, -16.00006103515625, 68.8042221069336, 31.797058196702167, 669, 191.0, 355, 15, 178261.19130706787, 73.21742248535156, 357.03704833984375, 266.4591798311926
LOSS, 20011.0, -18.20404815673828, 63.786231994628906, 21.288297872340426, 940, 223.0, 337, 18, 202886.8881187439, 33.60429763793945, 370.95458984375, 215.8371150199403
WIN , 26012.0, -39.910888671875, 77.2998046875, 21.35632183908046, 1218, 191.0, 318, 25, 297918.3669204712, 48.36030578613281, 361.0611267089844, 244.5963603616348
LOSS, 15888.331298828125, -34.0, 65.8110580444336, 26.8383974642367, 592, 175.0, 360, 14, 141406.59047317505, 29.184764862060547, 362.25982666015625, 238.8624839073903
WIN , 26410.0, -18.963623046875, 71.368408203125, 26.649848637739655, 991, 175.0, 333, 26, 236153.38260269165, 59.39518737792969, 379.1899108886719, 238.29806518939623
LOSS, 5744.082298278809, -28.536231994628906, 62.418609619140625, 21.195875639405198, 271, 201.8000030517578, 381, 5, 71900.37446212769, 63.85642623901367, 373.15728759765625, 265.31503491560034
LOSS, 20219.974609375, -20.1611328125, 70.4576644897461, 30.08924793061756, 672, 223.0, 355, 11, 164677.92266082764, 79.3362808227539, 372.585693359375, 245.0564325309935
LOSS, 7358.730224609375, -36.990821838378906, 66.4753646850586, 2.2171528245282843, 3319, 207.0, 178, 11, 371147.64210128784, 45.12690734863281, 386.7544860839844, 111.82514073554921
LOSS, 8858.7578125, -23.80768585205078, 59.0545654296875, 19.512682406387665, 454, 191.0, 369, 3, 105109.71413421631, 59.739158630371094, 382.0814514160156, 231.51919412822974
LOSS, 14926.924072265625, -19.13629150390625, 67.72664642333984, 21.44672998888739, 696, 223.0, 353, 17, 166234.18421936035, 62.77989196777344, 392.40313720703125, 238.84221870597753
WIN , 18415.76809310913, -35.0001220703125, 83.8654556274414, 6.2788162608623015, 2933, 123.46381378173828, 204, 22, 753508.9125862122, 56.746826171875, 395.677001953125, 256.9072323853434
LOSS, 5102.7515869140625, -17.01622772216797, 69.6755142211914, 34.24665494573196, 149, 154.447998046875, 390, 4, 40677.86777496338, 98.37427520751953, 383.7542724609375, 273.00582399304284
LOSS, 22700.722412109375, -25.20965576171875, 66.3667984008789, 19.237900349245233, 1180, 207.0, 321, 16, 288393.45833587646, 72.79551696777344, 393.49249267578125, 244.4012358778614
LOSS, 9413.699951171875, -21.34002685546875, 63.801109313964844, 16.900718045191876, 557, 175.0, 362, 7, 153952.31913757324, 107.70201873779297, 394.77569580078125, 276.39554602795914
LOSS, 5741.0, -16.2904052734375, 58.001304626464844, 25.744394618834082, 223, 223.0, 385, 6, 60165.88208770752, 93.31529998779297, 395.1492919921875, 269.80216182828485
LOSS, 19170.580810546875, -18.19054412841797, 70.5589828491211, 14.701365652259874, 1304, 207.0, 313, 20, 307737.0430030823, 62.875186920166016, 407.9685363769531, 235.99466487966433
LOSS, 16229.21044921875, -18.20404815673828, 64.3694076538086, 19.57685217034831, 829, 223.0, 344, 14, 224280.82292938232, 85.59815979003906, 419.8471984863281, 270.5438153551053
WIN , 26704.0, -20.941650390625, 79.45556640625, 22.142620232172472, 1206, 207.0, 319, 18, 328287.73623657227, 75.9594497680664, 429.7853088378906, 272.2120532641561
LOSS, 9244.104248046875, -17.96697235107422, 65.4622573852539, 15.91067856806691, 581, 223.0, 361, 4, 142439.59560394287, 93.99938201904297, 396.24822998046875, 245.16281515308583
WIN , 25033.0, -34.11201477050781, 92.60673522949219, 14.150932730356134, 1769, 169.0, 282, 21, 391691.5815010071, 59.66098403930664, 411.08154296875, 221.419774732056
LOSS, 11093.379272460938, -18.350440979003906, 63.35607147216797, 13.31738207978504, 833, 207.0, 344, 8, 195046.27892303467, 73.366943359375, 402.1174621582031, 234.14919438539576
LOSS, 6501.0, -18.462913513183594, 58.7640380859375, 16.293233082706767, 399, 223.0, 373, 8, 82425.53569030762, 61.446800231933594, 397.5613098144531, 206.58028995064566
LOSS, 15552.157051086426, -39.599998474121094, 67.8475112915039, 20.847395510839714, 746, 206.07408142089844, 350, 13, 203869.05952453613, 68.60306549072266, 400.6851501464844, 273.2829216146597
LOSS, 19717.125, -39.0, 68.3666000366211, 24.554327521793276, 803, 207.0, 346, 10, 207214.24464416504, 55.84391784667969, 412.1459045410156, 258.0501178632192
LOSS, 10078.450317382812, -34.0869140625, 70.8492202758789, 21.76771126864538, 463, 185.0, 369, 9, 116917.18622589111, 66.5636978149414, 416.75921630859375, 252.52092057427888
LOSS, 6965.20166015625, -16.00006103515625, 60.763465881347656, 22.61429110440341, 308, 223.0, 379, 5, 84243.96535491943, 116.88505554199219, 413.07476806640625, 273.5193680354527
LOSS, 13878.10595703125, -17.662269592285156, 70.8647689819336, 31.327552950409142, 443, 191.0, 370, 7, 122445.16273498535, 70.81941986083984, 402.4869079589844, 276.3999158803281
LOSS, 7482.011474609375, -21.34002685546875, 62.668678283691406, 20.841257589441156, 359, 207.0, 376, 6, 81982.82521820068, 47.50949478149414, 413.69970703125, 228.3644156495841
LOSS, 8128.7218017578125, -18.9337158203125, 62.499900817871094, 25.166321367671245, 323, 191.0, 378, 5, 83809.59521484375, 107.61495971679688, 396.9833984375, 259.4724310057082
WIN , 24141.37481689453, -31.0870361328125, 66.10356903076172, 11.181739146315207, 2159, 152.2503662109375, 256, 31, 545091.6530075073, 54.479312896728516, 429.5484313964844, 252.47413293539014
LOSS, 17045.267578125, -20.065505981445312, 64.4542465209961, 26.063100272362384, 654, 223.0, 356, 20, 174047.8868560791, 66.59634399414062, 413.260986328125, 266.1282673640353
LOSS, 4920.0096435546875, -16.354904174804688, 59.151832580566406, 30.00005880216273, 164, 191.0, 389, 2, 42709.00280761719, 103.36450958251953, 412.1761779785156, 260.4207488269341
LOSS, 5898.0001220703125, -13.329925537109375, 61.69715881347656, 38.54902040568832, 153, 223.0, 389, 4, 45974.60585021973, 118.58721923828125, 422.9688415527344, 300.48761993607667
LOSS, 13031.0, -13.330078125, 64.2412338256836, 32.906565656565654, 396, 223.0, 373, 8, 110716.04162597656, 90.52351379394531, 418.98480224609375, 279.585963701961
LOSS, 11403.000244140625, -18.774757385253906, 66.7928237915039, 25.283814288560144, 451, 207.0, 369, 12, 117262.50486373901, 57.832298278808594, 422.3563232421875, 260.00555402159426
LOSS, 25040.190185546875, -25.2099609375, 61.462303161621094, 17.2690966796875, 1450, 207.0, 303, 29, 371937.02966308594, 50.61608123779297, 413.62542724609375, 256.5082963193696
LOSS, 21627.087158203125, -22.25763702392578, 65.23650360107422, 20.79527611365685, 1040, 207.0, 330, 17, 284582.2530670166, 73.23200988769531, 424.4682922363281, 273.63678179520826
WIN , 25066.949996948242, -37.0, 80.42045593261719, 21.24317796351546, 1180, 161.10000610351562, 321, 16, 322541.6325683594, 92.07118225097656, 421.1795654296875, 273.3403665833554
LOSS, 7623.2955322265625, -16.123519897460938, 56.092681884765625, 29.320367431640626, 260, 223.0, 382, 4, 80000.55298614502, 121.2648696899414, 405.9077453613281, 307.6944345620962
WIN , 18416.300003051758, -44.261474609375, 66.7162094116211, 3.665664809524633, 5024, 142.39999389648438, 65, 27, 712662.6048431396, 38.79866027832031, 421.88018798828125, 141.85163312960583
LOSS, 21727.669921875, -30.777732849121094, 63.069374084472656, 22.26195688716701, 976, 223.0, 334, 14, 295982.9016113281, 72.43963623046875, 426.2466735839844, 303.2611696837378
LOSS, 11731.0, -30.931556701660156, 62.421775817871094, 20.366319444444443, 576, 223.0, 361, 7, 156293.26372528076, 34.321781158447266, 415.2158508300781, 271.3424717452791
LOSS, 14798.130126953125, -36.19427490234375, 65.9648666381836, 15.224413710857124, 972, 223.0, 335, 12, 289170.43198394775, 69.59547424316406, 431.911865234375, 297.5004444279298
WIN , 26032.0, -26.092529296875, 70.4491195678711, 20.305772230889236, 1282, 191.0, 314, 29, 358744.2477684021, 50.80965042114258, 432.1963195800781, 279.83170652761476
LOSS, 7558.7039794921875, -16.795265197753906, 64.52535247802734, 21.172840278689602, 357, 207.0, 376, 6, 106844.3268737793, 78.2900161743164, 423.7284240722656, 299.28382877809327
LOSS, 15727.828125, -31.78716278076172, 61.551124572753906, 14.311035600545951, 1099, 207.0, 326, 15, 288175.98152160645, 69.74149322509766, 432.70599365234375, 262.21654369572923
LOSS, 5140.9036865234375, -13.858749389648438, 61.245643615722656, 31.733973373601465, 162, 207.0, 389, 3, 52095.546447753906, 139.31744384765625, 429.71807861328125, 321.57744720835746
LOSS, 17409.0732421875, -22.04345703125, 62.275291442871094, 26.022531004764573, 669, 207.0, 355, 12, 207556.89070129395, 56.79923629760742, 427.9427490234375, 310.24946293168006
WIN , 28296.753562927246, -31.936622619628906, 67.91939544677734, 21.054132115273248, 1344, 221.4928741455078, 310, 24, 384199.1321029663, 63.055992126464844, 424.5164489746094, 285.86244948137374
LOSS, 12886.369506835938, -20.77994155883789, 68.5597915649414, 26.958932022669327, 478, 191.0, 368, 11, 147193.33222198486, 80.75177001953125, 427.47894287109375, 307.93584146858757
LOSS, 16765.234619140625, -24.391944885253906, 63.850608825683594, 23.546677835871666, 712, 223.0, 352, 18, 219661.95231628418, 70.22603607177734, 431.8286437988281, 308.51397797230925
LOSS, 9018.068603515625, -19.793006896972656, 55.184242248535156, 28.26980753453174, 319, 207.0, 378, 5, 105832.9501953125, 74.61661529541016, 429.7036437988281, 331.76473415458463
LOSS, 12728.649879455566, -20.1611328125, 63.520408630371094, 28.53957372075239, 446, 193.6999969482422, 370, 7, 141291.10019683838, 85.47012329101562, 431.193603515625, 316.7961887821488
LOSS, 11288.906494140625, -34.0, 68.70442962646484, 18.296444885154983, 617, 223.0, 358, 12, 177652.7543182373, 83.29570007324219, 431.1940002441406, 287.9299097540313
LOSS, 14852.389404296875, -20.078506469726562, 65.8400650024414, 28.672566417561534, 518, 191.0, 365, 13, 152726.18978118896, 82.6416244506836, 435.12982177734375, 294.8382042107895
LOSS, 16482.124267578125, -29.6014404296875, 66.2489242553711, 18.772351102025198, 878, 223.0, 341, 17, 252489.33102416992, 77.31515502929688, 429.6429138183594, 287.57326995919124
LOSS, 17236.842712402344, -37.807373046875, 61.357322692871094, 15.093557541508181, 1142, 211.3145751953125, 323, 16, 284289.9691619873, 66.27676391601562, 434.9402160644531, 248.9404283379924
LOSS, 10807.872802734375, -16.292251586914062, 65.52603912353516, 30.444712120378522, 355, 191.0, 376, 7, 112293.03271484375, 106.40080261230469, 428.4476318359375, 316.31840201364435
LOSS, 5817.194274902344, -18.46306610107422, 61.1995849609375, 12.841488465568087, 453, 207.0, 369, 3, 140514.29531860352, 95.9985580444336, 435.57147216796875, 310.1860823810232
LOSS, 15023.15087890625, -22.3931884765625, 62.152626037597656, 23.846271236359126, 630, 223.0, 357, 12, 185908.67921447754, 72.45633697509766, 449.06097412109375, 295.0931416102818
LOSS, 13277.0, -19.2977294921875, 66.0191879272461, 27.95157894736842, 475, 191.0, 368, 9, 146095.36330413818, 87.7396011352539, 433.64410400390625, 307.5691859034488
LOSS, 9891.572509765625, -32.99993896484375, 70.60689544677734, 28.2616357421875, 350, 223.0, 376, 8, 102218.6146774292, 51.27557373046875, 439.51556396484375, 292.05318479265486
LOSS, 13255.30908203125, -25.405624389648438, 60.822975158691406, 21.27657958592496, 623, 223.0, 358, 9, 183719.01179122925, 53.4652214050293, 432.5178527832031, 294.8940799217163
LOSS, 8055.000244140625, -40.214210510253906, 61.390892028808594, 9.421052917123538, 855, 223.0, 342, 7, 211892.9134941101, 51.89251708984375, 449.0928039550781, 247.8279689989592
LOSS, 16035.141357421875, -42.713783264160156, 66.8419418334961, 15.613574836827532, 1027, 207.0, 331, 18, 310936.65209198, 54.14435577392578, 438.18426513671875, 302.7620760389289
LOSS, 23361.335205078125, -39.2978515625, 67.5230941772461, 16.47484852262209, 1418, 207.0, 305, 20, 412638.7471885681, 60.01755905151367, 435.62921142578125, 291.00052693128924
LOSS, 18822.49375152588, -34.437255859375, 65.1292953491211, 16.554523967920737, 1137, 209.6999969482422, 324, 12, 277578.1722011566, 30.89339256286621, 442.2275085449219, 244.13207757357662
LOSS, -246.302734375, -37.154273986816406, 69.7722396850586, -0.04421158398402441, 5571, 207.0, 28, 7, 579754.5038833618, 31.230567932128906, 446.4856262207031, 104.06650581284542
LOSS, 16201.0, -17.078628540039062, 63.967506408691406, 27.78902229845626, 583, 223.0, 361, 12, 178629.33000183105, 89.38532257080078, 438.5821533203125, 306.3967924559709
WIN , 24862.802505493164, -37.94566345214844, 69.0779800415039, 14.977591870779014, 1660, 169.39498901367188, 289, 24, 468117.921459198, 60.56032943725586, 441.7367248535156, 281.9987478669867
LOSS, 11479.660278320312, -20.916000366210938, 59.65019226074219, 17.03213691145447, 674, 223.0, 355, 17, 185411.00788116455, 55.57544708251953, 435.0713806152344, 275.09051614416103
LOSS, 4932.739410400391, -16.698387145996094, 69.5354232788086, 26.37828561711439, 187, 151.58538818359375, 387, 5, 50450.591941833496, 64.0508804321289, 420.1771240234375, 269.78926172103473
LOSS, 18339.0, -38.0, 64.9104995727539, 13.405701754385966, 1368, 207.0, 308, 14, 379438.891708374, 77.7868423461914, 435.84490966796875, 277.36761089793424
LOSS, 20531.0, -34.0, 65.4503402709961, 20.327722772277227, 1010, 223.0, 332, 17, 257062.30632019043, 46.373382568359375, 425.3371887207031, 254.51713497048559
LOSS, 15742.09716796875, -29.7039794921875, 65.6084213256836, 19.726938806978385, 798, 175.0, 346, 16, 217123.8087425232, 58.111759185791016, 428.1316833496094, 272.0849733615579
LOSS, 19009.276000976562, -18.20404815673828, 68.6485824584961, 17.53623247322561, 1084, 186.447998046875, 327, 18, 297405.759765625, 51.668006896972656, 429.9688720703125, 274.35955697935884
LOSS, 10561.599998474121, -26.53656005859375, 63.40705108642578, 29.83502824427718, 354, 201.8000030517578, 376, 5, 120039.26937103271, 120.51407623291016, 422.17498779296875, 339.0939812741037
LOSS, 10348.632080078125, -20.002357482910156, 71.2639389038086, 27.81890344107023, 372, 191.0, 375, 11, 117545.36681365967, 85.37796020507812, 431.2435607910156, 315.98216885392384
LOSS, 9237.3628616333, -24.502418518066406, 59.517738342285156, 15.926487692471209, 580, 170.27427673339844, 361, 3, 160346.41230773926, 110.5445327758789, 429.7382507324219, 276.4593315650677
LOSS, 7023.3330078125, -18.204200744628906, 65.8785171508789, 33.60446415221292, 209, 191.0, 386, 3, 68337.42562103271, 71.08880615234375, 425.2409362792969, 326.9733283303001
LOSS, 23293.838134765625, -32.41180419921875, 71.1351547241211, 32.53329348430953, 716, 223.0, 352, 16, 235824.86795043945, 66.20574951171875, 437.458740234375, 329.36434071290427
WIN , 26982.0, -18.462913513183594, 70.9932632446289, 26.583251231527093, 1015, 191.0, 332, 27, 294730.8801803589, 62.91004943847656, 432.32171630859375, 290.3752514092206
LOSS, 17210.530029296875, -23.64012908935547, 66.6304702758789, 12.302022894422356, 1399, 223.0, 306, 17, 355269.62171173096, 50.26618194580078, 439.7763366699219, 253.94540508343886
LOSS, 15349.98291015625, -25.867347717285156, 62.060447692871094, 13.828813432573199, 1110, 175.0, 325, 15, 290698.60710144043, 41.12317657470703, 438.26470947265625, 261.8906370283247
LOSS, 11516.787719726562, -19.57416534423828, 60.36048889160156, 28.22742088168275, 408, 175.0, 372, 5, 139970.2306060791, 101.22498321533203, 432.04595947265625, 343.0642907011743
LOSS, 11623.22412109375, -18.0462646484375, 59.2052001953125, 27.030753769985466, 430, 223.0, 371, 6, 134914.43881988525, 65.72265625, 431.47711181640625, 313.7545088834541
LOSS, 15238.47314453125, -18.8929500579834, 68.5283432006836, 28.483127372955607, 535, 223.0, 364, 13, 158868.80973815918, 74.45893859863281, 433.8939208984375, 296.9510462395499
LOSS, 6830.358642578125, -28.426246643066406, 62.173683166503906, 1.2267167102331402, 5568, 207.0, 28, 6, 637730.3655395508, 30.839147567749023, 437.352294921875, 114.53490760408599
LOSS, 18282.956298828125, -38.129634857177734, 64.6443862915039, 31.963210312636583, 572, 207.0, 361, 10, 176222.63432312012, 105.68299865722656, 435.4493408203125, 308.08152853692326
WIN , 26122.0, -19.256492614746094, 70.30517578125, 23.639819004524888, 1105, 191.0, 326, 31, 335089.0701599121, 77.11356353759766, 449.8392639160156, 303.2480272940381
WIN , 26358.65000152588, -43.020606994628906, 83.9827651977539, 19.96867424358021, 1320, 177.6999969482422, 311, 22, 349510.43922424316, 58.365447998046875, 450.76702880859375, 264.7806357759418
LOSS, 9447.464477539062, -17.67774200439453, 68.8731918334961, 24.993292268621857, 378, 191.0, 374, 7, 111687.94161224365, 121.65666961669922, 437.691162109375, 295.4707450059356
LOSS, 7587.0, -18.735397338867188, 64.4524154663086, 22.44674556213018, 338, 191.0, 377, 6, 105104.41054534912, 94.1634521484375, 440.4992980957031, 310.95979451286723
LOSS, 16257.92626953125, -19.424789428710938, 67.8374252319336, 19.037384390551814, 854, 223.0, 343, 14, 242920.94707489014, 66.41217803955078, 435.8233947753906, 284.4507576989346
LOSS, 5241.0, -25.20965576171875, 55.144554138183594, 22.11392405063291, 237, 223.0, 384, 4, 75751.95747375488, 155.53811645507812, 435.9584045410156, 319.628512547489
LOSS, 13821.36376953125, -17.795211791992188, 70.05765533447266, 22.1851745899378, 623, 223.0, 358, 12, 206142.24822235107, 88.34185791015625, 437.7640686035156, 330.8864337437417
LOSS, 24577.998291015625, -32.0001220703125, 60.91796875, 17.733043500011274, 1386, 223.0, 307, 24, 403197.7215270996, 68.98625946044922, 439.0326843261719, 290.90744698924937
WIN , 27464.0, -29.356956481933594, 65.7640609741211, 19.815295815295816, 1386, 207.0, 307, 33, 426016.3700866699, 62.80189514160156, 449.01165771484375, 307.37111838865076
LOSS, 7234.522804260254, -30.322418212890625, 61.937782287597656, 15.42542175748455, 469, 149.3357391357422, 368, 1, 117959.17169952393, 82.42345428466797, 441.1570739746094, 251.5120931759572
LOSS, 16530.769287109375, -35.0, 60.24200439453125, 19.33423308433845, 855, 223.0, 342, 13, 257137.43392944336, 76.8115234375, 439.0565490722656, 300.7455367595829
LOSS, 15192.52587890625, -21.34002685546875, 67.8719253540039, 25.27874522280574, 601, 223.0, 359, 8, 206422.56442260742, 104.74564361572266, 446.0352478027344, 343.46516542863134
LOSS, 12030.557540893555, -14.674041748046875, 66.2883529663086, 30.457107698464696, 395, 135.60000610351562, 373, 5, 130786.78182983398, 91.91564178466797, 438.6122741699219, 331.10577678438983
LOSS, 13005.693603515625, -30.322418212890625, 69.7039566040039, 23.183054551721256, 561, 223.0, 362, 9, 183139.49090957642, 50.37995147705078, 451.0494689941406, 326.4518554537904
WIN , 27615.688247680664, -27.89520263671875, 85.51072692871094, 25.15090004342501, 1098, 143.62350463867188, 326, 32, 327632.69996643066, 57.97401428222656, 440.120849609375, 298.3904371278968
LOSS, 8211.342651367188, -17.662269592285156, 62.95508575439453, 15.882674374017771, 517, 191.0, 365, 6, 117496.92810821533, 81.27749633789062, 451.5494689941406, 227.26678550912055
LOSS, 12436.94677734375, -18.20404815673828, 53.634254455566406, 20.69375503717762, 601, 207.0, 359, 12, 166343.160697937, 77.41722869873047, 443.06414794921875, 276.77730565380534
LOSS, 25630.56396484375, -16.48968505859375, 90.9798355102539, 32.402735733051514, 791, 196.533203125, 347, 16, 255659.2024307251, 58.940364837646484, 449.4644470214844, 323.21011685300266
LOSS, -11540.050483703613, -31.215248107910156, 60.430213928222656, -1.9236623576768817, 5999, 225.10096740722656, 0, 6, 464899.7122306824, 34.86815643310547, 434.3703308105469, 77.49620140534795
LOSS, 11885.140869140625, -16.735931396484375, 64.8860855102539, 27.322162917564654, 435, 191.0, 370, 4, 130190.0424041748, 101.0282211303711, 437.4571533203125, 299.2874538027007
LOSS, 5861.0, -19.15692901611328, 59.7271728515625, 15.223376623376623, 385, 223.0, 374, 5, 92770.36992645264, 72.21149444580078, 440.17779541015625, 240.96199980896787
LOSS, 14102.361083984375, -27.401123046875, 61.629249572753906, 19.318302854773115, 730, 223.0, 351, 20, 207975.96347808838, 66.9330825805664, 458.4112243652344, 284.89858010697037
LOSS, 10406.397583007812, -16.7203369140625, 66.26151275634766, 29.64785636184562, 351, 191.0, 376, 8, 109628.64949035645, 95.8470687866211, 457.2725524902344, 312.33233473036023
LOSS, 8963.326416015625, -21.04753875732422, 61.22748565673828, 20.052184375873882, 447, 175.0, 370, 3, 135494.59706115723, 105.98159790039062, 456.51995849609375, 303.11990393994904
LOSS, 7036.9271240234375, -18.56298065185547, 67.18314361572266, 21.585666024611772, 326, 223.0, 378, 4, 82404.81861114502, 109.49679565429688, 467.08990478515625, 252.77551721210128
LOSS, 5627.363037109375, -48.841604232788086, 67.56781768798828, 19.14069060241284, 294, 207.0, 380, 2, 104096.55160522461, 150.06350708007812, 450.4114074707031, 354.0699034191313
WIN , 27675.74871826172, -20.33984375, 78.43994140625, 20.201276436687387, 1370, 183.5025634765625, 308, 33, 407576.84646987915, 58.135684967041016, 461.2166442871094, 297.501347788233
LOSS, 20202.40249633789, -25.994361877441406, 58.1390380859375, 14.217032017127298, 1421, 180.19500732421875, 305, 17, 400772.17417907715, 57.169273376464844, 454.9366760253906, 282.03530906338995
WIN , 27594.0, -18.08704376220703, 84.676513671875, 22.271186440677965, 1239, 207.0, 317, 27, 399195.46810150146, 69.80661010742188, 452.2052307128906, 322.19166109887124
LOSS, 4219.703918457031, -13.000030517578125, 59.212646484375, 26.373149490356447, 160, 223.0, 389, 1, 43665.548599243164, 96.19585418701172, 434.9285583496094, 272.9096787452698
LOSS, 8671.84912109375, -13.000030517578125, 61.155242919921875, 29.100164835885067, 298, 207.0, 380, 7, 106496.5069732666, 143.7700653076172, 437.8670654296875, 357.370828769351
LOSS, 6853.9998779296875, -25.20965576171875, 65.58576202392578, 16.799019308651197, 408, 223.0, 372, 2, 119591.98476409912, 91.24955749511719, 446.1644287109375, 293.11760971592923
LOSS, 11466.181762695312, -23.523300170898438, 68.0385513305664, 22.705310421178837, 505, 154.447998046875, 366, 9, 122987.13597488403, 57.19685745239258, 448.3305358886719, 243.53888311858225
WIN , 27162.0, -35.99951171875, 65.45003509521484, 22.653878231859885, 1199, 191.0, 320, 22, 376841.74058532715, 71.31743621826172, 452.7113342285156, 314.29669773588586
LOSS, 16424.13330078125, -26.39068603515625, 63.165794372558594, 22.285119811100746, 737, 175.0, 350, 12, 231382.4847869873, 66.07081604003906, 435.6036071777344, 313.95181110853093
LOSS, 11075.408813476562, -18.721778869628906, 59.056297302246094, 21.015956002801826, 527, 186.447998046875, 364, 8, 161910.48071289062, 83.91058349609375, 455.3327941894531, 307.23051368669945
LOSS, 10901.0, -20.53112030029297, 65.2513656616211, 16.343328335832084, 667, 223.0, 355, 10, 167955.36977386475, 82.67697143554688, 442.75299072265625, 251.8071510852545
LOSS, 12625.954833984375, -39.0, 63.366004943847656, 17.584895311955954, 718, 223.0, 352, 12, 222218.93433380127, 83.48368072509766, 448.73052978515625, 309.49712302757837
LOSS, 11739.267333984375, -37.4371337890625, 66.8398208618164, 24.456806945800782, 480, 207.0, 367, 7, 137624.82656860352, 40.49541091918945, 449.1174621582031, 286.71838868459065
LOSS, 18542.279541015625, -17.954010009765625, 59.89252853393555, 23.620738268809713, 785, 191.0, 347, 12, 245348.40727996826, 107.37104797363281, 460.99066162109375, 312.54574175792135
LOSS, 18525.05029296875, -17.662269592285156, 67.05770111083984, 21.923136441383136, 845, 223.0, 343, 20, 258286.46112060547, 68.49727630615234, 451.5118408203125, 305.6644510303023
LOSS, 21047.61767578125, -18.2332763671875, 82.88126373291016, 13.492062612680288, 1560, 191.0, 295, 22, 476334.7770462036, 68.64692687988281, 448.304443359375, 305.3428057988485
LOSS, 8541.599998474121, -13.724082946777344, 62.53326416015625, 33.365624994039536, 256, 201.8000030517578, 382, 6, 81188.6385269165, 116.15287017822266, 444.5073547363281, 317.1431192457676
LOSS, 19931.830078125, -25.763916015625, 64.0328140258789, 20.697642864096572, 963, 223.0, 335, 10, 298050.16340637207, 104.92739868164062, 448.7155456542969, 309.50172731710495
LOSS, 14941.0, -22.867469787597656, 68.3315200805664, 22.672230652503792, 659, 223.0, 356, 13, 196968.05388641357, 105.48687744140625, 452.2132568359375, 298.8893078701268
LOSS, 5343.330017089844, -16.00006103515625, 53.35718536376953, 19.6445956510656, 272, 223.0, 381, 4, 79060.4525604248, 130.89947509765625, 435.5244445800781, 290.66342853097353
LOSS, 12523.0458984375, -16.998291015625, 63.506996154785156, 27.523177798763736, 455, 223.0, 369, 9, 144017.94744873047, 85.88919067382812, 441.8354797363281, 316.52296142578126
LOSS, 10811.0, -16.6807861328125, 62.830711364746094, 30.53954802259887, 354, 223.0, 376, 9, 120595.53468322754, 89.20575714111328, 438.98345947265625, 340.6653522125072
LOSS, 7501.82763671875, -21.525100708007812, 58.142333984375, 30.999287755036157, 242, 223.0, 383, 6, 79264.39770507812, 96.19109344482422, 439.88311767578125, 327.53883349205836
WIN , 26399.445991516113, -22.04345703125, 70.32523345947266, 31.999328474564987, 825, 156.10801696777344, 344, 19, 268814.93321990967, 80.45369720458984, 446.1358642578125, 325.8362826907996
LOSS, 16191.0, -20.662147521972656, 61.814186096191406, 25.063467492260063, 646, 223.0, 356, 16, 204436.84886169434, 114.26116943359375, 442.8063659667969, 316.4657103122203
LOSS, 19641.0, -22.2760009765625, 61.58447265625, 24.830594184576487, 791, 223.0, 347, 21, 252079.43520355225, 78.50151824951172, 443.4533386230469, 318.68449456833406
LOSS, 21129.0, -17.662269592285156, 69.4429702758789, 23.091803278688523, 915, 207.0, 338, 11, 244317.6241760254, 87.56553649902344, 454.2314147949219, 267.01379691368896
LOSS, 12553.390747070312, -17.46411895751953, 70.3746566772461, 23.641037188456334, 531, 223.0, 364, 8, 171505.86010742188, 73.51802062988281, 453.0558166503906, 322.98655387461747
LOSS, 16914.371826171875, -33.000244140625, 61.60346221923828, 23.044103305411273, 734, 191.0, 351, 10, 221951.68675231934, 86.1316146850586, 456.6172790527344, 302.3864942129691
LOSS, 13102.394775390625, -16.362045288085938, 63.459678649902344, 32.43167023611541, 404, 207.0, 373, 12, 132309.9291381836, 83.32684326171875, 451.0238037109375, 327.4998245994643
LOSS, 6831.66650390625, -16.723663330078125, 62.067481994628906, 25.116420970243567, 272, 223.0, 381, 5, 74190.1135559082, 135.987548828125, 441.654541015625, 272.7577704261331
LOSS, 15231.0, -32.01087951660156, 68.7682113647461, 22.732835820895524, 670, 223.0, 355, 12, 195651.75888061523, 77.05683135986328, 450.22088623046875, 292.0175505680824
LOSS, -3869.197494506836, -34.0869140625, 61.269775390625, -0.6449737447085907, 5999, 203.39498901367188, 0, 5, 392655.6750907898, 31.203704833984375, 423.6264343261719, 65.45352143537086
LOSS, 11701.205932617188, -38.29908752441406, 61.9097900390625, 19.600009937382225, 597, 191.0, 360, 8, 185104.50215148926, 123.2937240600586, 427.80029296875, 310.0577925485582
LOSS, 19772.89404296875, -23.094482421875, 82.6256332397461, 16.601926148588372, 1191, 207.0, 320, 18, 329714.61127471924, 88.54032897949219, 429.7726135253906, 276.83846454636375
LOSS, 10822.248901367188, -23.7188720703125, 62.891845703125, 20.115704277634176, 538, 207.0, 364, 10, 136050.29726409912, 67.14434814453125, 433.89154052734375, 252.88159342769353
LOSS, 14752.118896484375, -18.20404815673828, 64.0682144165039, 29.923162061834432, 493, 207.0, 367, 14, 148378.5521621704, 66.19477081298828, 429.5368957519531, 300.9706940409136
LOSS, 12581.213775634766, -16.48968505859375, 71.3841781616211, 32.013266604668615, 393, 166.86810302734375, 373, 9, 132424.0704498291, 120.4447250366211, 443.9495544433594, 336.9569222641962
LOSS, 16881.0048828125, -25.69145965576172, 63.947654724121094, 23.742622901283404, 711, 223.0, 352, 13, 209134.15866851807, 67.93509674072266, 426.1147155761719, 294.14087013856266
LOSS, 5731.982360839844, -12.9998779296875, 61.654579162597656, 31.322307982731388, 183, 223.0, 387, 2, 60851.940856933594, 161.7677764892578, 441.88983154296875, 332.5242669777792
LOSS, 4227.519592285156, -21.34002685546875, 56.76274871826172, 15.428903621478673, 274, 207.0, 381, 2, 86645.16264343262, 137.1797332763672, 426.9156799316406, 316.2232213263964
LOSS, 15414.57177734375, -19.3548583984375, 71.0799331665039, 27.87445167693264, 553, 223.0, 363, 13, 167201.10373306274, 51.134986877441406, 440.3061218261719, 302.35280964387476
LOSS, 15479.115966796875, -46.510711669921875, 65.9612045288086, 19.668508217022712, 787, 207.0, 347, 10, 244691.63092803955, 81.90592956542969, 426.411865234375, 310.91693891745814
LOSS, 10005.228942871094, -21.34002685546875, 60.62352752685547, 18.092638233039953, 553, 112.3399658203125, 363, 5, 155783.05681610107, 65.3875732421875, 439.6610107421875, 281.7053468645589
LOSS, 7131.744369506836, -28.377357482910156, 58.824378967285156, 21.546055496999504, 331, 169.92312622070312, 377, 4, 99550.46652984619, 81.73612976074219, 425.0543212890625, 300.7566964647921
LOSS, 16941.0, -17.496543884277344, 66.50975799560547, 19.40549828178694, 873, 223.0, 341, 14, 249935.79959106445, 66.92829132080078, 443.3075866699219, 286.29530308254806
LOSS, 11964.124633789062, -19.239662170410156, 64.8274917602539, 20.735051358386592, 577, 191.0, 361, 10, 156542.05582427979, 73.23448181152344, 426.77325439453125, 271.30338964346583
LOSS, 7672.544845581055, -18.576065063476562, 67.15108489990234, 21.552092262868133, 356, 208.95327758789062, 376, 5, 115912.67138671875, 117.21595001220703, 433.3580627441406, 325.59739153572684
LOSS, 17623.909912109375, -28.853607177734375, 68.5826644897461, 21.310652856238665, 827, 172.5, 344, 18, 240336.7808227539, 65.14756774902344, 437.078369140625, 290.61279422340255
LOSS, 9644.848266601562, -16.39044189453125, 60.647430419921875, 20.52095375872673, 470, 223.0, 368, 6, 146800.51582336426, 128.71546936035156, 436.701171875, 312.3415230284346
LOSS, 7224.6212158203125, -26.34002685546875, 60.58280944824219, 21.760907276567206, 332, 223.0, 377, 7, 108423.83605957031, 181.85186767578125, 443.4842529296875, 326.5778194565371
LOSS, 20437.632080078125, -27.18488311767578, 70.6535873413086, 16.495263987149414, 1239, 223.0, 317, 15, 340430.0722732544, 56.26914978027344, 443.4310607910156, 274.7619630938292
LOSS, 5377.140075683594, -19.245376586914062, 61.21574401855469, 17.345613147366432, 310, 191.0, 379, 3, 70426.50094223022, 39.32233428955078, 427.1463928222656, 227.18226110396847
LOSS, 7583.0191650390625, -16.00006103515625, 65.9944839477539, 21.66576904296875, 350, 207.0, 376, 3, 84795.37699127197, 80.65142059326172, 420.1465148925781, 242.2725056893485
LOSS, 9605.642333984375, -20.662452697753906, 66.3664779663086, 24.256672560566603, 396, 223.0, 373, 9, 114447.89835357666, 83.10724639892578, 434.1812744140625, 289.0098443272138
LOSS, 22451.88330078125, -38.749305725097656, 82.32489776611328, 18.725507340101124, 1199, 207.0, 320, 18, 393680.1874008179, 95.82698059082031, 439.26605224609375, 328.3404398672376
LOSS, 7530.0936279296875, -19.05022430419922, 69.1783676147461, 25.787991876471533, 292, 223.0, 380, 4, 100295.98700714111, 111.9714126586914, 428.5326843261719, 343.47940755870246
LOSS, 17562.985595703125, -21.392066955566406, 67.8172836303711, 25.527595342591752, 688, 207.0, 354, 7, 226470.56972503662, 90.46231842041016, 434.60968017578125, 329.172339716623
LOSS, 18900.731201171875, -26.480499267578125, 62.0294189453125, 20.54427304475204, 920, 175.0, 338, 15, 273227.65885162354, 83.73553466796875, 457.080078125, 296.98658570828644
LOSS, 10803.491577148438, -14.1741943359375, 65.3029556274414, 30.177350774157645, 358, 207.0, 376, 9, 122857.11703491211, 118.08509063720703, 436.6046142578125, 343.1763045667936
LOSS, 7011.2059326171875, -16.00006103515625, 69.89156341552734, 22.047817398167258, 318, 191.0, 378, 4, 105985.4443359375, 140.33274841308594, 444.5821228027344, 333.2875608048349
LOSS, 25221.392578125, -17.662879943847656, 68.02198028564453, 28.99010641163793, 870, 207.0, 341, 20, 255556.34577941895, 78.45625305175781, 451.1615295410156, 293.7429261832402
LOSS, 14596.79443359375, -21.83624267578125, 63.69268035888672, 18.06533964553682, 808, 175.0, 346, 10, 217331.68031311035, 76.02361297607422, 435.1187744140625, 268.9748518726613
LOSS, 8719.078826904297, -18.98064422607422, 60.6787109375, 21.111571009453503, 413, 209.54498291015625, 372, 3, 120100.66283416748, 100.44570922851562, 442.6746826171875, 290.80063640234255
LOSS, 19527.9995803833, -40.00048828125, 71.10799407958984, 3.2552091315858145, 5999, 209.00083923339844, 0, 16, 828132.6938858032, 52.00981903076172, 442.8879699707031, 138.0451231681619
LOSS, 18763.067626953125, -38.661376953125, 62.892066955566406, 15.143718827242232, 1239, 175.0, 317, 18, 363490.7344741821, 68.45831298828125, 424.326416015625, 293.3742812543843
WIN , 28200.491676330566, -33.99951171875, 66.8419418334961, 20.966908309539456, 1345, 154.0166473388672, 310, 21, 363176.53369903564, 51.85150146484375, 438.3063049316406, 270.01972765727555
WIN , 26954.345001220703, -17.662879943847656, 66.1864242553711, 20.055316221146356, 1344, 146.30999755859375, 310, 26, 429699.93368530273, 86.49484252929688, 433.11968994140625, 319.7172125634693
LOSS, 20235.58447265625, -19.72021484375, 70.6419906616211, 30.84692754978087, 656, 207.0, 356, 18, 216475.03312683105, 87.2258529663086, 434.2666931152344, 329.99242854699855
LOSS, 21446.547119140625, -19.46044921875, 62.409278869628906, 24.908881671475754, 861, 191.0, 342, 18, 253088.6925354004, 67.68669128417969, 430.09136962890625, 293.94737808989595
LOSS, 1954.0000305175781, -17.43707275390625, 50.238128662109375, 13.383561852860124, 146, 223.0, 390, 3, 37031.532470703125, 119.04930877685547, 415.75152587890625, 253.6406333609803
LOSS, 19451.986328125, -33.99951171875, 68.5988540649414, 23.0747168779656, 843, 223.0, 343, 15, 239316.84297180176, 48.43574523925781, 436.47723388671875, 283.8871209629914
LOSS, -2663.4535064697266, -26.092529296875, 55.489845275878906, -0.44398291489743735, 5999, 231.90701293945312, 0, 5, 347087.73569488525, 19.498126983642578, 414.1053466796875, 57.85759888229459
LOSS, 13051.0, -32.756507873535156, 66.4809341430664, 20.585173501577287, 634, 223.0, 357, 7, 183312.2635345459, 86.78092956542969, 437.68536376953125, 289.1360623573279
LOSS, 22616.589111328125, -17.662269592285156, 82.88126373291016, 23.63279948937108, 957, 207.0, 336, 20, 295195.94805145264, 76.45777893066406, 428.0773010253906, 308.4597158322389
LOSS, 16907.903076171875, -22.886032104492188, 62.220970153808594, 22.276552142518938, 759, 223.0, 349, 9, 231300.72650146484, 79.04474639892578, 444.5469665527344, 304.7440401863832
LOSS, 5163.784973144531, -33.84881591796875, 56.635353088378906, 30.022005657817044, 172, 191.0, 388, 4, 58787.84638977051, 137.3722686767578, 415.76300048828125, 341.789804591689
LOSS, 20404.995361328125, -24.809677124023438, 64.5195541381836, 22.773432322910853, 896, 223.0, 340, 12, 286783.7771759033, 97.25668334960938, 423.6381530761719, 320.07117988382066
WIN , 27200.753562927246, -18.890396118164062, 67.0409164428711, 18.158046437201097, 1498, 173.4928741455078, 300, 26, 382295.0309677124, 53.105831146240234, 426.14849853515625, 255.20362547911375
LOSS, 11460.751098632812, -20.1611328125, 68.8860092163086, 26.346554249730602, 435, 207.0, 370, 11, 141941.69393920898, 64.35587310791016, 421.48272705078125, 326.30274468783676
LOSS, 22198.30078125, -32.0001220703125, 69.2146987915039, 12.648604433760683, 1755, 175.0, 282, 21, 347658.05976486206, 35.73224639892578, 430.3263244628906, 198.09576054977896
WIN , 25734.0, -19.584136962890625, 81.19140625, 17.259557344064387, 1491, 207.0, 300, 28, 354182.46800994873, 50.6209831237793, 444.9675598144531, 237.54692690137406
WIN , 28344.0, -32.315673828125, 81.512451171875, 20.902654867256636, 1356, 207.0, 309, 27, 421138.88356781006, 76.77452087402344, 436.14892578125, 310.5743979113644
LOSS, 11019.388671875, -16.720489501953125, 65.1235122680664, 33.0912572728979, 333, 223.0, 377, 6, 107973.71864318848, 82.55048370361328, 437.65625, 324.2454013308963
LOSS, 11189.975463867188, -16.00006103515625, 60.05730056762695, 23.607543172715584, 474, 191.0, 368, 9, 141706.1109008789, 70.24951171875, 444.9469299316406, 298.95803987527194
LOSS, 14911.194091796875, -33.86072540283203, 69.45243072509766, 17.39929298926123, 857, 223.0, 342, 8, 276911.4073486328, 81.19415283203125, 443.4931945800781, 323.1171614336439
LOSS, 11416.187400817871, -18.20404815673828, 66.4745101928711, 29.42316340416977, 388, 201.8000030517578, 374, 6, 112003.50423812866, 60.72748947143555, 423.1645812988281, 288.6688253560017
LOSS, 21948.884506225586, -34.0, 68.0184097290039, 23.805731568574387, 922, 178.60549926757812, 338, 12, 267240.1876754761, 58.40625, 444.4068908691406, 289.84835973478965
WIN , 27149.550003051758, -30.322265625, 64.86445617675781, 6.782300775181553, 4003, 135.89999389648438, 133, 31, 627095.9823112488, 46.81159210205078, 431.3689270019531, 156.6565032004119
WIN , 27098.398712158203, -20.662452697753906, 85.4150390625, 29.07553509888219, 932, 138.20257568359375, 337, 23, 282845.8307952881, 64.17693328857422, 433.5367126464844, 303.4826510679057
LOSS, 11277.743286132812, -39.1448974609375, 59.4744873046875, 16.78235608055478, 672, 207.0, 355, 9, 213945.57582855225, 68.52410125732422, 425.0215759277344, 318.3713926020123
WIN , 26619.75, -35.99951171875, 88.650146484375, 25.645231213872833, 1038, 175.5, 330, 24, 322765.0972480774, 63.77119827270508, 433.6322021484375, 310.94903395768534
LOSS, -9140.256423950195, -32.961181640625, 58.88587188720703, -1.523630008993198, 5999, 225.51284790039062, 0, 6, 377324.93186187744, 24.691753387451172, 427.09747314453125, 62.897971638919394
LOSS, 17106.530517578125, -31.79443359375, 67.2347183227539, 24.059817886889064, 711, 207.0, 352, 13, 214766.7429046631, 115.4834976196289, 436.7035827636719, 302.0629295424235
LOSS, 23527.35107421875, -40.00048828125, 69.9242172241211, 23.645578969064072, 995, 175.0, 333, 18, 279702.35528564453, 56.84565734863281, 439.68927001953125, 281.10789475944176
LOSS, 10293.808227539062, -20.579368591308594, 60.718994140625, 17.447132589049257, 590, 223.0, 360, 8, 159090.9574356079, 74.75566101074219, 438.96966552734375, 269.645690568827
LOSS, 5137.727127075195, -15.204170227050781, 70.2077407836914, 39.827342070350355, 129, 143.62350463867188, 391, 6, 42201.854804992676, 95.61446380615234, 441.0628356933594, 327.146161279013
LOSS, 10225.718994140625, -18.444862365722656, 65.3481216430664, 31.271311908686926, 327, 170.447998046875, 378, 7, 106034.71001434326, 97.4771957397461, 431.8320617675781, 324.26516823958184
LOSS, 11161.0, -18.373619079589844, 65.8919448852539, 21.018832391713747, 531, 223.0, 364, 7, 150660.35871887207, 98.79247283935547, 430.9149169921875, 283.7294891127534
LOSS, 5421.0, -12.9998779296875, 54.24170684814453, 28.38219895287958, 191, 223.0, 387, 4, 64918.59323883057, 117.6411361694336, 441.24298095703125, 339.8879227163904
LOSS, 22338.575439453125, -37.0, 63.952537536621094, 20.475321209397915, 1091, 175.0, 327, 24, 330996.11263275146, 62.037506103515625, 433.89703369140625, 303.38782092827813
LOSS, 21499.521240234375, -22.829124450683594, 66.5074691772461, 27.849120777505668, 772, 207.0, 348, 22, 243511.01189422607, 114.27058410644531, 435.02459716796875, 315.42877188371256
LOSS, 26936.384033203125, -20.1611328125, 65.5232925415039, 26.643307649063427, 1011, 207.0, 332, 16, 317592.91299438477, 75.08351135253906, 440.8455505371094, 314.13740157703734
LOSS, 10949.887329101562, -17.465274810791016, 64.0361557006836, 27.170936300500156, 403, 223.0, 373, 6, 115880.77642059326, 97.54882049560547, 431.99908447265625, 287.54535091958627
LOSS, 16071.726318359375, -23.9776611328125, 69.9364242553711, 18.430878805458, 872, 223.0, 341, 14, 237532.6242828369, 69.32658386230469, 432.2915344238281, 272.3997984894919
LOSS, 12730.07568359375, -15.999755859375, 70.3838119506836, 29.812823614973652, 427, 175.0, 371, 10, 141634.50518798828, 156.30210876464844, 434.7735900878906, 331.6967334613309
WIN , 26762.0, -27.210243225097656, 81.11083984375, 29.636766334440754, 903, 191.0, 339, 28, 285537.8586578369, 87.76808166503906, 433.88360595703125, 316.2102532201959
LOSS, 11922.745239257812, -40.9998779296875, 68.3772964477539, 15.285570819561299, 780, 191.0, 347, 8, 185218.69172668457, 51.5855598449707, 430.0677490234375, 237.45986118805715
LOSS, 16376.478271484375, -39.0, 66.2706527709961, 20.91504249231721, 783, 175.0, 347, 13, 209815.9811782837, 60.380428314208984, 444.8573913574219, 267.9642160642193
LOSS, 10208.887939453125, -18.46306610107422, 61.545921325683594, 15.259922181544283, 669, 175.0, 355, 13, 190639.98515319824, 79.5924301147461, 437.3971862792969, 284.9626085996984
LOSS, 13435.275634765625, -16.15790557861328, 61.58447265625, 20.829884705062984, 645, 207.0, 356, 12, 190419.40222930908, 71.74449157714844, 431.0882568359375, 295.2238794252854
LOSS, 12925.960327148438, -21.46302032470703, 63.188697814941406, 24.857616013746995, 520, 223.0, 365, 10, 151742.5002593994, 47.64731979370117, 433.2324523925781, 291.81250049884505
WIN , 26898.320838928223, -38.0, 68.99265670776367, 21.639839773876286, 1243, 118.35832214355469, 317, 19, 347240.4923171997, 67.69546508789062, 431.0284118652344, 279.35679188833444
