WIN , 33704.3987121582, -36.11054229736328, 72.40478515625, 7.2249514924240525, 4665, 186.20257568359375, 88, 34, 20746.74085587263, -7.016579627990723, 62.97824478149414, 4.447318511441078
LOSS, 14350.27734375, -44.999755859375, 51.42997741699219, 3.3876953125, 4236, 223.0, 117, 21, 70294.978330113, -5.55257511138916, 97.62106323242188, 16.594659662444048
LOSS, 11263.999877929688, -25.418472290039062, 54.74784851074219, 18.994940772225444, 593, 223.0, 360, 8, 18585.1969666481, 7.756077289581299, 98.48464965820312, 31.340972962307085
LOSS, 25402.40249633789, -20.609954833984375, 56.429054260253906, 17.826247365851152, 1425, 180.19500732421875, 304, 24, 53089.03891372681, 7.750669479370117, 109.13934326171875, 37.255465904369686
LOSS, 25882.543701171875, -23.397201538085938, 54.163429260253906, 21.713543373466337, 1192, 207.0, 320, 25, 49020.23713493347, 12.511543273925781, 125.5550765991211, 41.12436001252808
LOSS, 12751.0, -24.031265258789062, 58.55851745605469, 20.97203947368421, 608, 223.0, 359, 12, 35046.91359996796, 9.707133293151855, 144.1240234375, 57.6429499999473
LOSS, 16133.102294921875, -19.423606872558594, 60.66276550292969, 22.283290462599275, 724, 191.0, 351, 21, 42826.0312538147, 12.681455612182617, 139.65541076660156, 59.1519768699098
LOSS, 20856.606246948242, -25.570068359375, 60.146095275878906, 23.1740069410536, 900, 177.10000610351562, 339, 23, 56644.56336641312, 2.2253575325012207, 139.77589416503906, 62.938403740459016
LOSS, 20089.61220550537, -26.5728759765625, 58.15971374511719, 14.319039348186294, 1403, 185.8000030517578, 306, 26, 90423.2986626029, -0.34446898102760315, 159.66207885742188, 64.44996340884028
LOSS, 14773.31298828125, -20.803001403808594, 60.54801940917969, 16.234409877232142, 910, 175.0, 339, 10, 67065.24545574188, 10.109389305114746, 157.9832763671875, 73.69807192938669
LOSS, 16817.060302734375, -38.0, 64.7704086303711, 17.107894509394075, 983, 207.0, 334, 16, 72794.87495613098, 12.554474830627441, 187.6922149658203, 74.05378937551473
LOSS, 21662.4208984375, -38.0, 63.954383850097656, 19.675223340996823, 1101, 223.0, 326, 24, 92800.26769447327, 26.748741149902344, 165.71424865722656, 84.28725494502568
LOSS, 16068.384033203125, -17.662574768066406, 62.585670471191406, 24.912223307291665, 645, 223.0, 356, 10, 54841.78491592407, 32.0344352722168, 156.1918182373047, 85.02602312546368
WIN , 26872.0, -22.39318084716797, 61.1376953125, 20.99375, 1280, 191.0, 314, 26, 113713.04593086243, 14.404996871948242, 191.60684204101562, 88.83831713348627
LOSS, 6464.811279296875, -19.033889770507812, 54.06768798828125, 24.39551426149764, 265, 191.0, 382, 5, 28581.189533233643, 51.848876953125, 190.37042236328125, 107.85354540842884
WIN , 27362.0, -19.186607360839844, 77.889404296875, 23.486695278969957, 1165, 191.0, 322, 18, 112197.69912719727, 28.105792999267578, 192.81175231933594, 96.30703787742254
LOSS, 21169.79238128662, -40.999755859375, 65.5824203491211, 20.877507279375365, 1014, 169.8000030517578, 332, 21, 98238.85782337189, 13.045844078063965, 212.6511688232422, 96.88250278439043
LOSS, 6953.2576904296875, -14.662391662597656, 66.3354263305664, 31.18052775977438, 223, 223.0, 385, 5, 23885.341423988342, 10.493699073791504, 198.04995727539062, 107.10915436766072
WIN , 24997.74871826172, -44.999755859375, 67.4397964477539, 21.98570687621963, 1137, 199.5025634765625, 324, 24, 123199.3920211792, 23.31713104248047, 218.56922912597656, 108.35478629831064
LOSS, 7008.92431640625, -18.281044006347656, 65.34598541259766, 17.178736069623163, 408, 207.0, 372, 6, 45218.810874938965, 36.93136215209961, 202.89675903320312, 110.83041881112491
LOSS, 8937.076293945312, -15.463035583496094, 61.89872741699219, 33.724816203567215, 265, 191.0, 382, 5, 32521.001251220703, 52.52338790893555, 224.0149688720703, 122.72075943856869
LOSS, 11371.0, -39.0, 67.89327239990234, 20.59963768115942, 552, 223.0, 363, 14, 64000.32619857788, 18.346269607543945, 205.06944274902344, 115.94261992495993
LOSS, 7606.791015625, -21.203208923339844, 65.52771759033203, 17.56764668735566, 433, 223.0, 371, 4, 42436.7320022583, 35.78977584838867, 208.4698028564453, 98.00630947403765
LOSS, 14117.489990234375, -36.0, 65.2449951171875, 30.03721274517952, 470, 207.0, 368, 18, 64191.880867004395, 70.00341033935547, 211.6984100341797, 136.5784699297966
LOSS, 12749.425598144531, -19.175132751464844, 64.1695327758789, 27.776526357613356, 459, 164.8853759765625, 369, 6, 57825.456674575806, 25.66179847717285, 218.78541564941406, 125.98138709057909
LOSS, 12076.897216796875, -17.795211791992188, 63.611366271972656, 25.971821971606182, 465, 223.0, 368, 10, 62445.08952713013, 57.86075973510742, 215.7296142578125, 134.2905151121078
LOSS, 20792.341552734375, -18.6700439453125, 67.7477035522461, 35.42136550721359, 587, 223.0, 360, 20, 79019.98993873596, 27.54512596130371, 213.4606170654297, 134.61667791948204
LOSS, 15974.161125183105, -29.857177734375, 70.2874526977539, 13.072144946958351, 1222, 192.19288635253906, 318, 14, 137215.06377506256, 11.542460441589355, 236.53082275390625, 112.28728623163876
LOSS, 19199.549560546875, -34.0, 65.3414077758789, 24.86988285044932, 772, 175.0, 348, 14, 113676.63610839844, 50.5305290222168, 231.2080078125, 147.2495286378218
LOSS, 26393.16015625, -48.696189880371094, 64.1878433227539, 21.08079884684505, 1252, 207.0, 316, 24, 174849.2187385559, 34.86882400512695, 244.80661010742188, 139.65592551002868
LOSS, 7158.9730224609375, -13.330078125, 66.16124725341797, 30.206637225573576, 237, 223.0, 384, 3, 34297.82975769043, 50.51897430419922, 226.4201202392578, 144.71658125607777
LOSS, 11309.040405273438, -17.66242218017578, 65.3938980102539, 28.849592870595504, 392, 191.0, 373, 7, 60256.36332321167, 52.26888656616211, 243.3701171875, 153.71521255921346
LOSS, 9504.386352539062, -16.757362365722656, 64.50003814697266, 19.800804901123048, 480, 207.0, 367, 3, 66467.58233261108, 27.595706939697266, 233.8306121826172, 138.47412985960642
LOSS, 14694.600486755371, -20.135910034179688, 65.5467758178711, 22.641911381749416, 649, 201.8000030517578, 356, 16, 93931.3296508789, 39.64839553833008, 270.1497802734375, 144.73240316005996
WIN , 25841.482124328613, -38.9998779296875, 71.51937103271484, 26.558563334356233, 973, 152.03575134277344, 335, 24, 154120.25323295593, 19.883424758911133, 253.8828887939453, 158.39697146244185
LOSS, 16506.891052246094, -20.6585693359375, 58.863136291503906, 29.010353343139005, 569, 126.6060791015625, 362, 11, 92775.73519515991, 36.28169250488281, 242.07272338867188, 163.05050122172216
LOSS, 10249.24462890625, -13.720458984375, 64.3056411743164, 33.604080750512296, 305, 223.0, 379, 5, 49204.81698989868, 54.877166748046875, 246.37034606933594, 161.32726881933993
LOSS, 6862.35009765625, -39.84400177001953, 68.9721450805664, 29.96659431290939, 229, 223.0, 384, 5, 37099.73139190674, 63.772064208984375, 246.7040557861328, 162.00756066334822
LOSS, 20623.04541015625, -40.39427947998047, 61.7645263671875, 13.675759555806533, 1508, 207.0, 299, 19, 207589.70550060272, 10.390507698059082, 265.6336669921875, 137.65895590225645
LOSS, 5112.3204345703125, -19.858810424804688, 62.2213134765625, 21.941289418756707, 233, 191.0, 384, 2, 35252.72965621948, 34.21400833129883, 252.25955200195312, 151.29926891081323
LOSS, 21788.853515625, -17.66242218017578, 67.7782211303711, 29.88868795010288, 729, 207.0, 351, 12, 127199.43967437744, 37.3588981628418, 285.0508728027344, 174.48482808556577
WIN , 21202.0, -44.999755859375, 83.0548324584961, 7.515774548032613, 2821, 191.0, 211, 30, 419316.0131139755, 11.144896507263184, 282.30731201171875, 148.64091212831462
LOSS, 14411.828857421875, -15.633956909179688, 66.61885833740234, 31.26210164299756, 461, 223.0, 369, 8, 88037.89373779297, 59.12822341918945, 300.5374755859375, 190.97156993013658
LOSS, 4843.286926269531, -12.774999618530273, 62.412925720214844, 42.11553848930027, 115, 191.0, 392, 4, 22317.143703460693, 40.720088958740234, 275.6370849609375, 194.06211916052777
LOSS, 9924.559997558594, -20.1611328125, 70.67679595947266, 22.302382016985604, 445, 175.8800048828125, 370, 5, 82380.1418762207, 62.75518798828125, 280.79913330078125, 185.12391432858584
LOSS, 14957.020751953125, -35.0001220703125, 65.4201431274414, 19.889655255256816, 752, 191.0, 349, 9, 125671.04132843018, 35.35054016113281, 288.67822265625, 167.11574644738056
LOSS, 15590.17138671875, -18.897872924804688, 60.020973205566406, 27.59322369330752, 565, 191.0, 362, 17, 106337.71497154236, 23.359804153442383, 287.8680725097656, 188.20834508237584
LOSS, 16594.05731201172, -19.363265991210938, 68.1459732055664, 11.579942297286614, 1433, 196.8853759765625, 304, 17, 233975.98121643066, 42.89839172363281, 314.5710754394531, 163.2770280645015
LOSS, 10103.166259765625, -26.226806640625, 66.95935821533203, 22.156066359135142, 456, 207.0, 369, 9, 96875.22603225708, 52.559532165527344, 316.9375305175781, 212.4456711233708
LOSS, 15871.659912109375, -30.0201416015625, 67.0049057006836, 24.231541850548663, 655, 207.0, 356, 12, 128684.21825408936, 46.432247161865234, 295.94146728515625, 196.46445534975473
LOSS, 9127.770751953125, -15.721900939941406, 64.6086654663086, 18.93728371774507, 482, 207.0, 367, 8, 95116.92296600342, 79.43272399902344, 312.338623046875, 197.33801445228926
LOSS, 15520.27001953125, -38.58476257324219, 65.8919448852539, 22.95897931883321, 676, 223.0, 354, 12, 125694.24844741821, 59.31147384643555, 293.1150817871094, 185.9382373482518
LOSS, 17797.9931640625, -18.66278839111328, 69.1719741821289, 25.982471772354014, 685, 175.0, 354, 16, 144012.2354736328, 58.297271728515625, 294.6092834472656, 210.23684010749315
WIN , 25422.0, -35.0, 74.23583984375, 21.027295285359802, 1209, 191.0, 319, 21, 214386.52047729492, 34.334136962890625, 303.3016052246094, 177.32549253705122
LOSS, 13902.35806274414, -41.9998779296875, 67.9442367553711, 13.80571803648872, 1007, 199.51971435546875, 332, 11, 175891.32919692993, 30.82604217529297, 336.1086120605469, 174.6686486563356
LOSS, 9911.599998474121, -37.9998779296875, 69.54000091552734, 19.783632731485273, 501, 201.8000030517578, 366, 9, 93810.62662124634, 27.724788665771484, 311.3052978515625, 187.24675972304658
LOSS, 22393.239685058594, -30.97443389892578, 71.61458587646484, 15.670566609558149, 1429, 191.8800048828125, 304, 30, 251481.27710342407, 33.494327545166016, 322.8691101074219, 175.98409874277402
LOSS, 10146.67138671875, -26.42486572265625, 67.5572738647461, 23.11314666678531, 439, 223.0, 370, 9, 83726.12403297424, 14.566669464111328, 311.5325927734375, 190.7201003029026
LOSS, 12600.50927734375, -19.143455505371094, 68.1343765258789, 43.60037812229671, 289, 223.0, 380, 5, 65344.34811401367, 71.72198486328125, 318.8045654296875, 226.10501077513382
LOSS, -1498.0548095703125, -30.322265625, 63.623878479003906, -0.2975282640656033, 5035, 175.0, 64, 6, 669807.5058803558, 29.395851135253906, 348.7826843261719, 133.03028915200713
LOSS, 20146.5166015625, -28.43994140625, 66.5086898803711, 28.86320430023281, 698, 191.0, 353, 16, 158021.0274734497, 63.58989715576172, 331.5941162109375, 226.39115683875318
WIN , 23655.05731201172, -44.00006103515625, 83.22271728515625, 10.235853445266862, 2311, 164.8853759765625, 245, 32, 435736.1819381714, 38.40620803833008, 342.30517578125, 188.54875895204302
WIN , 24695.300003051758, -43.999755859375, 86.5364761352539, 14.200862566447244, 1739, 164.39999389648438, 284, 24, 387585.98740005493, 26.946903228759766, 357.13104248046875, 222.87865865443067
LOSS, 16381.0, -18.05864715576172, 64.8952407836914, 29.946983546617915, 547, 223.0, 363, 8, 129815.34635162354, 70.539794921875, 357.6870422363281, 237.32238821137759
LOSS, 12867.133056640625, -26.07489013671875, 69.7347183227539, 36.868576093526144, 349, 191.0, 376, 6, 90097.96472549438, 43.7435188293457, 354.8009948730469, 258.16035737964006
LOSS, 16585.68017578125, -22.64892578125, 66.2450180053711, 22.782527713985232, 728, 223.0, 351, 15, 159636.46170425415, 28.416805267333984, 357.08294677734375, 219.2808539893601
LOSS, 8206.847900390625, -14.712127685546875, 67.40271759033203, 25.17438006254793, 326, 127.0, 378, 8, 77454.75782775879, 135.4318084716797, 354.8887023925781, 237.59128168024168
WIN , 26263.25050354004, -32.468017578125, 72.55228424072266, 17.33547888022445, 1515, 148.49899291992188, 298, 26, 315291.08796310425, 37.894615173339844, 376.8272705078125, 208.11292934858366
LOSS, 24929.28369140625, -22.383026123046875, 64.212890625, 21.82949535149409, 1142, 223.0, 323, 26, 246235.32677078247, 40.309654235839844, 361.6676330566406, 215.61762414254156
WIN , 23986.300003051758, -26.705848693847656, 63.975440979003906, 11.672165451606695, 2055, 142.39999389648438, 262, 28, 447918.8250923157, 43.28464889526367, 365.9146423339844, 217.96536500842612
LOSS, 10776.083618164062, -16.48968505859375, 62.327491760253906, 32.263723407676835, 334, 223.0, 377, 4, 87847.48596191406, 115.87364196777344, 378.9407653808594, 263.01642503567086
WIN , 19473.44598388672, -44.584083557128906, 70.15340423583984, 5.554320018222111, 3506, 188.1080322265625, 166, 23, 650657.1295471191, 54.594276428222656, 388.32269287109375, 185.58389319655424
LOSS, 6422.0601806640625, -40.00006103515625, 67.05252838134766, 25.791406348048444, 249, 223.0, 383, 5, 61160.938163757324, 77.6503677368164, 396.2088623046875, 245.62625768577237
WIN , 25937.2059173584, -33.215110778808594, 70.1640853881836, 22.953279572883538, 1130, 140.58816528320312, 324, 19, 270374.3451156616, 51.307708740234375, 384.28704833984375, 239.26933196076249
LOSS, 11941.933471679688, -38.0, 68.3751449584961, 19.6736959994723, 607, 191.0, 359, 10, 148824.44617843628, 37.477718353271484, 377.2671203613281, 245.18030671900542
LOSS, 9829.110870361328, -21.697959899902344, 60.001731872558594, 22.137637095408397, 444, 180.19500732421875, 370, 9, 99341.7018699646, 57.92372131347656, 383.0347900390625, 223.74257177919955
WIN , 26266.65000152588, -39.999755859375, 86.9686050415039, 15.095775862945908, 1740, 161.6999969482422, 283, 25, 338053.97057724, 37.85047912597656, 399.08233642578125, 194.28389113634483
LOSS, 11889.509643554688, -35.0, 59.400634765625, 19.619652877152948, 606, 207.0, 359, 11, 132201.45348739624, 50.65963363647461, 387.0699462890625, 218.15421367557136
WIN , 25502.65000152588, -26.092529296875, 83.1844253540039, 18.216178572518483, 1400, 209.6999969482422, 306, 26, 346580.5967063904, 38.982337951660156, 398.4550476074219, 247.55756907599314
LOSS, -306.3445816040039, -38.919677734375, 63.861915588378906, -0.05106594125754357, 5999, 124.42500305175781, 0, 13, 781158.2147693634, 22.46531105041504, 403.8651123046875, 130.21473825126913
WIN , 27126.0, -36.0, 66.6731948852539, 27.595116988809767, 983, 223.0, 334, 20, 274545.05951690674, 91.14212799072266, 408.2468566894531, 279.29304121760606
LOSS, 3776.0567626953125, -44.00006103515625, 67.53682708740234, 12.545039078721969, 301, 223.0, 379, 4, 58438.34147644043, 48.88205337524414, 444.9374084472656, 194.14731387521738
LOSS, 7951.9603271484375, -32.99993896484375, 66.23601531982422, 16.955139290295175, 469, 186.447998046875, 368, 8, 98829.29425811768, 69.10195922851562, 408.89984130859375, 210.72344191496308
LOSS, 3123.1022872924805, -13.000030517578125, 55.044097900390625, 30.321381430024083, 103, 153.8000030517578, 393, 4, 27073.955993652344, 98.36763000488281, 406.86883544921875, 262.8539416859451
LOSS, 21661.503173828125, -20.662147521972656, 66.8443832397461, 24.12194117352798, 898, 191.0, 340, 12, 234100.17715454102, 74.14099884033203, 407.13336181640625, 260.69062043935526
LOSS, 16693.85888671875, -39.0, 70.37345123291016, 19.343984805004347, 863, 223.0, 342, 12, 217036.8205947876, 64.28363800048828, 401.46392822265625, 251.49110150033326
LOSS, 6734.2447509765625, -13.000030517578125, 57.244483947753906, 29.929976671006944, 225, 207.0, 384, 4, 62836.847564697266, 111.54164123535156, 405.7480773925781, 279.27487806532116
LOSS, 21434.86669921875, -21.34033203125, 65.1921615600586, 17.469329013218214, 1227, 207.0, 318, 21, 324943.1421737671, 58.668296813964844, 417.20660400390625, 264.8273367349365
LOSS, 12623.251586914062, -18.721778869628906, 61.939308166503906, 26.519436106962317, 476, 223.0, 368, 10, 131965.16774749756, 103.95314025878906, 407.0408020019531, 277.23774736869234
LOSS, 15757.1982421875, -27.797622680664062, 64.7341079711914, 17.72463244340551, 889, 207.0, 340, 14, 221705.03800201416, 66.70904541015625, 423.9563903808594, 249.38699437796868
LOSS, 12154.90087890625, -15.612335205078125, 60.833961486816406, 23.24072825794694, 523, 207.0, 365, 6, 130605.56493377686, 77.70487976074219, 419.7991027832031, 249.72383352538597
WIN , 20344.0, -34.11201477050781, 81.214599609375, 5.852704257767549, 3476, 207.0, 168, 24, 631130.0294685364, 48.15523147583008, 419.69732666015625, 181.5679026089
WIN , 27276.65000152588, -26.092529296875, 88.4969253540039, 29.552166848890444, 923, 161.6999969482422, 338, 19, 254656.92406082153, 61.69614028930664, 425.51275634765625, 275.9013261764047
LOSS, 10206.126342773438, -31.09954833984375, 69.3449935913086, 17.01021057128906, 600, 223.0, 359, 9, 133525.42598724365, 50.53200149536133, 432.7967529296875, 222.54237664540608
WIN , 26602.0, -41.9998779296875, 68.17540740966797, 17.26281635301752, 1541, 191.0, 297, 27, 374714.5814418793, 22.170263290405273, 428.549560546875, 243.16325856059655
LOSS, 16680.352478027344, -23.881591796875, 62.337257385253906, 18.84785590737553, 885, 143.8800048828125, 340, 11, 214303.48051834106, 58.63404846191406, 424.0316162109375, 242.15082544445318
LOSS, 22831.072021484375, -38.009620666503906, 65.7796401977539, 13.024000012255776, 1753, 223.0, 283, 28, 420792.20528793335, 38.444610595703125, 425.79693603515625, 240.04118955386957
LOSS, 11888.953002929688, -23.3648681640625, 61.69795227050781, 19.716339971691024, 603, 207.0, 359, 9, 145809.72256469727, 57.185546875, 439.4867858886719, 241.80716843233378
LOSS, 16038.076171875, -23.95263671875, 69.8399887084961, 27.843882242838543, 576, 175.0, 361, 13, 156487.50009155273, 60.78482437133789, 421.351806640625, 271.67968765894574
LOSS, 16039.196533203125, -34.6160888671875, 68.98824310302734, 19.631819502084607, 817, 207.0, 345, 11, 234963.5620765686, 59.86656951904297, 428.3428039550781, 287.5930992369261
LOSS, 9238.403198242188, -16.181556701660156, 64.8653335571289, 23.03841196569124, 401, 191.0, 373, 4, 111032.08850097656, 89.23700714111328, 420.55218505859375, 276.8880012493181
LOSS, 9871.0, -42.999755859375, 64.8592300415039, 11.191609977324264, 882, 223.0, 341, 15, 195282.54413986206, 47.82527160644531, 426.9651184082031, 221.40878020392523
LOSS, 16323.158203125, -39.999755859375, 63.474952697753906, 12.227084796348315, 1335, 223.0, 310, 16, 269299.26041030884, 37.02738571166992, 449.0405578613281, 201.7222924421789
LOSS, 8231.708740234375, -19.72052001953125, 70.74332427978516, 35.32922206109174, 233, 207.0, 384, 4, 71047.55025482178, 71.75833129882812, 449.8180236816406, 304.925108389793
LOSS, 13258.707153320312, -31.364356994628906, 66.81327056884766, 27.337540522309922, 485, 191.0, 367, 6, 138760.86192321777, 86.60424041748047, 424.9365234375, 286.1048699447789
LOSS, 19052.416748046875, -40.999755859375, 66.7739028930664, 18.715537080596146, 1018, 182.52001953125, 332, 11, 247164.06170654297, 43.49861145019531, 440.7386474609375, 242.79377377852944
LOSS, 21066.989990234375, -33.000244140625, 63.569236755371094, 23.176006589916803, 909, 223.0, 339, 17, 241463.91661453247, 29.123428344726562, 444.270263671875, 265.63687196318205
LOSS, 10974.135375976562, -13.4268798828125, 70.39740753173828, 35.51500121675263, 309, 223.0, 379, 8, 96605.99192810059, 181.2411651611328, 413.6520690917969, 312.6407505763773
LOSS, 17697.300491333008, -17.631675720214844, 66.7467269897461, 27.01877937608093, 655, 196.39999389648438, 356, 11, 198375.17394256592, 87.09184265136719, 421.2821960449219, 302.8628609810167
LOSS, 27410.81396484375, -22.693084716796875, 67.94454193115234, 26.79453955507698, 1023, 207.0, 331, 22, 301739.9686050415, 95.82730102539062, 436.1992492675781, 294.95598104109627
LOSS, 12085.90673828125, -25.20965576171875, 68.7740249633789, 27.405684213789684, 441, 207.0, 370, 10, 127741.0513381958, 93.5395278930664, 436.077392578125, 289.6622479324168
LOSS, 21823.530517578125, -38.00048828125, 67.57588958740234, 26.073513163175775, 837, 223.0, 344, 17, 231273.1959915161, 64.69364929199219, 442.23577880859375, 276.3120621165067
LOSS, 5486.798278808594, -13.000030517578125, 55.404273986816406, 25.639244293498102, 214, 191.0, 385, 1, 64847.66687011719, 126.84272766113281, 438.6362609863281, 303.02648070148217
LOSS, 20247.65000152588, -26.90522003173828, 63.545753479003906, 20.98202072696982, 965, 209.6999969482422, 335, 11, 259075.90839385986, 64.52533721923828, 457.0465393066406, 268.472443931461
LOSS, 12302.11572265625, -40.999755859375, 60.692649841308594, 5.412281444195447, 2273, 223.0, 248, 10, 475011.73638534546, 25.83726692199707, 449.13397216796875, 208.9800863991841
LOSS, 18098.945922851562, -25.656951904296875, 63.997413635253906, 18.487176632126214, 979, 170.447998046875, 334, 13, 269736.1838684082, 56.643890380859375, 432.998046875, 275.5221489973526
LOSS, 10857.921142578125, -26.092529296875, 68.95804595947266, 14.419549990143592, 753, 175.0, 349, 12, 158702.03505325317, 38.704627990722656, 424.39691162109375, 210.7596747055155
LOSS, 6445.455474853516, -15.66986083984375, 59.778900146484375, 24.982385561447735, 258, 180.19500732421875, 382, 3, 78162.93660736084, 91.73857879638672, 434.8009033203125, 302.95711863318155
LOSS, 5795.332702636719, -26.092529296875, 66.8904800415039, 25.988039025276766, 223, 207.0, 385, 3, 64929.16662597656, 51.94413757324219, 433.3141174316406, 291.1621821792671
LOSS, -7806.942687988281, -41.506874084472656, 59.361183166503906, -1.3013740103331024, 5999, 198.8853759765625, 0, 8, 654427.2396202087, 18.716886520385742, 423.20953369140625, 109.0893881680628
LOSS, 22366.739501953125, -19.72052001953125, 65.2211685180664, 31.95248500279018, 700, 175.0, 353, 10, 213571.33911132812, 76.00740051269531, 429.1128234863281, 305.10191301618306
LOSS, 16587.180419921875, -39.0, 71.2157211303711, 25.597500648027584, 648, 223.0, 356, 13, 178255.61769104004, 50.438297271728516, 446.6895446777344, 275.0858297701235
LOSS, 11873.999877929688, -39.0, 64.2726821899414, 22.48863613244259, 528, 223.0, 364, 11, 136281.7206916809, 57.42164993286133, 457.5003967285156, 258.1093194918199
LOSS, 5051.416198730469, -20.397186279296875, 68.25186920166016, 30.801318284941882, 164, 191.0, 389, 2, 45499.38676452637, 80.5503158569336, 424.4217529296875, 277.435285149551
LOSS, 6004.7232666015625, -14.662391662597656, 65.08885955810547, 37.29641780497865, 161, 207.0, 389, 3, 53973.58917236328, 222.1055450439453, 440.1773376464844, 335.23968430039304
LOSS, 23202.00048828125, -39.0, 62.239891052246094, 12.976510340202042, 1788, 207.0, 280, 16, 416626.53844833374, 40.039241790771484, 468.4960021972656, 233.0126053961598
LOSS, 17204.374267578125, -26.092529296875, 67.9442367553711, 23.4711790826441, 733, 191.0, 351, 17, 220756.79866027832, 91.31619262695312, 449.08905029296875, 301.168893124527
LOSS, 24908.261962890625, -26.528656005859375, 66.5355453491211, 22.664478583157983, 1099, 223.0, 326, 25, 296025.69819641113, 33.55128860473633, 448.7840270996094, 269.3591430358609
LOSS, 19496.950485229492, -21.34002685546875, 69.8500747680664, 21.519812897604297, 906, 177.10000610351562, 339, 13, 248710.25485992432, 95.90768432617188, 452.7719421386719, 274.5146300882167
LOSS, 15751.403564453125, -24.3426513671875, 61.68083190917969, 21.577265156785103, 730, 207.0, 351, 9, 217456.65683746338, 106.94828033447266, 437.35162353515625, 297.8858312841964
LOSS, 9742.544494628906, -15.670013427734375, 62.668968200683594, 35.299074255901836, 276, 191.8800048828125, 381, 5, 88754.83473968506, 126.17607879638672, 431.56451416015625, 321.5754881872647
WIN , 22254.0, -35.946044921875, 66.6771469116211, 9.079559363525092, 2451, 207.0, 236, 14, 513561.81879615784, 19.536222457885742, 447.6156005859375, 209.53154581646587
WIN , 27480.0, -28.1612548828125, 71.48193359375, 21.401869158878505, 1284, 175.0, 314, 23, 398779.0277709961, 89.7475814819336, 475.8642578125, 310.57556679984117
LOSS, 11369.607177734375, -39.999755859375, 59.1888427734375, 14.901188961644005, 763, 223.0, 349, 6, 189305.96644973755, 36.836299896240234, 454.095947265625, 248.1074265396298
WIN , 27502.0, -35.0001220703125, 67.9915542602539, 23.16933445661331, 1187, 191.0, 320, 24, 362337.98985671997, 56.628501892089844, 459.0733642578125, 305.25525682958715
LOSS, 8171.550743103027, -18.20404815673828, 65.97005462646484, 22.825560734924657, 358, 209.6475372314453, 376, 6, 100429.54176330566, 88.25614166259766, 443.4609680175781, 280.52944626621695
LOSS, 21471.59999847412, -26.092529296875, 68.1111831665039, 22.204343328308294, 967, 201.8000030517578, 335, 18, 289702.01818466187, 52.46935272216797, 450.59515380859375, 299.58843659220463
LOSS, 6994.9642333984375, -20.430145263671875, 61.036888122558594, 28.667886202452614, 244, 223.0, 383, 4, 73884.42719268799, 105.06626892089844, 464.10748291015625, 302.80502947822947
LOSS, 24305.65000152588, -26.092529296875, 66.7085952758789, 25.802176222426624, 942, 193.6999969482422, 337, 18, 259582.25064086914, 46.225120544433594, 460.0456848144531, 275.5650219117507
WIN , 20120.0, -45.80279541015625, 74.368896484375, 3.5360281195079084, 5690, 175.0, 20, 32, 873546.9917240143, 23.964570999145508, 462.2967224121094, 153.52319713954557
LOSS, 14044.000244140625, -18.473037719726562, 67.4950180053711, 27.645669771930365, 508, 185.0, 366, 10, 146253.7819595337, 102.9261245727539, 443.5366516113281, 287.90114558963324
LOSS, 8685.877319335938, -23.807373046875, 69.9574966430664, 22.15785030442841, 392, 223.0, 373, 5, 101017.91137695312, 83.52253723144531, 447.6682434082031, 257.6987535126355
LOSS, 10981.0, -18.890396118164062, 69.2238540649414, 28.084398976982097, 391, 223.0, 373, 10, 123844.1459350586, 88.78108978271484, 449.2565612792969, 316.73694612546956
LOSS, 17727.125732421875, -17.966819763183594, 66.7745132446289, 25.25231585815082, 702, 191.0, 353, 12, 214782.32206726074, 98.66576385498047, 447.8862609863281, 305.95772374253664
LOSS, 20964.36328125, -26.092529296875, 67.9796371459961, 28.445540408751697, 737, 191.0, 350, 17, 241335.87377166748, 94.92881774902344, 452.632080078125, 327.45708788557323
LOSS, 17420.078369140625, -36.0, 62.434593200683594, 19.185108336057958, 908, 223.0, 339, 13, 243516.9656791687, 58.68215560913086, 444.0965576171875, 268.1904908360889
LOSS, 13599.946533203125, -26.802757263183594, 69.1484603881836, 24.028174086931315, 566, 223.0, 362, 9, 159967.6058959961, 71.44190979003906, 464.6697692871094, 282.62827896819095
LOSS, 5971.7886962890625, -15.576034545898438, 56.128150939941406, 32.993307714304215, 181, 207.0, 387, 2, 57884.532943725586, 145.79531860351562, 440.5794372558594, 319.80404941284854
WIN , 27417.40818786621, -22.04345703125, 68.2338638305664, 22.07520788072964, 1242, 180.18362426757812, 317, 21, 380185.0719909668, 60.287841796875, 457.2453308105469, 306.10714330995717
WIN , 27524.0, -28.237060546875, 75.714111328125, 24.575, 1120, 207.0, 325, 25, 337189.20877075195, 69.51404571533203, 460.8194274902344, 301.06179354531423
LOSS, 21838.41650390625, -18.79694366455078, 64.1319808959961, 28.10607014659749, 777, 207.0, 348, 21, 229474.3556137085, 66.7281494140625, 450.2998962402344, 295.33379100863385
LOSS, 15868.149658203125, -21.3397216796875, 62.372657775878906, 25.635136766079363, 619, 223.0, 358, 12, 181800.40353012085, 62.99313735961914, 454.4256896972656, 293.7001672538301
LOSS, 25294.00048828125, -30.149749755859375, 65.9898910522461, 27.139485502447695, 932, 223.0, 337, 17, 293969.82834625244, 52.39524841308594, 465.0696105957031, 315.4182707577816
WIN , 26901.707305908203, -27.03033447265625, 86.72298431396484, 15.43414073775571, 1743, 151.58538818359375, 283, 32, 472390.3931274414, 54.63158416748047, 485.331298828125, 271.0214533146537
LOSS, 23916.65048980713, -19.72052001953125, 70.5174789428711, 24.65634071114137, 970, 177.6999969482422, 335, 24, 316601.3159713745, 64.98527526855469, 455.0063781738281, 326.3931092488397
LOSS, 16141.3798828125, -26.092529296875, 60.064903259277344, 23.461307969204213, 688, 191.0, 354, 12, 206635.27410888672, 85.7186279296875, 452.7042236328125, 300.3419681815214
WIN , 27900.0, -23.332435607910156, 68.35013580322266, 19.81534090909091, 1408, 175.0, 306, 27, 398087.97149276733, 41.32905960083008, 439.5279846191406, 282.73293429884046
LOSS, 14586.587158203125, -20.821266174316406, 61.743675231933594, 21.232295717908478, 687, 223.0, 354, 12, 198412.46028137207, 50.28584289550781, 447.46527099609375, 288.8099858535256
LOSS, 21438.609146118164, -19.803565979003906, 60.965187072753906, 18.626072238156528, 1151, 201.39498901367188, 323, 13, 330581.6057472229, 59.29045104980469, 459.0863952636719, 287.21251585336483
LOSS, 9179.0, -13.858749389648438, 61.930152893066406, 37.01209677419355, 248, 207.0, 383, 3, 82361.00579833984, 133.7359161376953, 438.60986328125, 332.1008298320155
LOSS, 11918.683959960938, -20.7525634765625, 65.88004302978516, 23.278679609298706, 512, 191.0, 365, 2, 138085.4791946411, 75.84770202636719, 457.453125, 269.6982015520334
LOSS, 15654.3984375, -41.9998779296875, 68.8536605834961, 10.485196542196919, 1493, 223.0, 300, 13, 295180.6199493408, 42.866146087646484, 459.1821594238281, 197.70972535119947
LOSS, 10033.1630859375, -16.238113403320312, 67.9814682006836, 34.24287742640785, 293, 223.0, 380, 6, 88560.5825805664, 69.83024597167969, 440.5727844238281, 302.2545480565406
LOSS, 4906.2303466796875, -16.0699462890625, 58.475852966308594, 37.45214005098998, 131, 191.0, 391, 5, 41681.65235900879, 92.14181518554688, 440.55389404296875, 318.1805523588457
WIN , 27622.753562927246, -25.2093505859375, 69.59542083740234, 25.888241389809977, 1067, 189.4928741455078, 328, 22, 335914.1371307373, 76.69783782958984, 454.03802490234375, 314.8211219594539
LOSS, 22304.181396484375, -30.887863159179688, 64.4310531616211, 10.848337255099404, 2056, 191.0, 262, 15, 390450.91400527954, 44.819664001464844, 457.2000732421875, 189.9080321037352
LOSS, 20930.107666015625, -22.900390625, 69.4148941040039, 23.73028080047123, 882, 223.0, 341, 20, 232968.00561523438, 31.009990692138672, 456.0984802246094, 264.1360607882476
LOSS, 16745.132080078125, -20.662452697753906, 64.1542739868164, 26.453605181797986, 633, 223.0, 357, 16, 195904.96378326416, 55.82447052001953, 452.9544677734375, 309.4865146655042
LOSS, 17317.121826171875, -20.966697692871094, 62.61267852783203, 21.511952579095496, 805, 223.0, 346, 17, 239399.76155471802, 43.322818756103516, 455.0339050292969, 297.39100814250685
WIN , 26957.300003051758, -21.121826171875, 86.4791030883789, 29.30141304679539, 920, 180.39999389648438, 338, 16, 282400.43493652344, 106.81343841552734, 434.85418701171875, 306.9569944962211
LOSS, 21256.36962890625, -16.827423095703125, 66.3790054321289, 32.95561182776163, 645, 175.0, 356, 7, 197749.60342407227, 70.36248016357422, 440.8572998046875, 306.5885324404221
LOSS, 13275.961791992188, -30.740501403808594, 60.84130859375, 22.237791946385574, 597, 191.0, 360, 14, 174374.57875823975, 69.82775115966797, 438.28118896484375, 292.08472153809004
LOSS, 14224.656494140625, -20.820960998535156, 67.4446792602539, 30.856087839784436, 461, 159.0, 369, 7, 140000.71955490112, 62.12583541870117, 454.67926025390625, 303.6891964314558
LOSS, 11948.854629516602, -20.1611328125, 56.949974060058594, 29.947004084001506, 399, 159.88229370117188, 373, 9, 122784.12209320068, 113.14574432373047, 440.1368408203125, 307.7296293062674
LOSS, 22431.0, -35.99951171875, 67.8676528930664, 23.414405010438415, 958, 223.0, 336, 21, 282488.1563491821, 47.5649299621582, 450.38909912109375, 294.87281456073293
WIN , 15212.0, -34.0869140625, 65.5171890258789, 3.182426778242678, 4780, 191.0, 81, 33, 838059.2200202942, 33.74251937866211, 453.576171875, 175.32619665696532
LOSS, 10341.852935791016, -18.20404815673828, 61.167823791503906, 26.24835770505334, 394, 191.42718505859375, 373, 5, 114041.11948394775, 61.49840545654297, 430.5715637207031, 289.44446569529885
LOSS, 10804.397827148438, -19.709861755371094, 63.639427185058594, 21.915614253850787, 493, 223.0, 367, 11, 138969.85848236084, 64.14080047607422, 448.97576904296875, 281.8861226822735
LOSS, 11195.463523864746, -19.415199279785156, 70.08490753173828, 25.32910299516911, 442, 201.8000030517578, 370, 9, 124828.10335540771, 55.94933319091797, 467.5895690917969, 282.4165234285242
WIN , 27127.19354248047, -20.55742645263672, 68.34210205078125, 27.851328072361877, 974, 120.6129150390625, 335, 22, 278386.7190170288, 61.659645080566406, 449.3840637207031, 285.8179866704608
LOSS, 20617.325927734375, -19.83307647705078, 68.3241958618164, 34.767834616752744, 593, 191.0, 360, 7, 189733.27099609375, 53.12316131591797, 451.4930114746094, 319.9549257944245
LOSS, 10891.315063476562, -23.36279296875, 61.90460205078125, 30.337924967901287, 359, 207.0, 376, 9, 117153.57216644287, 81.38690948486328, 448.2489929199219, 326.3330701015122
LOSS, 8348.880859375, -38.0, 61.396705627441406, 17.993277714170258, 464, 223.0, 369, 8, 122104.17514038086, 46.09375762939453, 447.74237060546875, 263.15554987151046
LOSS, 8002.7542724609375, -34.07440185546875, 66.9472427368164, 24.623859299879808, 325, 207.0, 378, 5, 89901.83550262451, 86.45526885986328, 458.1081237792969, 276.6210323157677
LOSS, 9914.951049804688, -20.1044921875, 64.4771499633789, 35.53745895987343, 279, 191.0, 381, 7, 93110.99092102051, 72.32486724853516, 456.2060852050781, 333.73115025455377
WIN , 26186.65000152588, -44.999755859375, 90.0655288696289, 13.319760936686611, 1966, 161.6999969482422, 268, 18, 420154.2345352173, 47.002681732177734, 452.28948974609375, 213.71019050621427
LOSS, 8379.570922851562, -16.00006103515625, 62.625038146972656, 27.564378035695928, 304, 175.0, 379, 6, 91557.82391357422, 133.5347900390625, 461.33270263671875, 301.1770523472836
LOSS, 5957.760681152344, -16.00006103515625, 57.692771911621094, 30.396738169144612, 196, 207.0, 386, 4, 63833.660903930664, 137.9304656982422, 429.910400390625, 325.68194338740136
LOSS, 20541.0, -33.5374755859375, 63.951316833496094, 21.50890052356021, 955, 223.0, 336, 22, 280728.5708999634, 38.969078063964844, 451.63299560546875, 293.95661874341715
LOSS, 10739.970581054688, -17.66242218017578, 61.566688537597656, 29.916352593467096, 359, 191.0, 376, 8, 114478.9800567627, 85.0832748413086, 435.9461364746094, 318.8829528043529
LOSS, 3853.6815795898438, -30.326690673828125, 58.316650390625, 10.303961442753593, 374, 223.0, 375, 2, 108293.46270751953, 131.41224670410156, 430.3816833496094, 289.55471312171
LOSS, 11673.948852539062, -17.662269592285156, 62.538963317871094, 26.47153934816114, 441, 191.0, 370, 9, 130580.45485687256, 59.01226043701172, 438.35211181640625, 296.1008046641101
WIN , 27306.65000152588, -18.722389221191406, 84.9227066040039, 24.51225314320097, 1114, 161.6999969482422, 325, 29, 343601.6910934448, 83.99951934814453, 456.707763671875, 308.43957907849625
LOSS, 11915.129272460938, -18.98064422607422, 59.906227111816406, 24.927048687156773, 478, 191.0, 368, 9, 141565.9014892578, 73.08683013916016, 441.0762634277344, 296.1629738268992
LOSS, 21902.80029296875, -40.999755859375, 62.905174255371094, 15.533900916999114, 1410, 175.0, 305, 18, 373885.20835494995, 47.4447021484375, 450.4239196777344, 265.1668144361347
LOSS, 20896.9267578125, -18.462913513183594, 63.864356994628906, 20.131914024867534, 1038, 191.0, 330, 25, 278589.81311798096, 56.986366271972656, 455.50738525390625, 268.39095676106064
LOSS, 23411.802505493164, -17.630393981933594, 68.4920425415039, 32.02708961079776, 731, 201.39498901367188, 351, 20, 229340.4517250061, 52.4449462890625, 448.7657775878906, 313.7352280779837
LOSS, 5652.020263671875, -24.941070556640625, 58.37898254394531, 18.000064533986862, 314, 175.0, 379, 3, 88803.46181488037, 102.01766967773438, 447.1304016113281, 282.8135726588547
LOSS, 13136.389404296875, -36.0001220703125, 67.204345703125, 29.191976453993057, 450, 223.0, 369, 10, 134814.74702453613, 86.92523956298828, 447.3870849609375, 299.5883267211914
LOSS, 9016.7685546875, -26.883621215820312, 61.209632873535156, 5.498029606516768, 1640, 207.0, 290, 7, 245197.72715377808, 24.709529876708984, 441.5485534667969, 149.51080924010859
LOSS, 22580.60302734375, -16.43621063232422, 68.7044448852539, 34.42165095631669, 656, 175.0, 356, 15, 224203.5803375244, 114.73504638671875, 474.6218566894531, 341.77375051451895
LOSS, 10669.789794921875, -18.47150421142578, 65.5559310913086, 34.53006406123584, 309, 207.0, 379, 10, 99561.72303771973, 80.91641998291016, 447.3537292480469, 322.2062234230412
LOSS, 11344.031127929688, -15.511917114257812, 67.0333023071289, 35.01244175286941, 324, 207.0, 378, 6, 109092.01792907715, 68.58409118652344, 463.581298828125, 336.70375904036155
LOSS, 8364.238647460938, 0, 68.77446746826172, 45.70622211727288, 183, 207.0, 387, 6, 61827.7151184082, 150.49200439453125, 450.8706970214844, 337.85636676725795
LOSS, 20413.00048828125, -19.361923217773438, 66.9048080444336, 20.494980409920935, 996, 185.0, 333, 24, 282499.1221046448, 62.73454666137695, 449.8230285644531, 283.6336567315711
LOSS, 11411.147705078125, -15.141426086425781, 67.01270294189453, 30.840939743454392, 370, 223.0, 375, 9, 114763.72187805176, 68.80746459960938, 449.1888427734375, 310.1722212920318
LOSS, 5475.931915283203, -14.117050170898438, 60.45684814453125, 35.102127662071815, 156, 186.20257568359375, 389, 4, 54027.048110961914, 180.0535888671875, 452.4433898925781, 346.3272314805251
LOSS, 14212.79443359375, -19.166770935058594, 68.81795501708984, 22.667933705891148, 627, 223.0, 358, 11, 200126.06523895264, 104.9388198852539, 452.64312744140625, 319.1803273348527
LOSS, 18503.11279296875, -23.716278076171875, 70.24710845947266, 28.205964623427974, 656, 175.0, 356, 17, 201471.31119537354, 26.044170379638672, 442.78558349609375, 307.12090121245967
WIN , 27814.0, -18.46306610107422, 78.275146484375, 23.04391052195526, 1207, 207.0, 319, 23, 383693.68422698975, 94.0107421875, 465.72174072265625, 317.89037632724916
LOSS, 12968.376441955566, -17.662269592285156, 70.0688705444336, 28.947268843650818, 448, 204.5740203857422, 370, 12, 130849.97340393066, 51.84709930419922, 453.6790466308594, 292.07583349091664
LOSS, 17653.546577453613, -41.77256774902344, 62.072364807128906, 2.94274822094576, 5999, 209.24717712402344, 0, 23, 985651.0799255371, 33.20888137817383, 480.4766845703125, 164.30256374821423
WIN , 26810.0, -26.092529296875, 69.2015609741211, 27.956204379562045, 959, 175.0, 336, 33, 299092.0740737915, 57.00232696533203, 458.59375, 311.87911790802036
LOSS, 25647.623291015625, -35.0, 61.956687927246094, 25.022071503429878, 1025, 175.0, 331, 21, 312165.50018310547, 56.37699890136719, 459.9263610839844, 304.55170749571266
LOSS, 9431.0, -16.646995544433594, 58.776702880859375, 21.932558139534883, 430, 223.0, 371, 8, 133814.44550323486, 72.69054412841797, 459.2027587890625, 311.1963848912439
LOSS, 18797.248291015625, -35.0001220703125, 69.3443832397461, 16.503290861295543, 1139, 207.0, 324, 14, 277210.4546661377, 60.70281982421875, 453.1645812988281, 243.38055721346592
LOSS, 23296.399169921875, -23.95233154296875, 65.5037612915039, 25.88488796657986, 900, 223.0, 339, 14, 270026.55321884155, 41.50107955932617, 470.3044738769531, 300.02950357649064
LOSS, 20049.98291015625, -19.37347412109375, 69.7444839477539, 26.912728738464764, 745, 175.0, 350, 15, 227977.600440979, 65.10005950927734, 471.3761291503906, 306.0102019342
LOSS, 14794.773193359375, -20.662147521972656, 64.9520034790039, 23.116833114624022, 640, 223.0, 357, 11, 170424.10345458984, 67.0757064819336, 464.57733154296875, 266.28766164779665
LOSS, 6069.2064208984375, -34.042877197265625, 59.57328796386719, 27.840396426139623, 218, 191.0, 385, 1, 68710.2052230835, 79.16307067871094, 446.1383056640625, 315.18442762882336
WIN , 27066.0, -18.875343322753906, 63.111572265625, 27.98965873836608, 967, 223.0, 335, 20, 310528.51081085205, 87.55321502685547, 453.2234191894531, 321.12565750863706
LOSS, 16078.642822265625, -19.363494873046875, 64.65413665771484, 28.407496152412765, 566, 223.0, 362, 18, 189138.7392654419, 86.62969970703125, 487.4429626464844, 334.16738386120477
LOSS, 11079.903930664062, -20.662452697753906, 64.4588394165039, 23.930678035991495, 463, 207.0, 369, 5, 148458.66607666016, 67.84759521484375, 446.7682800292969, 320.6450671202163
LOSS, 23226.559997558594, -40.9998779296875, 59.851905822753906, 21.91184905430056, 1060, 191.8800048828125, 329, 20, 304504.14197921753, 55.74895477294922, 467.7915954589844, 287.26805847095994
LOSS, 8642.6171875, -20.074905395507812, 64.32830810546875, 20.77552208533654, 416, 175.0, 372, 4, 137880.73114013672, 107.97978973388672, 464.26416015625, 331.44406524071326
LOSS, 14791.0, -42.00048828125, 63.270484924316406, 20.429558011049725, 724, 223.0, 351, 9, 206939.00733947754, 86.4512939453125, 466.61212158203125, 285.8273582036983
LOSS, 8452.461303710938, -16.00006103515625, 68.06204986572266, 36.74983175526494, 230, 127.0, 384, 6, 77296.31374359131, 126.2675552368164, 474.1809387207031, 336.0709293199622
LOSS, 17221.584716796875, -35.0, 63.770973205566406, 18.320834805103058, 940, 223.0, 337, 15, 284991.87032318115, 70.96809387207031, 464.65911865234375, 303.1828407693416
LOSS, 18985.73974609375, -21.3397216796875, 65.8504409790039, 23.911511015231422, 794, 175.0, 347, 13, 264375.4131011963, 103.81645202636719, 451.0528259277344, 332.96651524080136
WIN , 25766.83213043213, -18.721778869628906, 67.4583969116211, 26.106212898107525, 987, 181.3357391357422, 334, 20, 321696.6825790405, 99.7467269897461, 450.9478454589844, 325.93382226853146
LOSS, 7748.990585327148, -28.034210205078125, 61.89849853515625, 26.357110834446082, 294, 153.92312622070312, 380, 3, 94781.73014831543, 69.94429779052734, 460.6553039550781, 322.38683723916813
LOSS, 7651.9083251953125, -23.718719482421875, 68.09712982177734, 14.09191220109634, 543, 207.0, 363, 8, 148246.25346374512, 73.67899322509766, 457.6812744140625, 273.01335812844405
LOSS, 6536.655517578125, -16.48139190673828, 58.323585510253906, 29.712070534446024, 220, 223.0, 385, 3, 72501.47296142578, 122.98391723632812, 454.2881774902344, 329.55214982466265
LOSS, 5292.101623535156, -35.0, 56.71562194824219, 18.90036294119699, 280, 191.0, 381, 3, 79528.12911987305, 92.63313293457031, 447.55303955078125, 284.0290325709752
LOSS, 11832.442504882812, -21.14148712158203, 57.320777893066406, 27.841041187959558, 425, 191.0, 371, 9, 139490.25597000122, 62.833370208740234, 455.1511535644531, 328.21236698823816
LOSS, 7009.2760009765625, -28.44024658203125, 54.52606201171875, 16.002913244238727, 438, 186.447998046875, 370, 4, 114854.3671951294, 91.06043243408203, 445.0769958496094, 262.22458263728174
LOSS, 11042.064208984375, -18.462913513183594, 62.2943115234375, 31.82151068871578, 347, 175.0, 376, 5, 115894.73683166504, 93.70431518554688, 454.1000671386719, 333.99059605667156
LOSS, 12519.85205078125, -17.532249450683594, 62.1807861328125, 25.867462914837294, 484, 207.0, 367, 9, 148282.18141174316, 78.972900390625, 453.75787353515625, 306.36814341269246
LOSS, 12777.829833984375, -21.463096618652344, 66.85582733154297, 35.79224043132878, 357, 223.0, 376, 8, 119406.50355529785, 96.30821228027344, 467.389404296875, 334.47199875433574
LOSS, 19320.05615234375, -37.43743896484375, 63.944313049316406, 4.5150867381032365, 4279, 175.0, 114, 24, 698760.3272514343, 33.85345458984375, 461.91070556640625, 163.29991288886055
LOSS, 21379.86181640625, -26.8131103515625, 66.81327056884766, 20.459197910436604, 1045, 207.0, 330, 16, 322902.6272125244, 110.01364135742188, 460.28729248046875, 308.9977293899755
LOSS, 11471.0, -26.092529296875, 68.3006820678711, 26.80140186915888, 428, 223.0, 371, 8, 123380.6308670044, 84.56194305419922, 465.8782043457031, 288.2725020257112
LOSS, 16568.559814453125, -42.999755859375, 67.26949310302734, 17.24095714303135, 961, 223.0, 335, 17, 251428.07642364502, 66.57367706298828, 463.53704833984375, 261.63171324000524
LOSS, 12618.806518554688, -17.662269592285156, 61.04486083984375, 21.983983481802593, 574, 207.0, 361, 11, 160255.1960029602, 42.5159797668457, 451.3526611328125, 279.1902369389551
LOSS, 8403.60107421875, -27.3223876953125, 63.007118225097656, 21.770987238908678, 386, 175.0, 374, 8, 129725.08100891113, 101.29066467285156, 453.61920166015625, 336.0753394013242
WIN , 27091.940521240234, -21.385215759277344, 71.2926254272461, 27.786605662810498, 975, 171.11895751953125, 334, 19, 308956.4904937744, 71.3659439086914, 468.4898986816406, 316.8784517884866
LOSS, 11442.612670898438, -22.5372314453125, 67.2337875366211, 25.093448839689557, 456, 207.0, 369, 13, 140894.88061523438, 101.70592498779297, 458.59033203125, 308.9800013491982
LOSS, 10237.76171875, -13.692375183105469, 55.9613037109375, 26.730448351827675, 383, 191.0, 374, 7, 136914.0809326172, 127.77069091796875, 453.6069641113281, 357.47801810082814
WIN , 26423.0, -22.835693359375, 70.0279769897461, 26.213293650793652, 1008, 169.0, 332, 27, 321486.0987739563, 49.432315826416016, 466.12322998046875, 318.9346217995598
WIN , 26754.0, -26.536865234375, 73.607177734375, 24.841225626740947, 1077, 207.0, 328, 24, 349924.44135284424, 98.05205535888672, 470.63812255859375, 324.9066307825852
LOSS, 6609.0, -25.569839477539062, 62.76763916015625, 21.956810631229235, 301, 207.0, 379, 2, 93570.89408874512, 91.4869155883789, 479.2505798339844, 310.86675776991734
LOSS, 18924.521240234375, -19.72021484375, 67.45665740966797, 26.211248255172265, 722, 207.0, 351, 21, 233975.1015701294, 91.13165283203125, 475.0871276855469, 324.0652376317582
LOSS, 16530.3408203125, -22.2039794921875, 61.68327331542969, 25.122098511113222, 658, 223.0, 356, 10, 228581.67307281494, 100.06935119628906, 474.27996826171875, 347.3885609009346
LOSS, 11122.199951171875, -18.721778869628906, 64.9059066772461, 31.597158952192828, 352, 223.0, 376, 7, 115677.76020050049, 93.20891571044922, 468.65093994140625, 328.6300005696037
LOSS, 18907.3134765625, -28.867530822753906, 69.4598159790039, 22.243898207720587, 850, 223.0, 343, 15, 276638.2495574951, 29.925941467285156, 452.3078308105469, 325.45676418528836
LOSS, 19767.712158203125, -20.6585693359375, 69.3565902709961, 21.842775865417817, 905, 207.0, 339, 20, 265994.7364807129, 86.7738265991211, 487.14434814453125, 293.9168358902905
LOSS, 10525.907592773438, -37.0, 62.738868713378906, 9.282105460999505, 1134, 175.0, 324, 12, 279163.6894760132, 63.07196807861328, 454.9032287597656, 246.1760930123573
LOSS, 7280.5391845703125, -15.66986083984375, 63.908607482910156, 28.55113405713848, 255, 223.0, 382, 4, 84839.7900390625, 134.0791015625, 463.0478515625, 332.7050589767157
LOSS, 15773.567138671875, -39.0, 63.47541046142578, 23.09453461006131, 683, 223.0, 354, 11, 206727.46392059326, 70.84748840332031, 499.6242370605469, 302.67564263630055
LOSS, 8556.884521484375, -28.867530822753906, 61.590187072753906, 1.890606390076088, 4526, 207.0, 98, 10, 537138.6843986511, 27.035354614257812, 450.8680725097656, 118.67845435233123
LOSS, 6967.0194091796875, -13.858749389648438, 60.121070861816406, 24.360207724404503, 286, 207.0, 380, 2, 81733.68035888672, 96.39088439941406, 470.8458251953125, 285.7820991569466
WIN , 26862.0, -44.999755859375, 82.6256332397461, 21.167848699763592, 1269, 191.0, 315, 30, 426083.21115493774, 61.36933517456055, 476.9458312988281, 335.7629717533
LOSS, 7526.222564697266, -17.357872009277344, 65.07115936279297, 38.39909471784319, 196, 130.30999755859375, 386, 6, 61727.13584136963, 63.54975128173828, 472.49786376953125, 314.93436653760017
LOSS, 13855.87744140625, -20.9521484375, 57.791358947753906, 27.062260627746582, 512, 207.0, 365, 9, 166554.14818954468, 42.776798248291016, 477.60064697265625, 325.30107068270445
LOSS, 8070.3424072265625, -16.455223083496094, 63.073577880859375, 36.352893726245775, 222, 175.0, 385, 3, 81746.13056945801, 167.43199157714844, 471.0143127441406, 368.225813375937
LOSS, 14564.00048828125, -19.879013061523438, 70.5727310180664, 24.07272807980372, 605, 223.0, 359, 11, 185187.08868408203, 91.74419403076172, 470.2998046875, 306.09436146129264
LOSS, 20115.144287109375, -39.0, 68.44701385498047, 30.570128095910903, 658, 223.0, 356, 13, 203809.3254814148, 58.086185455322266, 468.7548828125, 309.74061623315316
WIN , 27401.812812805176, -24.227294921875, 71.98785400390625, 24.97886309280326, 1097, 151.37437438964844, 326, 28, 344098.90564346313, 63.689273834228516, 463.05419921875, 313.6726578336036
LOSS, 17430.0, -21.462791442871094, 62.576210021972656, 25.26086956521739, 690, 185.0, 353, 15, 224916.48094940186, 72.32551574707031, 463.2805480957031, 325.965914419423
WIN , 27284.0, -20.1611328125, 88.48388671875, 26.084130019120458, 1046, 207.0, 330, 13, 346549.36977386475, 93.71768951416016, 463.8154296875, 331.3091489233889
LOSS, 9774.288597106934, -17.662269592285156, 60.966102600097656, 32.046847859367, 305, 201.8000030517578, 379, 9, 102451.20454788208, 47.74972915649414, 468.8414001464844, 335.9055886815806
LOSS, 16000.705810546875, -38.00048828125, 64.5223159790039, 18.22403850859553, 878, 223.0, 341, 17, 274028.55529785156, 107.62550354003906, 470.4043273925781, 312.10541605677855
LOSS, 15540.00390625, -18.14130401611328, 69.85404205322266, 38.08824486825981, 408, 223.0, 372, 10, 144018.0283126831, 76.75415802001953, 473.7833251953125, 352.9853635114782
LOSS, 15234.437744140625, -28.76959228515625, 60.03204345703125, 26.915967745831495, 566, 191.0, 362, 11, 174813.53964996338, 65.18704986572266, 474.41326904296875, 308.8578439045289
LOSS, 19071.870361328125, -33.000244140625, 62.04887390136719, 19.500889940008307, 978, 223.0, 334, 16, 281476.9690208435, 43.26728057861328, 454.3755798339844, 287.8087617800036
LOSS, 17201.098098754883, -20.716552734375, 66.0606918334961, 19.954870184170396, 862, 103.89999389648438, 342, 14, 248123.75562667847, 56.2641487121582, 453.2687072753906, 287.8465842536873
LOSS, 22368.873291015625, -18.963623046875, 65.23650360107422, 28.350916718650982, 789, 175.0, 347, 16, 250474.52995300293, 77.26034545898438, 453.778564453125, 317.4582128681913
LOSS, 7078.01904296875, -23.71856689453125, 61.087646484375, 25.92680968120421, 273, 223.0, 381, 5, 89976.48654174805, 127.53932189941406, 466.1777038574219, 329.5841997866229
LOSS, 11370.972778320312, -21.940025329589844, 66.4629135131836, 25.26882839626736, 450, 188.5, 369, 10, 139305.69454574585, 58.14027404785156, 461.3904113769531, 309.5682101016574
LOSS, 11547.481079101562, -27.32079315185547, 57.990333557128906, 8.484556266790273, 1361, 175.0, 309, 9, 227975.52363204956, 27.042095184326172, 443.5767517089844, 167.50589539459924
LOSS, 21632.877685546875, -21.3397216796875, 64.4041976928711, 29.472585402652417, 734, 191.0, 351, 23, 237898.98584747314, 89.31794738769531, 461.64019775390625, 324.1130597377018
WIN , 25972.0, -33.95298767089844, 82.829833984375, 14.176855895196507, 1832, 191.0, 277, 23, 483313.5785369873, 43.09388732910156, 472.5899353027344, 263.81745553329
LOSS, 10756.928466796875, -36.0001220703125, 57.92456817626953, 22.83848931379379, 471, 207.0, 368, 11, 146606.2219696045, 57.70257568359375, 469.7901916503906, 311.265864054362
LOSS, 19948.6796875, -37.0, 65.6899185180664, 24.446911381740197, 816, 191.0, 345, 20, 228995.86209869385, 62.61103057861328, 464.59613037109375, 280.63218394447773
LOSS, 21861.34326171875, -21.721656799316406, 69.6629867553711, 27.463999072510994, 796, 191.0, 346, 18, 250645.95853424072, 74.02908325195312, 467.1192626953125, 314.8818574550763
WIN , 26532.345001220703, -34.0869140625, 88.02639770507812, 14.830824483633707, 1789, 130.30999755859375, 280, 17, 464252.70024871826, 54.73690414428711, 474.67462158203125, 259.5040247337721
LOSS, 8701.810863494873, -15.463035583496094, 68.9717788696289, 33.340271507643195, 261, 119.9000015258789, 382, 6, 92208.68535614014, 124.34168243408203, 462.600830078125, 353.28998220743347
LOSS, 25195.884033203125, -25.060791015625, 64.7225112915039, 25.221105138341468, 999, 223.0, 333, 20, 338673.5344810486, 40.540313720703125, 463.36181640625, 339.01254702807665
WIN , 27566.065948486328, -33.000244140625, 81.37841796875, 26.278423211140446, 1049, 182.86810302734375, 330, 23, 341143.8511047363, 35.946720123291016, 464.42205810546875, 325.2086283171938
WIN , 28585.525505065918, -21.34033203125, 61.53564453125, 22.332441800832747, 1280, 163.94898986816406, 314, 29, 398848.4662017822, 69.5636215209961, 457.151611328125, 311.60036422014235
LOSS, 13977.121742248535, -17.662269592285156, 72.0445785522461, 28.293768709005132, 494, 175.5953826904297, 367, 9, 155496.58306121826, 64.42158508300781, 464.373046875, 314.77041105509767
LOSS, 9591.0, -17.66242218017578, 64.4594497680664, 19.573469387755104, 490, 223.0, 367, 14, 161518.3433227539, 69.42311096191406, 445.7445373535156, 329.62927208725284
LOSS, 10814.596923828125, -15.718086242675781, 68.0943832397461, 35.34182001251021, 306, 207.0, 379, 7, 106948.38159179688, 125.62344360351562, 473.4320068359375, 349.5045150058721
LOSS, 17574.43408203125, -29.81298828125, 70.3935775756836, 25.581417877774744, 687, 191.0, 354, 12, 214024.9394607544, 62.30821990966797, 444.8221740722656, 311.53557417868177
WIN , 27679.768089294434, -25.2093505859375, 78.53777313232422, 19.5893617050916, 1413, 155.4638214111328, 305, 28, 449954.8200149536, 38.857784271240234, 460.5990295410156, 318.4393630679077
LOSS, 16533.682662963867, -36.0001220703125, 61.79252624511719, 24.677138302931144, 670, 119.60000610351562, 355, 13, 203226.4451675415, 42.484642028808594, 443.9987487792969, 303.3230524888679
LOSS, 21342.65615081787, -34.0, 66.2068862915039, 23.68774267571351, 901, 169.8000030517578, 339, 17, 263419.35565567017, 48.33955383300781, 449.6808166503906, 292.36332481206455
LOSS, 4449.469970703125, -19.60601806640625, 53.97193145751953, 17.94141117219002, 248, 207.0, 383, 1, 71790.95691680908, 91.92459869384766, 439.0753173828125, 289.4796649871334
WIN , 26766.0, -22.04345703125, 66.0213394165039, 30.04040404040404, 891, 223.0, 340, 27, 302903.49045562744, 79.56787872314453, 460.4979553222656, 339.95902408038995
LOSS, 5737.0, -21.5126953125, 54.20771789550781, 22.498039215686273, 255, 191.0, 382, 4, 65375.720863342285, 29.755477905273438, 442.1146240234375, 256.3753759346756
