LOSS, 16039.751220703125, -36.56147480010986, 49.097900390625, 5.272765029816938, 3042, 223.0, 197, 17, 7591.699156761169, 4.35704231262207, 32.0503044128418, 2.4956275991982806
LOSS, 10184.10302734375, -26.846092224121094, 49.368202209472656, 13.855922486181973, 735, 223.0, 350, 7, 3854.385308533907, -4.97705602645874, 43.67776870727539, 5.244061644263819
WIN , 28212.0, -47.58374786376953, 86.5283203125, 6.297321428571428, 4480, 191.0, 101, 34, 66231.81357181072, -3.5485780239105225, 83.62257385253906, 14.783886957993465
LOSS, 24612.276489257812, -24.10266876220703, 56.76567077636719, 17.38155119297868, 1416, 186.447998046875, 305, 24, 42946.46521669626, 0.8130632042884827, 101.22137451171875, 30.32942458806233
WIN , 29074.83213043213, -23.45458984375, 72.29451751708984, 20.576668174403487, 1413, 165.3357391357422, 305, 26, 58701.58862221241, -9.837780952453613, 110.29259490966797, 41.54394099236547
WIN , 29020.0, -37.0, 70.65763092041016, 19.768392370572208, 1468, 175.0, 302, 25, 65444.402611255646, 6.747285842895508, 125.3545913696289, 44.580655729738176
LOSS, 12433.802856445312, -44.999755859375, 52.592079162597656, 20.184744896826807, 616, 207.0, 358, 16, 33837.69543838501, 7.3730902671813965, 140.44862365722656, 54.93132376361203
LOSS, 21241.0, -21.462791442871094, 58.67316436767578, 18.358686257562663, 1157, 223.0, 322, 15, 69062.65883260965, -0.15172237157821655, 128.38772583007812, 59.69114851565225
LOSS, 20872.083740234375, -18.373794555664062, 58.344627380371094, 23.13978241711128, 902, 175.0, 339, 13, 58453.11368942261, 20.430124282836914, 138.4307861328125, 64.80389544281886
WIN , 27810.65000152588, -21.20392608642578, 88.4395523071289, 28.49451844418635, 976, 193.6999969482422, 334, 19, 70917.90533065796, 19.936063766479492, 167.72207641601562, 72.66178824862496
LOSS, 20533.6708984375, -35.99951171875, 58.369361877441406, 23.656302878384217, 868, 223.0, 342, 20, 64053.9395685792, 0.25378042459487915, 163.78851318359375, 73.7948612541235
LOSS, 15827.599998474121, -23.0926513671875, 62.05101013183594, 19.138573154140413, 827, 169.8000030517578, 344, 14, 65276.20957684517, 2.2225708961486816, 165.1813201904297, 78.93132959715257
LOSS, 14307.727783203125, -18.450035095214844, 62.035118103027344, 29.439769101240998, 486, 159.0, 367, 11, 43249.34108734131, 27.84186553955078, 166.68798828125, 88.99041375996154
LOSS, 21357.65000152588, -21.462791442871094, 67.9439468383789, 25.305272513656256, 844, 209.6999969482422, 343, 17, 71838.15377759933, 6.767502307891846, 159.87281799316406, 85.11629594502291
LOSS, 15520.27490234375, -18.61236572265625, 63.599464416503906, 21.983392212951486, 706, 223.0, 352, 9, 64774.46757507324, 22.570165634155273, 174.8928680419922, 91.74853764174681
LOSS, 16940.85498046875, -19.970993041992188, 60.035301208496094, 16.51155456186038, 1026, 191.0, 331, 14, 87337.51817464828, 3.755791664123535, 188.6167449951172, 85.1242867199301
WIN , 27210.0, -27.65228271484375, 89.18701171875, 18.5480572597137, 1467, 175.0, 302, 25, 141199.68447363377, 0.5972434282302856, 187.91627502441406, 96.25063699634204
LOSS, 7307.650001525879, -14.662391662597656, 62.670509338378906, 30.32219917645593, 241, 209.6999969482422, 383, 4, 27588.85023498535, 49.22628402709961, 192.8826446533203, 114.47655699164046
LOSS, 22509.71484375, -44.999755859375, 63.408103942871094, 12.307115824904319, 1829, 191.0, 278, 17, 164166.18845278025, -0.4224504828453064, 209.72537231445312, 89.75734743180986
LOSS, 11563.89501953125, -16.332870483398438, 61.37931823730469, 33.615973893986194, 344, 207.0, 377, 5, 46326.73163986206, 59.525264739990234, 206.5251922607422, 134.67073151122693
LOSS, 11665.277587890625, -19.760520935058594, 61.545936584472656, 35.34932602391098, 330, 191.0, 377, 5, 44026.82363128662, 57.95424270629883, 198.720703125, 133.4146170645049
LOSS, 7671.516357421875, -20.49340057373047, 60.916664123535156, 39.955814361572266, 192, 223.0, 387, 3, 24367.26064682007, 25.63808822631836, 215.12435913085938, 126.91281586885452
LOSS, 14359.349609375, -18.462913513183594, 67.7760238647461, 26.06052560685118, 551, 223.0, 363, 11, 66645.08572101593, 14.11767292022705, 207.3565673828125, 120.95296864068227
LOSS, 14529.8740234375, -24.290283203125, 62.477027893066406, 25.225475735134548, 576, 207.0, 361, 16, 68811.71895980835, 26.640748977661133, 209.4289093017578, 119.46478986077838
LOSS, 20471.0, -33.000244140625, 62.882301330566406, 25.652882205513784, 798, 223.0, 346, 16, 109729.88996124268, 34.209442138671875, 206.75885009765625, 137.50612777098078
WIN , 26829.707305908203, -41.999755859375, 86.00521087646484, 20.34094564511615, 1319, 135.58538818359375, 312, 16, 156136.00206756592, 4.131943702697754, 218.9851837158203, 118.37452772370426
LOSS, 11320.880493164062, -20.618202209472656, 68.3794174194336, 27.0188078595801, 419, 207.0, 372, 7, 58814.41290092468, 17.820396423339844, 244.2056884765625, 140.3685272098441
LOSS, 17431.64227294922, -32.0001220703125, 69.95719146728516, 28.3441337771532, 615, 188.7271728515625, 358, 8, 90424.88250350952, 21.723840713500977, 239.7571563720703, 147.0323292739992
LOSS, 18548.760986328125, -20.1611328125, 59.194252014160156, 19.402469650970843, 956, 175.0, 336, 12, 138723.15126991272, 17.532917022705078, 229.16461181640625, 145.10789881790032
LOSS, 13807.23388671875, -40.9998779296875, 66.1238784790039, 20.607811771222014, 670, 175.0, 355, 9, 97307.69923019409, 38.48599624633789, 240.1837615966797, 145.2353719853643
LOSS, 6599.802505493164, -13.462562561035156, 61.9805908203125, 36.462997267918034, 181, 185.39498901367188, 387, 2, 26838.612579345703, 49.0189094543457, 236.5967559814453, 148.27962751019726
LOSS, 10397.205322265625, -16.00006103515625, 68.8249740600586, 32.39004773291472, 321, 214.52001953125, 378, 8, 52693.15576171875, 95.78373718261719, 237.2526092529297, 164.15313321407712
LOSS, 15919.64013671875, -17.966819763183594, 68.40384674072266, 23.308404299734626, 683, 223.0, 354, 8, 113955.06157302856, 50.216819763183594, 246.24000549316406, 166.84489249345324
LOSS, 11027.567993164062, -26.092529296875, 68.04769134521484, 31.417572630097045, 351, 223.0, 376, 3, 59187.37441253662, 67.20232391357422, 258.0239562988281, 168.62499832631516
LOSS, 17724.346923828125, -21.34033203125, 64.9779281616211, 23.69565096768466, 748, 175.0, 350, 15, 129342.97413635254, 21.421192169189453, 249.9664306640625, 172.91841462079216
LOSS, 7140.8150634765625, -19.45532989501953, 58.47502899169922, 24.371382469203287, 293, 223.0, 380, 6, 47321.23178291321, 20.53495979309082, 270.46807861328125, 161.50591052188807
LOSS, 11871.620483398438, -25.60625457763672, 58.441383361816406, 17.130765488309432, 693, 175.0, 353, 12, 99298.05644798279, 25.097869873046875, 251.63177490234375, 143.2872387416779
LOSS, 7587.650001525879, -16.583648681640625, 62.636329650878906, 32.84696970357523, 231, 209.6999969482422, 384, 5, 41083.59875583649, 14.392090797424316, 259.740478515625, 177.851076865093
LOSS, 12928.30224609375, -17.55754852294922, 66.9353256225586, 33.40646575218023, 387, 223.0, 374, 7, 65486.326416015625, 67.99687957763672, 248.9027862548828, 169.21531373647449
LOSS, -9187.940208435059, -35.17279052734375, 65.53679656982422, -1.531578631177706, 5999, 233.1259002685547, 0, 4, 550890.2522611618, 15.441683769226074, 247.7875213623047, 91.8303471013772
LOSS, 23079.63134765625, -16.27520751953125, 66.1495132446289, 27.443081269508028, 841, 175.0, 343, 21, 157719.43399047852, 45.26556396484375, 281.491455078125, 187.53797145122297
LOSS, 10388.677734375, -20.701080322265625, 63.5760498046875, 19.638332201086957, 529, 207.0, 364, 13, 85060.69291305542, 28.811054229736328, 290.07135009765625, 160.79526070520873
LOSS, 7431.408935546875, -18.703689575195312, 68.0095443725586, 40.388092041015625, 184, 223.0, 387, 5, 37092.187156677246, 18.39862060546875, 283.4198303222656, 201.58797367759374
LOSS, 5160.7869873046875, -13.000030517578125, 62.898475646972656, 38.51333572615439, 134, 153.0, 391, 2, 25356.774436950684, 80.06900787353516, 278.1055603027344, 189.2296599772439
LOSS, 16258.9267578125, -27.071533203125, 68.5176773071289, 17.315150966786476, 939, 207.0, 337, 14, 165767.8705215454, 65.88822937011719, 285.85235595703125, 176.53660332432952
LOSS, 10102.191162109375, -13.858749389648438, 69.1817398071289, 34.478468130066126, 293, 175.0, 380, 8, 59049.733657836914, 91.89631652832031, 288.72259521484375, 201.53492715985294
LOSS, 23559.746337890625, -18.723487854003906, 68.7413558959961, 27.45891181572334, 858, 223.0, 342, 26, 159554.79457092285, 41.726966857910156, 302.8128356933594, 185.96129903370962
WIN , 27463.482124328613, -20.23400115966797, 69.61385345458984, 24.21823820487532, 1134, 168.03575134277344, 324, 22, 222870.9077911377, 45.46290969848633, 300.7402038574219, 196.535192055677
LOSS, 17463.005615234375, -33.000244140625, 64.21439361572266, 26.299707251858997, 664, 223.0, 355, 15, 140135.80884552002, 75.88278198242188, 299.1463928222656, 211.04790488783135
WIN , 26034.0, -27.755043029785156, 65.4976577758789, 22.46246764452114, 1159, 207.0, 322, 19, 234433.61931228638, 57.40317153930664, 301.8680114746094, 202.2723203729822
LOSS, 8072.725852966309, -33.32775115966797, 70.3951187133789, 19.883561214202732, 406, 221.4928741455078, 372, 5, 80130.3791885376, 62.087074279785156, 310.587890625, 197.3654659816197
WIN , 23814.0, -45.998985290527344, 78.79638671875, 14.251346499102334, 1671, 207.0, 288, 17, 273901.8139953613, 29.827863693237305, 315.4551696777344, 163.91490963217313
LOSS, 18966.002197265625, -18.264183044433594, 70.6795425415039, 28.307465966068097, 670, 175.0, 355, 15, 152613.33727264404, 73.57968139648438, 317.30975341796875, 227.78110040693142
LOSS, 11107.810546875, -17.993873596191406, 70.8910140991211, 27.29191780558968, 407, 186.447998046875, 372, 11, 82317.67339324951, 38.834983825683594, 325.24188232421875, 202.25472578193984
LOSS, 11850.78662109375, -18.880462646484375, 67.45665740966797, 19.555753500154704, 606, 191.0, 359, 9, 114406.10906982422, 36.41926574707031, 307.673828125, 188.78895886109606
LOSS, 19442.280029296875, -19.861801147460938, 68.4871597290039, 27.85426938294681, 698, 207.0, 353, 14, 150351.46546173096, 67.61917877197266, 326.8445129394531, 215.40324564717903
LOSS, 10655.110717773438, -20.002357482910156, 70.2358169555664, 30.618134246475396, 348, 223.0, 376, 9, 80809.45771789551, 73.97630310058594, 315.6733703613281, 232.21108539625146
LOSS, 17870.80908203125, -27.96417236328125, 66.8224105834961, 19.746750366885358, 905, 207.0, 339, 17, 169590.78423309326, 29.641441345214844, 346.71136474609375, 187.39313174927432
WIN , 26442.002716064453, -37.00048828125, 69.5262680053711, 18.311636229961533, 1444, 170.99456787109375, 303, 25, 269121.22263526917, 18.426965713500977, 335.0830383300781, 186.37203783605898
LOSS, 13028.25927734375, -18.175949096679688, 69.0712661743164, 30.582768256675468, 426, 175.0, 371, 12, 102440.95063781738, 88.0347671508789, 329.43109130859375, 240.47171511224738
LOSS, 13386.744384765625, -18.126277923583984, 65.6874771118164, 23.947664373462658, 559, 175.0, 362, 13, 128112.48137664795, 80.05976867675781, 332.0833740234375, 229.18154092423603
LOSS, 11396.286865234375, -25.642005920410156, 67.6711196899414, 33.91752043224516, 336, 223.0, 377, 11, 78533.54962158203, 80.19828796386719, 352.8219299316406, 233.73080244518462
LOSS, 19588.703369140625, -47.948570251464844, 79.6428451538086, 14.907689017610826, 1314, 207.0, 312, 23, 315766.459815979, 57.91841125488281, 359.7434387207031, 240.3093301491469
LOSS, 7516.0994873046875, -16.498497009277344, 65.7005844116211, 38.7427808623953, 194, 223.0, 387, 5, 47477.050689697266, 91.20044708251953, 335.0611572265625, 244.72706541081064
LOSS, 19200.842041015625, -27.9986572265625, 66.4919204711914, 21.695866713012006, 885, 207.0, 340, 14, 201173.8620300293, 72.63198852539062, 350.67327880859375, 227.31509833901615
LOSS, 13991.0, -32.94071960449219, 67.62442779541016, 18.704545454545453, 748, 223.0, 350, 11, 161738.5327987671, 88.22709655761719, 346.1980895996094, 216.22798502508968
LOSS, 18892.744384765625, -27.71728515625, 70.5577621459961, 23.794388393911365, 794, 223.0, 347, 17, 181497.32460021973, 62.57109832763672, 360.459716796875, 228.586051133778
LOSS, 12164.812255859375, -31.99297332763672, 63.833229064941406, 24.427333847107178, 498, 223.0, 366, 9, 122758.70932006836, 90.86949920654297, 360.0941162109375, 246.50343236961518
LOSS, 5788.598083496094, -12.9998779296875, 68.8659439086914, 34.87107279214514, 166, 207.0, 388, 7, 41043.131759643555, 90.87469482421875, 357.2982482910156, 247.24778168459972
WIN , 27020.65000152588, -27.146942138671875, 83.0548324584961, 23.35406223122375, 1157, 193.6999969482422, 322, 31, 295178.6332244873, 86.05416870117188, 352.0292053222656, 255.1241428042241
LOSS, 3798.0669555664062, -28.977813720703125, 61.451942443847656, 9.566919283542585, 397, 223.0, 373, 2, 83037.68380737305, 88.16517639160156, 351.14263916015625, 209.162931504718
LOSS, 18000.00048828125, -21.133201599121094, 68.37699127197266, 15.293118511708794, 1177, 191.0, 321, 17, 252445.91289520264, 58.1564826965332, 360.0372314453125, 214.48250883194785
LOSS, 15411.537109375, -23.9532470703125, 71.1833724975586, 27.919451285099637, 552, 223.0, 363, 13, 144789.7248764038, 98.75153350830078, 368.0552673339844, 262.3002262253692
LOSS, 6500.6697998046875, -18.20404815673828, 66.8419418334961, 34.76294010590742, 187, 223.0, 387, 5, 49223.17021942139, 86.07795715332031, 362.2641296386719, 263.2255091947668
WIN , 26775.05731201172, -21.34002685546875, 85.36800384521484, 23.141795429569335, 1157, 164.8853759765625, 322, 26, 296431.9613380432, 52.394927978515625, 365.8614501953125, 256.2073996007288
LOSS, 7764.008285522461, -16.664634704589844, 64.70389556884766, 21.155335927854118, 367, 219.55667114257812, 375, 6, 92834.99743652344, 93.76464080810547, 371.1018371582031, 252.956396284805
LOSS, 14431.0, -41.89208984375, 70.89727020263672, 20.043055555555554, 720, 223.0, 351, 18, 157673.56491088867, 64.47534942626953, 356.60931396484375, 218.99106237623425
LOSS, 21419.876953125, -20.1611328125, 69.5213851928711, 29.10309368631114, 736, 223.0, 350, 14, 180332.1675643921, 44.812713623046875, 373.5513000488281, 245.0165320168371
LOSS, 8181.0, -17.97400665283203, 69.96968841552734, 37.70046082949309, 217, 223.0, 385, 4, 57404.41403198242, 65.94367218017578, 373.6578369140625, 264.5364701934674
LOSS, 13699.3046875, -34.09088134765625, 65.1030502319336, 17.340892009493672, 790, 191.0, 347, 8, 159940.65134048462, 36.894989013671875, 365.8540344238281, 202.45652068415774
LOSS, 8614.355346679688, -16.591751098632812, 64.0126724243164, 28.81055299892872, 299, 191.0, 380, 2, 78337.29164123535, 68.42070007324219, 376.5787658691406, 261.9976309071416
LOSS, 16008.10205078125, -21.34002685546875, 69.1063461303711, 29.37266431336009, 545, 223.0, 363, 12, 144792.47164154053, 88.60326385498047, 380.92974853515625, 265.67425989273494
LOSS, 10693.02099609375, -20.662147521972656, 63.902488708496094, 19.026727751056494, 562, 207.0, 362, 12, 128729.34296798706, 56.65215301513672, 374.2090148925781, 229.05577040567093
LOSS, 11032.329956054688, -20.87433624267578, 68.0013198852539, 39.54240127618168, 279, 223.0, 381, 7, 74984.77269744873, 95.08088684082031, 360.9745788574219, 268.76262615573023
LOSS, 9949.598876953125, -17.662269592285156, 71.00347137451172, 30.80371169335333, 323, 191.0, 378, 7, 88419.78577423096, 92.75148010253906, 367.21551513671875, 273.7454667932847
WIN , 26713.25, -43.61558532714844, 77.33794021606445, 14.66149835345774, 1822, 108.5, 278, 20, 356096.0543708801, 38.322471618652344, 372.7237548828125, 195.4424008621735
LOSS, 4705.8870849609375, -16.00006103515625, 64.2476577758789, 32.679771423339844, 144, 223.0, 390, 0, 40952.34240722656, 195.38783264160156, 388.9032287597656, 284.39126671685113
LOSS, 11591.0, -24.63165283203125, 60.84785461425781, 19.847602739726028, 584, 223.0, 361, 9, 164485.47743225098, 81.95840454101562, 379.4537658691406, 281.6532147812517
LOSS, 20405.24072265625, -22.093284606933594, 61.596580505371094, 28.5787685191264, 714, 223.0, 352, 18, 195588.2028312683, 56.34666442871094, 381.6174621582031, 273.9330571866503
WIN , 25350.65000152588, -37.28271484375, 70.3182144165039, 18.667636230873253, 1358, 193.6999969482422, 309, 27, 347496.29110717773, 79.3213882446289, 385.7135009765625, 255.8882850568319
LOSS, 11561.49267578125, -32.41172790527344, 67.4434585571289, 24.970826513566415, 463, 207.0, 369, 9, 116084.54205322266, 91.08198547363281, 377.6596374511719, 250.72255303071847
LOSS, 10866.944946289062, -16.15697479248047, 68.59008026123047, 34.941945164916596, 311, 207.0, 379, 10, 84889.6933670044, 57.202796936035156, 381.49212646484375, 272.95721339872796
LOSS, 13895.87939453125, -18.350440979003906, 67.23746490478516, 21.71231155395508, 640, 191.0, 357, 8, 165727.9700088501, 81.65473175048828, 372.46893310546875, 258.9499531388283
LOSS, 23712.129150390625, -26.306663513183594, 67.8233871459961, 23.361703596443967, 1015, 223.0, 332, 19, 260539.87984085083, 60.15109634399414, 378.62017822265625, 256.6895367890156
WIN , 26991.13641357422, -30.322265625, 81.552734375, 19.183465823435835, 1407, 172.7271728515625, 306, 25, 352829.86225891113, 54.991859436035156, 388.3761901855469, 250.7674927213299
LOSS, 16403.96533203125, -37.807373046875, 65.84874725341797, 21.55580201318167, 761, 191.0, 349, 8, 194184.79243469238, 65.0391845703125, 372.25067138671875, 255.17055510472062
LOSS, 8137.006103515625, -24.239883422851562, 62.321067810058594, 22.729067328255937, 358, 191.0, 376, 8, 84330.81298828125, 66.52637481689453, 375.00341796875, 235.56093013486384
LOSS, 5383.666038513184, -17.662269592285156, 70.0114974975586, 30.58901158246127, 176, 201.8000030517578, 388, 5, 53190.50440979004, 202.2434539794922, 401.39996337890625, 302.2187750556252
LOSS, 15029.402099609375, -17.12487030029297, 70.5147476196289, 36.83676985198376, 408, 223.0, 372, 8, 122298.44504547119, 101.466796875, 387.42303466796875, 299.7510907977235
LOSS, 4815.77197265625, -28.867530822753906, 63.001014709472656, 0.8686457382136094, 5544, 191.0, 30, 10, 639605.4866867065, 27.94386863708496, 388.70941162109375, 115.36895503006973
LOSS, 19798.754150390625, -36.132354736328125, 68.0953140258789, 26.05099230314556, 760, 191.0, 349, 14, 209322.7905807495, 70.21467590332031, 402.3519592285156, 275.4247244483546
LOSS, 15331.5810546875, -34.0001220703125, 72.0696029663086, 25.724129286388422, 596, 223.0, 360, 13, 153257.78370285034, 57.30651092529297, 400.788818359375, 257.14393238733277
WIN , 25055.300003051758, -48.41773986816406, 84.7054214477539, 15.01216297366792, 1669, 164.39999389648438, 288, 28, 450548.65658950806, 50.075050354003906, 407.1077575683594, 269.95126218664353
LOSS, 10469.208251953125, -32.99993896484375, 66.55248260498047, 28.682762334118152, 365, 191.0, 375, 5, 101450.57674407959, 95.84002685546875, 404.13629150390625, 277.94678560021805
LOSS, 23879.0, -25.763916015625, 70.1451644897461, 27.83100233100233, 858, 207.0, 342, 22, 245813.19004058838, 99.00843048095703, 403.1717834472656, 286.49555948786525
WIN , 25681.74871826172, -26.803367614746094, 75.875244140625, 13.552373993805656, 1895, 151.5025634765625, 273, 28, 415296.9204273224, 31.196638107299805, 403.2152404785156, 219.15404771890363
LOSS, 23868.6220703125, -18.463523864746094, 68.4038314819336, 25.204458363582365, 947, 223.0, 336, 16, 242061.9234046936, 46.02547073364258, 419.5653381347656, 255.60921162058457
LOSS, 20707.582763671875, -23.162841796875, 61.923118591308594, 22.005932798801144, 941, 207.0, 337, 22, 277864.71546936035, 91.74767303466797, 419.91021728515625, 295.2866264286507
LOSS, 22778.841796875, -33.59759521484375, 66.97949981689453, 25.885047496448863, 880, 223.0, 341, 22, 272329.4756851196, 90.91083526611328, 418.00946044921875, 309.465313278545
LOSS, 10107.027465820312, -25.346946716308594, 70.9154281616211, 24.65128650200076, 410, 191.0, 372, 5, 128640.48432922363, 140.97923278808594, 414.4664306640625, 313.75727885176497
LOSS, 11924.701904296875, -17.66242218017578, 68.3907241821289, 22.123751213908857, 539, 207.0, 364, 12, 150752.9560394287, 107.41338348388672, 421.6412048339844, 279.6900854163798
LOSS, 11072.515747070312, -35.782470703125, 62.648216247558594, 16.956379398270006, 653, 191.0, 356, 8, 179893.929977417, 97.85804748535156, 411.91973876953125, 275.4884073161057
LOSS, 6520.1546630859375, -36.3720703125, 60.646888732910156, 20.76482376778961, 314, 223.0, 379, 3, 87444.2710647583, 70.98277282714844, 412.2657470703125, 278.4849396966825
LOSS, 20706.523544311523, -28.75969696044922, 65.1964340209961, 26.512834243676725, 781, 217.13845825195312, 347, 14, 220342.533908844, 54.08320999145508, 408.88494873046875, 282.12872459519076
LOSS, 15774.405174255371, -21.3397216796875, 60.158592224121094, 21.81798779288433, 723, 189.4928741455078, 351, 13, 195447.59237670898, 57.95018768310547, 410.3783874511719, 270.3286201614232
LOSS, 15673.650001525879, -20.1611328125, 62.699195861816406, 27.401486016653635, 572, 177.6999969482422, 361, 11, 166744.18393707275, 115.46976470947266, 399.99090576171875, 291.5108110787985
LOSS, 9869.168334960938, -27.88421630859375, 64.6098861694336, 18.762677442891516, 526, 223.0, 364, 7, 135129.26094818115, 61.86077880859375, 396.9190368652344, 256.89973564292995
LOSS, 11702.706665039062, -34.0869140625, 64.6535415649414, 24.533976236979168, 477, 207.0, 368, 7, 138128.39756011963, 98.31269073486328, 407.41998291015625, 289.57735337551287
LOSS, 6351.01904296875, -21.721961975097656, 65.23253631591797, 24.616352879723838, 258, 207.0, 382, 5, 69642.97088623047, 89.84201049804688, 423.5306701660156, 269.9339956830638
WIN , 25743.157958984375, -30.508201599121094, 66.7421646118164, 19.326695164402683, 1332, 128.68408203125, 311, 15, 379701.9083099365, 75.54627227783203, 410.9273376464844, 285.0614927251776
WIN , 26948.90951538086, -18.897872924804688, 64.6230239868164, 24.300188922796085, 1109, 177.18096923828125, 326, 23, 329126.000869751, 94.17438507080078, 420.17645263671875, 296.77727761023533
LOSS, 10847.1640625, -27.895126342773438, 68.0260238647461, 24.93600933908046, 435, 207.0, 370, 9, 115427.77771759033, 39.864707946777344, 414.6081848144531, 265.35121314388584
WIN , 26070.53843688965, -39.999755859375, 60.524513244628906, 11.40443501176275, 2286, 153.92312622070312, 247, 30, 574548.0710067749, 56.326438903808594, 418.7426452636719, 251.33336439491467
LOSS, 21868.832778930664, -22.093589782714844, 70.9468765258789, 27.787589299784834, 787, 207.33444213867188, 347, 7, 234969.2857284546, 78.62577056884766, 439.3896484375, 298.5632601378076
LOSS, 17992.245849609375, -20.966697692871094, 66.9176254272461, 20.080631528581893, 896, 207.0, 340, 10, 262747.0829772949, 95.47480010986328, 420.6033020019531, 293.2445122514452
WIN , 27210.0, -40.542381286621094, 88.897705078125, 14.09114448472294, 1931, 175.0, 271, 28, 509756.8423919678, 73.06901550292969, 418.63348388671875, 263.9859359875545
LOSS, 8613.129272460938, -18.77500343322754, 60.153724670410156, 31.43477836664576, 274, 175.0, 381, 11, 88295.85031890869, 102.08686828613281, 435.2283630371094, 322.24762890112663
LOSS, 14910.8779296875, -33.000244140625, 62.9840087890625, 13.44533627564247, 1109, 223.0, 326, 15, 311446.7244949341, 68.32611083984375, 416.48590087890625, 280.83563976098657
LOSS, 12145.807739257812, -12.9998779296875, 70.2165756225586, 38.80449756951378, 313, 223.0, 379, 8, 101693.58316040039, 146.14405822753906, 413.1959533691406, 324.8996267105444
LOSS, 18727.216796875, -30.322418212890625, 65.2657241821289, 21.232672105300452, 882, 175.0, 341, 8, 264983.9375, 133.5706329345703, 423.1579284667969, 300.43530328798187
LOSS, 7358.0208740234375, -20.662147521972656, 59.760658264160156, 16.35115749782986, 450, 223.0, 369, 6, 134505.63818359375, 135.57630920410156, 423.6412048339844, 298.9014181857639
LOSS, 6972.2685546875, -16.00006103515625, 64.2269058227539, 37.08653486535904, 188, 191.0, 387, 4, 62167.549255371094, 191.83848571777344, 423.26568603515625, 330.67845348601645
LOSS, 6418.926025390625, -26.092529296875, 63.62091064453125, 24.040921443410582, 267, 223.0, 382, 2, 82478.75332641602, 108.9774398803711, 430.6252746582031, 308.9091884884495
WIN , 26122.0, -43.00006103515625, 65.4228744506836, 19.625845229151015, 1331, 191.0, 311, 23, 365260.0122375488, 62.680458068847656, 420.848388671875, 274.42525337156184
LOSS, 12109.955688476562, -43.0731201171875, 58.87269592285156, 8.606933680509284, 1407, 223.0, 306, 14, 295200.8845939636, 39.63984680175781, 424.49615478515625, 209.8087310547005
LOSS, 7642.9998779296875, -17.639625549316406, 67.5643081665039, 22.282798477929116, 343, 185.0, 377, 6, 96955.8779296875, 92.1049575805664, 415.63116455078125, 282.67019804573613
LOSS, 8363.484985351562, -26.693702697753906, 61.844383239746094, 21.17337970975079, 395, 191.0, 373, 8, 101439.33251953125, 72.53535461425781, 412.8639221191406, 256.808436758307
LOSS, 11517.27197265625, -21.6607666015625, 66.3713607788086, 26.355313438572654, 437, 223.0, 370, 9, 134826.48944854736, 97.25914001464844, 414.11785888671875, 308.52743580903285
LOSS, 21591.306640625, -20.564910888671875, 66.3738021850586, 24.961048139450867, 865, 191.0, 342, 16, 269482.63542175293, 79.19661712646484, 434.01922607421875, 311.54061898468547
LOSS, -7811.341232299805, -31.76727294921875, 58.472206115722656, -1.302107223253843, 5999, 225.00241088867188, 0, 6, 610078.7102355957, 38.573631286621094, 404.59552001953125, 101.69673449501512
LOSS, 25263.60400390625, -25.824951171875, 69.8460922241211, 26.76229237701933, 944, 191.0, 337, 22, 293110.4619216919, 80.49964904785156, 433.6023864746094, 310.49837067975835
LOSS, 15986.133056640625, -33.000244140625, 67.8392562866211, 14.440951270678072, 1107, 223.0, 326, 20, 237782.93731689453, 71.8702621459961, 463.4874267578125, 214.7994013702751
LOSS, 8908.299194335938, -23.250343322753906, 64.6449966430664, 29.893621457503144, 298, 223.0, 380, 6, 84727.28583526611, 74.81090545654297, 438.4067687988281, 284.3197511250541
LOSS, 4879.3248291015625, -17.844223022460938, 61.287841796875, 18.839092004253136, 259, 191.0, 382, 2, 64442.730895996094, 84.82293701171875, 427.21722412109375, 248.81363280307372
LOSS, 14204.00048828125, -17.956153869628906, 69.9697036743164, 24.363637201168526, 583, 223.0, 361, 5, 167670.14081573486, 98.8145980834961, 423.23626708984375, 287.59886932373047
LOSS, 21572.093994140625, -36.044166564941406, 69.6385726928711, 13.748944546934752, 1569, 191.0, 295, 15, 351865.9797782898, 60.00087356567383, 434.1968078613281, 224.2613000498979
LOSS, 6424.0604248046875, -17.940505981445312, 64.62255096435547, 37.567604823419224, 171, 207.0, 388, 4, 56069.69664001465, 154.51954650878906, 439.4222717285156, 327.89296280710323
LOSS, 12311.0, -25.61363983154297, 69.3587417602539, 22.63051470588235, 544, 223.0, 363, 10, 169799.6019897461, 116.58438873291016, 429.25286865234375, 312.1316213046803
LOSS, 24832.656005859375, -26.092529296875, 67.0503921508789, 22.412144409620375, 1108, 207.0, 326, 24, 328208.8520050049, 73.04167938232422, 435.7027893066406, 296.2173754557806
LOSS, 14045.228271484375, -20.44237518310547, 62.700706481933594, 29.631283273173786, 474, 175.0, 368, 7, 160068.82246398926, 148.9231414794922, 436.3203125, 337.69793768774105
LOSS, 8871.0, -20.071090698242188, 65.71981048583984, 32.141304347826086, 276, 223.0, 381, 4, 88845.05055236816, 154.23074340820312, 438.0278625488281, 321.9023570737977
LOSS, 21531.0, -35.289207458496094, 70.8092269897461, 24.69151376146789, 872, 223.0, 341, 20, 273417.54194641113, 82.85725402832031, 446.9020690917969, 313.55222700276505
LOSS, 21641.0, -19.145286560058594, 68.9037094116211, 28.363040629095675, 763, 223.0, 349, 15, 253414.30656433105, 109.228515625, 452.8569641113281, 332.12884215508655
LOSS, 16740.448486328125, -20.979843139648438, 62.54021072387695, 26.913904318855508, 622, 191.0, 358, 15, 176526.8022994995, 92.50242614746094, 442.3697204589844, 283.8051483914783
WIN , 26657.415954589844, -23.95263671875, 68.3382339477539, 21.92221706791928, 1216, 180.1680908203125, 318, 18, 347477.50562286377, 77.01676940917969, 446.80889892578125, 285.75452765038136
LOSS, 15504.0771484375, -26.76105499267578, 60.95130157470703, 21.92938776299505, 707, 175.0, 352, 10, 217450.00953674316, 93.38329315185547, 445.8465576171875, 307.5671987789861
WIN , 26580.0, -18.463523864746094, 79.02587890625, 27.067209775967413, 982, 175.0, 334, 33, 285159.9673690796, 72.23548889160156, 442.3532409667969, 290.3869321477389
WIN , 26586.300003051758, -29.704055786132812, 88.7249526977539, 21.320208502848242, 1247, 142.39999389648438, 316, 22, 373050.37435150146, 83.47756958007812, 456.20867919921875, 299.1582793516451
WIN , 27041.786407470703, -25.498802185058594, 68.1640625, 15.426004796047177, 1753, 191.42718505859375, 283, 30, 481970.0096435547, 60.908935546875, 453.9668884277344, 274.9401081822902
LOSS, 12415.347290039062, -26.3885498046875, 67.0610580444336, 23.119827355752445, 537, 175.0, 364, 9, 163188.93251800537, 68.59171295166016, 438.0937194824219, 303.89000468902304
WIN , 25579.688247680664, -20.68444061279297, 71.4488754272461, 26.370812626474912, 970, 175.62350463867188, 335, 19, 289186.54277801514, 85.0010986328125, 449.5135498046875, 298.1304564721805
LOSS, 13057.077880859375, -44.999755859375, 65.12349700927734, 15.042716452602967, 868, 223.0, 342, 14, 211599.2006149292, 66.31898498535156, 451.4206237792969, 243.77788089277558
LOSS, 16299.612060546875, -18.462913513183594, 84.26377868652344, 27.673365128262947, 589, 223.0, 360, 11, 201009.09033203125, 87.71121978759766, 458.3067321777344, 341.2718002241617
LOSS, 4689.506408691406, -15.999984741210938, 60.80847930908203, 22.764594216948574, 206, 191.0, 386, 3, 56693.20287322998, 102.60203552246094, 448.29095458984375, 275.20972268558245
LOSS, 7637.9315185546875, -17.003738403320312, 57.65106201171875, 19.890446662902832, 384, 175.0, 374, 4, 114673.78446960449, 129.5157012939453, 433.28717041015625, 298.6296470562617
LOSS, 12351.0, -28.987327575683594, 63.503028869628906, 21.82155477031802, 566, 223.0, 362, 8, 181513.38619995117, 97.74667358398438, 445.7372741699219, 320.69502862182185
LOSS, 10250.07666015625, -38.0, 65.2913589477539, 13.721655502217201, 747, 207.0, 350, 8, 220522.34963989258, 87.85950469970703, 446.63818359375, 295.2106420882096
LOSS, 13779.114013671875, -29.547874450683594, 66.2770767211914, 24.301788383901012, 567, 223.0, 362, 10, 184666.39790344238, 133.7017822265625, 445.0406799316406, 325.6902961260007
LOSS, 12418.446899414062, -20.21569061279297, 65.24625396728516, 23.519785794344816, 528, 223.0, 364, 9, 175189.53601837158, 79.65898132324219, 434.40850830078125, 331.7983636711583
LOSS, 26495.96533203125, -44.855743408203125, 64.3642349243164, 18.285690360270014, 1449, 207.0, 303, 27, 419254.54514312744, 98.96654510498047, 444.5936584472656, 289.3406108648222
LOSS, 4340.139404296875, -16.00006103515625, 67.05525970458984, 27.29647424086085, 159, 223.0, 389, 3, 48312.94142150879, 153.50900268554688, 440.0367736816406, 303.85497749376594
LOSS, 11578.649879455566, -16.136993408203125, 69.5027847290039, 30.87639967854818, 375, 193.6999969482422, 374, 12, 121603.58225250244, 74.16102600097656, 441.8825988769531, 324.2762193400065
LOSS, 6483.694091796875, -17.779939651489258, 71.0118637084961, 35.62469281207074, 182, 223.0, 387, 5, 61476.69544219971, 121.81819915771484, 437.3001403808594, 337.78404089120716
LOSS, 13021.0, -22.354888916015625, 67.84322357177734, 36.270194986072426, 359, 223.0, 376, 8, 114131.62336730957, 110.0870132446289, 454.57855224609375, 317.91538542426065
LOSS, 14682.982421875, -16.23963165283203, 69.76461029052734, 29.602787140877016, 496, 223.0, 366, 6, 161858.33721923828, 88.77363586425781, 439.1788635253906, 326.32729278072236
LOSS, 7375.2501220703125, -20.157882690429688, 67.94454193115234, 27.831132536114385, 265, 188.5, 382, 6, 79995.17897033691, 86.96977233886719, 438.5649719238281, 301.86859988806384
LOSS, 21019.91943359375, -26.846092224121094, 66.5794906616211, 17.30034521283436, 1215, 175.0, 318, 14, 287128.1645088196, 57.451358795166016, 455.7075500488281, 236.31947696199143
LOSS, 4953.772888183594, -34.54222869873047, 60.059104919433594, 11.309983762976241, 438, 175.0, 370, 4, 120853.19902038574, 111.29113006591797, 437.11376953125, 275.92054570864326
LOSS, 24742.426025390625, -20.55742645263672, 60.523902893066406, 23.722364357996764, 1043, 191.0, 330, 14, 343692.45987701416, 81.71847534179688, 466.222900390625, 329.5229720776742
LOSS, 5810.548278808594, -14.662391662597656, 57.73902893066406, 29.79768348106971, 195, 191.0, 386, 0, 66762.42292785645, 133.6947479248047, 462.492431640625, 342.37139963003307
LOSS, 22142.31201171875, -23.718719482421875, 67.9665298461914, 26.019168051373384, 851, 175.0, 343, 14, 279921.2604522705, 107.56739807128906, 445.1341857910156, 328.93215094273853
WIN , 24498.65000152588, -41.9998779296875, 89.0303726196289, 18.447778615606836, 1328, 177.6999969482422, 311, 22, 381338.62760162354, 71.85079193115234, 442.0174255371094, 287.1525810253189
LOSS, 16544.24462890625, -36.0, 67.8328628540039, 34.467176310221355, 480, 223.0, 367, 11, 156730.54288482666, 89.8160629272461, 453.22882080078125, 326.5219643433889
LOSS, 10096.793701171875, -23.045448303222656, 69.25345611572266, 28.28233529740021, 357, 191.0, 376, 6, 109973.39559173584, 72.6828842163086, 444.22113037109375, 308.04872714771943
LOSS, 16907.7255859375, -21.698265075683594, 69.8860855102539, 22.725437615507392, 744, 207.0, 350, 10, 222645.23273468018, 95.25927734375, 443.9687805175781, 299.25434507349485
WIN , 26890.0, -21.392066955566406, 69.715576171875, 19.584850691915513, 1373, 175.0, 308, 21, 372273.4145812988, 79.34796142578125, 439.4819030761719, 271.1386850555709
LOSS, 9281.22412109375, -17.662269592285156, 61.474205017089844, 30.133844549005683, 308, 127.0, 379, 12, 103242.93766021729, 111.11849975585938, 448.33587646484375, 335.20434305265354
LOSS, 21582.284912109375, -25.7867431640625, 66.20978546142578, 19.891506831437212, 1085, 207.0, 327, 21, 306894.50255584717, 84.63835144042969, 443.9305725097656, 282.8520760883384
WIN , 28185.74871826172, -43.01377868652344, 78.021240234375, 22.89662771589092, 1231, 183.5025634765625, 317, 33, 371992.32833099365, 67.44731140136719, 443.626220703125, 302.18710668642865
LOSS, 22734.64697265625, -28.76861572265625, 68.5677261352539, 22.05106398899733, 1031, 207.0, 331, 14, 319941.94902801514, 124.47335052490234, 442.04742431640625, 310.3219680194133
LOSS, 12979.937377929688, -16.720489501953125, 67.78571319580078, 33.36744827231282, 389, 223.0, 374, 8, 128060.71586608887, 93.34808349609375, 461.93243408203125, 329.2049251056269
LOSS, 21451.0, -33.99951171875, 70.0096664428711, 17.411525974025974, 1232, 223.0, 317, 17, 321483.813785553, 61.166236877441406, 455.12261962890625, 260.9446540467151
LOSS, 19583.149658203125, -25.2099609375, 68.3068618774414, 29.22858157940765, 670, 223.0, 355, 16, 222691.0609512329, 94.24132537841797, 456.72344970703125, 332.3747178376611
LOSS, 23951.0, -25.2099609375, 67.31070709228516, 21.893053016453383, 1094, 223.0, 327, 20, 311618.77473449707, 72.39630126953125, 438.3805236816406, 284.843486960235
LOSS, 23182.841796875, -44.999755859375, 66.6207046508789, 22.750580762389596, 1019, 175.0, 332, 21, 320988.1906738281, 78.33000946044922, 447.5840759277344, 315.0031311813819
WIN , 27335.724082946777, -23.71856689453125, 71.2218246459961, 23.323996657804418, 1172, 183.5518341064453, 321, 24, 342669.16942596436, 76.61752319335938, 446.5137023925781, 292.37983739416757
WIN , 27240.468872070312, -33.58500671386719, 69.1054458618164, 20.313548748747436, 1341, 114.062255859375, 310, 27, 361576.99715423584, 68.70072937011719, 445.96044921875, 269.63236178541075
LOSS, 12174.74951171875, -25.20965576171875, 68.64554595947266, 19.263844164111948, 632, 207.0, 357, 6, 164657.31045532227, 89.36902618408203, 446.5821228027344, 260.533719074877
LOSS, 11788.105125427246, -17.11351776123047, 63.430702209472656, 33.112654846705745, 356, 201.8000030517578, 376, 6, 119200.48401641846, 108.91085815429688, 453.39984130859375, 334.83282027083834
LOSS, -5650.105018615723, -30.65019989013672, 60.304405212402344, -0.9418411432931693, 5999, 210.5500030517578, 0, 4, 559229.4477787018, 28.50458335876465, 441.99871826171875, 93.22044470390095
LOSS, 10853.367553710938, -20.71990966796875, 62.958595275878906, 28.486529012364667, 381, 223.0, 374, 3, 122697.26509094238, 154.2383270263672, 437.0141906738281, 322.04006585549183
LOSS, 7770.556442260742, -18.890548706054688, 70.1561508178711, 29.77224690521357, 261, 177.10000610351562, 382, 4, 75873.51971435547, 83.73518371582031, 451.84649658203125, 290.7031406680286
LOSS, 10755.891479492188, -37.753150939941406, 62.50358581542969, 15.794260615994402, 681, 207.0, 354, 14, 171182.4612045288, 67.5893783569336, 449.3042297363281, 251.36925287008637
LOSS, 4951.280700683594, -13.000030517578125, 61.87217712402344, 39.61024560546875, 125, 191.0, 391, 4, 39769.6711730957, 111.15243530273438, 454.2108154296875, 318.1573693847656
LOSS, 10707.997825622559, -16.7203369140625, 59.140167236328125, 23.95525240631445, 447, 185.8000030517578, 370, 10, 140231.37759399414, 144.03465270996094, 449.612548828125, 313.7167283981972
LOSS, 7483.3309326171875, -34.0869140625, 62.43377685546875, 18.477360327449844, 405, 223.0, 372, 7, 111691.40592956543, 117.90938568115234, 446.6497497558594, 275.78124920880356
LOSS, 20698.0849609375, -17.01622772216797, 69.5140609741211, 28.867621981781728, 717, 223.0, 352, 19, 224411.33081054688, 114.31311798095703, 461.1998291015625, 312.98651438012115
LOSS, 19419.66796875, -27.264732360839844, 63.684913635253906, 26.207379175101213, 741, 175.0, 350, 17, 239394.23120880127, 86.03685760498047, 446.25201416015625, 323.06913793360496
LOSS, 21900.900634765625, -17.336181640625, 68.7276382446289, 25.67514728577447, 853, 207.0, 343, 21, 256457.46598052979, 97.91582489013672, 458.1271667480469, 300.6535357333292
LOSS, 17660.1953125, -21.753318786621094, 67.7660140991211, 13.8402784580721, 1276, 175.0, 314, 16, 356491.82929229736, 111.32794189453125, 437.52294921875, 279.3823113575998
LOSS, 10017.427124023438, -16.452720642089844, 68.55963897705078, 29.813771202450706, 336, 207.0, 377, 8, 105910.73069763184, 136.31642150878906, 443.3847961425781, 315.2105080286662
LOSS, 7368.1619873046875, -23.881591796875, 64.1820297241211, 11.7890591796875, 625, 207.0, 358, 8, 122161.04664230347, 58.981082916259766, 460.54296875, 195.45767462768555
LOSS, 18421.92138671875, -40.9998779296875, 67.8053970336914, 23.056222010912077, 799, 175.0, 346, 13, 239549.93906402588, 105.00647735595703, 466.6973876953125, 299.8121890663653
WIN , 26601.13641357422, -29.493995666503906, 78.84033203125, 20.244396052948417, 1314, 172.7271728515625, 312, 26, 350735.5531845093, 77.691650390625, 453.6283874511719, 266.92203438699335
LOSS, 25579.9052734375, -23.553466796875, 64.60153198242188, 25.89059238202176, 988, 191.0, 334, 16, 319712.91846466064, 53.60797119140625, 461.8980407714844, 323.5960713205067
LOSS, 16587.611656188965, -21.34002685546875, 65.6490249633789, 25.09472262660963, 661, 129.1809844970703, 355, 10, 204990.99298095703, 98.29876708984375, 443.88079833984375, 310.1225309848064
LOSS, 13157.831886291504, -20.35759735107422, 62.839881896972656, 24.920136148279365, 528, 181.3357391357422, 364, 13, 152861.74308776855, 84.5060043334961, 446.47991943359375, 289.51087706016773
LOSS, 5313.306579589844, -17.30865478515625, 59.670860290527344, 28.56616440639701, 186, 175.0, 387, 2, 56317.322357177734, 146.9041748046875, 441.01806640625, 302.7813029955792
LOSS, 14039.825927734375, -43.349891662597656, 63.179222106933594, 20.830602266668212, 674, 191.0, 355, 11, 180531.5224533081, 70.73469543457031, 463.24163818359375, 267.85092352122865
LOSS, 24808.890380859375, -20.985992431640625, 67.8169937133789, 27.3526906073422, 907, 175.0, 339, 12, 282643.9598083496, 84.15162658691406, 452.35443115234375, 311.6250935042443
LOSS, 14489.0087890625, -23.332435607910156, 64.45365142822266, 25.598955457707596, 566, 175.0, 362, 13, 172329.19415283203, 131.4019775390625, 451.1267395019531, 304.46854090606365
LOSS, 11114.955200195312, -26.092529296875, 64.9626693725586, 21.922988560543022, 507, 207.0, 366, 8, 144611.31414794922, 69.9765396118164, 450.3426818847656, 285.22941646538305
LOSS, 8571.0, -28.43994140625, 71.3274154663086, 25.972727272727273, 330, 223.0, 377, 10, 83168.40147018433, 39.392887115478516, 450.62286376953125, 252.02545900055856
LOSS, 19858.655868530273, -35.0, 68.7288589477539, 20.79440405081704, 955, 172.09500122070312, 336, 21, 248248.17265319824, 48.15345001220703, 477.4964599609375, 259.94573052690913
LOSS, 22369.94921875, -19.156700134277344, 68.3028335571289, 23.497845818014707, 952, 191.0, 336, 22, 263826.57192230225, 65.1030044555664, 478.78192138671875, 277.12875201922503
LOSS, 14786.880126953125, -31.275238037109375, 63.43780517578125, 26.452379475765877, 559, 223.0, 362, 11, 168347.02729797363, 103.58881378173828, 467.952880859375, 301.1574728049618
LOSS, 5076.650634765625, -19.0604248046875, 58.018035888671875, 28.520509184076545, 178, 223.0, 388, 3, 62168.062103271484, 155.8477020263672, 443.73748779296875, 349.2587758610758
WIN , 27194.0, -36.0, 73.3154296875, 22.79463537300922, 1193, 207.0, 320, 28, 356829.6941833496, 65.4242935180664, 466.38336181640625, 299.1028450824389
LOSS, 5829.4827880859375, -21.031253814697266, 61.40106201171875, 31.855097202655397, 183, 207.0, 387, 3, 67790.32489013672, 270.5037841796875, 439.93060302734375, 370.43893382588374
LOSS, 26757.558349609375, -15.999755859375, 70.3829116821289, 32.9526580660214, 812, 207.0, 345, 20, 279590.3989562988, 128.14459228515625, 445.8923034667969, 344.32315142401336
LOSS, 13787.650001525879, -18.090614318847656, 66.8999252319336, 24.146497375702065, 571, 209.6999969482422, 361, 11, 172270.67723846436, 89.56527709960938, 460.6612548828125, 301.6999601374157
LOSS, 17266.032676696777, -16.48967742919922, 69.5418472290039, 36.19713349412322, 477, 200.6861114501953, 368, 11, 164981.9413986206, 82.45565795898438, 447.4591979980469, 345.87409098243313
LOSS, 16706.83935546875, -21.01599884033203, 66.0728988647461, 25.545625925793196, 654, 207.0, 356, 9, 214677.714302063, 109.12431335449219, 459.4035339355469, 328.25338578297095
LOSS, 4691.528564453125, -26.54419708251953, 53.867034912109375, 17.185086316678113, 273, 223.0, 381, 1, 74138.59288787842, 105.15535736083984, 456.31793212890625, 271.569937318236
LOSS, 22584.979347229004, -21.36402130126953, 65.5013198852539, 27.745674873745706, 814, 177.6999969482422, 345, 10, 260231.8865776062, 41.45934295654297, 447.1897888183594, 319.69519235578156
LOSS, 14557.0, -23.071044921875, 66.2138900756836, 14.091965150048402, 1033, 191.0, 331, 16, 289146.4557647705, 77.32054138183594, 461.068359375, 279.90944410916796
LOSS, 12379.588012695312, -18.0462646484375, 59.04960632324219, 28.32857668808996, 437, 175.0, 370, 6, 150231.31873321533, 70.36048126220703, 457.3788146972656, 343.7787614032387
LOSS, 7601.4468994140625, -19.143455505371094, 64.2494888305664, 29.926956296905757, 254, 207.0, 383, 6, 85596.88803100586, 155.4080352783203, 463.82470703125, 336.9956221693144
LOSS, 15764.533935546875, -27.77618408203125, 60.02997589111328, 19.534738457926736, 807, 223.0, 346, 16, 255290.3593826294, 57.698272705078125, 469.1678466796875, 316.34493108132517
LOSS, 15562.140869140625, -33.000244140625, 64.3050308227539, 18.30840102251838, 850, 207.0, 343, 14, 216321.6291885376, 64.27527618408203, 451.53594970703125, 254.496034339456
LOSS, 8736.805908203125, -17.66242218017578, 63.056861877441406, 27.048934700319272, 323, 191.0, 378, 2, 102257.84664154053, 99.27699279785156, 451.41510009765625, 316.58776050012546
LOSS, 5503.9998779296875, -16.48968505859375, 62.96294403076172, 23.223628176918513, 237, 223.0, 384, 5, 66507.72213745117, 89.49931335449219, 447.6122131347656, 280.62330015802183
LOSS, 13525.656982421875, -18.963699340820312, 64.9843521118164, 19.212580940940164, 704, 223.0, 353, 9, 190158.04666137695, 64.84983825683594, 469.7809143066406, 270.11086173491043
LOSS, 20902.71714782715, -22.10735321044922, 65.1967544555664, 27.79616641998291, 752, 172.09500122070312, 349, 18, 226781.98052978516, 43.66883087158203, 450.27911376953125, 301.57178261939515
LOSS, 20511.0, -17.47016143798828, 64.7398910522461, 32.45411392405063, 632, 223.0, 357, 15, 219431.6233215332, 93.75333404541016, 455.3622741699219, 347.20193563533735
LOSS, 23539.89111328125, -39.462646484375, 68.3278579711914, 9.32642278656151, 2524, 207.0, 231, 18, 525704.5543441772, 69.15845489501953, 452.315185546875, 208.2823115468214
LOSS, 9171.457153320312, -17.752685546875, 66.2059555053711, 33.22991722217505, 276, 223.0, 381, 9, 94683.6209564209, 94.5811767578125, 455.687744140625, 343.05659766819167
WIN , 26364.0, -26.327491760253906, 78.131103515625, 17.83761840324763, 1478, 207.0, 301, 27, 404908.21670532227, 60.818580627441406, 456.72607421875, 273.9568448615171
LOSS, 19195.81787109375, -22.093589782714844, 65.4503402709961, 21.471832070574663, 894, 175.0, 340, 17, 277577.4741744995, 67.9676284790039, 457.5869445800781, 310.4893447142053
WIN , 26506.557502746582, -31.86834716796875, 76.86975860595703, 21.053659652697842, 1259, 141.88499450683594, 316, 24, 382398.5746307373, 91.45983123779297, 448.2823486328125, 303.73198938104633
LOSS, 22081.23388671875, -28.704833984375, 67.5258560180664, 23.616292926971926, 935, 207.0, 337, 9, 276859.1441345215, 69.43070220947266, 462.91485595703125, 296.1060365075096
LOSS, 16308.0166015625, -38.491058349609375, 67.6698989868164, 20.308862517512452, 803, 223.0, 346, 15, 238316.44059753418, 54.54679870605469, 459.9831848144531, 296.7826159371534
LOSS, 6856.1800537109375, -13.330078125, 59.863807678222656, 26.78195333480835, 256, 223.0, 382, 3, 86361.22142028809, 75.1148681640625, 453.0464172363281, 337.34852117300034
LOSS, 11614.101257324219, -18.444862365722656, 66.0982437133789, 28.676793227961035, 405, 154.4561767578125, 372, 6, 132190.0759124756, 78.18358612060547, 459.0732727050781, 326.3952491666064
LOSS, 9769.0, -26.092529296875, 65.28150177001953, 14.823975720789074, 659, 207.0, 356, 14, 191943.98168182373, 62.06382751464844, 438.7254943847656, 291.26552607257014
LOSS, 8671.0, -26.719970703125, 60.831825256347656, 15.651624548736462, 554, 223.0, 363, 8, 172246.56539154053, 95.93646240234375, 449.2842712402344, 310.91437796306957
WIN , 26406.65000152588, -25.833740234375, 84.4563980102539, 20.21948698432303, 1306, 161.6999969482422, 312, 27, 397754.57329940796, 59.29054641723633, 462.496826171875, 304.5593976258866
LOSS, 3874.6985473632812, -15.463035583496094, 60.79686737060547, 19.373492736816406, 200, 207.0, 386, 3, 59262.93360900879, 116.64875793457031, 442.6353759765625, 296.31466804504396
LOSS, 15514.666748046875, -30.20550537109375, 70.69539642333984, 33.293276283362395, 466, 175.0, 368, 8, 147411.47316741943, 78.5647964477539, 467.76849365234375, 316.33363340647946
LOSS, 15229.0, -36.08154296875, 65.80199432373047, 29.80234833659491, 511, 207.0, 365, 9, 163935.70036315918, 105.0867919921875, 446.45147705078125, 320.8135036461041
LOSS, 15809.0, -23.9776611328125, 67.2347183227539, 29.439478584729983, 537, 207.0, 364, 13, 170906.71166229248, 83.93242645263672, 452.22930908203125, 318.262032890675
LOSS, 14174.07373046875, -26.092529296875, 67.6048812866211, 28.926681082589287, 490, 223.0, 367, 13, 154685.62063598633, 67.66297149658203, 492.63153076171875, 315.6849400734415
LOSS, 14730.06982421875, -32.5953369140625, 68.6082992553711, 25.662142550903745, 574, 223.0, 361, 18, 176735.59712219238, 75.03982543945312, 463.8498229980469, 307.9017371466766
LOSS, 2943.1044006347656, -12.774999618530273, 56.975860595703125, 36.334622230058834, 81, 175.0, 394, 3, 26978.662139892578, 135.45574951171875, 455.7051086425781, 333.0699029616368
LOSS, 21862.528076171875, -24.5819091796875, 67.8697738647461, 22.6554695089864, 965, 175.0, 335, 16, 319986.2089614868, 97.7383804321289, 471.96722412109375, 331.59192638496046
LOSS, 11991.0, -16.00006103515625, 67.2865982055664, 31.39005235602094, 382, 223.0, 374, 10, 134283.64708709717, 83.8056411743164, 457.2635192871094, 351.5278719557517
LOSS, 7028.4287109375, -19.13629150390625, 65.88980865478516, 32.99731789172535, 213, 207.0, 385, 4, 78491.27069091797, 136.96401977539062, 456.302001953125, 368.50361826722053
LOSS, 16955.066162109375, -15.670166015625, 69.1402359008789, 30.385423229586692, 558, 223.0, 362, 10, 197729.8930053711, 75.6972885131836, 490.3108215332031, 354.35464696303063
LOSS, 17618.723487854004, -30.99951171875, 65.1903305053711, 26.296602220677617, 670, 193.5540008544922, 355, 14, 222834.09867095947, 91.24705505371094, 462.42681884765625, 332.5882069715813
WIN , 27294.0, -29.183120727539062, 65.04705047607422, 21.887730553327987, 1247, 207.0, 316, 23, 393494.2425765991, 70.73290252685547, 463.52191162109375, 315.552720590697
LOSS, 8219.602905273438, -26.092529296875, 62.420265197753906, 22.275346626757283, 369, 223.0, 375, 6, 128574.98767089844, 152.7440185546875, 460.5805358886719, 348.4417010051448
WIN , 22964.0, -45.249755859375, 82.205810546875, 6.984184914841849, 3288, 207.0, 180, 23, 651965.7688522339, 72.30610656738281, 467.35589599609375, 198.28642604994948
LOSS, 13608.665283203125, -18.462913513183594, 65.8630142211914, 28.351386006673177, 480, 159.0, 367, 11, 168893.5394821167, 120.5754165649414, 468.8443908691406, 351.86154058774315
LOSS, 6693.9998779296875, -34.0001220703125, 60.91436004638672, 20.918749618530274, 320, 223.0, 378, 7, 90037.37734222412, 76.58541870117188, 445.04736328125, 281.36680419445037
LOSS, 11288.7431640625, -41.999755859375, 65.09940338134766, 15.132363490700403, 746, 191.0, 350, 11, 190945.0072479248, 69.92588806152344, 463.00982666015625, 255.95845475593137
LOSS, 10557.205932617188, -22.498558044433594, 66.2038345336914, 16.068806594546707, 657, 159.0, 356, 9, 168114.51544952393, 66.14993286132812, 470.92266845703125, 255.88206308907752
LOSS, 10817.650001525879, -41.9998779296875, 59.190330505371094, 11.175258266039132, 968, 209.6999969482422, 335, 8, 223907.80995559692, 55.61695861816406, 455.8062438964844, 231.30972102850922
LOSS, 10753.999877929688, -38.0, 64.7219009399414, 15.585507069463315, 690, 223.0, 353, 8, 185889.5609664917, 83.65592956542969, 472.4503173828125, 269.4051608210025
WIN , 25219.768089294434, -35.99951171875, 71.8602523803711, 12.654173652430725, 1993, 155.4638214111328, 267, 21, 410046.6265258789, 48.86302185058594, 462.2148742675781, 205.74341521619613
LOSS, 15153.718017578125, -37.04254150390625, 69.0645523071289, 10.14305088191307, 1494, 207.0, 300, 12, 281159.3850669861, 45.875205993652344, 459.7140808105469, 188.19235948258773
LOSS, 11667.917358398438, -20.161209106445312, 67.1550521850586, 23.909666718029584, 488, 191.0, 367, 8, 149409.0556716919, 107.37955474853516, 479.8996276855469, 306.1660976878932
LOSS, 10483.669189453125, -16.084640502929688, 68.39727020263672, 32.06015042646216, 327, 207.0, 378, 9, 112610.0648803711, 112.10077667236328, 471.1751403808594, 344.37328709593606
LOSS, 14028.073974609375, -37.0, 69.5650405883789, 22.196319580078125, 632, 223.0, 357, 14, 190158.18914794922, 74.00224304199219, 458.9132385253906, 300.88321067713485
LOSS, 2947.997589111328, -16.763107299804688, 58.842926025390625, 23.583980712890625, 125, 175.0, 391, 2, 31589.524688720703, 95.95632934570312, 438.2776794433594, 252.71619750976564
LOSS, 9804.059936523438, -17.662269592285156, 67.94454193115234, 32.463774624249794, 302, 191.0, 379, 4, 110897.3311920166, 137.26991271972656, 462.6643981933594, 367.2097059338298
WIN , 27458.49168395996, -42.099525451660156, 69.7750015258789, 12.78328290687149, 2148, 138.01663208007812, 256, 24, 535713.5901947021, 59.44470977783203, 466.4531555175781, 249.40111275358572
LOSS, 5863.158203125, -34.0869140625, 64.65933990478516, 23.931257971938777, 245, 223.0, 383, 6, 74201.83366394043, 110.07061004638672, 476.9296875, 302.86462719975685
LOSS, 10194.02880859375, -21.34002685546875, 64.59737396240234, 26.341159712128555, 387, 191.0, 374, 6, 141216.27253723145, 164.27801513671875, 471.5583801269531, 364.89992903677376
LOSS, 20459.271911621094, -18.890396118164062, 68.5140151977539, 22.757810802693097, 899, 186.4561767578125, 340, 20, 284337.75508880615, 71.48825073242188, 467.812255859375, 316.2822637250346
LOSS, 23031.74169921875, -24.30419921875, 66.5099105834961, 19.129353570779692, 1204, 207.0, 319, 18, 352447.0391921997, 73.61512756347656, 470.25140380859375, 292.7300989968436
LOSS, 9303.266235351562, -17.66387939453125, 70.10489654541016, 25.770820596541725, 361, 223.0, 375, 2, 118080.3609161377, 75.33541107177734, 482.221435546875, 327.0924125100767
LOSS, 8392.550415039062, -18.77500343322754, 66.91580963134766, 29.551233855771347, 284, 207.0, 381, 6, 99552.36758422852, 136.88722229003906, 460.1058349609375, 350.53650557826944
WIN , 26130.0, -31.208282470703125, 67.2240219116211, 31.74969623329283, 823, 175.0, 345, 24, 280812.7219314575, 78.43804168701172, 468.1382751464844, 341.20622348901276
LOSS, 4381.0, -31.0001220703125, 56.23809814453125, 13.235649546827794, 331, 223.0, 377, 3, 101436.94379425049, 96.29740142822266, 437.8244323730469, 306.45602354758455
WIN , 27361.13641357422, -22.04345703125, 65.2339859008789, 25.861187536459564, 1058, 172.7271728515625, 329, 20, 371995.02336883545, 121.29248046875, 482.032470703125, 351.60210148283124
LOSS, 19702.848876953125, -42.00006103515625, 64.8702163696289, 18.693405006596894, 1054, 207.0, 329, 21, 318632.36490631104, 69.52037048339844, 461.2449645996094, 302.30774659042794
LOSS, 6473.9998779296875, -17.662269592285156, 68.88541412353516, 23.80147013944738, 272, 223.0, 381, 7, 83352.65440368652, 134.0733184814453, 478.74176025390625, 306.4435823664946
LOSS, 4563.906555175781, -25.10552215576172, 60.105796813964844, 16.77906821755802, 272, 175.0, 381, 3, 96712.68835449219, 159.33465576171875, 447.6836242675781, 355.5613542444566
LOSS, 16129.8974609375, -18.168556213378906, 65.0780258178711, 29.759958415013838, 542, 175.0, 363, 14, 176021.3897857666, 73.17205810546875, 454.2978820800781, 324.7627117818572
LOSS, 1968.853515625, -35.079345703125, 58.488136291503906, 0.5511907938479843, 3572, 207.0, 161, 6, 425966.5396461487, 45.72883224487305, 451.1140441894531, 119.25155085278519
