LOSS, 23671.352294921875, -32.623817443847656, 46.46293640136719, 6.361556650073065, 3721, 207.0, 151, 23, 11514.952842950821, 2.7540576457977295, 34.759883880615234, 3.0945855530639133
WIN , 30108.65000152588, -42.999755859375, 88.3418960571289, 8.689365079805448, 3465, 177.6999969482422, 168, 35, 55248.19962000847, 3.3401072025299072, 78.9918212890625, 15.944646354980799
LOSS, 22589.99072265625, -48.696189880371094, 83.0548324584961, 11.008767408701877, 2052, 191.0, 263, 26, 55757.08445215225, 5.5781636238098145, 96.93692016601562, 27.17206844646796
WIN , 30042.83213043213, -22.64892578125, 77.97933197021484, 20.762150746670443, 1447, 149.3357391357422, 303, 39, 57572.830706596375, 11.397521018981934, 102.3819580078125, 39.78771990780675
LOSS, 17499.028564453125, -20.966697692871094, 61.09184265136719, 18.420030067845396, 950, 223.0, 336, 14, 41590.33173894882, 7.976010799407959, 118.00843048095703, 43.779296567314546
WIN , 28790.0, -41.999755859375, 81.1226577758789, 10.843691148775894, 2655, 175.0, 222, 26, 122417.10336577892, 1.0454424619674683, 128.17807006835938, 46.10813686093368
LOSS, 18103.65000152588, -26.094970703125, 60.637733459472656, 19.699292711127182, 919, 177.6999969482422, 338, 23, 53504.406685590744, -5.109073638916016, 148.25961303710938, 58.220246665495914
LOSS, 22451.481689453125, -23.71826171875, 61.018898010253906, 18.72517238486499, 1199, 207.0, 320, 21, 75925.13783192635, 3.9888384342193604, 147.3410186767578, 63.323717958237154
LOSS, 21074.00048828125, -26.54450225830078, 62.140724182128906, 21.460285629614308, 982, 223.0, 334, 26, 79215.28208827972, 8.16437816619873, 160.3971710205078, 80.66729336892028
LOSS, 15924.99365234375, -20.662147521972656, 61.532798767089844, 17.442490309248356, 913, 207.0, 339, 15, 71335.32035827637, 19.297664642333984, 173.37579345703125, 78.13288100577915
LOSS, 11598.54150390625, -19.72021484375, 53.723655700683594, 22.74223824295343, 510, 223.0, 365, 8, 38359.76367664337, 15.283576011657715, 165.69039916992188, 75.21522289537916
LOSS, 20691.139404296875, -41.00048828125, 62.321998596191406, 17.534863901946505, 1180, 191.0, 321, 23, 94127.15225672722, 2.382298231124878, 165.9505157470703, 79.76877309892137
LOSS, 14255.144775390625, -21.7169189453125, 63.842994689941406, 22.135317974209045, 644, 159.0, 357, 7, 66582.15148448944, 15.92280101776123, 182.4528045654297, 103.38843398212646
LOSS, 23964.09326171875, -20.981101989746094, 60.302345275878906, 26.218920417635395, 914, 223.0, 339, 29, 94472.87723064423, 13.930211067199707, 182.26058959960938, 103.36201009917312
LOSS, 25148.37939453125, -40.9998779296875, 61.843162536621094, 22.2946625838043, 1128, 191.0, 324, 19, 118545.96531295776, 29.15639305114746, 185.34130859375, 105.0939408802817
LOSS, 16575.627151489258, -39.0, 62.570106506347656, 22.24916396173055, 745, 180.85018920898438, 350, 14, 77184.85174655914, 6.1851887702941895, 174.89816284179688, 103.6038278477304
LOSS, 22555.531005859375, -22.025146484375, 63.937904357910156, 23.229177143006567, 971, 175.0, 335, 21, 107807.47226524353, 21.879323959350586, 213.4044952392578, 111.02726288902527
LOSS, 23163.4853515625, -17.662269592285156, 64.0907974243164, 26.173429775776835, 885, 223.0, 340, 18, 111136.31158638, 22.627552032470703, 215.01791381835938, 125.57775320494916
LOSS, 8531.320434570312, -14.330009460449219, 65.7625503540039, 35.84588417886686, 238, 223.0, 384, 7, 30145.52033805847, 28.824552536010742, 231.04823303222656, 126.66185015990955
LOSS, 7158.578857421875, -36.0, 59.973670959472656, 24.770169056823097, 289, 207.0, 380, 3, 36075.525272369385, 48.60740661621094, 206.74667358398438, 124.82880717082833
LOSS, 20047.44677734375, -16.7203369140625, 65.7173843383789, 24.35898757878949, 823, 191.0, 345, 16, 108343.35021877289, 15.047533988952637, 215.4317169189453, 131.64441095841178
LOSS, 12025.372680664062, -36.0, 64.46416473388672, 23.859866429889014, 504, 207.0, 366, 12, 60099.81559753418, 35.070499420166016, 216.42138671875, 119.24566586812337
LOSS, 17229.177490234375, -39.0, 62.498390197753906, 19.12228356296823, 901, 223.0, 339, 16, 108439.95252799988, 30.32942771911621, 211.67626953125, 120.35510824417301
LOSS, 22274.300003051758, -18.658973693847656, 66.4034194946289, 22.939546862051245, 971, 196.39999389648438, 335, 14, 135970.9335231781, 30.020891189575195, 228.56982421875, 140.03185738741308
LOSS, 9096.448974609375, -13.000030517578125, 65.6645736694336, 37.43394639756944, 243, 175.0, 383, 3, 37378.935329437256, 63.89706039428711, 230.36944580078125, 153.82277913348665
LOSS, 10618.505859375, -16.720489501953125, 65.4079360961914, 27.157303988171357, 391, 175.0, 373, 8, 55300.05460739136, 38.61968231201172, 226.78436279296875, 141.43236472478608
LOSS, 9635.986961364746, -13.757339477539062, 67.5722427368164, 35.955175228972934, 268, 221.4928741455078, 382, 11, 40227.284576416016, 49.940643310546875, 240.84002685546875, 150.10180812095527
LOSS, 19548.45249938965, -42.00048828125, 63.774024963378906, 17.208144805800746, 1136, 188.09500122070312, 324, 20, 139494.5149898529, 17.802751541137695, 233.17733764648438, 122.79446742064516
LOSS, 20113.949996948242, -22.184890747070312, 62.787986755371094, 28.40953389399469, 708, 177.10000610351562, 352, 19, 113539.4047241211, 43.678138732910156, 235.4587860107422, 160.36639085327838
LOSS, 21295.077880859375, -19.30028533935547, 62.693702697753906, 25.02359327950573, 851, 207.0, 343, 18, 139861.3978996277, 46.104095458984375, 251.4793243408203, 164.3494687422182
LOSS, 22125.607666015625, -38.0, 63.400169372558594, 30.730010647243923, 720, 207.0, 351, 20, 115956.17686462402, 41.09442901611328, 252.3196258544922, 161.05024564531115
LOSS, 17321.0, -21.4276123046875, 67.2722396850586, 17.9865005192108, 963, 223.0, 335, 16, 151324.8459739685, 63.629817962646484, 249.31219482421875, 157.13898855033074
LOSS, 16241.71533203125, -20.272216796875, 60.225120544433594, 21.859643784698857, 743, 223.0, 350, 14, 124013.3935623169, 68.51502990722656, 251.53884887695312, 166.90900883218964
LOSS, 25468.416015625, -17.662269592285156, 70.1476058959961, 25.11678108049803, 1014, 191.0, 332, 24, 164640.9866027832, 33.76531219482422, 256.9881896972656, 162.36783688637396
LOSS, 13334.4716796875, -19.13629150390625, 63.150856018066406, 23.393809964364035, 570, 223.0, 361, 9, 108939.03196716309, 71.21002197265625, 281.5704040527344, 191.1211087143212
WIN , 22455.724082946777, -77.55957794189453, 70.5797348022461, 8.213505516805698, 2734, 183.5518341064453, 217, 25, 416066.3373031616, 42.423282623291016, 281.9648132324219, 152.18227406845708
LOSS, 7349.5987548828125, -16.00006103515625, 61.19172668457031, 32.520348472932795, 226, 207.0, 384, 4, 44496.413146972656, 82.4818344116211, 271.5108642578125, 196.8867838361622
LOSS, 6829.25927734375, -14.857231140136719, 63.503929138183594, 31.912426529643692, 214, 223.0, 385, 4, 39302.07328796387, 71.38136291503906, 274.4349365234375, 183.6545480745975
WIN , 26313.45249938965, -20.681365966796875, 89.80435180664062, 25.74701810116404, 1022, 188.09500122070312, 331, 24, 203213.80668640137, 58.17145538330078, 285.7232971191406, 198.83934118043186
LOSS, -7535.972595214844, -25.10467529296875, 57.90702819824219, -1.2562048000024744, 5999, 227.60498046875, 0, 3, 651134.6737823486, 24.797985076904297, 284.3755187988281, 108.54053571967805
LOSS, 14398.985595703125, -16.033706665039062, 62.805076599121094, 28.74049021098428, 501, 175.0, 366, 12, 101566.5602645874, 57.79320526123047, 299.7868347167969, 202.72766519877726
LOSS, 22250.094970703125, -38.0, 83.0548324584961, 16.592166271963553, 1341, 207.0, 310, 24, 234590.5687942505, 42.02888488769531, 310.3424987792969, 174.93703862360215
LOSS, 11651.0, -20.662376403808594, 67.8783187866211, 25.77654867256637, 452, 223.0, 369, 7, 79627.40119934082, 44.413394927978516, 299.8023681640625, 176.16681681270094
LOSS, 15001.0, -21.34002685546875, 63.363868713378906, 28.903660886319845, 519, 223.0, 365, 17, 112462.30261611938, 63.32498550415039, 300.5694580078125, 216.69037112932443
LOSS, 24108.65048980713, -21.3397216796875, 61.92314147949219, 24.060529430945238, 1002, 193.6999969482422, 333, 26, 206744.38618469238, 42.06744384765625, 304.650146484375, 206.33172273921394
LOSS, 18139.21875, -38.0, 67.13065338134766, 13.762684939301973, 1318, 175.0, 312, 15, 222145.42486572266, 47.810184478759766, 296.7918701171875, 168.5473633275589
LOSS, 16716.940185546875, -23.7164306640625, 64.7035903930664, 27.226286947144747, 614, 191.0, 359, 11, 129233.01265716553, 48.70533752441406, 311.62841796875, 210.4772193113445
LOSS, 14262.9873046875, -18.33984375, 69.07491302490234, 26.610050941581157, 536, 223.0, 364, 9, 122351.99559783936, 66.34707641601562, 312.1147155761719, 228.26864850343162
LOSS, 20009.276000976562, -18.462913513183594, 66.74573516845703, 18.8766754726194, 1060, 186.447998046875, 329, 18, 211747.0823287964, 36.1523551940918, 320.1486511230469, 199.76139842339282
LOSS, 12471.224853515625, -20.851882934570312, 62.476097106933594, 23.845554213222993, 523, 191.0, 365, 7, 116186.93877410889, 81.3774185180664, 320.78826904296875, 222.1547586503038
LOSS, 21116.531982421875, -39.0, 64.5183334350586, 22.157955910201338, 953, 175.0, 336, 22, 184981.7135696411, 56.679847717285156, 326.5262145996094, 194.10463123781858
WIN , 23786.83213043213, -34.11201477050781, 68.4194107055664, 8.800159870674113, 2703, 181.3357391357422, 219, 32, 421911.87494659424, 36.577972412109375, 333.9521789550781, 156.09022380562126
LOSS, 21317.300491333008, -23.71826171875, 66.6209945678711, 26.285204058363757, 811, 196.39999389648438, 345, 16, 181126.92196655273, 49.702362060546875, 329.8202209472656, 223.33775828181595
LOSS, 13781.0, -20.332252502441406, 58.74298095703125, 19.166898470097358, 719, 223.0, 352, 16, 143351.78272247314, 55.23287582397461, 321.9028015136719, 199.37661018424637
WIN , 26712.0, -36.0001220703125, 81.763916015625, 22.00329489291598, 1214, 191.0, 319, 28, 269047.5767250061, 46.79204177856445, 331.2028503417969, 221.62073865321756
LOSS, 15237.0, -26.092529296875, 66.7821273803711, 16.36627282491944, 931, 191.0, 337, 14, 184696.70291900635, 61.294464111328125, 335.9172058105469, 198.385287775517
LOSS, 14007.99951171875, -27.506492614746094, 66.9515151977539, 16.250579479952147, 862, 223.0, 342, 18, 175420.8830909729, 38.387611389160156, 331.2826232910156, 203.50450474590824
LOSS, 22337.092529296875, -19.72191619873047, 61.028663635253906, 31.416445188884495, 711, 223.0, 352, 20, 162866.82764434814, 38.31264877319336, 340.5215148925781, 229.06726813551074
LOSS, 19371.068359375, -38.00048828125, 60.38081359863281, 17.082070863646383, 1134, 223.0, 324, 19, 231276.16822052002, 35.68738555908203, 350.57366943359375, 203.94723828970018
LOSS, 12888.330688476562, -22.425392150878906, 70.6596908569336, 20.88870451941096, 617, 175.0, 358, 6, 136036.33409881592, 34.294490814208984, 349.5893249511719, 220.48028216987993
LOSS, 9016.271850585938, -17.66242218017578, 62.2247314453125, 26.134121306046197, 345, 191.0, 376, 6, 82399.80386352539, 78.63101196289062, 337.24200439453125, 238.84001119862432
LOSS, 3688.9550170898438, -34.0, 67.61038970947266, 18.6310859448982, 198, 223.0, 386, 5, 40273.736515045166, 62.3714714050293, 330.0071716308594, 203.40270967194527
LOSS, 17961.0, -36.0001220703125, 77.03619384765625, 14.153664302600474, 1269, 223.0, 315, 20, 256364.81640052795, 29.003610610961914, 349.1102600097656, 202.02113191530967
LOSS, 7991.18505859375, -20.717605590820312, 70.8156509399414, 24.972453308105468, 320, 207.0, 378, 4, 65869.66214370728, 55.92672348022461, 345.5467529296875, 205.84269419908523
LOSS, 9763.275756835938, -15.670013427734375, 66.0195083618164, 30.896442268468157, 316, 170.447998046875, 378, 9, 78372.03044128418, 101.64045715332031, 346.8670654296875, 248.01275456102587
LOSS, 16521.0, -34.0, 66.51021575927734, 23.771223021582735, 695, 223.0, 353, 11, 169458.9210357666, 89.16547393798828, 362.3143615722656, 243.82578566297352
LOSS, 13873.861328125, -15.808929443359375, 61.93000030517578, 36.31900871236911, 382, 223.0, 374, 8, 96985.62795257568, 67.98711395263672, 359.625244140625, 253.88907840988398
LOSS, 19880.482124328613, -25.763916015625, 67.9137191772461, 23.08999085287876, 861, 184.03575134277344, 342, 14, 202460.31706237793, 45.457088470458984, 364.56683349609375, 235.14554827221593
WIN , 27314.0, -28.22899627685547, 70.704345703125, 16.746781115879827, 1631, 207.0, 291, 31, 383346.1563682556, 44.95103454589844, 366.5096130371094, 235.03749624050008
LOSS, 25971.0361328125, -23.150550842285156, 62.171852111816406, 21.25289372570581, 1222, 207.0, 318, 25, 306703.0139694214, 109.15604400634766, 366.5965881347656, 250.98446315009934
LOSS, 13730.0, -32.99993896484375, 67.3458023071289, 30.109649122807017, 456, 185.0, 369, 11, 122813.58486938477, 88.81185913085938, 376.0682067871094, 269.32803699426483
LOSS, 17258.695556640625, -18.473114013671875, 68.0159683227539, 24.480419229277484, 705, 191.0, 352, 14, 169546.38669204712, 43.885189056396484, 374.7779541015625, 240.4913286412016
LOSS, 15151.240478515625, -22.46154022216797, 65.4503402709961, 22.647594138289424, 669, 223.0, 355, 15, 164228.4723186493, 26.402795791625977, 365.86431884765625, 245.48351617137413
LOSS, 13071.0, -34.0869140625, 67.4632797241211, 23.175531914893618, 564, 223.0, 362, 7, 126352.10569381714, 48.66612243652344, 376.5736083984375, 224.02855619471123
WIN , 24642.0, -39.471435546875, 67.3494644165039, 13.682398667406996, 1801, 191.0, 279, 21, 426409.994764328, 28.33845329284668, 376.3536071777344, 236.76290658763355
LOSS, 8051.391021728516, -17.662269592285156, 59.70390319824219, 23.47344321203649, 343, 213.12249755859375, 377, 9, 87336.31607055664, 111.71626281738281, 374.4312438964844, 254.6248281940427
LOSS, 21965.592041015625, -37.0, 67.5578842163086, 26.4327220710176, 831, 175.0, 344, 18, 197767.78276062012, 46.22838592529297, 376.7008972167969, 237.98770488642614
LOSS, 10323.999877929688, -21.3397216796875, 61.9097900390625, 21.734736585115133, 475, 223.0, 368, 9, 111350.76029968262, 71.308837890625, 365.5057067871094, 234.42265326248972
LOSS, 21148.744384765625, -23.71826171875, 67.9442367553711, 26.975439266282685, 784, 191.0, 347, 12, 193719.94805526733, 58.69589614868164, 392.5129699707031, 247.0917704786573
LOSS, 10765.8408203125, -18.445167541503906, 68.3486099243164, 20.35130589851134, 529, 207.0, 364, 3, 124759.51161193848, 97.48219299316406, 370.59490966796875, 235.8402866010179
WIN , 26281.861167907715, -22.093284606933594, 70.5754623413086, 29.008676785770106, 906, 211.2776641845703, 339, 31, 236892.91639709473, 78.88726043701172, 396.3188171386719, 261.4712101513187
LOSS, 7468.1807861328125, -18.46306610107422, 65.7628402709961, 18.259610724041107, 409, 223.0, 372, 8, 75594.89950561523, 46.90483093261719, 368.55328369140625, 184.8286051482035
LOSS, 14199.06640625, -37.36224365234375, 67.2502670288086, 22.431384528041075, 633, 223.0, 357, 11, 154072.26081848145, 48.35041427612305, 379.7515563964844, 243.40009607974952
LOSS, 5003.1905517578125, -22.04345703125, 65.5910415649414, 32.48825033608969, 154, 153.0, 389, 4, 35761.59286117554, 52.15800857543945, 386.3652648925781, 232.21813546217882
LOSS, 21099.810791015625, -25.1043701171875, 67.99674224853516, 24.252656081627155, 870, 175.0, 341, 15, 227973.10276031494, 59.768341064453125, 381.00225830078125, 262.0380491497873
LOSS, 12155.583740234375, -38.0, 60.264892578125, 18.963469173532566, 641, 223.0, 357, 13, 169799.51178741455, 93.02025604248047, 379.3028869628906, 264.8978343017388
LOSS, 11108.357299804688, -15.576034545898438, 67.4937973022461, 33.764003950774125, 329, 207.0, 378, 6, 92588.22861480713, 116.52269744873047, 382.35308837890625, 281.42318727904905
LOSS, 13854.824462890625, -21.703872680664062, 68.88343048095703, 19.110102707435345, 725, 223.0, 351, 10, 180851.24529266357, 73.63873291015625, 368.3793640136719, 249.44999350712217
LOSS, 18905.802001953125, -35.11125946044922, 60.896507263183594, 16.71600530676669, 1131, 175.0, 324, 16, 267382.7366447449, 33.73981475830078, 379.5257568359375, 236.41267607846584
WIN , 24674.0, -26.705848693847656, 86.588134765625, 18.763498098859316, 1315, 207.0, 312, 27, 334122.15675354004, 84.46969604492188, 379.8126525878906, 254.08529030687455
LOSS, 12767.691505432129, -17.66242218017578, 67.9430160522461, 37.8863249419351, 337, 209.6999969482422, 377, 8, 95710.13042449951, 93.94146728515625, 376.30706787109375, 284.00632173441994
LOSS, 16242.657409667969, -24.805442810058594, 71.5819320678711, 27.717845408989707, 586, 214.4752197265625, 360, 14, 159244.6444091797, 85.04682922363281, 379.2253723144531, 271.7485399474056
LOSS, 23509.15625, -23.9776611328125, 68.6327133178711, 23.891418953252032, 984, 207.0, 334, 19, 283273.5233383179, 91.50341796875, 396.5301513671875, 287.8795968885344
LOSS, 6341.0, -24.0655517578125, 62.378135681152344, 20.25878594249201, 313, 223.0, 379, 2, 77095.22710418701, 64.676025390625, 394.12054443359375, 246.3106297258371
LOSS, 19015.2138671875, -19.666526794433594, 69.2625961303711, 19.265667545276088, 987, 223.0, 334, 12, 261128.95463180542, 37.70709991455078, 383.94561767578125, 264.56834309200144
LOSS, 15511.16455078125, -18.462913513183594, 67.5255355834961, 25.05842415311995, 619, 175.0, 358, 10, 170045.86922454834, 72.0850601196289, 395.8196716308594, 274.71061264062735
LOSS, 15752.22509765625, -37.0, 66.88237762451172, 26.341513541231187, 598, 207.0, 360, 12, 156696.81986999512, 81.2426986694336, 401.421142578125, 262.0348158361122
LOSS, 7614.8197021484375, -16.720489501953125, 59.851905822753906, 26.07814966489191, 292, 207.0, 380, 3, 74728.52998352051, 108.84501647949219, 394.07781982421875, 255.91962323123462
LOSS, 24030.79022216797, -23.7188720703125, 69.7237319946289, 30.189434952472322, 796, 193.1436767578125, 346, 16, 226216.20151138306, 62.417354583740234, 389.6021728515625, 284.1912079288732
LOSS, 12547.0, -17.050537109375, 69.4924087524414, 26.80982905982906, 468, 191.0, 368, 4, 136856.81909179688, 89.90131378173828, 385.92230224609375, 292.4291006234976
LOSS, 8405.099975585938, -16.00006103515625, 62.86956024169922, 24.08338101887088, 349, 191.0, 376, 4, 102106.67481994629, 141.10604858398438, 389.1483459472656, 292.569268825061
LOSS, 22420.32568359375, -34.99951171875, 67.56339263916016, 25.191377172577248, 890, 207.0, 340, 18, 240255.81405639648, 59.293304443359375, 391.06976318359375, 269.9503528723556
LOSS, 15542.2939453125, -39.0, 61.693016052246094, 12.887474249844526, 1206, 223.0, 319, 19, 269819.17654800415, 54.722007751464844, 409.01690673828125, 223.73066048756564
LOSS, 10918.000122070312, -42.77008056640625, 64.0718765258789, 18.41146732220963, 593, 223.0, 360, 10, 142788.29667663574, 78.88980102539062, 386.100830078125, 240.78970771776685
LOSS, 10473.651123046875, -17.662269592285156, 63.67828369140625, 29.337958327862395, 357, 170.447998046875, 376, 6, 102561.70541381836, 89.84236145019531, 387.7035217285156, 287.2876902347853
LOSS, 18817.9765625, -43.020606994628906, 66.83402252197266, 9.325062716798811, 2018, 191.0, 265, 18, 380600.10873413086, 47.210609436035156, 393.2182312011719, 188.6026306908478
LOSS, 6754.487060546875, -25.20965576171875, 66.47086334228516, 29.75544960593337, 227, 207.0, 384, 8, 66980.90795135498, 106.03067779541016, 394.2522277832031, 295.07007908085893
LOSS, 18286.744384765625, -25.2099609375, 68.61890411376953, 25.363029659869106, 721, 175.0, 351, 17, 213400.65529632568, 64.83096313476562, 403.1820068359375, 295.97871747063203
LOSS, 13557.22802734375, -18.2713623046875, 71.73726654052734, 31.601930133668414, 429, 223.0, 371, 10, 133884.16040039062, 139.73095703125, 387.70623779296875, 312.0842899776005
WIN , 26425.74871826172, -21.98052215576172, 79.146728515625, 24.6279112006167, 1073, 183.5025634765625, 328, 24, 307130.7780456543, 79.14725494384766, 403.09027099609375, 286.23558065764615
LOSS, 5495.641662597656, -17.66242218017578, 60.96564483642578, 21.551535931755513, 255, 191.0, 382, 4, 72964.6456451416, 134.87060546875, 393.0932312011719, 286.1358652750651
LOSS, 15663.423095703125, -34.0869140625, 68.2820816040039, 17.025459886633833, 920, 223.0, 338, 13, 266968.31887054443, 107.39186096191406, 414.1025085449219, 290.18295529407004
WIN , 26260.0, -32.9345703125, 66.859130859375, 19.280469897209986, 1362, 175.0, 309, 23, 381432.87772369385, 89.56555938720703, 399.5234069824219, 280.05350787349033
LOSS, 17712.062255859375, -23.71826171875, 68.2344741821289, 26.755381051147094, 662, 191.0, 355, 6, 191627.6129989624, 76.61742401123047, 411.92889404296875, 289.467693351907
WIN , 25732.0, -38.0, 66.1864242553711, 19.97826086956522, 1288, 191.0, 314, 27, 367850.0743942261, 42.37303924560547, 420.7265930175781, 285.59788384644884
LOSS, 8131.599998474121, -24.823524475097656, 64.39534759521484, 20.586329110061065, 395, 201.8000030517578, 373, 9, 98214.78015136719, 80.57595825195312, 401.7992248535156, 248.64501304143593
LOSS, 8841.207763671875, -18.20404815673828, 65.45003509521484, 25.40576943583872, 348, 191.0, 376, 10, 102993.9381942749, 121.35086822509766, 399.62225341796875, 295.9595925122842
LOSS, 3473.38720703125, -16.858779907226562, 63.97772979736328, 12.230236644476232, 284, 207.0, 381, 2, 81855.16088867188, 217.07009887695312, 400.8825988769531, 288.2223974953235
LOSS, 24343.73388671875, -19.516273498535156, 67.6076431274414, 37.567490565924, 648, 207.0, 356, 14, 195408.12990951538, 63.709293365478516, 415.1129150390625, 301.5557560332027
LOSS, 13479.0, -32.54652404785156, 64.9018783569336, 4.926535087719298, 2736, 207.0, 217, 18, 470979.20907211304, 37.12476348876953, 405.43218994140625, 172.14152378366705
LOSS, 6862.9398193359375, -38.81925964355469, 60.1873779296875, 16.072458593292595, 427, 207.0, 371, 3, 115751.77099609375, 88.3077621459961, 404.1766357421875, 271.08143090420083
WIN , 24642.0, -38.0, 84.32981872558594, 8.810153736145871, 2797, 191.0, 213, 24, 610806.6414985657, 42.00557327270508, 406.8482666015625, 218.37920682823227
LOSS, 12830.30419921875, -33.000244140625, 68.08995819091797, 18.868094410615807, 680, 223.0, 354, 14, 182512.55474090576, 92.85564422607422, 422.743408203125, 268.40081579544966
LOSS, 7705.445022583008, -15.612335205078125, 61.12548828125, 33.21312509734055, 232, 196.39999389648438, 384, 6, 65301.63845062256, 67.08403015136719, 420.0763854980469, 281.4725795285455
LOSS, 6010.2056884765625, -21.34002685546875, 60.63105773925781, 9.134051198292648, 658, 175.0, 356, 6, 180197.81383514404, 98.09684753417969, 400.3435974121094, 273.85685993182983
LOSS, 8975.192504882812, -26.092529296875, 55.455848693847656, 23.806876670776692, 377, 223.0, 374, 6, 111199.06960296631, 118.05158233642578, 408.2831115722656, 294.95774430495044
WIN , 26864.491676330566, -24.58160400390625, 71.23374938964844, 25.56088646653717, 1051, 186.0166473388672, 329, 25, 309050.32904052734, 69.361083984375, 428.2857971191406, 294.05359566177674
WIN , 27334.0, -32.376014709472656, 67.62105560302734, 23.624891961970615, 1157, 207.0, 322, 30, 333453.0770225525, 63.17998123168945, 423.4151916503906, 288.2049066746348
LOSS, 15937.09619140625, -15.680015563964844, 71.39440155029297, 34.87329582364606, 457, 223.0, 369, 9, 147348.86965942383, 90.741455078125, 421.4792175292969, 322.4264106333125
LOSS, 28289.411376953125, -28.9776611328125, 61.249786376953125, 23.018235457244202, 1229, 207.0, 318, 16, 372550.550819397, 80.8558578491211, 410.965087890625, 303.13307633799593
LOSS, 6869.0, -21.34002685546875, 56.821800231933594, 24.444839857651246, 281, 207.0, 381, 6, 75548.99697113037, 70.92768096923828, 399.8260192871094, 268.8576404666561
LOSS, 21193.574462890625, -34.0869140625, 60.126564025878906, 17.329169634415884, 1223, 223.0, 318, 19, 340719.67420196533, 54.531654357910156, 429.5205078125, 278.59335584788664
WIN , 25898.398712158203, -27.278953552246094, 70.8895034790039, 21.263053129850743, 1218, 138.20257568359375, 318, 24, 359698.60023880005, 54.86827087402344, 413.2470703125, 295.3190478151068
LOSS, 17510.47900390625, -20.18517303466797, 65.7335433959961, 28.518695446101383, 614, 191.0, 359, 17, 189445.8748779297, 108.95975494384766, 421.0235900878906, 308.5437701594946
LOSS, 19177.790771484375, -40.9998779296875, 64.5845718383789, 18.29941867508051, 1048, 223.0, 330, 11, 273747.2139663696, 44.740657806396484, 426.88970947265625, 261.2091736320321
LOSS, 15441.000244140625, -39.3583984375, 69.7374496459961, 17.789170788180442, 868, 191.0, 342, 10, 234143.55266189575, 45.165584564208984, 420.5174255371094, 269.7506367072532
LOSS, 15859.439453125, -29.582382202148438, 66.6945571899414, 18.76856740014793, 845, 207.0, 343, 17, 244906.5736618042, 68.85704040527344, 421.9323425292969, 289.8302646885257
LOSS, 24450.083984375, -35.010353088378906, 66.4891586303711, 17.74316689722424, 1378, 207.0, 308, 25, 358427.7474784851, 53.404701232910156, 434.9232177734375, 260.1072187797425
LOSS, 21077.456298828125, -39.3583984375, 67.2203598022461, 29.478959858500875, 715, 223.0, 352, 15, 216379.93021392822, 75.41209411621094, 430.9031677246094, 302.629273026473
LOSS, 16146.3291015625, -25.20965576171875, 71.4403305053711, 20.057551678959626, 805, 207.0, 346, 8, 219183.62461853027, 102.6321792602539, 416.0919494628906, 272.27779455718047
LOSS, 6946.21435546875, -31.0870361328125, 60.70159912109375, 28.351895328443877, 245, 207.0, 383, 4, 73722.55492401123, 112.02484130859375, 416.7904052734375, 300.9083874449438
LOSS, 8817.7333984375, -16.48967742919922, 63.544227600097656, 29.197792710057946, 302, 223.0, 379, 2, 89504.59041595459, 100.11691284179688, 411.68511962890625, 296.3728159468695
WIN , 26212.29999923706, -41.999755859375, 90.8846206665039, 11.639564830922318, 2252, 110.4000015258789, 249, 31, 591132.0976257324, 81.82418823242188, 432.7653503417969, 262.4920504554762
LOSS, 12548.2431640625, -20.71624755859375, 63.672706604003906, 28.072132358081657, 447, 207.0, 370, 9, 130960.8821105957, 68.17970275878906, 424.8238220214844, 292.97736490066154
LOSS, 5787.840370178223, -16.876895904541016, 62.909461975097656, 38.58560246785482, 150, 217.0035858154297, 389, 3, 50539.23188781738, 217.51565551757812, 416.47259521484375, 336.9282125854492
LOSS, 14375.000244140625, -20.65599822998047, 65.3075180053711, 21.35958431521638, 673, 223.0, 355, 10, 192323.52655792236, 126.91304779052734, 423.4168701171875, 285.7704703683839
LOSS, 8366.151123046875, -16.670860290527344, 68.6070785522461, 29.150352345111063, 287, 175.0, 380, 8, 92380.77219390869, 86.35223388671875, 423.9391174316406, 321.8842236721557
LOSS, 16565.62890625, -23.658447265625, 69.8467025756836, 21.79688013980263, 760, 223.0, 349, 12, 234324.47729873657, 34.94176483154297, 424.7734069824219, 308.32168065623233
LOSS, 15648.02880859375, -26.9580078125, 65.8177719116211, 24.185515932911514, 647, 223.0, 356, 12, 193370.1844139099, 63.70713424682617, 431.3871765136719, 298.8720006397371
LOSS, 24434.00048828125, -26.092529296875, 62.701637268066406, 19.330696588830104, 1264, 223.0, 315, 23, 394349.6469116211, 111.32386016845703, 435.0776062011719, 311.98548015159895
LOSS, 6473.335021972656, -18.6700439453125, 58.900108337402344, 28.77037787543403, 225, 207.0, 384, 2, 73581.85772705078, 162.66946411132812, 415.5358581542969, 327.0304787868924
LOSS, 8810.845092773438, -39.244384765625, 56.817771911621094, 24.611299141825246, 358, 207.0, 376, 10, 114069.07144165039, 81.7990951538086, 423.53924560546875, 318.6286911777944
LOSS, 18762.1298828125, -51.07330322265625, 69.0282211303711, 26.80304268973214, 700, 207.0, 353, 12, 233781.53546142578, 160.17247009277344, 434.3262634277344, 333.9736220877511
LOSS, 10717.724853515625, -18.20404815673828, 62.878944396972656, 22.611233868176424, 474, 223.0, 368, 8, 132169.52967834473, 82.24671173095703, 438.34344482421875, 278.83867020747834
LOSS, 17009.38720703125, -21.34002685546875, 71.4134750366211, 22.528989678187084, 755, 175.0, 349, 19, 232733.3296508789, 140.42356872558594, 432.08233642578125, 308.2560657627535
LOSS, 16718.837280273438, -38.984375, 66.8419418334961, 15.226627759811874, 1098, 170.447998046875, 326, 19, 303155.2232208252, 82.3026351928711, 441.2912292480469, 276.09765320658033
LOSS, 10422.999877929688, -23.42864990234375, 67.4608383178711, 29.695156347378028, 351, 185.0, 376, 8, 110751.09548950195, 111.536865234375, 424.4012756347656, 315.53018657977765
LOSS, 7136.848388671875, -16.720489501953125, 63.170982360839844, 21.89217297138612, 326, 223.0, 378, 6, 101822.44073486328, 146.35679626464844, 430.0713806152344, 312.3387752603168
LOSS, 18012.046646118164, -18.70946502685547, 69.8216781616211, 23.003890991210938, 783, 201.39498901367188, 347, 17, 223404.2760772705, 73.00847625732422, 432.3617248535156, 285.3183602519419
LOSS, -10600.79988861084, -34.18101501464844, 61.34520721435547, -1.7670944971846707, 5999, 226.5997772216797, 0, 6, 650733.5146102905, 39.140541076660156, 424.72064208984375, 108.47366471250051
LOSS, 7449.31982421875, -18.612289428710938, 67.00370025634766, 26.70007105454749, 279, 207.0, 381, 3, 86974.00675964355, 170.46710205078125, 429.60675048828125, 311.73479125320273
LOSS, 21017.0927734375, -39.080322265625, 70.2403793334961, 17.602255254135258, 1194, 191.0, 320, 17, 329198.19135284424, 68.98397064208984, 430.03399658203125, 275.71037801745746
LOSS, 22670.10546875, -35.99951171875, 68.5332260131836, 26.483768070969628, 856, 191.0, 342, 18, 261908.31253814697, 76.9549560546875, 436.88958740234375, 305.96765483428385
LOSS, 12910.213989257812, -18.722877502441406, 66.9429702758789, 29.077058534364443, 444, 207.0, 370, 8, 132945.4017868042, 81.54991149902344, 426.9957275390625, 299.42658060091037
LOSS, 7165.946044921875, -17.559852600097656, 69.4234390258789, 32.13428719695908, 223, 175.0, 385, 2, 77221.8415222168, 144.1410369873047, 422.2702941894531, 346.2862848529901
LOSS, 15081.0, -19.39031982421875, 64.0883560180664, 23.23728813559322, 649, 223.0, 356, 10, 189968.99146270752, 103.97163391113281, 434.2069396972656, 292.7103104201965
LOSS, 8147.1282958984375, -15.463035583496094, 61.584983825683594, 27.711320734348426, 294, 175.0, 380, 7, 97199.40293884277, 143.61778259277344, 437.953857421875, 330.6102140776965
LOSS, 15364.00048828125, -33.000244140625, 67.6695785522461, 15.566363210011398, 987, 223.0, 334, 10, 269119.9872894287, 74.30390167236328, 419.105712890625, 272.6646274462297
LOSS, 19819.271911621094, -25.763916015625, 62.443748474121094, 23.907445007986844, 829, 186.4561767578125, 344, 19, 267241.60371398926, 70.55806732177734, 431.1236572265625, 322.3662288467904
LOSS, 24830.861572265625, -27.244873046875, 67.86795806884766, 20.919007221790753, 1187, 207.0, 320, 18, 345491.03260040283, 113.50975799560547, 423.7638854980469, 291.062369503288
LOSS, 9865.309814453125, -26.846168518066406, 64.86243438720703, 28.10629576767272, 351, 207.0, 376, 10, 108092.70780181885, 71.76457977294922, 426.725830078125, 307.95643248381435
LOSS, 11231.352416992188, -17.0611572265625, 61.14556884765625, 26.302933060871634, 427, 191.0, 371, 7, 138468.4082107544, 109.16365814208984, 433.20928955078125, 324.28198644204775
WIN , 25831.940521240234, -38.9998779296875, 69.2497787475586, 17.51318001440016, 1475, 171.11895751953125, 301, 28, 419376.14360809326, 77.0987777709961, 435.55950927734375, 284.32280922582595
LOSS, 4821.0, -17.786483764648438, 55.4046630859375, 18.471264367816094, 261, 223.0, 382, 2, 61772.57566833496, 64.15830993652344, 416.04364013671875, 236.67653512772014
LOSS, 12721.23681640625, -39.0, 69.2064437866211, 13.797436894149946, 922, 223.0, 338, 12, 251785.36500549316, 52.706138610839844, 441.6438903808594, 273.08607918166285
LOSS, 17931.918334960938, -26.092605590820312, 63.39238739013672, 19.59772495624146, 915, 170.447998046875, 338, 13, 263219.163230896, 88.61723327636719, 426.8055725097656, 287.671216645788
LOSS, 15527.51318359375, -38.0, 66.56684112548828, 17.04447111261663, 911, 207.0, 339, 18, 274097.70108795166, 57.39720153808594, 432.5499572753906, 300.8756323687724
LOSS, 6829.031005859375, -29.7039794921875, 62.122802734375, 15.735094483546947, 434, 223.0, 371, 2, 126564.44770050049, 86.95797729492188, 427.8984680175781, 291.6231513836417
LOSS, 8410.352416992188, -34.0869140625, 61.663818359375, 29.101565456720373, 289, 223.0, 380, 5, 93553.61768341064, 70.58919525146484, 422.1253356933594, 323.7149400810057
LOSS, -8517.783645629883, -27.292213439941406, 56.48419952392578, -1.419867252147005, 5999, 231.90701293945312, 0, 7, 581073.0553340912, 18.66493034362793, 420.173828125, 96.86165283115372
LOSS, 14022.159423828125, -17.396446228027344, 70.12747955322266, 31.58144014375704, 444, 175.0, 370, 6, 142434.5082397461, 151.69239807128906, 438.8206787109375, 320.7984419814101
WIN , 26351.0, -29.81298828125, 90.9798355102539, 23.443950177935942, 1124, 153.0, 325, 22, 321960.33222198486, 63.55084228515625, 444.47467041015625, 286.44157670995094
LOSS, 8047.405548095703, -35.999969482421875, 60.331642150878906, 20.270542942306555, 397, 180.19500732421875, 373, 5, 103818.33834838867, 58.17889404296875, 434.3548278808594, 261.5071494921629
LOSS, 8613.066162109375, -17.662269592285156, 59.62554931640625, 34.31500462991783, 251, 207.0, 383, 4, 77977.35676574707, 103.5589599609375, 426.0146484375, 310.6667600228967
WIN , 26188.65000152588, -26.597137451171875, 94.5662612915039, 25.450583091861883, 1029, 177.6999969482422, 331, 29, 303249.8884162903, 62.82401657104492, 445.5672912597656, 294.70348728502455
LOSS, 22369.890625, -41.999755859375, 66.5416488647461, 16.304585003644316, 1372, 191.0, 308, 19, 362205.4734535217, 55.7841911315918, 441.70440673828125, 263.9981584938205
LOSS, 8474.76579284668, -26.092529296875, 61.969215393066406, 35.75850545504928, 237, 129.10000610351562, 384, 10, 80334.1693572998, 214.88868713378906, 441.1911926269531, 338.9627399042186
LOSS, 8231.710693359375, -21.34002685546875, 66.5752182006836, 33.32676394072622, 247, 191.0, 383, 4, 83934.61381530762, 141.7999725341797, 425.2690734863281, 339.8162502644033
LOSS, 17134.300003051758, -17.992469787597656, 65.57120513916016, 25.535469453132276, 671, 196.39999389648438, 355, 13, 212141.81634521484, 95.6058349609375, 434.51068115234375, 316.1576994712591
WIN , 26594.0, -33.000244140625, 68.4825668334961, 25.945365853658537, 1025, 207.0, 331, 13, 315263.52027893066, 84.35102844238281, 443.6553039550781, 307.574166125786
LOSS, 9447.340454101562, -20.662452697753906, 63.82384490966797, 19.241019254789332, 491, 207.0, 367, 4, 160225.3047027588, 160.05543518066406, 451.210693359375, 326.3244494964537
WIN , 24504.0, -43.845703125, 79.50439453125, 12.40080971659919, 1976, 207.0, 268, 23, 414673.8144836426, 68.15644836425781, 459.2355041503906, 209.85516927309848
WIN , 26990.0, -32.9345703125, 80.205078125, 28.99033297529538, 931, 175.0, 337, 32, 287136.0137825012, 52.383792877197266, 449.9988098144531, 308.4167709801302
LOSS, 11634.571655273438, -17.66242218017578, 64.47928619384766, 29.159327456825658, 399, 154.447998046875, 373, 4, 118740.21552276611, 76.08277130126953, 455.77703857421875, 297.59452511971455
WIN , 27102.0, -17.662879943847656, 78.57421875, 23.711286089238847, 1143, 191.0, 323, 27, 345528.3915977478, 49.24662399291992, 442.4210510253906, 302.29955520362887
LOSS, 15767.083374023438, -26.536865234375, 68.6498031616211, 19.807893685959094, 796, 138.447998046875, 346, 11, 227876.22611999512, 89.96781158447266, 446.116943359375, 286.2766659798934
LOSS, 15578.31884765625, -25.2093505859375, 64.6715316772461, 25.706796778310643, 606, 207.0, 359, 15, 186866.23530197144, 55.10042953491211, 433.2099914550781, 308.36012426067896
WIN , 26734.0, -36.0001220703125, 80.48583984375, 20.644015444015444, 1295, 207.0, 313, 30, 371909.2111053467, 74.71546936035156, 452.36083984375, 287.1885800041287
LOSS, 18393.993995666504, -23.6484375, 66.8044204711914, 23.25410113232175, 791, 209.6999969482422, 347, 10, 241174.64098358154, 64.76079559326172, 446.89892578125, 304.89840832311194
LOSS, 11960.934814453125, -34.7723388671875, 64.5525131225586, 8.120118679194247, 1473, 207.0, 301, 17, 322866.13455581665, 50.73543167114258, 438.9839172363281, 219.1895007167798
LOSS, 11324.65380859375, -16.00006103515625, 67.1617660522461, 30.118760129238698, 376, 191.0, 374, 4, 113479.24620056152, 84.31836700439453, 429.2149658203125, 301.8065058525572
WIN , 25612.0, -48.204200744628906, 82.58673858642578, 12.013133208255159, 2132, 191.0, 257, 34, 556717.2653694153, 59.79920959472656, 452.79278564453125, 261.12442090497905
LOSS, 9003.999877929688, -33.000244140625, 68.01000213623047, 25.79942658432575, 349, 223.0, 376, 8, 101917.83657073975, 95.94561767578125, 474.4911804199219, 292.0281850164463
LOSS, 12486.725830078125, -17.7215576171875, 69.53482818603516, 42.61681170675128, 293, 207.0, 380, 7, 99815.01365661621, 109.08851623535156, 441.33978271484375, 340.66557561985053
LOSS, 16328.117919921875, -40.4193115234375, 69.9489517211914, 31.95326403115827, 511, 223.0, 365, 7, 160343.47397613525, 80.54654693603516, 456.0589599609375, 313.7837064112236
LOSS, 7433.674560546875, -22.04345703125, 64.0590591430664, 19.358527501424152, 384, 223.0, 374, 5, 106873.50458526611, 105.30247497558594, 449.99407958984375, 278.31641819079715
LOSS, 7023.6258544921875, -19.6136474609375, 63.309547424316406, 32.82068156304761, 214, 207.0, 385, 8, 74102.67170715332, 155.23097229003906, 460.65435791015625, 346.27416685585666
LOSS, 12423.206420898438, -17.662269592285156, 69.4627914428711, 32.01857324973824, 388, 223.0, 374, 8, 127710.75559234619, 108.39733123779297, 452.8910827636719, 329.15143193903657
LOSS, 9879.279541015625, -21.34002685546875, 68.1777114868164, 28.146095558449073, 351, 207.0, 376, 8, 112194.7427368164, 97.2749252319336, 444.15478515625, 319.6431417003316
LOSS, 26343.66064453125, -24.391868591308594, 69.5412368774414, 19.228949375570256, 1370, 207.0, 308, 16, 402938.75159454346, 83.10101318359375, 456.51922607421875, 294.1158770763091
LOSS, 7219.250396728516, -20.662452697753906, 60.115272521972656, 20.68553122271781, 349, 150.86810302734375, 376, 5, 102147.05785369873, 111.71993255615234, 456.7630920410156, 292.6849795234921
LOSS, 11509.763671875, -17.779930114746094, 61.82837677001953, 35.855961594626166, 321, 191.0, 378, 7, 110116.89275360107, 91.73292541503906, 436.546630859375, 343.04327960623385
LOSS, 13124.44580078125, -18.963623046875, 68.1316146850586, 19.915699242460168, 659, 175.0, 356, 6, 203887.19456481934, 84.01136779785156, 446.95361328125, 309.38876261732827
LOSS, 25220.961181640625, -23.71826171875, 66.1656723022461, 23.461359238735465, 1075, 191.0, 328, 22, 299354.6503829956, 69.90164184570312, 457.7528991699219, 278.4694422167401
WIN , 26704.83213043213, -38.0, 90.48787689208984, 21.961210633579054, 1216, 165.3357391357422, 318, 19, 372528.71098327637, 61.93342590332031, 463.2225646972656, 306.3558478480891
LOSS, 16413.77939605713, -18.462913513183594, 60.524803161621094, 20.724468934415565, 792, 177.6999969482422, 347, 16, 212447.68045806885, 63.23564910888672, 461.56732177734375, 268.24202078038996
LOSS, 8865.217163085938, -30.322265625, 56.681129455566406, 21.465416859772247, 413, 191.0, 372, 3, 136673.5537033081, 120.89752960205078, 441.11279296875, 330.92870146079446
LOSS, 7388.7264404296875, -23.752708435058594, 60.37803649902344, 18.198833597117456, 406, 223.0, 372, 4, 120302.7063293457, 81.36114501953125, 440.3377380371094, 296.31208455503867
WIN , 26414.398712158203, -22.04345703125, 70.5711898803711, 27.344098045712425, 966, 186.20257568359375, 335, 21, 309340.97481155396, 41.89500427246094, 443.2231750488281, 320.228752392913
LOSS, -6214.648941040039, -32.41180419921875, 55.818023681640625, -1.0359474814202432, 5999, 190.09500122070312, 0, 3, 581335.4916801453, 21.487979888916016, 443.60638427734375, 96.90539951327642
LOSS, 10813.670288085938, -17.662269592285156, 69.1078872680664, 23.10613309420072, 468, 223.0, 368, 3, 132452.03172302246, 75.4591293334961, 452.9898681640625, 283.01716180133
LOSS, 8093.18896484375, -18.738441467285156, 64.61234283447266, 25.134127220011646, 322, 186.447998046875, 378, 8, 86399.76454544067, 63.70579147338867, 450.1841125488281, 268.3222501411201
LOSS, 14098.275390625, -32.102500915527344, 69.04532623291016, 21.361023319128787, 660, 223.0, 355, 12, 193849.81840515137, 77.50433349609375, 453.6087646484375, 293.71184606841115
LOSS, 21169.802505493164, -33.000244140625, 67.4410171508789, 23.060787043020877, 918, 185.39498901367188, 338, 19, 253924.60820388794, 46.354347229003906, 450.5927734375, 276.6063270194858
LOSS, 9789.628784179688, -19.764556884765625, 62.893898010253906, 22.713755879767255, 431, 191.0, 371, 5, 146255.0266342163, 114.0555419921875, 455.59979248046875, 339.3388088960935
WIN , 26936.65000152588, -38.00048828125, 71.1934585571289, 19.199322880631417, 1403, 161.6999969482422, 306, 21, 377108.92052459717, 72.01026916503906, 450.68463134765625, 268.78754135751757
LOSS, 23179.863525390625, -19.87662124633789, 60.549217224121094, 31.537229286245747, 735, 223.0, 350, 20, 251130.35471343994, 82.93821716308594, 462.5469055175781, 341.6739519910748
LOSS, 15873.772216796875, -27.4072265625, 69.1356430053711, 18.162210774367132, 874, 223.0, 341, 15, 283010.54553985596, 71.91726684570312, 441.6606750488281, 323.8106928373638
LOSS, 16135.000244140625, -41.1575927734375, 67.5688705444336, 23.97474033304699, 673, 223.0, 355, 13, 211979.27310180664, 89.94739532470703, 444.30810546875, 314.9766316520158
LOSS, 13976.478271484375, -35.39447021484375, 63.080055236816406, 17.804430919088375, 785, 175.0, 347, 12, 219237.65956878662, 87.56864929199219, 447.55023193359375, 279.2836427627855
LOSS, 13631.623168945312, -16.21080780029297, 64.3980941772461, 32.45624564034598, 420, 150.5, 371, 15, 144740.04692840576, 64.2764892578125, 464.8272705078125, 344.6191593533471
WIN , 21860.65000152588, -40.11299133300781, 82.9439468383789, 4.484235897748898, 4875, 193.6999969482422, 74, 17, 779611.6063537598, 47.40948486328125, 452.0062561035156, 159.92032950846354
WIN , 26820.0, -29.857177734375, 76.4180679321289, 28.963282937365012, 926, 175.0, 338, 21, 292522.93169403076, 70.57678985595703, 465.8155212402344, 315.89949427001164
LOSS, 11819.022361755371, -16.00006103515625, 68.3492202758789, 29.621609929211456, 399, 170.1645050048828, 373, 3, 132502.3563079834, 85.80036926269531, 460.9245300292969, 332.0861060350461
LOSS, 13494.3251953125, -26.092529296875, 65.4585952758789, 13.797878522814417, 978, 223.0, 334, 10, 251963.5510673523, 46.83195114135742, 446.8731689453125, 257.63144280915367
WIN , 26917.786407470703, -23.978271484375, 85.924072265625, 21.83113252836229, 1233, 159.42718505859375, 317, 21, 361465.3914222717, 57.78266143798828, 463.1413269042969, 293.15927933679785
LOSS, 23590.119873046875, -37.06878662109375, 61.945701599121094, 27.655474646010404, 853, 223.0, 343, 17, 264943.9447822571, 56.59525680541992, 460.12591552734375, 310.6025143988946
LOSS, 19275.68359375, -26.092529296875, 59.070045471191406, 18.78721597831384, 1026, 175.0, 331, 11, 284647.1681461334, 23.349390029907227, 461.07135009765625, 277.4338870820014
LOSS, 19834.003761291504, -36.1556396484375, 60.872093200683594, 21.916026255570724, 905, 209.6999969482422, 339, 14, 261879.75118255615, 51.410858154296875, 462.8230285644531, 289.3698908094543
LOSS, 13580.259399414062, -15.999984741210938, 59.175636291503906, 28.955776971032115, 469, 175.0, 368, 6, 158198.4310760498, 96.58880615234375, 458.6488952636719, 337.31008758219576
LOSS, 12387.0, -15.999755859375, 69.0932388305664, 25.699170124481327, 482, 191.0, 367, 9, 148601.97495269775, 65.34817504882812, 451.2870178222656, 308.302852598958
LOSS, 19897.31494140625, -18.99950408935547, 68.8463363647461, 28.50618186447887, 698, 191.0, 353, 13, 232600.67385101318, 85.32685089111328, 470.1300048828125, 333.23878775216787
LOSS, 21377.61279296875, -36.9998779296875, 90.9798355102539, 13.43658880764849, 1591, 191.0, 293, 20, 483509.00648880005, 54.90578079223633, 468.7637023925781, 303.9025810740415
LOSS, 21929.802505493164, -21.452552795410156, 67.6192398071289, 25.860616162138164, 848, 185.39498901367188, 343, 18, 254964.93852233887, 60.08527374267578, 447.13775634765625, 300.66620108766375
LOSS, 5777.650001525879, -16.00006103515625, 66.38907623291016, 29.78170103879319, 194, 209.6999969482422, 387, 2, 57898.28160095215, 102.36759185791016, 451.7010803222656, 298.4447505203719
WIN , 26823.300003051758, -42.00048828125, 93.4114761352539, 20.52280030837931, 1307, 148.39999389648438, 312, 21, 365079.5164680481, 37.65619659423828, 462.8103942871094, 279.3263324162572
LOSS, 8809.666137695312, -31.489227294921875, 69.6544418334961, 26.219244457426527, 336, 175.0, 377, 7, 117443.039894104, 56.633262634277344, 462.5424499511719, 349.53285682769047
LOSS, 21504.737548828125, -20.7525634765625, 70.4076156616211, 26.418596497331848, 814, 175.0, 345, 13, 249668.82935333252, 59.839111328125, 452.1412048339844, 306.7184635790326
LOSS, 18503.69384765625, -18.462913513183594, 58.986427307128906, 19.017157089060895, 973, 175.0, 335, 13, 300423.98778533936, 89.70477294921875, 464.9457702636719, 308.7605218759911
LOSS, 14102.56103515625, -22.68408203125, 65.5269546508789, 20.23322960567611, 697, 175.0, 353, 8, 196419.9603729248, 111.2791748046875, 456.0865478515625, 281.8076906354732
LOSS, 16771.08984375, -17.66242218017578, 70.9435043334961, 25.181816582207208, 666, 207.0, 355, 18, 204957.17391204834, 94.23771667480469, 483.80584716796875, 307.74350437244493
LOSS, 13477.0, -35.0, 64.3428726196289, 25.76864244741874, 523, 191.0, 365, 10, 163855.95259857178, 87.46421813964844, 454.2715759277344, 313.30010057088293
LOSS, 14176.543701171875, -16.7203369140625, 68.89485931396484, 30.618884883740552, 463, 159.0, 369, 7, 150198.66651916504, 92.95050811767578, 454.839599609375, 324.40316742800223
WIN , 27275.75, -35.020652770996094, 70.5342788696289, 21.242795950155763, 1284, 143.5, 314, 19, 372857.1420440674, 83.64026641845703, 471.7288513183594, 290.38718227731107
LOSS, 14591.79833984375, -19.39495086669922, 61.11015319824219, 19.250393588184366, 758, 223.0, 349, 14, 233313.27472686768, 64.2833480834961, 453.6577453613281, 307.80115399322915
LOSS, 9250.365257263184, -17.2745361328125, 59.335548400878906, 20.83415598482699, 444, 201.8000030517578, 370, 8, 122456.04829406738, 78.94395446777344, 439.6593017578125, 275.80191057222385
LOSS, 8320.712768554688, -32.99993896484375, 65.7603988647461, 25.76072064568015, 323, 191.0, 378, 7, 98522.41450500488, 80.68375396728516, 438.4342956542969, 305.0229551238541
LOSS, 12081.396850585938, -19.156700134277344, 67.6701889038086, 23.689013432521445, 510, 207.0, 365, 10, 154749.88153076172, 78.92890930175781, 451.423095703125, 303.4311402563955
LOSS, 21011.0, -18.462913513183594, 67.2121353149414, 31.834848484848486, 660, 223.0, 355, 15, 212578.81855010986, 60.49021911621094, 459.6404113769531, 322.089119015318
LOSS, -8540.79988861084, -32.09747314453125, 62.784034729003906, -1.4237039320904883, 5999, 226.5997772216797, 0, 4, 451714.9694519043, 15.94938850402832, 441.66021728515625, 75.29837797164599
LOSS, 10151.0, -21.34002685546875, 70.0670394897461, 25.763959390862944, 394, 223.0, 373, 9, 116072.30290985107, 67.66197204589844, 448.4102478027344, 294.5997535783022
LOSS, 22019.825927734375, -32.160400390625, 82.79749298095703, 18.99898699545675, 1159, 191.0, 322, 22, 312342.397315979, 51.43788528442383, 453.43157958984375, 269.4930089007584
LOSS, 16441.0, -26.092529296875, 63.555824279785156, 21.89214380825566, 751, 223.0, 349, 19, 231764.5211906433, 43.067893981933594, 461.7627868652344, 308.60788440831334
LOSS, 21082.00048828125, -21.4822998046875, 65.3560562133789, 26.484925236534234, 796, 207.0, 346, 10, 236207.34006500244, 80.75214385986328, 456.3217468261719, 296.74288952889754
LOSS, 7362.3223876953125, -18.462913513183594, 62.81592559814453, 25.74238597096263, 286, 175.0, 380, 3, 89485.01886749268, 103.76980590820312, 445.1981506347656, 312.8846813548695
WIN , 27140.0, -21.115150451660156, 65.95145416259766, 26.046065259117082, 1042, 175.0, 330, 22, 299227.788394928, 33.548580169677734, 464.40667724609375, 287.1667834884146
LOSS, 13873.34375, -18.462913513183594, 62.668678283691406, 25.834904562383613, 537, 223.0, 364, 12, 173620.46354675293, 89.22406005859375, 451.2145690917969, 323.3155745749589
LOSS, 20113.949996948242, -16.0809326171875, 60.00633239746094, 25.655548465495208, 784, 177.10000610351562, 347, 13, 243557.11306762695, 71.45512390136719, 463.5986328125, 310.6595829944221
LOSS, 17686.687255859375, -36.3162841796875, 59.87574768066406, 19.761661738390362, 895, 223.0, 340, 13, 274847.1636772156, 49.600257873535156, 454.2029724121094, 307.0918029913023
WIN , 27927.25, -25.3411865234375, 65.00020599365234, 20.580140014738394, 1357, 140.5, 309, 18, 434443.0863418579, 92.17975616455078, 450.4346618652344, 320.14965832119225
LOSS, 5128.070556640625, -29.060592651367188, 54.187232971191406, 14.20518159734245, 361, 191.0, 375, 3, 95948.21844482422, 83.82958984375, 438.4577331542969, 265.7845386283219
WIN , 25114.0, -39.25, 60.832130432128906, 6.614169080853305, 3797, 207.0, 146, 29, 600455.6855258942, 30.525808334350586, 463.0019226074219, 158.1395010602829
LOSS, 14066.897705078125, -15.999755859375, 64.11102294921875, 23.17446079914024, 607, 159.0, 359, 7, 202426.65450668335, 63.30057907104492, 459.88018798828125, 333.4870749698243
LOSS, 9538.960815429688, -21.3397216796875, 64.44478607177734, 26.27812896812586, 363, 223.0, 375, 7, 103998.36441802979, 77.99118041992188, 437.2547912597656, 286.4968716750132
LOSS, 26450.275146484375, -30.322265625, 64.2537612915039, 26.292520026326418, 1006, 191.0, 332, 21, 335599.3927383423, 34.057125091552734, 439.960693359375, 333.59780590292473
LOSS, 15898.741455078125, -18.890396118164062, 58.471595764160156, 21.572240780295964, 737, 175.0, 350, 9, 227151.61945724487, 45.232879638671875, 437.85540771484375, 308.2111525878492
LOSS, 22690.318183898926, -20.1611328125, 65.5565414428711, 30.704084146006664, 739, 207.95982360839844, 350, 18, 238989.22745513916, 62.1470947265625, 455.7464904785156, 323.39543633983646
LOSS, 14944.031005859375, -18.721778869628906, 61.30316925048828, 21.626672946250906, 691, 223.0, 353, 15, 188565.55529785156, 30.54537582397461, 437.81158447265625, 272.88792373061005
LOSS, 15330.359130859375, -34.6925048828125, 70.54602813720703, 29.48145986703726, 520, 223.0, 365, 10, 170159.56019210815, 49.018497467041016, 448.10894775390625, 327.22992344636185
LOSS, 12648.649169921875, -37.43743896484375, 62.15202331542969, 20.701553469593904, 611, 191.0, 359, 5, 193926.69149780273, 64.51954650878906, 446.806640625, 317.3922937770912
LOSS, 17639.423583984375, -18.521751403808594, 66.7314682006836, 22.878629810615273, 771, 207.0, 348, 12, 222454.5331954956, 75.69901275634766, 440.7788391113281, 288.5272804092031
LOSS, 10797.841552734375, -17.545021057128906, 68.10140228271484, 26.081742881000906, 414, 207.0, 372, 13, 127242.44525527954, 52.910343170166016, 452.86859130859375, 307.3489015828008
LOSS, 8000.570556640625, -18.890548706054688, 66.47176361083984, 31.130624734010215, 257, 186.447998046875, 382, 7, 79165.74250030518, 85.68601989746094, 453.35675048828125, 308.03790856149874
LOSS, 4950.66455078125, -18.77500343322754, 61.153175354003906, 38.98161063607284, 127, 191.0, 391, 3, 46480.00614929199, 146.1782989501953, 430.04052734375, 365.9843003881259
LOSS, 8381.583251953125, -13.330078125, 61.515113830566406, 34.21054388552296, 245, 175.0, 383, 3, 85233.58796691895, 157.71807861328125, 434.8642883300781, 347.89219578334263
LOSS, 10501.999877929688, -20.662452697753906, 62.20390319824219, 27.636841784025492, 380, 207.0, 374, 7, 125564.20986175537, 84.91705322265625, 453.7828063964844, 330.4321312151457
LOSS, 5619.71231842041, -14.779937744140625, 62.19817352294922, 28.81903753036108, 195, 186.0166473388672, 386, 4, 71391.46922302246, 249.9524383544922, 440.19293212890625, 366.1100985796024
LOSS, 13169.0, -18.963623046875, 64.8458023071289, 25.276391554702496, 521, 207.0, 365, 11, 171288.7375640869, 87.8632583618164, 437.9792175292969, 328.7691699886505
LOSS, 19989.20654296875, -19.748916625976562, 65.1134262084961, 22.08752104195442, 905, 175.0, 339, 19, 284399.35973358154, 59.753658294677734, 442.2166748046875, 314.2534361697034
LOSS, 10313.607055664062, -21.869972229003906, 69.3810043334961, 28.412140649212294, 363, 191.0, 375, 8, 107809.56311798096, 77.58279418945312, 428.1883544921875, 296.99604164733046
LOSS, 9476.641479492188, -17.662269592285156, 68.3537826538086, 24.175105815031092, 392, 223.0, 373, 4, 113330.70446395874, 50.799591064453125, 442.4051513671875, 289.10893995907844
LOSS, 10767.115966796875, -16.720489501953125, 63.67255401611328, 22.154559602462705, 486, 191.0, 367, 6, 164526.70964813232, 76.02332305908203, 448.6788024902344, 338.5323243788731
WIN , 27072.83213043213, -25.167137145996094, 69.1670913696289, 23.541593156897502, 1150, 149.3357391357422, 323, 26, 386148.74629974365, 68.03785705566406, 453.9356689453125, 335.7815185215162
LOSS, 4671.270690917969, -26.0599365234375, 62.909141540527344, 22.03429571187721, 212, 223.0, 385, 2, 57977.891525268555, 75.99366760253906, 433.61956787109375, 273.48062040221015
LOSS, 20695.44580078125, -19.185012817382812, 65.4366226196289, 29.066637360647825, 712, 223.0, 352, 19, 237661.00422668457, 71.633544921875, 443.1651916503906, 333.7935452621974
WIN , 27881.44598388672, -21.3397216796875, 83.1165542602539, 26.3529735197417, 1058, 172.1080322265625, 329, 31, 338728.22092819214, 63.5137825012207, 443.391357421875, 320.1589989869491
LOSS, 25221.0, -33.000244140625, 64.1786880493164, 20.622240392477515, 1223, 223.0, 318, 27, 352470.19959640503, 58.138919830322266, 451.7362976074219, 288.201307928377
LOSS, 3167.0, -15.612335205078125, 57.200164794921875, 19.3109756097561, 164, 191.0, 389, 2, 56503.3447265625, 157.73562622070312, 438.5805358886719, 344.5325897961128
LOSS, 12004.99169921875, -26.122207641601562, 68.1417007446289, 18.670282580433515, 643, 223.0, 357, 9, 168120.30122756958, 55.4629020690918, 439.8574523925781, 261.46236582825753
LOSS, 17181.276123046875, -13.788124084472656, 68.7816390991211, 34.02232895652847, 505, 191.0, 366, 11, 180616.93858337402, 114.59410095214844, 441.51177978515625, 357.6573041254931
