LOSS, 22990.492332458496, -32.2515869140625, 50.43571472167969, 6.531389867175709, 3520, 185.8000030517578, 165, 21, 10228.731819212437, 0.5424893498420715, 38.26371383666992, 2.9058897213671697
LOSS, 14266.106201171875, -29.853721618652344, 51.44950866699219, 13.783677489054952, 1035, 223.0, 330, 10, 9768.260868549347, 2.770026922225952, 58.632659912109375, 9.437933206327871
WIN , 30981.13641357422, -40.9998779296875, 78.658447265625, 10.144445453036745, 3054, 172.7271728515625, 196, 37, 48578.235515236855, -3.93137526512146, 65.82125854492188, 15.906429441793339
WIN , 30050.0, -22.389892578125, 75.721435546875, 22.50936329588015, 1335, 175.0, 310, 33, 42114.45860016346, 1.4233208894729614, 102.64454650878906, 31.54641093645203
LOSS, 19915.81640625, -24.813621520996094, 76.46243286132812, 23.43037224264706, 850, 207.0, 343, 13, 32796.33039903641, 3.6835131645202637, 103.224609375, 38.58391811651342
LOSS, 8027.6119384765625, -21.34002685546875, 51.019813537597656, 17.226635061108503, 466, 223.0, 368, 4, 16786.218817949295, 3.1467955112457275, 107.71319580078125, 36.02192879388261
LOSS, 10836.103149414062, -16.583648681640625, 55.65879821777344, 25.86182135898344, 419, 223.0, 372, 11, 17218.46591567993, 25.412717819213867, 95.74213409423828, 41.094190729546376
LOSS, 21840.084602355957, -22.184890747070312, 58.647071838378906, 23.013787779089522, 949, 184.83079528808594, 336, 21, 40485.10622358322, 5.171054363250732, 100.52175903320312, 42.66080740103606
WIN , 28963.25050354004, -22.354888916015625, 66.82352447509766, 24.524344202828146, 1181, 148.49899291992188, 321, 30, 63070.95685863495, 7.284048080444336, 146.69822692871094, 53.40470521476287
WIN , 29021.40355682373, -19.291976928710938, 61.469337463378906, 20.567968502355583, 1411, 192.19288635253906, 305, 35, 89474.13932418823, 31.908851623535156, 131.0117645263672, 63.41186344733397
LOSS, 14270.887969970703, -25.831146240234375, 61.070167541503906, 19.00251394137244, 751, 183.58538818359375, 349, 12, 45349.131536483765, 17.88224220275879, 137.37242126464844, 60.384995388127514
LOSS, 12220.096313476562, -18.88811492919922, 54.770729064941406, 26.62330351519948, 459, 191.0, 369, 9, 32009.663793563843, 19.864545822143555, 142.63250732421875, 69.7378296156075
LOSS, 13538.281860351562, -19.39031982421875, 66.4119644165039, 26.339069767220938, 514, 175.0, 365, 5, 33201.357681274414, 21.264341354370117, 134.55914306640625, 64.59408109197356
LOSS, 12282.382690429688, -22.794231414794922, 58.74321365356445, 28.899723977481617, 425, 191.0, 371, 6, 34717.1591796875, 9.669153213500977, 178.7669677734375, 81.68743336397058
LOSS, 18921.63720703125, -35.0001220703125, 62.423606872558594, 18.020606863839287, 1050, 223.0, 329, 15, 83082.03942871094, 17.358707427978516, 159.00611877441406, 79.12575183686756
LOSS, 7589.2760009765625, -38.009925842285156, 53.921119689941406, 24.16966879291899, 314, 186.447998046875, 379, 6, 26769.702653884888, 23.28312873840332, 157.21697998046875, 85.25383010791366
LOSS, 21711.59999847412, -23.90534210205078, 61.352760314941406, 24.700341295192402, 879, 201.8000030517578, 341, 21, 78528.97422170639, 7.2832770347595215, 169.0331573486328, 89.3389922886307
WIN , 26846.557502746582, -20.9521484375, 68.08679962158203, 24.88096154100703, 1079, 141.88499450683594, 328, 28, 98822.979221344, 19.568546295166016, 161.9432830810547, 91.58756183627803
WIN , 25976.0, -40.999755859375, 88.743896484375, 17.067017082785807, 1522, 223.0, 298, 25, 136096.97721290588, 13.356800079345703, 197.78890991210938, 89.41982734093685
LOSS, -9610.0, -26.752662658691406, 61.406776428222656, -1.6019336556092683, 5999, 205.0, 0, 6, 399908.07578086853, 10.812477111816406, 187.89556884765625, 66.66245637287356
LOSS, 7941.265625, -12.9901123046875, 66.99454498291016, 37.99648624401914, 209, 207.0, 386, 4, 28692.113353729248, 41.64927673339844, 206.79513549804688, 137.2828390130586
LOSS, 10621.39990234375, -18.721778869628906, 62.725364685058594, 25.228978390365203, 421, 207.0, 371, 6, 52985.55039978027, 38.29854202270508, 214.26165771484375, 125.85641425125955
LOSS, 10492.705444335938, -16.362197875976562, 67.74039459228516, 34.402312932248975, 305, 207.0, 379, 7, 42154.90859603882, 42.816837310791016, 234.86294555664062, 138.21281506897972
LOSS, 4784.555847167969, -17.66242218017578, 68.33150482177734, 41.969788133052354, 114, 191.0, 392, 5, 17432.903651237488, 14.320172309875488, 231.84228515625, 152.92020746699552
LOSS, 7082.1240234375, -16.084640502929688, 65.8541030883789, 36.69494312661917, 193, 175.0, 387, 4, 30233.586418151855, 78.07920837402344, 239.8655548095703, 156.65070682980237
WIN , 25932.065948486328, -38.0, 74.387451171875, 11.034921680206947, 2350, 150.86810302734375, 243, 18, 258800.08976745605, 21.199562072753906, 259.3225402832031, 110.12769777338555
LOSS, 21972.66015625, -40.999755859375, 68.3971176147461, 21.950709446803195, 1001, 223.0, 333, 24, 131086.17643737793, 28.0678653717041, 244.14337158203125, 130.95522121616176
LOSS, 12151.0, -18.462913513183594, 65.2364273071289, 19.661812297734627, 618, 223.0, 358, 10, 98366.17532730103, 51.336456298828125, 289.5566101074219, 159.16856849077837
LOSS, 16914.00048828125, -18.6700439453125, 63.063255310058594, 23.957507773769475, 706, 223.0, 352, 13, 113374.75825881958, 45.20896530151367, 273.58135986328125, 160.58747628727986
LOSS, 13803.28125, -20.6585693359375, 61.298439025878906, 23.198792016806724, 595, 175.0, 360, 13, 100209.6828994751, 73.96916198730469, 260.15216064453125, 168.41963512516824
LOSS, 16658.41650390625, -30.196922302246094, 65.3261489868164, 24.038119053255773, 693, 207.0, 353, 25, 110220.58102607727, 28.00706672668457, 274.0495300292969, 159.04845746908697
LOSS, 14899.4228515625, -28.364784240722656, 62.21099853515625, 23.87728021083734, 624, 223.0, 358, 9, 102916.57704925537, 61.954681396484375, 265.6846618652344, 164.93041193790924
LOSS, 12745.36865234375, -15.657630920410156, 68.09546661376953, 35.80159733804424, 356, 175.0, 376, 6, 61231.68355560303, 72.41383361816406, 258.7314147949219, 171.99911111124445
LOSS, 5201.364013671875, -16.720489501953125, 60.828758239746094, 26.269515220565026, 198, 191.0, 386, 2, 32363.458084106445, 45.12892150878906, 246.06036376953125, 163.4518085055881
WIN , 26193.940521240234, -39.0, 66.2914047241211, 23.726395399674125, 1104, 187.11895751953125, 326, 27, 182128.66622161865, 39.372230529785156, 281.5910339355469, 164.97161795436472
WIN , 25878.65000152588, -21.34002685546875, 76.6524429321289, 20.473615507536298, 1264, 177.6999969482422, 315, 17, 200082.14516067505, 36.533416748046875, 278.59625244140625, 158.29283636129355
LOSS, 23406.916748046875, -19.143455505371094, 63.037940979003906, 31.08488279953104, 753, 223.0, 349, 19, 143729.28171920776, 40.57524490356445, 285.5061340332031, 190.87554013175003
LOSS, 5069.3572998046875, -16.723968505859375, 65.9297866821289, 31.486691303134705, 161, 175.0, 389, 2, 29914.367027282715, 90.14273071289062, 273.35736083984375, 185.8035219085883
WIN , 24696.0, -21.91321563720703, 79.02099609375, 20.683417085427134, 1194, 223.0, 320, 12, 193523.2092113495, 28.556310653686523, 289.61871337890625, 162.0797397079979
WIN , 26918.49168395996, -27.22894287109375, 80.25230407714844, 27.135576294314475, 992, 138.01663208007812, 333, 24, 197301.22388076782, 59.89228820800781, 290.8635559082031, 198.89236278303207
LOSS, 14325.203857421875, -16.720489501953125, 64.2461166381836, 30.031873914930557, 477, 175.0, 368, 8, 97342.64247894287, 78.75865173339844, 280.8483581542969, 204.0726257420186
LOSS, 7565.6112060546875, -34.0001220703125, 66.57857513427734, 11.550551459625478, 655, 223.0, 356, 13, 103518.47478485107, 43.46257781982422, 293.842529296875, 158.0434729539711
LOSS, 9616.362548828125, -36.0, 65.87308502197266, 19.118016995682158, 503, 223.0, 366, 7, 85668.76086807251, 50.47376251220703, 295.62152099609375, 170.315627968335
LOSS, 4263.9998779296875, -15.706977844238281, 66.46016693115234, 37.07825980808424, 115, 223.0, 392, 7, 22745.35138320923, 41.4033317565918, 273.9421691894531, 197.78566420181937
LOSS, 7959.381103515625, -16.887123107910156, 61.36054229736328, 22.048147101151315, 361, 175.0, 375, 3, 74509.43767547607, 89.87203979492188, 294.2095642089844, 206.39733428109716
LOSS, 10502.445678710938, -26.092529296875, 65.27806854248047, 31.633872526237763, 332, 175.0, 377, 10, 66870.7579574585, 84.04795837402344, 312.683837890625, 201.41794565499546
LOSS, 6393.2730712890625, -14.66827392578125, 62.955848693847656, 25.779326900359123, 248, 207.0, 383, 5, 53034.67529296875, 109.04114532470703, 308.540771484375, 213.84949714906753
LOSS, 19519.56610107422, -37.00048828125, 67.21501922607422, 27.22394156356237, 717, 186.4561767578125, 352, 20, 146803.44456481934, 56.4833984375, 314.096435546875, 204.74678460923198
LOSS, 5852.5693359375, -13.27532958984375, 61.081443786621094, 37.51647010216346, 156, 207.0, 389, 5, 35544.0602722168, 139.33877563476562, 301.9220275878906, 227.84654020651791
WIN , 26257.300003051758, -27.25439453125, 66.6695327758789, 24.04514652294117, 1092, 180.39999389648438, 327, 30, 231603.10334014893, 70.13631439208984, 318.3432922363281, 212.09075397449536
LOSS, 7219.411865234375, -26.698150634765625, 65.31546783447266, 20.45159168621636, 353, 223.0, 376, 2, 72340.96371078491, 59.44047927856445, 308.7756042480469, 204.93190852913574
LOSS, 14253.48388671875, -38.0, 64.8488540649414, 15.81962695529273, 901, 175.0, 339, 10, 171606.40084838867, 60.73735427856445, 310.63470458984375, 190.4621541047599
LOSS, 15700.495849609375, -21.240379333496094, 68.8531265258789, 29.73578759395715, 528, 223.0, 364, 16, 116225.99458312988, 52.82487106323242, 319.7314758300781, 220.1249897407763
LOSS, 6481.0, -15.204170227050781, 60.732017517089844, 36.20670391061452, 179, 223.0, 388, 3, 38767.4948425293, 62.93914794921875, 307.8283996582031, 216.5781834778173
WIN , 25222.0, -42.999755859375, 68.99331665039062, 14.88023598820059, 1695, 191.0, 286, 23, 320450.66746902466, 45.62103271484375, 325.260986328125, 189.0564409846753
LOSS, 15766.82166671753, -16.00006103515625, 71.1797103881836, 26.06086225903724, 605, 121.2809829711914, 359, 13, 138156.82954788208, 42.88842010498047, 332.33270263671875, 228.35839594691254
LOSS, 8010.2525634765625, -19.98999786376953, 63.789894104003906, 26.790142352764423, 299, 191.0, 380, 8, 63551.92254638672, 53.46022033691406, 313.1961975097656, 212.5482359410927
LOSS, 15203.1923828125, -34.0, 66.7693099975586, 22.930908571361236, 663, 223.0, 355, 8, 140260.67724609375, 66.27169036865234, 336.97900390625, 211.55456598204185
LOSS, 19546.78818511963, -40.00048828125, 68.1310043334961, 12.028792729304387, 1625, 209.6999969482422, 291, 13, 257448.2679271698, 29.803895950317383, 335.1698303222656, 158.4297033397968
LOSS, 10685.585693359375, -28.867530822753906, 64.95536041259766, 4.463486087451702, 2394, 207.0, 240, 12, 295059.5424938202, 27.936870574951172, 337.272705078125, 123.24960003918972
LOSS, 15079.0, -17.662269592285156, 62.889015197753906, 28.77671755725191, 524, 207.0, 365, 12, 118659.95224761963, 92.35176849365234, 330.99176025390625, 226.4502905488924
LOSS, 7737.01953125, -27.124099731445312, 65.0572738647461, 16.254242712710084, 476, 186.447998046875, 368, 6, 90525.82991027832, 50.97776412963867, 337.30670166015625, 190.1803149375595
LOSS, 13727.453857421875, -26.002418518066406, 71.1766586303711, 26.09782102171459, 526, 223.0, 364, 11, 112353.51115036011, 46.2719841003418, 345.574951171875, 213.5998310843348
LOSS, 8192.432006835938, -32.99993896484375, 63.470680236816406, 29.25868573869978, 280, 207.0, 381, 5, 63847.31616973877, 71.69436645507812, 352.5638732910156, 228.02612917763847
LOSS, 18927.2646484375, -39.0, 71.9731674194336, 30.332154885316505, 624, 223.0, 358, 13, 153101.05276489258, 92.1786117553711, 353.55181884765625, 245.3542512257894
LOSS, 23097.6884765625, -39.0, 67.0149917602539, 21.32750551852493, 1083, 191.0, 327, 16, 238347.40336608887, 64.76480102539062, 347.7705993652344, 220.08070486250125
LOSS, 8540.61376953125, -16.784263610839844, 69.0459213256836, 33.89132448226687, 252, 127.0, 383, 6, 66155.5740814209, 180.21827697753906, 352.372802734375, 262.52211937071786
LOSS, 16721.994873046875, -39.999755859375, 62.368370056152344, 14.668416555304276, 1140, 223.0, 323, 19, 265006.6089324951, 65.27989959716797, 346.12396240234375, 232.46193766008344
LOSS, 16860.0, -36.9998779296875, 69.6886215209961, 24.18938307030129, 697, 185.0, 353, 15, 165788.78652572632, 62.20858383178711, 358.33843994140625, 237.8605258618742
LOSS, 11079.433471679688, -20.1611328125, 59.88074493408203, 21.89611358039464, 506, 191.0, 366, 8, 128846.71479034424, 73.94566345214844, 357.6713562011719, 254.63777626550245
LOSS, 9989.812255859375, -32.934722900390625, 62.780067443847656, 23.785267275855656, 420, 223.0, 371, 8, 107570.95458984375, 90.11595153808594, 369.3763122558594, 256.12132045200894
WIN , 24854.0, -36.24951171875, 88.82568359375, 10.526895383312155, 2361, 207.0, 242, 25, 457370.17094802856, 53.951698303222656, 361.97637939453125, 193.71883564084226
WIN , 26180.0, -36.744140625, 70.213623046875, 24.376163873370576, 1074, 175.0, 328, 21, 260284.41054534912, 78.91951751708984, 365.4698181152344, 242.35047536810904
LOSS, 11832.03173828125, -12.8851318359375, 67.8832015991211, 45.50781437800481, 260, 191.0, 382, 7, 76140.0588684082, 140.76341247558594, 380.5715026855469, 292.8463802631085
WIN , 26742.0, -34.0, 77.548828125, 19.79422649888971, 1351, 191.0, 309, 21, 333938.3212661743, 55.42616653442383, 370.36724853515625, 247.1786241792556
WIN , 17371.0, -37.807373046875, 63.67247772216797, 5.076271186440678, 3422, 153.0, 171, 33, 605925.143497467, 61.859195709228516, 375.1664123535156, 177.06754631720253
LOSS, 7655.3250732421875, -20.160263061523438, 58.33251190185547, 23.774301469696233, 322, 207.0, 378, 4, 78381.61609649658, 81.09678649902344, 365.311767578125, 243.42116800154218
LOSS, 12010.62353515625, -22.10077667236328, 62.720558166503906, 25.554518159906916, 470, 207.0, 368, 10, 122493.02619171143, 78.021484375, 376.11962890625, 260.62345998236475
LOSS, 18822.843704223633, -37.807373046875, 70.1473159790039, 12.206772830235819, 1542, 196.39999389648438, 297, 14, 274476.4147605896, 57.08942794799805, 381.45465087890625, 178.00026897573903
LOSS, 12822.044067382812, -17.050537109375, 67.2688980102539, 34.10118103027344, 376, 175.0, 374, 9, 108336.4575958252, 141.017333984375, 390.1042175292969, 288.1288765846415
LOSS, 16661.0, -18.04291534423828, 63.806663513183594, 28.096121416526138, 593, 223.0, 360, 11, 161036.4571762085, 90.10538482666016, 379.0619812011719, 271.56232238820996
LOSS, 15939.543701171875, -41.00006103515625, 68.1657943725586, 21.56907131417033, 739, 223.0, 350, 15, 170560.2042541504, 57.88216018676758, 402.29510498046875, 230.79865257665818
LOSS, 13987.844482421875, -21.751708984375, 68.8164291381836, 25.95147399336155, 539, 223.0, 364, 15, 133240.12357330322, 87.85359191894531, 387.10906982421875, 247.19874503395775
LOSS, 16011.0, -33.000244140625, 64.2916030883789, 26.076547231270357, 614, 223.0, 359, 8, 160967.52935028076, 69.63795471191406, 382.2795104980469, 262.16209991902406
LOSS, 3553.2822265625, -13.000030517578125, 63.67247772216797, 21.93384090470679, 162, 207.0, 389, 1, 45768.03762817383, 175.75723266601562, 361.8918151855469, 282.51875079119645
LOSS, 14701.0, -22.252197265625, 65.8824691772461, 25.836555360281196, 569, 223.0, 362, 10, 140105.43995666504, 82.58522033691406, 385.79132080078125, 246.23100168130938
LOSS, 8529.261177062988, -14.662391662597656, 68.79674530029297, 39.67098221889762, 215, 136.03575134277344, 385, 7, 61874.516830444336, 129.44342041015625, 390.3251953125, 287.7884503741597
LOSS, 9778.53125, -17.662269592285156, 70.05765533447266, 24.945232780612244, 392, 207.0, 373, 5, 112284.04828643799, 118.2982406616211, 372.1434631347656, 286.4388986898928
LOSS, 21109.802505493164, -33.000244140625, 66.8810043334961, 24.603499423651705, 858, 185.39498901367188, 342, 20, 219440.93566131592, 90.14315032958984, 375.53240966796875, 255.75866627192997
WIN , 25796.341957092285, -29.7271728515625, 69.4572982788086, 21.336924695692545, 1209, 202.3160858154297, 319, 28, 319925.45140075684, 91.49515533447266, 383.3601379394531, 264.6198936317261
LOSS, 12840.650489807129, -38.863792419433594, 70.6755599975586, 15.93132815112547, 806, 209.6999969482422, 346, 6, 188926.1918296814, 52.91261672973633, 386.960693359375, 234.39974172417047
LOSS, 17055.2080078125, -27.8948974609375, 64.60929107666016, 19.87786481097028, 858, 191.0, 342, 13, 207966.6958770752, 65.63475799560547, 388.3584899902344, 242.38542643015757
WIN , 26272.065948486328, -24.9822998046875, 68.7752456665039, 26.69925401268936, 984, 150.86810302734375, 334, 24, 246824.9372062683, 59.105316162109375, 393.61712646484375, 250.83835081937838
LOSS, 10371.991882324219, -22.498252868652344, 64.4545669555664, 11.422898548815219, 908, 154.4561767578125, 339, 11, 179364.78307533264, 27.708938598632812, 390.76800537109375, 197.53830735168793
LOSS, 14109.13232421875, -19.48956298828125, 63.97772979736328, 28.2182646484375, 500, 223.0, 366, 10, 141554.11499023438, 37.47459030151367, 388.6728210449219, 283.10822998046876
LOSS, 15412.864501953125, -25.763916015625, 67.0409164428711, 16.937213738410026, 910, 180.533203125, 339, 12, 224419.08778381348, 70.23921966552734, 396.09185791015625, 246.61438218001481
LOSS, 9741.0, -39.0, 60.379859924316406, 10.440514469453376, 933, 223.0, 337, 7, 214058.31341171265, 34.4337043762207, 384.2489013671875, 229.43013227407573
LOSS, 18225.0634765625, -32.63922119140625, 63.163352966308594, 16.27237810407366, 1120, 175.0, 325, 17, 264692.9514503479, 58.914363861083984, 402.2657775878906, 236.33299236638206
LOSS, 22537.335693359375, -28.43994140625, 68.0040512084961, 20.790900086124886, 1084, 191.0, 327, 21, 282972.03841400146, 50.92063903808594, 409.2294006347656, 261.04431588007515
LOSS, 5069.21435546875, -17.66242218017578, 57.75901794433594, 23.799128429430752, 213, 191.0, 385, 1, 59929.34950256348, 56.20999526977539, 389.5563049316406, 281.35844836884263
LOSS, 25793.989822387695, -22.67938232421875, 67.3985824584961, 26.646683700813735, 968, 143.68539428710938, 335, 21, 263016.2977104187, 59.6604118347168, 407.02081298828125, 271.71105135373836
WIN , 21032.0, -41.442138671875, 90.9798355102539, 7.664723032069971, 2744, 191.0, 217, 26, 591112.506023407, 44.249454498291016, 408.2600402832031, 215.4200094837489
WIN , 23922.300888061523, -24.3170166015625, 65.8052749633789, 15.413853664988094, 1552, 130.39822387695312, 296, 23, 417402.4226989746, 52.92145919799805, 412.0769348144531, 268.9448599864527
LOSS, 7316.9814453125, -26.0406494140625, 68.8185806274414, 30.235460517820247, 242, 223.0, 383, 3, 62767.38105773926, 73.75291442871094, 386.1026916503906, 259.3693432137986
LOSS, 20068.044677734375, -19.927978515625, 68.1148452758789, 28.75078034059366, 698, 223.0, 353, 10, 202912.8684310913, 94.3713150024414, 398.703369140625, 290.70611523078986
LOSS, 25038.031494140625, -42.00048828125, 65.0527114868164, 15.678166245548294, 1597, 191.0, 293, 17, 372524.7376060486, 50.9708366394043, 415.4202575683594, 233.26533350410057
LOSS, 21736.125732421875, -39.0, 68.8402328491211, 22.856073325364747, 951, 223.0, 336, 24, 213442.1905632019, 60.05384063720703, 404.5896911621094, 224.43973771104302
LOSS, 11847.795043945312, -21.271240234375, 63.96154022216797, 27.049760374304366, 438, 223.0, 370, 11, 133086.19123840332, 167.7978057861328, 407.9084777832031, 303.8497516858523
LOSS, 12003.95654296875, -26.774658203125, 67.76692962646484, 24.648781402399898, 487, 223.0, 367, 11, 132450.69192504883, 50.56935119628906, 386.76708984375, 271.9726733573898
LOSS, 13884.327392578125, -18.46306610107422, 63.326927185058594, 24.315809794357488, 571, 175.0, 361, 10, 164317.50602722168, 99.44153594970703, 404.8880310058594, 287.77146414574725
LOSS, 6637.372802734375, -38.0, 62.574378967285156, 14.42907131029212, 460, 207.0, 369, 2, 117771.40965270996, 38.86045837402344, 421.9272155761719, 256.0248035928477
LOSS, 21341.0, -24.142822265625, 70.34261322021484, 23.221980413492926, 919, 223.0, 338, 21, 248927.95878219604, 51.85587692260742, 421.9097595214844, 270.8682902961872
LOSS, 9977.827514648438, -38.0, 69.50971221923828, 15.9645240234375, 625, 207.0, 358, 5, 146842.63121795654, 77.28604125976562, 409.0173034667969, 234.94820994873047
LOSS, 9908.481079101562, -30.322418212890625, 65.7665023803711, 29.40202100623609, 337, 223.0, 377, 3, 100160.1078338623, 130.97503662109375, 394.1955261230469, 297.21100247436885
LOSS, 14933.882080078125, -39.0, 67.9268569946289, 15.427564132312112, 968, 223.0, 335, 11, 216304.4451789856, 40.09740447998047, 419.2290344238281, 223.45500535019173
LOSS, 15995.47492980957, -28.45458984375, 63.67247772216797, 17.71370424120661, 903, 127.68539428710938, 339, 13, 213298.78621292114, 46.4509391784668, 426.4112854003906, 236.21128041298022
LOSS, 10331.8251953125, -18.691497802734375, 67.4623794555664, 39.135701497395836, 264, 223.0, 382, 12, 82104.89206695557, 127.20177459716797, 414.1664733886719, 311.00337904149836
LOSS, 15310.759521484375, -37.978271484375, 70.6594009399414, 19.162402404861545, 799, 223.0, 346, 9, 213870.9467086792, 81.69786834716797, 428.0528869628906, 267.6732749795735
LOSS, 10513.999877929688, -19.290283203125, 59.997779846191406, 27.380208015441895, 384, 223.0, 374, 6, 110651.08282089233, 56.41623306274414, 413.4271240234375, 288.15386151274043
LOSS, 8437.63037109375, -14.795333862304688, 58.87353515625, 28.314195876153523, 298, 207.0, 380, 4, 96482.7007598877, 103.24534606933594, 403.018798828125, 323.76745221438824
LOSS, 25621.176513671875, -20.753173828125, 61.390380859375, 17.954573590519885, 1427, 207.0, 304, 21, 397481.6094779968, 57.45975112915039, 413.920654296875, 278.5435245115605
LOSS, 14927.74560546875, -41.41395568847656, 68.7273178100586, 8.987203856392986, 1661, 223.0, 289, 20, 329833.556098938, 44.2277946472168, 417.0867614746094, 198.57528964415292
WIN , 26162.0, -40.349708557128906, 83.492431640625, 18.4109781843772, 1421, 191.0, 305, 26, 353771.4408493042, 44.75200653076172, 431.70880126953125, 248.95949391224786
LOSS, 19687.130615234375, -25.763916015625, 68.407958984375, 26.785211721407315, 735, 191.0, 350, 11, 200212.30348587036, 54.62046432495117, 415.3996276855469, 272.3976918175107
LOSS, 16497.103515625, -28.690185546875, 70.00968170166016, 24.92009594505287, 662, 223.0, 355, 6, 204313.35278320312, 73.71453094482422, 432.49102783203125, 308.6304422706996
LOSS, 13831.0, -32.34880828857422, 60.468971252441406, 22.748355263157894, 608, 223.0, 359, 13, 175971.48503112793, 79.04216003417969, 425.66229248046875, 289.42678459067093
LOSS, 5445.168655395508, -14.298744201660156, 63.4161376953125, 33.20224789875309, 164, 167.89999389648438, 389, 1, 53454.649337768555, 144.47003173828125, 421.90374755859375, 325.9429837668814
LOSS, 14457.318359375, -17.41883087158203, 62.742530822753906, 29.87049247804752, 484, 223.0, 367, 14, 145242.03024673462, 43.498416900634766, 416.6647644042969, 300.08683935275747
WIN , 26974.0, -40.979530334472656, 69.0013656616211, 20.357735849056603, 1325, 207.0, 311, 35, 365671.69187927246, 53.20207977294922, 425.0826110839844, 275.978635380583
LOSS, 10874.51708984375, -18.271514892578125, 67.05770111083984, 27.186292724609373, 400, 191.0, 373, 9, 122036.5678024292, 83.69341278076172, 414.1621398925781, 305.091419506073
LOSS, 5488.328308105469, -13.330001831054688, 60.12120819091797, 25.766799568570274, 213, 207.0, 385, 3, 61568.654472351074, 126.40303802490234, 430.51031494140625, 289.05471583263414
LOSS, 16420.86572265625, -16.7203369140625, 69.6050033569336, 22.494336606378425, 730, 223.0, 351, 11, 211636.62534332275, 103.7880630493164, 433.378173828125, 289.913185401812
LOSS, 16291.03173828125, -30.171279907226562, 63.016563415527344, 26.233545472272546, 621, 223.0, 358, 10, 198069.14820098877, 97.58395385742188, 447.5039978027344, 318.95192947019126
LOSS, 17441.7509765625, -33.000244140625, 66.8413314819336, 24.42822265625, 714, 191.0, 352, 8, 203073.93594360352, 60.238670349121094, 443.4339599609375, 284.4172772319377
LOSS, 11291.784545898438, -17.69707489013672, 70.4247055053711, 24.44109209068926, 462, 191.0, 369, 5, 146980.52926635742, 144.80746459960938, 431.12738037109375, 318.13967373670437
LOSS, 7031.0, -33.000244140625, 59.277259826660156, 13.895256916996047, 506, 223.0, 366, 6, 122796.58303070068, 66.13451385498047, 413.9090270996094, 242.68099413181955
LOSS, 11984.3603515625, -24.6153564453125, 64.0191650390625, 22.526993142034776, 532, 175.0, 364, 12, 155284.99519348145, 60.60832977294922, 437.7409973144531, 291.8890887095516
LOSS, 18121.78076171875, -30.6396484375, 69.8607406616211, 19.381583702372996, 935, 207.0, 337, 14, 256227.3080253601, 56.887943267822266, 443.27947998046875, 274.03990163140116
LOSS, 5651.010192871094, -16.7203369140625, 63.72344970703125, 32.4770700739718, 174, 207.0, 388, 1, 54005.54747009277, 150.52593994140625, 430.6911926269531, 310.37670959823436
LOSS, 3971.0, -38.32061767578125, 57.40875244140625, 15.633858267716535, 254, 223.0, 383, 3, 65957.2818031311, 46.67055130004883, 446.7799072265625, 259.6743378076028
LOSS, 7271.901611328125, -18.6700439453125, 62.6873779296875, 33.05409823330966, 220, 207.0, 385, 3, 68779.43913269043, 85.4759292602539, 424.48046875, 312.63381423950193
LOSS, 11831.0, -24.445167541503906, 67.63448333740234, 19.33169934640523, 612, 223.0, 359, 11, 157181.99868011475, 60.3643684387207, 431.0955505371094, 256.8333311766581
WIN , 25352.0, -38.0, 72.97119140625, 13.823336968375136, 1834, 191.0, 277, 33, 553401.5601234436, 57.3265380859375, 452.703125, 301.74567073252103
LOSS, 3140.3662109375, -17.62610626220703, 53.93585205078125, 14.405349591456423, 218, 175.0, 385, 1, 49352.02645111084, 87.41516876220703, 421.6620178222656, 226.38544243628826
LOSS, 18025.085205078125, -17.662269592285156, 66.7269058227539, 28.520704438414754, 632, 207.0, 357, 11, 195944.5545425415, 67.23796081542969, 433.76837158203125, 310.0388521242745
LOSS, 17444.00048828125, -33.67279052734375, 62.74272155761719, 16.91949610890519, 1031, 223.0, 331, 20, 293221.1281051636, 82.91890716552734, 442.78643798828125, 284.4045859409928
LOSS, 16026.650489807129, -20.7525634765625, 69.7997055053711, 23.956129282222914, 669, 177.6999969482422, 355, 16, 195113.09197998047, 57.187808990478516, 433.0531005859375, 291.64886693569576
LOSS, 20603.949996948242, -18.576522827148438, 64.3773422241211, 22.918743044436308, 899, 177.10000610351562, 340, 16, 268872.2331123352, 53.46784210205078, 446.6823425292969, 299.07923594253083
LOSS, 21441.20458984375, -25.951927185058594, 64.1869125366211, 19.421380969061367, 1104, 207.0, 326, 20, 336654.85556411743, 53.28030014038086, 424.2844543457031, 304.940992358802
WIN , 28166.83213043213, -21.3397216796875, 65.2583999633789, 24.816592185402758, 1135, 181.3357391357422, 324, 27, 354861.883392334, 92.22885131835938, 438.9539489746094, 312.65364175536035
LOSS, 6000.011657714844, -26.82994842529297, 60.866241455078125, 22.90080785387345, 262, 207.0, 382, 2, 79668.77130126953, 130.669189453125, 437.594482421875, 304.0792797758379
LOSS, 9982.7431640625, -13.638671875, 64.0969009399414, 36.300884232954544, 275, 223.0, 381, 8, 94638.8394317627, 227.03125, 434.7498474121094, 344.1412342973189
LOSS, 20614.00048828125, -23.961830139160156, 70.1530990600586, 26.496144586479755, 778, 223.0, 348, 16, 239267.73818969727, 79.22953033447266, 431.1268005371094, 307.5420799353435
LOSS, 4886.450134277344, -20.683151245117188, 54.658653259277344, 19.087695837020874, 256, 223.0, 382, 3, 72891.95792388916, 89.12937927246094, 421.9328308105469, 284.73421064019203
WIN , 26736.412925720215, -28.71143341064453, 67.65311431884766, 19.907976862040368, 1343, 162.1741485595703, 310, 21, 402025.57567214966, 43.20204544067383, 451.5247497558594, 299.3489022130675
LOSS, 18947.59375, -22.5982666015625, 63.67247772216797, 17.11616418247516, 1107, 207.0, 326, 21, 284796.0437965393, 62.36043930053711, 430.7013854980469, 257.2683322461963
LOSS, 13734.17529296875, -27.71728515625, 67.3390884399414, 20.77787487589826, 661, 191.0, 355, 11, 211520.76538085938, 81.6683349609375, 431.6719055175781, 320.00115791355427
WIN , 26676.415000915527, -34.781761169433594, 63.421852111816406, 18.09797489885721, 1474, 142.1699981689453, 301, 23, 417061.62536621094, 66.86444854736328, 447.4061584472656, 282.9454717545529
LOSS, 14971.0, -20.36614990234375, 68.5805435180664, 21.951612903225808, 682, 223.0, 354, 9, 173089.53332901, 51.47484588623047, 435.1250305175781, 253.7969696906305
LOSS, -7341.06307220459, -40.4193115234375, 60.632545471191406, -1.2237144644448392, 5999, 233.1259002685547, 0, 6, 625103.0084609985, 35.44801330566406, 422.8337097167969, 104.20120161043482
LOSS, 11715.128051757812, -22.04345703125, 65.4024429321289, 28.161365509033203, 416, 191.0, 372, 9, 127398.51843261719, 76.26477813720703, 440.9932556152344, 306.2464385399452
LOSS, 10519.599975585938, -43.019996643066406, 64.82442474365234, 20.191170778475886, 521, 207.0, 365, 10, 136220.8144378662, 75.20987701416016, 433.8203430175781, 261.4602964258469
LOSS, 7566.907875061035, -40.00006103515625, 60.06007385253906, 26.092785776072535, 290, 118.35832214355469, 380, 6, 83002.55548858643, 70.67288208007812, 449.80694580078125, 286.2157085813325
LOSS, 4965.629089355469, -13.000030517578125, 67.3515853881836, 37.33555706282307, 133, 156.5, 391, 4, 37312.17283630371, 67.54723358154297, 436.2467041015625, 280.5426529045392
LOSS, 16665.326171875, -40.3936767578125, 65.8611068725586, 24.435962128848974, 682, 223.0, 354, 6, 205690.98361968994, 79.9793930053711, 426.6953430175781, 301.5996827268181
LOSS, 13794.00048828125, -17.662269592285156, 61.477561950683594, 25.639406112046935, 538, 223.0, 364, 14, 152405.56772994995, 61.93143081665039, 431.25616455078125, 283.28172440511145
LOSS, 13383.34130859375, -18.690521240234375, 67.1437759399414, 28.175455386513157, 475, 223.0, 368, 11, 146970.16346740723, 112.85256958007812, 450.02142333984375, 309.41087045769945
LOSS, 18723.90625, -35.9466552734375, 62.74268341064453, 17.832291666666666, 1050, 175.0, 329, 18, 312540.65417099, 53.026981353759766, 430.9157409667969, 297.65776587713333
LOSS, 18479.16259765625, -22.23938751220703, 64.72356414794922, 22.508115222480207, 821, 175.0, 345, 14, 238201.47733688354, 42.003173828125, 429.28863525390625, 290.1357823835366
LOSS, 15843.720458984375, -29.81298828125, 70.0499496459961, 23.969319907691943, 661, 207.0, 355, 7, 200232.885307312, 112.34120178222656, 431.3926086425781, 302.9241835208956
LOSS, 9342.058959960938, -19.390472412109375, 67.1742935180664, 30.52960444431679, 306, 223.0, 379, 9, 91915.6856765747, 118.24298095703125, 455.3087158203125, 300.378057766584
LOSS, 21871.0, -43.19189453125, 69.4640121459961, 17.221259842519686, 1270, 223.0, 315, 27, 376771.69929504395, 46.232025146484375, 437.7890930175781, 296.67062936617634
LOSS, 6478.94189453125, -22.31842041015625, 62.40470886230469, 26.772487167484503, 242, 223.0, 383, 4, 71436.91284179688, 75.5640869140625, 460.7455139160156, 295.1938547181689
WIN , 26791.482124328613, -36.675819396972656, 66.1922378540039, 24.534324289678217, 1092, 152.03575134277344, 327, 30, 324257.62772369385, 72.86502838134766, 440.0974426269531, 296.93921952719217
LOSS, 12961.81787109375, -26.092529296875, 68.0437240600586, 22.98194657995346, 564, 223.0, 362, 11, 169938.389629364, 63.11285400390625, 436.26202392578125, 301.3092014705036
LOSS, 16307.0, -18.462913513183594, 66.07366180419922, 23.295714285714286, 700, 191.0, 353, 11, 185171.42386245728, 63.04619216918945, 439.1030578613281, 264.5306055177961
WIN , 26917.40355682373, -19.72021484375, 83.98995208740234, 27.107153632249478, 993, 160.19288635253906, 333, 18, 288402.58542251587, 44.25947189331055, 450.8971252441406, 290.43563486658195
LOSS, 7681.0, -15.463035583496094, 64.1786880493164, 22.135446685878964, 347, 223.0, 376, 3, 104808.9521484375, 115.5594711303711, 445.0341491699219, 302.04308976494957
LOSS, 15890.1416015625, -38.0, 65.89202117919922, 19.378221465320124, 820, 175.0, 345, 10, 210777.51369476318, 68.59713745117188, 445.2429504394531, 257.0457484082478
LOSS, -8420.941047668457, -34.0869140625, 60.053627014160156, -1.4037241286328483, 5999, 226.88209533691406, 0, 5, 520794.7661151886, 30.438539505004883, 444.9009094238281, 86.81359661863453
LOSS, 25782.717529296875, -18.462913513183594, 66.23084259033203, 30.155225180464182, 855, 223.0, 342, 25, 259730.90687561035, 93.97454071044922, 445.8389892578125, 303.77883845100627
WIN , 26759.940521240234, -36.88322448730469, 83.44023132324219, 17.07717965618394, 1567, 155.11895751953125, 295, 28, 413860.4026184082, 53.35204315185547, 459.9826965332031, 264.11002081583166
LOSS, 20615.318359375, -22.312469482421875, 83.68709564208984, 19.803379788064362, 1041, 207.0, 330, 23, 323056.9735336304, 65.50788879394531, 447.7719421386719, 310.3333079093471
LOSS, 1618.5007858276367, -13.858749389648438, 54.536224365234375, 15.268875337996572, 106, 197.32154846191406, 392, 3, 23481.47696685791, 92.74615478515625, 439.52374267578125, 221.5233676118671
LOSS, 10247.6318359375, -18.06768035888672, 62.528297424316406, 24.055473793280516, 426, 170.447998046875, 371, 5, 127154.876121521, 81.93830108642578, 435.34906005859375, 298.48562469840607
LOSS, 18004.00048828125, -17.35832977294922, 71.87764739990234, 23.47327312683344, 767, 223.0, 348, 16, 222500.98053741455, 75.95829772949219, 441.49658203125, 290.09254307355224
LOSS, 5221.0, -19.442527770996094, 63.880531311035156, 18.191637630662022, 287, 223.0, 380, 6, 88024.00631713867, 89.31114196777344, 444.0047302246094, 306.7038547635494
LOSS, 14286.91796875, -24.114723205566406, 65.89202117919922, 26.408351143715343, 541, 223.0, 363, 10, 176742.22477722168, 141.86740112304688, 455.65472412109375, 326.6954247268423
LOSS, 14964.00048828125, -23.540298461914062, 70.05765533447266, 11.73647097120098, 1275, 223.0, 314, 16, 350665.4531440735, 56.59092330932617, 433.26251220703125, 275.0317279561361
LOSS, 16170.169677734375, -18.18535614013672, 61.072608947753906, 24.170657216344356, 669, 175.0, 355, 13, 199674.5224761963, 107.36309814453125, 436.852783203125, 298.4671486938659
LOSS, 9592.09814453125, -17.719940185546875, 64.99457550048828, 31.14317579393263, 308, 207.0, 379, 4, 93575.16848754883, 129.5525360107422, 447.04266357421875, 303.81548210243125
LOSS, 10604.701171875, -19.996780395507812, 65.80252838134766, 26.5117529296875, 400, 223.0, 373, 8, 132281.86895751953, 164.543701171875, 457.1025390625, 330.70467239379883
LOSS, 20189.876953125, -28.7637939453125, 69.25481414794922, 22.508224028010034, 897, 223.0, 340, 15, 263754.7784500122, 54.29203414916992, 474.73089599609375, 294.04100161651303
LOSS, 10900.289855957031, -31.0001220703125, 69.8042984008789, 32.15424736270511, 339, 191.8800048828125, 377, 8, 102577.29082489014, 64.67276000976562, 453.2953796386719, 302.58787853949894
LOSS, 12530.819946289062, -33.000244140625, 67.51990509033203, 18.081991264486383, 693, 223.0, 353, 7, 163407.8625831604, 50.161930084228516, 460.9275817871094, 235.79778150528196
LOSS, 20844.34619140625, -26.092529296875, 70.1692886352539, 30.3411152713337, 687, 191.0, 354, 17, 215864.1775817871, 74.06116485595703, 459.1734619140625, 314.212776683824
LOSS, 21101.319580078125, -25.20965576171875, 66.7024917602539, 18.607865590897816, 1134, 175.0, 324, 22, 320145.10932922363, 55.50374221801758, 450.1036071777344, 282.3149112250649
LOSS, 12377.26171875, -25.2093505859375, 61.3995361328125, 21.049764827806122, 588, 207.0, 360, 7, 173375.5247001648, 57.33522415161133, 464.0303039550781, 294.8563345240898
LOSS, 14741.0, -26.092529296875, 64.1792984008789, 23.435612082670907, 629, 223.0, 358, 7, 195205.9214401245, 72.3020248413086, 467.02154541015625, 310.34327732929177
LOSS, 5567.886535644531, -21.34002685546875, 59.32861328125, 17.564310837995368, 317, 191.0, 378, 3, 82563.19392776489, 43.6109733581543, 439.4743957519531, 260.45171586045706
LOSS, 6803.691162109375, -15.463035583496094, 61.674400329589844, 23.872600568804824, 285, 207.0, 380, 3, 88266.34641265869, 102.3988265991211, 451.59295654296875, 309.7064786409077
LOSS, 10312.672485351562, -14.308624267578125, 64.0636215209961, 34.37557495117188, 300, 207.0, 379, 7, 101760.60111236572, 115.43245697021484, 463.207763671875, 339.20200370788575
LOSS, 11357.160278320312, -17.35779571533203, 71.25936126708984, 33.11125445574435, 343, 223.0, 377, 8, 108938.25695800781, 81.24298095703125, 474.0029296875, 317.6042476909849
LOSS, 10227.850219726562, -27.19708251953125, 66.6438980102539, 25.068260342467067, 408, 191.0, 372, 9, 130952.85986328125, 113.115966796875, 466.9071350097656, 320.96289182176776
LOSS, 16367.966552734375, -38.0, 68.5420913696289, 24.0351931758214, 681, 223.0, 354, 9, 201653.5668334961, 89.118408203125, 465.4180603027344, 296.1139013707725
LOSS, 16931.0, -33.000244140625, 69.7902603149414, 15.823364485981308, 1070, 223.0, 328, 14, 282449.8716888428, 88.93721771240234, 457.9189147949219, 263.9718426998531
LOSS, 12219.0, -26.5899658203125, 66.3796157836914, 24.734817813765183, 494, 207.0, 367, 8, 150256.91132354736, 100.32955169677734, 462.0767517089844, 304.1637881043469
LOSS, 14974.00048828125, -37.807373046875, 70.92977142333984, 20.018717230322526, 748, 223.0, 350, 14, 229026.74894714355, 82.26702880859375, 457.65374755859375, 306.18549324484434
WIN , 27060.65000152588, -35.81512451171875, 90.4146499633789, 24.269641256973884, 1115, 193.6999969482422, 325, 33, 349841.3400878906, 74.71259307861328, 465.1664123535156, 313.75904940617994
WIN , 27100.002716064453, -19.390625, 69.8705062866211, 30.552426962868605, 887, 154.99456787109375, 340, 15, 291711.57137298584, 108.22409057617188, 462.1037902832031, 328.874375843276
LOSS, 12575.865844726562, -21.3397216796875, 68.6949691772461, 32.081290420220824, 392, 207.0, 373, 10, 130124.85507202148, 149.93841552734375, 472.6983337402344, 331.951160898014
LOSS, 16716.775146484375, -17.66242218017578, 62.35618591308594, 25.290128814651098, 661, 223.0, 355, 11, 200333.3715286255, 73.40605163574219, 475.0162353515625, 303.076205035742
LOSS, 6644.6907958984375, -18.766845703125, 59.97650146484375, 26.26359998378829, 253, 223.0, 383, 3, 88443.37693786621, 103.3297119140625, 468.9180908203125, 349.5785649718032
LOSS, 4121.225646972656, -41.16694641113281, 53.62318801879883, 14.931976981784986, 276, 207.0, 381, 1, 86516.81567382812, 123.82188415527344, 479.24267578125, 313.466723455899
LOSS, 22214.4896774292, -33.000244140625, 68.2884750366211, 24.62803733639601, 902, 177.38539123535156, 339, 16, 291105.324256897, 80.83418273925781, 454.4842529296875, 322.7331754511053
WIN , 27051.0, -29.294906616210938, 83.04618835449219, 23.981382978723403, 1128, 153.0, 324, 27, 341070.7444458008, 88.67726135253906, 468.0952453613281, 302.3676812462773
LOSS, 12373.701171875, -23.385398864746094, 59.373779296875, 25.252451371173468, 490, 175.0, 367, 11, 160415.46158599854, 112.54798126220703, 454.26312255859375, 327.37849303265006
LOSS, 10473.999877929688, -26.34002685546875, 66.50975799560547, 25.546341165682165, 410, 223.0, 372, 6, 127740.43807220459, 70.43560028076172, 450.9759521484375, 311.5620440785478
LOSS, 15321.0, -16.362045288085938, 64.0819320678711, 34.429213483146064, 445, 223.0, 370, 8, 145231.48432922363, 90.00951385498047, 458.21917724609375, 326.3628861330868
LOSS, 11474.003173828125, -34.0869140625, 59.995948791503906, 4.308675619161894, 2663, 191.0, 222, 12, 358934.7495574951, 37.81931686401367, 450.4876403808594, 134.78586164382094
LOSS, 13590.482124328613, -35.0, 66.5779800415039, 29.544526357236116, 460, 184.03575134277344, 369, 11, 145225.60131072998, 93.42478942871094, 462.9961242675781, 315.70782893636954
LOSS, 19104.00048828125, -39.9998779296875, 67.2188491821289, 7.571938362378616, 2523, 223.0, 231, 18, 481261.42208099365, 54.155879974365234, 461.6698913574219, 190.7496718513649
LOSS, 13131.0, -29.5904541015625, 79.69036102294922, 10.023664122137404, 1310, 223.0, 312, 17, 380490.4791946411, 72.71019744873047, 459.16180419921875, 290.45074747682526
LOSS, 3122.4837341308594, -13.330001831054688, 65.1509780883789, 19.51552333831787, 160, 148.8853759765625, 389, 2, 40518.85256195068, 113.63139343261719, 445.64947509765625, 253.24282851219178
WIN , 26941.707305908203, -20.078575134277344, 65.9285659790039, 29.573773112961803, 911, 151.58538818359375, 339, 29, 309614.220741272, 112.51036071777344, 469.2997131347656, 339.8619327566103
LOSS, 23914.843017578125, -21.34033203125, 65.0636978149414, 26.02268010617859, 919, 191.0, 338, 17, 281223.3935470581, 59.686668395996094, 469.6843566894531, 306.01022148754964
LOSS, 11632.33740234375, -20.77994155883789, 71.7729721069336, 33.6194722611091, 346, 207.0, 376, 10, 109393.81525421143, 74.8154525756836, 485.5776062011719, 316.1670961104376
LOSS, 18518.25262451172, -38.9998779296875, 67.38423919677734, 15.693434427552305, 1180, 186.4561767578125, 321, 18, 351882.04845428467, 64.98644256591797, 471.7555847167969, 298.2051258087158
LOSS, 22006.896728515625, -21.86996841430664, 64.7371597290039, 24.130369219863624, 912, 207.0, 339, 16, 302483.3239593506, 86.63903045654297, 488.0403747558594, 331.67031135893706
LOSS, 22395.9140625, -20.966697692871094, 64.9825210571289, 29.199366443937418, 767, 207.0, 348, 18, 266632.5636291504, 92.34757232666016, 462.829345703125, 347.6304610549549
LOSS, 11715.205322265625, -17.66242218017578, 57.529823303222656, 30.508347193400066, 384, 223.0, 374, 6, 134787.78660583496, 147.20980834960938, 463.8919372558594, 351.0098609526952
WIN , 13734.0, -43.87060546875, 71.16896057128906, 3.4498869630746043, 3981, 207.0, 134, 27, 772395.6167678833, 75.73751831054688, 458.0014953613281, 194.02050157444947
LOSS, 17163.56103515625, -19.54443359375, 63.960472106933594, 26.324480115270323, 652, 223.0, 356, 13, 214165.02767944336, 109.64035034179688, 471.2387390136719, 328.4739688335021
LOSS, 20457.65000152588, -33.0001220703125, 64.7874984741211, 25.19415024818458, 812, 209.6999969482422, 345, 18, 230962.20322418213, 75.18045043945312, 458.5231628417969, 284.43621086721936
LOSS, 17267.0, -43.999755859375, 60.9429931640625, 14.084013050570963, 1226, 191.0, 318, 14, 330704.58336257935, 50.42655944824219, 459.97882080078125, 269.74272704941217
LOSS, 18316.972045898438, -18.14130401611328, 63.436920166015625, 22.58566220209425, 811, 170.447998046875, 345, 10, 231793.3025894165, 84.76973724365234, 444.3909606933594, 285.81171712628424
LOSS, 15947.592529296875, -24.917259216308594, 62.25761413574219, 26.579320882161458, 600, 207.0, 359, 14, 186771.13078308105, 80.43653106689453, 483.4506530761719, 311.2852179718018
LOSS, 7078.5811767578125, -22.12616729736328, 62.65869140625, 27.978581726315465, 253, 223.0, 383, 5, 81723.06244659424, 99.31647491455078, 471.09991455078125, 323.01605710116297
LOSS, 15386.435791015625, -19.720443725585938, 62.559730529785156, 24.937497230171193, 617, 223.0, 358, 9, 194141.428855896, 89.56095886230469, 462.5301818847656, 314.65385552009076
LOSS, -2863.3549880981445, -30.322265625, 63.363258361816406, -0.47730538224673186, 5999, 231.70997619628906, 0, 5, 455121.49263858795, 11.731526374816895, 443.0014343261719, 75.8662264775109
LOSS, 20881.85595703125, -17.992469787597656, 64.5394058227539, 23.227870919945772, 899, 191.0, 340, 21, 275201.23753738403, 55.894100189208984, 459.32025146484375, 306.11928535860295
LOSS, 7396.51416015625, -38.000030517578125, 65.8818588256836, 18.820646717954833, 393, 186.447998046875, 373, 5, 98644.40251159668, 68.2157211303711, 452.6993713378906, 251.00356873179817
LOSS, 15715.053955078125, -17.662269592285156, 90.9798355102539, 16.234559870948477, 968, 223.0, 335, 13, 263583.46852874756, 74.46720886230469, 459.35589599609375, 272.296971620607
LOSS, 1909.599998474121, 0, 54.87012481689453, 38.191999969482424, 50, 185.8000030517578, 396, 3, 15957.695861816406, 140.26052856445312, 444.0224914550781, 319.15391723632814
LOSS, 8330.311889648438, -16.876895904541016, 63.72351837158203, 33.4550678299134, 249, 175.0, 383, 8, 85770.41436767578, 110.37532806396484, 454.0860595703125, 344.4594954525132
LOSS, 19186.009521484375, -44.999755859375, 69.75423431396484, 19.77939125926224, 970, 175.0, 335, 17, 262324.83627700806, 56.230533599853516, 463.0327453613281, 270.4379755433073
LOSS, 13940.0771484375, -35.0, 69.2784652709961, 28.68328631365741, 486, 223.0, 367, 9, 165236.71844482422, 131.5525360107422, 468.40924072265625, 339.9932478288564
LOSS, 21720.143798828125, -30.322418212890625, 67.98772430419922, 17.920910725105713, 1212, 207.0, 319, 24, 354793.50172805786, 56.92690658569336, 455.67999267578125, 292.7339123168794
LOSS, 19488.760986328125, -20.9521484375, 59.457313537597656, 23.395871532206634, 833, 175.0, 344, 17, 262226.39615631104, 75.22445678710938, 456.4538269042969, 314.7975944253434
WIN , 26479.40818786621, -34.808197021484375, 64.38189697265625, 22.421175434264363, 1181, 196.18362426757812, 321, 22, 378259.6234817505, 96.90450286865234, 450.23016357421875, 320.28757280419177
LOSS, 7827.607666015625, -17.662269592285156, 60.923973083496094, 27.369257573481207, 286, 223.0, 380, 5, 92610.86215209961, 153.45982360839844, 463.83111572265625, 323.8142033290196
LOSS, 7091.036888122559, -14.662391662597656, 68.17740631103516, 32.981566921500274, 215, 169.8000030517578, 385, 5, 74857.09875488281, 179.5422821044922, 455.1855773925781, 348.17255234829213
LOSS, 13914.19384765625, -27.781723022460938, 68.87274932861328, 28.4543841465363, 489, 159.0, 367, 9, 160785.0848236084, 90.23906707763672, 461.079345703125, 328.80385444500695
LOSS, 21037.65000152588, -39.0, 63.366310119628906, 24.926125594224974, 844, 209.6999969482422, 343, 12, 256087.54386138916, 78.1219253540039, 453.18914794921875, 303.42126049927623
LOSS, 14990.742431640625, -20.7525634765625, 65.3429183959961, 28.608287083283635, 524, 223.0, 365, 10, 185901.3055114746, 144.03469848632812, 448.1766357421875, 354.77348380052405
LOSS, 15105.081787109375, -25.763916015625, 63.689186096191406, 16.87718635431215, 895, 175.0, 340, 10, 225619.60655212402, 50.57191848754883, 445.7118225097656, 252.08894586829499
LOSS, 9934.2763671875, -22.37163543701172, 65.2761001586914, 26.995316215183426, 368, 223.0, 375, 6, 124398.90147399902, 80.45313262939453, 439.8940734863281, 338.04049313586694
LOSS, 12141.440795898438, -34.0869140625, 70.5416030883789, 20.13505936301565, 603, 207.0, 359, 8, 185530.30363082886, 49.325992584228516, 457.7239685058594, 307.67877882392844
LOSS, 6153.9998779296875, -20.002357482910156, 69.7237319946289, 21.2206892342403, 290, 223.0, 380, 5, 75969.20007324219, 64.33123016357422, 448.5386047363281, 261.9627588732489
LOSS, 3736.8169555664062, -34.4329833984375, 59.57069396972656, 18.0522558239923, 207, 223.0, 386, 2, 52831.67938232422, 29.208343505859375, 453.62237548828125, 255.22550426243583
LOSS, 5021.451477050781, -14.69781494140625, 60.08887481689453, 25.61965039311623, 196, 207.0, 386, 1, 64393.988693237305, 137.06216430664062, 451.8499450683594, 328.5407586389658
LOSS, 8442.794189453125, -16.736129760742188, 63.460914611816406, 27.590830684487337, 306, 175.0, 379, 4, 106939.88808441162, 104.53782653808594, 453.9143371582031, 349.4767584457896
LOSS, 10766.23388671875, -18.905136108398438, 69.2177505493164, 24.303011030967834, 443, 207.0, 370, 8, 127384.25494384766, 71.87916564941406, 438.0374450683594, 287.5491082253897
LOSS, 21362.00048828125, -26.54450225830078, 65.7448501586914, 29.26301436750856, 730, 207.0, 351, 14, 234654.5255279541, 85.295166015625, 460.4074401855469, 321.44455551774536
LOSS, 19763.158935546875, -17.662269592285156, 69.6260757446289, 23.141872289867536, 854, 207.0, 343, 15, 283456.50437927246, 106.24585723876953, 456.85516357421875, 331.91628147455793
LOSS, 10734.8095703125, -19.13629150390625, 65.5803451538086, 32.236665376313816, 333, 175.0, 377, 10, 108779.20594787598, 127.22554016113281, 469.7070617675781, 326.6642821257537
LOSS, 5326.73307800293, -16.00006103515625, 69.41153717041016, 30.61340849426971, 174, 173.28494262695312, 388, 4, 62390.07313537598, 180.5802459716797, 466.1800842285156, 358.56363870905733
LOSS, 17300.0, -16.7203369140625, 70.4149398803711, 33.85518590998043, 511, 185.0, 365, 11, 171252.99380493164, 89.23851776123047, 461.4437561035156, 335.13306028362354
LOSS, 9682.265380859375, -18.575912475585938, 67.2432632446289, 33.736116309614545, 287, 207.0, 380, 9, 102075.43858337402, 166.1728973388672, 450.45068359375, 355.66354907098963
LOSS, 13497.779541015625, -17.66242218017578, 69.2925033569336, 22.421560699361503, 602, 175.0, 359, 10, 197102.51442718506, 102.2220687866211, 457.9914245605469, 327.4128146630981
LOSS, 9395.6337890625, -18.72193145751953, 58.172760009765625, 16.454700155976358, 571, 223.0, 361, 3, 183584.03492736816, 164.38417053222656, 471.8106384277344, 321.51319601990923
LOSS, 11888.688842773438, -26.092529296875, 60.529396057128906, 29.573852842719994, 402, 191.0, 373, 9, 140661.8513031006, 74.86624145507812, 454.3934326171875, 349.9051027440313
LOSS, 12684.117431640625, -30.322265625, 63.429176330566406, 23.93229704083137, 530, 175.0, 364, 5, 162252.47737121582, 90.55847930908203, 469.88446044921875, 306.136749757011
LOSS, 5136.889831542969, -15.271484375, 67.10379791259766, 25.430147680905787, 202, 191.0, 386, 2, 59270.25447845459, 78.85811614990234, 447.6397705078125, 293.41710137848804
LOSS, 14534.87939453125, -19.723838806152344, 62.325355529785156, 14.520359035495755, 1001, 223.0, 333, 11, 267435.113822937, 52.571903228759766, 469.47314453125, 267.16794587705994
LOSS, 15787.0, -31.0001220703125, 70.3493423461914, 18.442757009345794, 856, 191.0, 342, 10, 238928.35758590698, 55.15988540649414, 455.74676513671875, 279.12191306764834
LOSS, 13799.802505493164, -17.567367553710938, 65.7024154663086, 29.05221580103824, 475, 185.39498901367188, 368, 8, 157173.61264801025, 71.03924560546875, 457.58612060546875, 330.8918161010742
LOSS, 6337.5301513671875, -16.00006103515625, 57.04521179199219, 23.736067982648642, 267, 191.8800048828125, 382, 4, 86165.21815490723, 109.9994888305664, 452.0030822753906, 322.7161728648211
LOSS, 5422.176574707031, -18.462913513183594, 69.26078033447266, 24.098562554253473, 225, 207.0, 384, 3, 64467.55648803711, 80.29400634765625, 473.54925537109375, 286.52247328016495
LOSS, -4521.413688659668, -37.94566345214844, 59.011688232421875, -0.7536945638705898, 5999, 227.82737731933594, 0, 5, 454246.4161720276, 1.5026435852050781, 450.98858642578125, 75.72035608801927
LOSS, 21937.4365234375, -17.967430114746094, 65.7405776977539, 28.56437047322591, 768, 175.0, 348, 18, 242590.0025100708, 84.81778717041016, 460.0253601074219, 315.8723991016547
LOSS, 8285.463134765625, -25.2862548828125, 66.52791595458984, 20.81774656976288, 398, 186.447998046875, 373, 7, 102968.62340927124, 56.18982696533203, 445.2871398925781, 258.71513419414885
LOSS, 7277.675537109375, -19.15692901611328, 62.003936767578125, 28.539904067095588, 255, 207.0, 382, 5, 82771.44062805176, 90.15377807617188, 452.6188049316406, 324.5938848158892
LOSS, 4563.9998779296875, -15.980766296386719, 61.193443298339844, 25.497206021953563, 179, 223.0, 388, 3, 54068.84133148193, 83.21585845947266, 433.585693359375, 302.06056609766443
LOSS, 10082.672729492188, -16.753318786621094, 67.1736831665039, 30.00795455206008, 336, 184.4189453125, 377, 3, 113127.8726348877, 163.1475372314453, 454.9154968261719, 336.69009712764193
LOSS, 14981.0, -20.35759735107422, 65.4543228149414, 29.665346534653466, 505, 223.0, 366, 11, 153884.70175933838, 98.99864196777344, 454.9693603515625, 304.72218170166013
LOSS, 6956.9193115234375, -13.63671875, 69.1493911743164, 39.982294893812856, 174, 207.0, 388, 5, 64828.5245513916, 212.71861267089844, 462.74163818359375, 372.57772730684826
WIN , 26914.0, -28.704833984375, 66.387939453125, 21.30958036421219, 1263, 207.0, 315, 26, 364058.9616622925, 46.72492980957031, 463.0633239746094, 288.2493758212925
LOSS, 25551.23193359375, -22.11199951171875, 67.3582992553711, 22.06496712745574, 1158, 223.0, 322, 29, 352659.13439178467, 66.60897827148438, 456.40753173828125, 304.5415668322838
WIN , 26834.0, -20.547828674316406, 73.23974609375, 18.366872005475702, 1461, 207.0, 302, 31, 449966.44638061523, 68.17086029052734, 460.0892028808594, 307.98524735155047
LOSS, 6482.022155761719, -13.000030517578125, 62.05650329589844, 30.720484150529472, 211, 207.0, 385, 3, 71187.92916870117, 137.5408172607422, 459.6264953613281, 337.3835505625648
LOSS, 16642.373291015625, -35.99951171875, 69.75606536865234, 25.292360624643806, 658, 223.0, 356, 15, 223355.1166381836, 129.79063415527344, 472.0528869628906, 339.4454660154766
LOSS, 23865.4013671875, -19.72052001953125, 68.9351577758789, 22.47212934763418, 1062, 207.0, 329, 14, 356767.44828796387, 80.47785186767578, 477.2368469238281, 335.9392168436571
LOSS, 13796.82666015625, -22.966880798339844, 69.12313079833984, 14.553614620417985, 948, 191.0, 336, 10, 249769.0586090088, 47.62299728393555, 470.7440185546875, 263.46947110654935
LOSS, 15758.168212890625, -21.34002685546875, 66.1864242553711, 22.288781064908946, 707, 191.0, 352, 11, 226340.28964996338, 48.36625289916992, 472.3917541503906, 320.1418524044744
LOSS, 15566.650489807129, -34.0, 68.9531478881836, 20.1902081579859, 771, 177.6999969482422, 348, 10, 209133.07428359985, 62.68809127807617, 466.7684631347656, 271.2491235844356
LOSS, 13384.00048828125, -34.0001220703125, 66.2581558227539, 12.381129036337882, 1081, 223.0, 327, 18, 260139.1738471985, 56.38064193725586, 470.0037536621094, 240.6467843174824
LOSS, 17428.54296875, -19.39495086669922, 69.4191665649414, 32.94620599007561, 529, 191.0, 364, 9, 176970.3549194336, 57.68233108520508, 475.1846008300781, 334.537532928986
LOSS, 15066.673828125, -18.21173095703125, 68.89013671875, 25.195106735994983, 598, 223.0, 360, 14, 181399.68229675293, 65.602294921875, 477.62652587890625, 303.3439503290183
LOSS, 5863.6064453125, -13.691162109375, 60.080772399902344, 32.75757790677374, 179, 191.0, 388, 2, 60150.739501953125, 93.47151947021484, 452.2051696777344, 336.0376508489001
