LOSS, 22998.051025390625, -33.465965270996094, 44.528419494628906, 7.061114837393498, 3257, 191.0, 182, 20, 7912.048978924751, -6.922455787658691, 34.17361068725586, 2.4292443902133103
WIN , 26797.415954589844, -45.690284729003906, 82.6256332397461, 4.639441820392978, 5776, 180.1680908203125, 14, 34, 83218.4255631268, -4.125298976898193, 102.21151733398438, 14.407622154280956
WIN , 26835.300003051758, -44.999755859375, 90.9798355102539, 6.572446731092764, 4083, 164.39999389648438, 127, 37, 130305.88091099262, -10.924147605895996, 138.74754333496094, 31.91424954959408
LOSS, 24205.03183746338, -25.06048583984375, 62.906105041503906, 22.87810192576879, 1058, 177.6999969482422, 329, 17, 55698.8232793808, 8.023667335510254, 154.9897918701172, 52.64539062323327
WIN , 28523.012756347656, -22.967880249023438, 66.51889419555664, 20.20043396341902, 1412, 128.9744873046875, 305, 32, 88619.84398078918, 12.70703125, 146.1156463623047, 62.76192916486486
LOSS, 13639.880592346191, -42.999755859375, 60.37773513793945, 2.2736923807878298, 5999, 166.4399871826172, 0, 13, 343926.363255322, -8.535426139831543, 167.53228759765625, 57.33061564516119
LOSS, 8828.349029541016, -17.436920166015625, 60.754005432128906, 36.63215364954778, 241, 130.30999755859375, 383, 5, 25195.42156600952, 39.12297821044922, 198.6658935546875, 104.54531770128432
LOSS, 18523.68896484375, -23.280242919921875, 57.103492736816406, 9.538459817118305, 1942, 175.0, 270, 20, 151518.0681423545, -5.032010078430176, 199.99549865722656, 78.02166227721652
WIN , 27610.65000152588, -21.3397216796875, 94.7627944946289, 26.245865020461864, 1052, 193.6999969482422, 329, 29, 112936.8614783287, 3.425698757171631, 232.81997680664062, 107.3544310630501
LOSS, 16372.00048828125, -19.00756072998047, 63.282997131347656, 30.832392633298024, 531, 207.0, 364, 11, 63916.51003074646, 24.667797088623047, 238.1736602783203, 120.3700753874698
LOSS, 13110.151077270508, -22.22850799560547, 65.14579010009766, 33.35916304648984, 393, 164.39999389648438, 373, 10, 45907.51305770874, 9.808647155761719, 240.50228881835938, 116.81301032495863
WIN , 20367.05731201172, -43.350196838378906, 80.75740814208984, 3.6624810846991043, 5561, 180.8853759765625, 29, 18, 574372.8153438568, 17.062759399414062, 234.1177215576172, 103.28588659303306
LOSS, 11398.74365234375, -36.0, 63.676063537597656, 29.76173277374347, 383, 207.0, 374, 5, 50105.6162147522, 40.87842559814453, 247.81227111816406, 130.82406322389608
LOSS, 17523.36962890625, -18.612060546875, 63.832618713378906, 21.741153385739764, 806, 191.0, 346, 15, 99845.89078330994, 11.709615707397461, 267.57342529296875, 123.87827640609173
LOSS, 7937.30615234375, -17.423233032226562, 61.71379089355469, 20.456974619442654, 388, 223.0, 374, 6, 55056.43465232849, 26.72780418395996, 269.35552978515625, 141.89802745445488
LOSS, 20313.10400390625, -22.721336364746094, 65.0218734741211, 19.475651010456616, 1043, 207.0, 330, 18, 136740.78952932358, -5.067046642303467, 263.23406982421875, 131.10334566569853
LOSS, 11913.648071289062, -37.9998779296875, 61.219703674316406, 22.22695535688258, 536, 175.0, 364, 11, 75803.8973121643, 27.614334106445312, 271.3364562988281, 141.42518155254535
LOSS, 17122.695068359375, -26.092529296875, 63.931495666503906, 23.487921904471023, 729, 207.0, 351, 10, 91495.74349594116, 12.633111953735352, 285.6983947753906, 125.50856446631161
LOSS, 6821.0, -17.662269592285156, 56.89063262939453, 30.86425339366516, 221, 223.0, 385, 2, 31020.826028108597, -1.0647304058074951, 275.3155822753906, 140.36572863397555
LOSS, -5230.0, -22.198898315429688, 56.886512756347656, -0.8718119686614436, 5999, 205.0, 0, 4, 490175.5430278778, 12.714803695678711, 249.91827392578125, 81.70954209499547
LOSS, 26379.382568359375, -19.01879119873047, 65.6087417602539, 31.07112198864473, 849, 223.0, 343, 20, 141568.54944229126, 41.577396392822266, 298.1619873046875, 166.74740805923588
WIN , 25445.300003051758, -39.0, 70.4268569946289, 17.309727893232488, 1470, 164.39999389648438, 301, 17, 211850.88814353943, 4.269741535186768, 305.6949157714844, 144.11625043778193
LOSS, 11703.999877929688, -24.65081024169922, 63.038536071777344, 17.288035270206333, 677, 223.0, 354, 17, 93159.58696937561, 2.2272324562072754, 292.77508544921875, 137.60648001384877
LOSS, 7907.4678955078125, -18.77500343322754, 58.38035583496094, 32.27537916533801, 245, 223.0, 383, 4, 46074.62683868408, 45.116050720214844, 312.68212890625, 188.05970138238402
LOSS, 10274.559997558594, -17.96697235107422, 64.10865020751953, 25.945858579693418, 396, 175.8800048828125, 373, 11, 76166.6383857727, 34.237884521484375, 316.7149963378906, 192.33999592366845
LOSS, 17128.562255859375, -35.99951171875, 62.647315979003906, 16.72711157798767, 1024, 223.0, 331, 10, 151384.7217683792, 6.049598693847656, 321.1954040527344, 147.83664235193282
LOSS, 15193.43798828125, -20.002357482910156, 58.477394104003906, 28.345966396047107, 536, 191.0, 364, 12, 89027.72354507446, 32.278480529785156, 314.8665466308594, 166.0964991512583
LOSS, 20811.0, -18.20465850830078, 63.857933044433594, 21.106490872210955, 986, 223.0, 334, 22, 173408.40163993835, 5.299211502075195, 317.817626953125, 175.8705898985176
LOSS, 18399.0, -22.2760009765625, 62.283546447753906, 22.94139650872818, 802, 207.0, 346, 15, 150876.0306854248, 58.72757339477539, 322.2389831542969, 188.12472654042992
LOSS, 15038.346923828125, -18.46306610107422, 61.810523986816406, 18.657998664799162, 806, 207.0, 346, 12, 169607.38941574097, 43.26630401611328, 334.7974548339844, 210.431004237892
LOSS, 13878.706298828125, -17.966819763183594, 61.100059509277344, 35.5864264072516, 390, 223.0, 373, 13, 75219.97207260132, 60.57048416137695, 321.6024475097656, 192.8717232630803
LOSS, 25089.992919921875, -30.322265625, 67.0711441040039, 22.767688675065223, 1102, 223.0, 326, 14, 189246.39668655396, 18.979076385498047, 329.6041259765625, 171.72994254678218
LOSS, 13829.84912109375, -18.721778869628906, 61.871559143066406, 20.043259595788044, 690, 191.0, 353, 8, 132460.12812042236, 46.973876953125, 333.9822998046875, 191.97120017452517
LOSS, 20229.53466796875, -43.999755859375, 60.524131774902344, 17.667715867221617, 1145, 207.0, 323, 16, 182889.96926689148, 8.411893844604492, 330.39617919921875, 159.7292308007786
WIN , 26972.0, -38.0, 73.62699127197266, 24.431159420289855, 1104, 191.0, 326, 25, 228959.07248306274, 37.49026107788086, 343.9603576660156, 207.39046420567277
WIN , 26032.0, -37.0, 87.60498046875, 16.18905472636816, 1608, 191.0, 292, 30, 288876.7136583328, 9.904695510864258, 352.2838439941406, 179.64969754871444
WIN , 26285.415954589844, -41.00006103515625, 75.793701171875, 19.55760115668887, 1344, 164.1680908203125, 310, 24, 232691.39164716005, -1.5963945388793945, 354.01483154296875, 173.13347592794648
LOSS, 6836.6378173828125, -16.363616943359375, 66.2227554321289, 34.354963906446294, 199, 223.0, 386, 2, 42149.29867935181, 48.98402786254883, 369.11968994140625, 211.8055210017679
WIN , 24086.802505493164, -39.0, 93.54215240478516, 6.457587803081277, 3730, 201.39498901367188, 151, 25, 488599.7287015915, 2.933958053588867, 372.8379821777344, 130.99188437039987
LOSS, 5985.4503173828125, -13.970436096191406, 65.99028778076172, 32.179840416036626, 186, 191.0, 387, 2, 42021.12317657471, 63.50457000732422, 361.1927490234375, 225.92001707835863
WIN , 26908.557502746582, -19.72191619873047, 71.89416885375977, 34.675976163333225, 776, 77.88499450683594, 348, 16, 183142.47787857056, 62.52042007446289, 357.1816711425781, 236.00834778166308
LOSS, 14136.35888671875, -41.99998474121094, 69.9803695678711, 11.721690619169776, 1206, 223.0, 319, 15, 175976.68140602112, 22.359050750732422, 362.4808654785156, 145.91764627364935
LOSS, 20529.958251953125, -43.019996643066406, 64.6208724975586, 6.272520089200466, 3273, 207.0, 181, 23, 410260.37089920044, 11.24740219116211, 352.18670654296875, 125.34688997836861
LOSS, 14281.0, -34.0869140625, 68.6128921508789, 39.5595567867036, 361, 223.0, 375, 10, 80402.81188201904, 37.5292854309082, 359.254150390625, 222.72247058731037
LOSS, 8153.3807373046875, -16.00006103515625, 63.386451721191406, 37.747133043077255, 216, 175.0, 385, 6, 54438.50254058838, 78.15132904052734, 384.40863037109375, 252.03010435457583
LOSS, 7197.97265625, -21.890579223632812, 64.18082427978516, 31.29553328804348, 230, 223.0, 384, 7, 53777.94960021973, 71.96212768554688, 358.119140625, 233.81717217486838
LOSS, 9584.412475585938, -12.6123046875, 62.131858825683594, 43.17302916930603, 222, 223.0, 385, 6, 55219.82167053223, 107.42748260498047, 361.6247863769531, 248.73793545284786
LOSS, 17228.45249938965, -26.092529296875, 67.00391387939453, 28.618691859451243, 602, 188.09500122070312, 359, 17, 136245.14975738525, 20.19211196899414, 372.4208068847656, 226.3208467730652
LOSS, 24756.23388671875, -43.999755859375, 67.9259262084961, 21.304848439516995, 1162, 207.0, 322, 18, 264209.3785209656, 47.55570983886719, 372.2635498046875, 227.37468031064162
LOSS, 21663.20654296875, -18.09253692626953, 63.223777770996094, 28.207300186157227, 768, 207.0, 348, 17, 190776.40314483643, 89.10725402832031, 397.9832458496094, 248.40677492817244
LOSS, 9687.65478515625, -16.720489501953125, 66.0515365600586, 29.535532881573932, 328, 207.0, 378, 4, 84394.5391960144, 40.851741790771484, 395.7669372558594, 257.3004243780927
LOSS, 14223.7548828125, -17.66242218017578, 63.483192443847656, 23.865360541631713, 596, 175.0, 360, 9, 138948.71535301208, 21.73785400390625, 368.78314208984375, 233.13542844465115
LOSS, 15262.5625, -18.793113708496094, 69.4707260131836, 25.26914321192053, 604, 223.0, 359, 10, 154089.71858978271, 109.71414184570312, 376.720947265625, 255.11542812877934
LOSS, 6089.023681640625, -21.3397216796875, 70.00753021240234, 25.265658430044088, 241, 223.0, 383, 3, 56567.65884399414, 54.18598175048828, 384.0991516113281, 234.72057611615827
LOSS, 16980.321044921875, -27.36566162109375, 69.9327621459961, 27.520779651413086, 617, 175.0, 358, 10, 157332.24072265625, 34.73027038574219, 402.3052062988281, 254.99552791354336
LOSS, 9409.681663513184, -28.704833984375, 57.723304748535156, 20.19244992170211, 466, 201.8000030517578, 368, 8, 95419.61418914795, 23.33466339111328, 384.0726623535156, 204.7631205775707
LOSS, 8102.833740234375, -41.67236328125, 61.083580017089844, 17.9266233191026, 452, 191.0, 369, 6, 101416.52033233643, 51.79370880126953, 379.62322998046875, 224.37283259366467
LOSS, 6050.906982421875, -16.00006103515625, 54.57008361816406, 23.007250883733366, 263, 175.0, 382, 5, 61887.74136352539, 79.43384552001953, 372.6393737792969, 235.31460594496346
LOSS, 11030.708557128906, -32.99993896484375, 68.47127532958984, 34.25685887307114, 322, 191.8800048828125, 378, 6, 82814.46644592285, 75.81090545654297, 381.5904541015625, 257.1877839935492
LOSS, -10680.79988861084, -28.867530822753906, 57.46775817871094, -1.7804300531106585, 5999, 226.5997772216797, 0, 4, 536890.0564079285, 16.916397094726562, 375.48944091796875, 89.49659216668252
WIN , 26777.525505065918, -26.092605590820312, 77.18597412109375, 32.340006648630336, 828, 179.94898986816406, 344, 25, 207497.6841545105, 41.452083587646484, 393.5480041503906, 250.6010678194571
LOSS, 7703.5919189453125, 0, 69.95076751708984, 46.688435872395836, 165, 175.0, 388, 5, 42596.52274417877, 12.362229347229004, 392.969970703125, 258.16074390411376
LOSS, 16488.3486328125, -18.950347900390625, 63.354103088378906, 21.525259311765666, 766, 223.0, 348, 12, 164483.1310892105, 13.075201988220215, 420.0881652832031, 214.7299361477944
LOSS, 2862.2457275390625, -13.000030517578125, 67.32352447509766, 24.463638696915066, 117, 131.948974609375, 392, 3, 20863.47368621826, 74.45217895507812, 375.1597595214844, 178.3202879163954
LOSS, 4258.911193847656, -13.000030517578125, 61.848060607910156, 29.99233235103983, 142, 207.0, 390, 2, 36828.89292907715, 157.35508728027344, 388.1629333496094, 259.358400908994
WIN , 26630.0, -27.244873046875, 65.8141098022461, 17.71789753825682, 1503, 175.0, 299, 23, 335162.1511993408, 10.294378280639648, 405.3470764160156, 222.99544324640107
LOSS, 7618.421607971191, 0, 68.9067611694336, 54.0313589217815, 141, 176.8323211669922, 390, 7, 41793.99417114258, 162.23443603515625, 402.48333740234375, 296.4113061783162
LOSS, 21798.85595703125, -28.704833984375, 68.4133071899414, 23.018855287255807, 947, 207.0, 336, 25, 234255.21096229553, 23.744321823120117, 398.1312255859375, 247.3655870773976
LOSS, 12061.62255859375, -18.77500343322754, 68.28450775146484, 33.04554125642123, 365, 223.0, 375, 11, 102332.42264556885, 73.1663818359375, 406.2525634765625, 280.3628017686818
WIN , 26544.0, -21.39191436767578, 64.4771499633789, 23.8705035971223, 1112, 207.0, 325, 25, 300276.98178863525, 72.22673034667969, 420.17681884765625, 270.0332570041684
LOSS, 12056.09228515625, -32.99993896484375, 69.9040756225586, 22.4508236222649, 537, 207.0, 364, 9, 134689.0075378418, 65.07868194580078, 426.26153564453125, 250.81751869244283
LOSS, 11349.769165039062, -17.66242218017578, 64.52017974853516, 23.162794214365434, 490, 191.0, 367, 7, 108864.03114128113, 19.08626365661621, 398.5400390625, 222.17149212506354
LOSS, 19821.82666015625, -21.34002685546875, 69.5873031616211, 17.251372202050696, 1149, 191.0, 323, 19, 272540.3811378479, 41.01736831665039, 407.1695556640625, 237.19789481100776
LOSS, 11614.791137695312, -24.701889038085938, 67.39888763427734, 30.40521240234375, 382, 191.0, 374, 13, 96236.08710289001, 24.156774520874023, 420.59979248046875, 251.92692958871731
WIN , 26222.0, -18.880462646484375, 85.543212890625, 30.45528455284553, 861, 191.0, 342, 22, 238217.55038452148, 64.48479461669922, 428.699951171875, 276.6754359866684
LOSS, 16347.924072265625, -30.650634765625, 68.6613998413086, 23.727030583839802, 689, 191.0, 354, 15, 162522.34660983086, 3.8419687747955322, 417.4969787597656, 235.8814899997545
LOSS, 13675.650001525879, -21.34002685546875, 60.546485900878906, 25.4667597793778, 537, 193.6999969482422, 364, 11, 144717.99574279785, 87.07292938232422, 425.06494140625, 269.493474381374
LOSS, 9917.635131835938, -34.0869140625, 66.6283187866211, 18.962973483433913, 523, 223.0, 365, 8, 121118.532371521, 46.46817398071289, 414.84844970703125, 231.5841919149541
LOSS, 5571.4310302734375, -18.721778869628906, 63.235931396484375, 28.571441180889423, 195, 207.0, 386, 3, 47467.13486099243, 29.330528259277344, 403.4411315917969, 243.4212044153458
WIN , 28080.0, -28.2080078125, 81.395263671875, 26.692015209125476, 1052, 175.0, 329, 22, 286082.1338443756, 25.15389060974121, 422.49224853515625, 271.9411918672772
LOSS, 14217.16064453125, -26.823707580566406, 69.5470199584961, 28.779677418079455, 494, 175.0, 367, 11, 141195.3964767456, 80.90372467041016, 408.9566955566406, 285.82064064118543
LOSS, 10591.31201171875, -18.756797790527344, 60.99951934814453, 24.92073414522059, 425, 207.0, 371, 9, 102241.7227973938, 23.327800750732422, 420.7691650390625, 240.56875952327954
LOSS, 10634.441284179688, -14.662391662597656, 65.8562240600586, 34.30464930380544, 310, 207.0, 379, 6, 83736.56175231934, 104.89761352539062, 408.8081970214844, 270.117941136514
LOSS, 1839.599998474121, -12.774999618530273, 56.79961395263672, 40.87999996609158, 45, 185.8000030517578, 396, 3, 11669.24723815918, 120.62483215332031, 399.4747314453125, 259.31660529242623
LOSS, 8579.66064453125, -23.672264099121094, 65.0612564086914, 29.79048834906684, 288, 175.0, 380, 4, 82302.4603881836, 101.73681640625, 414.7540588378906, 285.7724319034153
LOSS, 22172.47119140625, -42.00048828125, 60.267555236816406, 11.844268798828125, 1872, 191.0, 275, 19, 381320.85613131523, 0.005056142807006836, 411.24072265625, 203.69703853168548
LOSS, 20274.961181640625, -22.935791015625, 65.5641860961914, 29.46942032215207, 688, 223.0, 354, 15, 182609.3253955841, 30.412111282348633, 462.928955078125, 265.4205310982327
LOSS, 9812.960693359375, -21.61614227294922, 64.45288848876953, 32.06849899790645, 306, 191.0, 379, 7, 94047.60360717773, 140.7831573486328, 428.67486572265625, 307.3451098273782
LOSS, 20024.300003051758, -30.322265625, 66.5746078491211, 18.855273072553445, 1062, 196.39999389648438, 329, 12, 280714.2251281738, 58.687232971191406, 432.0409851074219, 264.3260123617456
LOSS, 8937.663940429688, -15.463035583496094, 66.6881332397461, 34.50835498235401, 259, 207.0, 382, 6, 81135.32961273193, 105.82764434814453, 415.41558837890625, 313.2638208985789
LOSS, 12314.546264648438, -19.065750122070312, 60.088111877441406, 24.678449428153183, 499, 207.0, 366, 14, 136719.40644073486, 70.28509521484375, 424.8246765136719, 273.9867864543785
LOSS, 19569.79296875, -50.58392333984375, 66.8721694946289, 22.996231455640423, 851, 191.0, 343, 20, 233255.64813232422, 55.426300048828125, 441.2980041503906, 274.0959437512623
WIN , 26840.0, -20.77994155883789, 70.5870590209961, 30.921658986175114, 868, 175.0, 342, 29, 241826.73093414307, 60.540008544921875, 437.77264404296875, 278.60222457850585
WIN , 26547.415954589844, -32.9345703125, 64.9959487915039, 25.163427445108855, 1055, 180.1680908203125, 329, 19, 258388.54578018188, 34.110015869140625, 439.0617370605469, 244.91805287221032
LOSS, 19808.0654296875, -20.716552734375, 66.3695297241211, 24.791070625391114, 799, 223.0, 346, 19, 226508.23120498657, 43.6167106628418, 428.4844970703125, 283.4896510700708
LOSS, 15086.79736328125, -20.1611328125, 62.525535583496094, 21.960403731122636, 687, 191.0, 354, 8, 186832.16008758545, 70.52505493164062, 432.70452880859375, 271.95365369371973
WIN , 26470.0, -22.28199005126953, 65.0057144165039, 25.774099318403117, 1027, 175.0, 331, 28, 270357.0394153595, 25.59014129638672, 440.065673828125, 263.2493080967473
LOSS, 11725.053955078125, -26.092529296875, 66.1354751586914, 18.122185401975464, 647, 223.0, 356, 8, 154175.41599845886, 30.148515701293945, 424.99993896484375, 238.29276043038465
LOSS, 11306.169311523438, -36.8548583984375, 70.6877670288086, 27.576022711032774, 410, 186.447998046875, 372, 8, 114167.63345336914, 68.5701675415039, 426.8017883300781, 278.457642569193
LOSS, 7230.28173828125, -28.014678955078125, 59.60227966308594, 12.980757160289498, 557, 207.0, 362, 5, 118404.55558204651, 19.123519897460938, 441.99853515625, 212.575503737965
WIN , 27615.482124328613, -35.936279296875, 69.5137710571289, 24.656680468150547, 1120, 184.03575134277344, 325, 26, 321792.95168304443, 73.75027465820312, 457.95184326171875, 287.31513543128966
LOSS, 9051.0, -30.322265625, 65.94962310791016, 20.664383561643834, 438, 223.0, 370, 12, 116211.14945983887, 63.53565216064453, 430.5177917480469, 265.322259040728
LOSS, 16715.256591796875, -28.465126037597656, 65.2397689819336, 27.492198341771175, 608, 223.0, 359, 16, 180280.87031936646, 31.699668884277344, 428.26837158203125, 296.51458934106324
LOSS, 8221.0, -36.0, 60.714942932128906, 25.295384615384616, 325, 223.0, 378, 6, 92474.74354553223, 71.3471450805664, 415.6705017089844, 284.53767244779146
LOSS, 7998.536376953125, -19.909103393554688, 62.193199157714844, 32.12263605202058, 249, 175.0, 383, 5, 82112.9700012207, 136.3490447998047, 412.7973327636719, 329.7709638603241
LOSS, 17964.944091796875, -23.7158203125, 62.38090515136719, 21.935218671302657, 819, 223.0, 345, 10, 225020.12603759766, 50.40022659301758, 436.6936340332031, 274.74984864175536
LOSS, 11594.2783203125, -21.496788024902344, 61.834022521972656, 24.004717019280537, 483, 207.0, 367, 12, 131073.04958724976, 25.547569274902344, 437.83746337890625, 271.3727734725668
LOSS, 18633.74920654297, -37.4371337890625, 65.0774154663086, 17.512922186600534, 1064, 183.5025634765625, 329, 18, 308128.7947502136, 47.21931457519531, 452.2160339355469, 289.5947319080955
WIN , 27294.0, -19.89990234375, 77.037353515625, 22.280816326530612, 1225, 207.0, 318, 29, 348955.690864563, 47.27928161621094, 452.7818298339844, 284.86178846086773
WIN , 27911.638244628906, -20.7525634765625, 67.7892074584961, 25.236562608163567, 1106, 151.7235107421875, 326, 26, 333686.49156951904, 74.3447265625, 439.78424072265625, 301.7056885800353
LOSS, 8190.7320556640625, -17.662269592285156, 62.5048828125, 28.942516097752872, 283, 223.0, 381, 4, 92026.86488342285, 132.78060913085938, 444.1822509765625, 325.1832681393034
WIN , 27024.0, -30.322265625, 83.458251953125, 19.35816618911175, 1396, 207.0, 306, 30, 367300.3134994507, 18.279232025146484, 456.7191467285156, 263.10910709129706
LOSS, 5809.62060546875, -15.204170227050781, 64.50003814697266, 17.44630812453078, 333, 223.0, 377, 3, 89906.33320999146, 43.29654312133789, 441.9601745605469, 269.98898861859294
LOSS, 6699.8775634765625, -20.05907440185547, 55.73577880859375, 17.004765389534423, 394, 223.0, 373, 4, 103691.6883354187, 37.13456726074219, 421.66339111328125, 263.1768739477632
LOSS, 21986.65048980713, -41.9998779296875, 61.427001953125, 13.924414496394634, 1579, 177.6999969482422, 294, 22, 356520.1301651001, 12.65449047088623, 442.7931213378906, 225.78855615269163
LOSS, 20360.54222869873, -32.464515686035156, 62.672340393066406, 18.800131328438347, 1083, 210.25099182128906, 327, 14, 299694.8223800659, 50.32428741455078, 470.49169921875, 276.72652112656135
LOSS, 12576.1572265625, -23.10028076171875, 60.0286865234375, 24.610875198752446, 511, 175.0, 365, 11, 159950.27991485596, 80.49759674072266, 439.1298828125, 313.01424640872006
LOSS, 24553.002685546875, -42.999755859375, 69.5079574584961, 17.779147491344588, 1381, 207.0, 307, 22, 371543.7957649231, 31.629432678222656, 456.376953125, 269.0396783236228
LOSS, 15351.0, -18.723487854003906, 71.63350677490234, 25.248355263157894, 608, 223.0, 359, 10, 170570.5760307312, 37.75334167480469, 442.7723083496094, 280.5437105768605
LOSS, 3068.58447265625, -43.785255432128906, 63.673606872558594, 0.5243650841859621, 5852, 191.0, 9, 13, 638689.7220108509, 2.699289083480835, 438.6522216796875, 109.1404172950873
LOSS, 4836.5103759765625, -15.999984741210938, 60.861541748046875, 24.304072241088253, 199, 207.0, 386, 1, 54647.03504180908, 103.41849517822266, 425.8691101074219, 274.6082162904979
LOSS, 24223.8818359375, -29.81298828125, 66.8333969116211, 20.973057866612553, 1155, 175.0, 322, 17, 290587.45373535156, 43.228363037109375, 448.1683349609375, 251.59086903493642
LOSS, 7887.894088745117, -39.9998779296875, 69.13899993896484, 32.72985099064364, 241, 177.10000610351562, 383, 4, 73980.04636383057, 77.75419616699219, 442.57354736328125, 306.97114673788616
LOSS, 10946.283447265625, -26.092529296875, 53.863136291503906, 27.92419246751435, 392, 191.0, 373, 8, 124809.4898147583, 105.19611358642578, 427.5389709472656, 318.39155564989363
LOSS, 19799.96435546875, -29.81298828125, 62.697975158691406, 17.491134589636705, 1132, 207.0, 324, 18, 306028.9101257324, 59.39912414550781, 449.2222595214844, 270.3435601817424
WIN , 28169.25049972534, -38.0, 63.998634338378906, 17.76119199226062, 1586, 116.4990005493164, 294, 26, 445508.2369194031, 52.578086853027344, 449.0213928222656, 280.9005276919313
LOSS, 11061.0, -27.061622619628906, 68.6455307006836, 22.527494908350306, 491, 223.0, 367, 14, 123634.20743179321, 44.7065544128418, 452.08172607421875, 251.8008297999862
LOSS, 17384.10791015625, -20.1611328125, 61.14501953125, 20.646208919425476, 842, 223.0, 343, 12, 251391.07754516602, 67.8451919555664, 452.6560363769531, 298.5642251130238
LOSS, 24508.127197265625, -20.941650390625, 68.8200912475586, 20.875747186767995, 1174, 207.0, 321, 23, 350498.16691589355, 78.40925598144531, 455.015625, 298.5503977137083
WIN , 26574.0, -17.66242218017578, 67.4568862915039, 26.978680203045684, 985, 207.0, 334, 24, 323630.4154586792, 109.4502944946289, 449.0637512207031, 328.5587974199789
LOSS, 20452.79052734375, -21.34002685546875, 64.6364517211914, 26.154463589953643, 782, 175.0, 347, 22, 241367.61085510254, 44.72030258178711, 447.627685546875, 308.6542338300544
LOSS, 12052.2783203125, -20.662452697753906, 62.460548400878906, 27.02304556123879, 446, 191.0, 370, 5, 137617.0227394104, 63.22197341918945, 457.59814453125, 308.55834694935066
LOSS, 20142.571044921875, -26.803062438964844, 68.6253890991211, 24.624169981567086, 818, 223.0, 345, 13, 255220.25394058228, 38.93085479736328, 443.7125244140625, 312.00520041635974
LOSS, 17490.22021484375, -21.462791442871094, 66.9576187133789, 28.210032604586694, 620, 191.0, 358, 9, 189768.04907226562, 68.7894287109375, 454.9812927246094, 306.0774985036542
LOSS, 19783.730712890625, -25.2093505859375, 67.2096176147461, 17.338940151525527, 1141, 223.0, 323, 13, 348861.50271606445, 47.68168640136719, 464.4515686035156, 305.75065969856655
LOSS, 10675.0, -40.4193115234375, 59.59784698486328, 14.744475138121548, 724, 175.0, 351, 9, 170239.03282928467, 57.55356216430664, 450.79022216796875, 235.13678567580754
LOSS, 12248.782958984375, -19.39031982421875, 59.981689453125, 21.794987471502445, 562, 175.0, 362, 8, 172488.26287841797, 78.2640609741211, 440.2328796386719, 306.9186172213843
LOSS, 17609.25634765625, -21.061866760253906, 69.6599349975586, 29.202746845201077, 603, 207.0, 359, 12, 189347.75535583496, 85.7366943359375, 464.24395751953125, 314.00954453703974
LOSS, 18661.31982421875, -38.0, 68.6867446899414, 21.25435059706008, 878, 223.0, 341, 14, 230520.7936630249, 44.37409973144531, 470.6214599609375, 262.5521567916001
LOSS, 25831.997901916504, -20.662147521972656, 69.7664566040039, 21.156427438097055, 1221, 161.6999969482422, 318, 18, 390252.0615539551, 62.52771759033203, 465.1260070800781, 319.6167580294472
LOSS, 9259.869262695312, -23.006134033203125, 62.563087463378906, 25.865556599707578, 358, 191.0, 376, 8, 108082.16115570068, 79.3077621459961, 457.5859375, 301.9054780885494
LOSS, 11703.999877929688, -22.64862060546875, 68.2463607788086, 21.47522913381594, 545, 223.0, 363, 8, 167950.16172027588, 68.39720153808594, 455.9560852050781, 308.16543434913007
LOSS, 22371.74365234375, -38.010231018066406, 66.1385269165039, 20.695415034545558, 1081, 191.0, 327, 20, 295430.80167770386, 52.07115173339844, 453.7350769042969, 273.29398860102117
LOSS, 7552.817626953125, -28.99749755859375, 62.88153839111328, 29.388395435615273, 257, 223.0, 382, 7, 76470.34114837646, 100.87432098388672, 450.7305908203125, 297.54996555788506
LOSS, 21039.813720703125, -18.294113159179688, 62.033912658691406, 18.247887008415546, 1153, 191.0, 323, 19, 329975.48109436035, 87.30316925048828, 451.59039306640625, 286.18862193786674
LOSS, 10161.530151367188, -20.662147521972656, 65.07100677490234, 29.79920865503574, 341, 175.0, 377, 9, 114801.99394226074, 160.5115509033203, 466.43328857421875, 336.66273883360924
LOSS, 9346.534057617188, -12.9998779296875, 69.95902252197266, 45.15233844259511, 207, 223.0, 386, 12, 75158.05633544922, 200.24703979492188, 455.7147521972656, 363.08239775579335
WIN , 27154.0, -18.802833557128906, 63.350440979003906, 25.98468899521531, 1045, 207.0, 330, 26, 340300.10082244873, 87.65808868408203, 472.9872741699219, 325.64602949516626
WIN , 27204.0, -43.5565185546875, 68.5591812133789, 21.21996879875195, 1282, 207.0, 314, 26, 436664.94400787354, 73.0754165649414, 485.13787841796875, 340.612280817374
LOSS, 19556.04833984375, -23.16162109375, 66.99454498291016, 24.08380337419181, 812, 207.0, 345, 15, 262158.1823577881, 84.29082489013672, 449.72222900390625, 322.8549043815124
LOSS, 13230.088989257812, -25.3834228515625, 69.2943344116211, 29.465677036208938, 449, 191.0, 370, 13, 148307.7055053711, 87.66249084472656, 462.1467590332031, 330.3066937758822
LOSS, 19568.01806640625, -18.16759490966797, 67.8908462524414, 31.258814802565894, 626, 191.0, 358, 13, 210447.126537323, 62.74989700317383, 477.36328125, 336.1775184302284
LOSS, 3511.599998474121, -14.690025329589844, 61.96197509765625, 23.567785224658532, 149, 201.8000030517578, 390, 2, 53286.06985473633, 216.2595672607422, 454.0343017578125, 357.62462989755926
LOSS, 6963.9998779296875, -41.00006103515625, 64.1713638305664, 28.896265053650154, 241, 223.0, 383, 4, 75942.71044921875, 73.4088134765625, 441.6029968261719, 315.1149811170902
WIN , 26492.0, -25.762107849121094, 69.0865249633789, 31.613365155131266, 838, 191.0, 344, 19, 278881.67458724976, 58.6172981262207, 446.3474426269531, 332.79436108263695
LOSS, 16456.580810546875, -35.512001037597656, 66.2694320678711, 11.58914141587808, 1420, 175.0, 305, 12, 371627.6157608032, 69.99111938476562, 449.78424072265625, 261.70958856394594
WIN , 26130.0, -21.114540100097656, 83.6328125, 35.168236877523555, 743, 175.0, 350, 24, 233874.54669570923, 35.08572006225586, 476.2828063964844, 314.77058774658036
LOSS, 5118.349914550781, -16.363616943359375, 66.19559478759766, 35.057191195553294, 146, 175.0, 390, 2, 50254.94123840332, 210.05010986328125, 448.5994873046875, 344.2119262904337
LOSS, 14857.131591796875, -18.20404815673828, 66.1476058959961, 33.920391762093324, 438, 223.0, 370, 11, 137872.1586074829, 80.54519653320312, 444.4505615234375, 314.77661782530345
LOSS, 13907.880126953125, -28.29279327392578, 70.5443344116211, 35.38900795662373, 393, 191.0, 373, 7, 126257.18135070801, 83.04127502441406, 442.3681945800781, 321.26509249544023
LOSS, 10920.218994140625, -15.999755859375, 69.9874038696289, 30.418437309583915, 359, 191.0, 376, 6, 120624.00274658203, 104.99969482421875, 462.6097717285156, 336.00000765064635
LOSS, 12261.0, -43.999755859375, 65.42874908447266, 25.812631578947368, 475, 223.0, 368, 10, 145553.751953125, 64.07859802246094, 450.87738037109375, 306.42895148026315
LOSS, 8697.783447265625, -17.357872009277344, 65.93587493896484, 35.501156927614794, 245, 223.0, 383, 5, 76625.6824798584, 60.97340393066406, 442.9411926269531, 312.7578876728914
LOSS, 10393.632690429688, -38.0, 64.88578033447266, 28.320525042042746, 367, 191.0, 375, 12, 118512.02907562256, 91.08760070800781, 437.33740234375, 322.9210601515601
LOSS, 20740.980224609375, -33.000244140625, 66.1864242553711, 25.958673622790208, 799, 175.0, 346, 12, 243995.35676574707, 91.71455383300781, 461.8719177246094, 305.37591585199885
LOSS, 14801.0, -17.662879943847656, 67.49869537353516, 24.87563025210084, 595, 223.0, 360, 13, 170666.1149635315, 46.40861892700195, 461.323486328125, 286.8338066613975
LOSS, 5831.0, -18.77500343322754, 69.3782730102539, 33.51149425287356, 174, 223.0, 388, 3, 55526.42423248291, 90.21759796142578, 470.17242431640625, 319.1173806464535
LOSS, 16692.8408203125, -23.0926513671875, 60.699058532714844, 29.031027513586956, 575, 223.0, 361, 15, 191475.16605377197, 114.89618682861328, 450.0061950683594, 333.0002887891686
LOSS, 16342.15234375, -18.721778869628906, 59.735939025878906, 23.85715670620438, 685, 223.0, 354, 15, 212320.35750961304, 63.978397369384766, 468.72454833984375, 309.9567262914059
WIN , 26480.65000152588, -17.776832580566406, 92.5179214477539, 22.0121778898802, 1203, 193.6999969482422, 319, 19, 378714.6036911011, 118.36553192138672, 460.2024230957031, 314.80848187123945
LOSS, 9980.370246887207, -30.322265625, 65.52115631103516, 24.107174509389388, 414, 213.82737731933594, 372, 5, 127004.38697052002, 106.8214340209961, 461.46795654296875, 306.7738815713044
LOSS, 16350.57763671875, -42.999755859375, 65.5931625366211, 28.735637322880052, 569, 223.0, 362, 6, 191092.84003448486, 108.7342300415039, 456.49090576171875, 335.83978916429675
LOSS, 21352.7138671875, -41.89813232421875, 66.95288848876953, 30.24463720564802, 706, 223.0, 352, 13, 229932.54572296143, 91.37709045410156, 451.00506591796875, 325.6834925254411
LOSS, 22159.85205078125, -29.547874450683594, 65.34476470947266, 25.948304509111534, 854, 207.0, 343, 19, 256626.14794158936, 41.80330276489258, 472.6568603515625, 300.49900227352384
WIN , 27662.0, -27.91259765625, 87.568359375, 20.97194844579227, 1319, 191.0, 312, 33, 413632.51416015625, 43.962406158447266, 462.4444885253906, 313.5955376498531
LOSS, 15604.906105041504, -15.999755859375, 60.272438049316406, 28.84455841967006, 541, 177.6999969482422, 363, 11, 185610.9405517578, 104.99456787109375, 451.0513000488281, 343.0886146982584
LOSS, 24161.379272460938, -33.000244140625, 65.8232650756836, 18.628665591720075, 1297, 186.447998046875, 313, 24, 368905.2943286896, 20.6724796295166, 456.4407653808594, 284.42967951325335
LOSS, 4192.59619140625, -27.71759033203125, 62.43163299560547, 19.057255415482956, 220, 207.0, 385, 1, 75582.96578979492, 139.82078552246094, 453.5602722167969, 343.55893540815873
LOSS, 13059.682250976562, -18.912559509277344, 68.2625503540039, 30.94711433880702, 422, 223.0, 371, 7, 135270.87637329102, 82.45381927490234, 463.4820251464844, 320.5471004106422
LOSS, 17877.65000152588, -30.864715576171875, 63.102928161621094, 29.404029607772827, 608, 209.6999969482422, 359, 12, 203862.85054016113, 99.35151672363281, 456.6695556640625, 335.30074102000185
LOSS, 8525.922119140625, -14.662391662597656, 63.626319885253906, 26.073156327647173, 327, 191.0, 378, 1, 101745.16164398193, 105.06517791748047, 459.0868835449219, 311.14728331492944
LOSS, 13372.71142578125, -26.536865234375, 66.18856048583984, 15.04242005149747, 889, 223.0, 340, 16, 260939.4089164734, 61.17245101928711, 462.8825378417969, 293.52014501290597
LOSS, 20931.425537109375, -33.87992858886719, 90.9798355102539, 17.81397918051862, 1175, 207.0, 321, 20, 367399.1709060669, 47.5064582824707, 475.992919921875, 312.68014545197184
LOSS, 16224.00048828125, -21.502220153808594, 65.86493682861328, 27.92426934299699, 581, 223.0, 361, 12, 189238.52310180664, 69.42687225341797, 456.1745300292969, 325.7117437208376
LOSS, 20517.983642578125, -17.662879943847656, 61.441261291503906, 30.715544375116952, 668, 223.0, 355, 12, 223310.80741882324, 81.97224426269531, 457.3447265625, 334.297615896442
LOSS, 15379.8759765625, -34.199134826660156, 69.1658706665039, 21.72298866746116, 708, 191.0, 352, 8, 221749.8017730713, 52.516666412353516, 453.73046875, 313.2059347077278
LOSS, 14274.841552734375, -20.832366943359375, 68.4493179321289, 25.766862008545804, 554, 223.0, 363, 15, 192213.51062774658, 63.56336975097656, 488.2301025390625, 346.95579535694327
LOSS, 19488.4619140625, -31.7108154296875, 62.273780822753906, 21.82358557005879, 893, 175.0, 340, 15, 274328.22452926636, 47.104393005371094, 456.2724914550781, 307.19845971922325
LOSS, 14431.159912109375, -20.436798095703125, 59.820556640625, 23.972026432075374, 602, 223.0, 359, 14, 192763.12030792236, 66.32352447509766, 462.19378662109375, 320.2045187839242
LOSS, 15676.445068359375, -25.763916015625, 61.135780334472656, 15.6607842840753, 1001, 207.0, 333, 11, 290149.2794494629, 93.39588165283203, 448.8590087890625, 289.85942002943347
LOSS, 4077.3406372070312, -35.63153076171875, 55.261688232421875, 15.503196339190232, 263, 223.0, 382, 2, 69984.75910949707, 154.25392150878906, 441.0149230957031, 266.10174566348695
LOSS, 11822.667724609375, -16.00006103515625, 57.90320587158203, 26.930905978609054, 439, 191.0, 370, 16, 151113.58281707764, 75.8870620727539, 466.4048767089844, 344.22228432136137
LOSS, 11568.16015625, -26.092529296875, 60.881195068359375, 22.952698722718253, 504, 207.0, 366, 5, 157723.89017486572, 53.62120819091797, 456.2801818847656, 312.944226537432
LOSS, 20958.605712890625, -30.322265625, 63.273216247558594, 23.082164882038132, 908, 207.0, 339, 15, 254210.24835968018, 43.467857360839844, 485.7480773925781, 279.96723387629976
LOSS, 16547.738037109375, -41.999755859375, 67.6775131225586, 6.656370891838043, 2486, 175.0, 234, 11, 472387.05536842346, 19.5125732421875, 454.2616882324219, 190.0189281449813
LOSS, 15257.67041015625, -37.542259216308594, 63.815528869628906, 2.543368963186573, 5999, 189.0, 0, 24, 1016447.133102417, 70.502197265625, 471.873046875, 169.43609486621386
LOSS, 13019.0, -40.999755859375, 62.027587890625, 13.589770354906054, 958, 207.0, 336, 12, 255087.52475738525, 54.50233459472656, 456.696533203125, 266.27090266950444
WIN , 27484.0, -34.6136474609375, 64.8277816772461, 20.541106128550076, 1338, 207.0, 310, 23, 406873.62927246094, 47.55906677246094, 465.8297119140625, 304.0909037910769
LOSS, 24390.24208831787, -18.963623046875, 70.3014144897461, 29.853417488761163, 817, 185.8000030517578, 345, 13, 272838.76791381836, 72.8082046508789, 465.65167236328125, 333.95198031067116
LOSS, 3551.0, -21.271469116210938, 52.698516845703125, 8.8775, 400, 223.0, 373, 4, 88786.80179595947, 25.581653594970703, 429.4849548339844, 221.96700448989867
LOSS, 18932.36865234375, -23.72027587890625, 63.560401916503906, 25.688424222990164, 737, 191.0, 350, 20, 229343.04319763184, 74.11334228515625, 460.26080322265625, 311.18459049882205
LOSS, 23576.146240234375, -36.0, 90.9798355102539, 19.372346951712714, 1217, 175.0, 318, 32, 384845.9030303955, 72.7774887084961, 467.363037109375, 316.22506411700533
LOSS, 22970.0859375, -40.9998779296875, 82.52708435058594, 10.000037412929908, 2297, 191.0, 246, 25, 570724.7995433807, 31.217782974243164, 472.58905029296875, 248.4653023697783
LOSS, 11493.999877929688, -19.702537536621094, 60.424720764160156, 32.106144910418124, 358, 223.0, 376, 4, 125378.89009094238, 131.322021484375, 476.9212646484375, 350.22036338252065
LOSS, 22704.78125, -39.5318603515625, 66.4452133178711, 15.978030436312457, 1421, 207.0, 305, 19, 427542.3638038635, 57.65031051635742, 457.6642761230469, 300.8742883911777
LOSS, 19421.578369140625, -37.807373046875, 61.405540466308594, 15.078865193432163, 1288, 175.0, 314, 16, 367235.794670105, 72.96355438232422, 468.0000915527344, 285.120958594802
LOSS, 21965.000244140625, -19.875930786132812, 63.672706604003906, 28.600260734558105, 768, 223.0, 348, 17, 245850.75842285156, 92.83926391601562, 471.5355224609375, 320.11817502975464
WIN , 27844.753562927246, -23.27484893798828, 74.18160247802734, 22.86104561816687, 1218, 205.4928741455078, 318, 27, 386603.87983703613, 58.05237579345703, 470.1562805175781, 317.4087683391101
WIN , 27543.28000640869, -24.5819091796875, 90.0149154663086, 27.626158481854254, 997, 148.4399871826172, 333, 33, 337302.7869796753, 92.33511352539062, 454.7617492675781, 338.31774020027615
LOSS, 14357.23388671875, -23.994140625, 67.1239242553711, 22.328513043108476, 643, 175.0, 357, 13, 196584.513671875, 39.97905731201172, 453.37884521484375, 305.730192335731
LOSS, 7397.418685913086, -13.000030517578125, 59.975196838378906, 30.567845809558207, 242, 185.81814575195312, 383, 5, 82252.35272216797, 142.7127227783203, 456.10888671875, 339.88575505028086
LOSS, 15900.754638671875, -20.35790252685547, 63.165504455566406, 25.854885591336384, 615, 223.0, 358, 13, 181945.81056976318, 39.611907958984375, 465.58642578125, 295.8468464548995
WIN , 26713.68825149536, -25.867347717285156, 77.5627326965332, 30.954447568360788, 863, 127.62349700927734, 342, 24, 294036.3858566284, 72.97661590576172, 459.3504333496094, 340.7142362185729
LOSS, 10313.254028320312, -21.046295166015625, 60.212928771972656, 21.308376091570892, 484, 223.0, 367, 5, 151232.74085617065, 59.96639633178711, 445.67535400390625, 312.46434061192286
LOSS, 17082.5224609375, -39.0, 62.917991638183594, 14.071270560904036, 1214, 191.0, 319, 13, 300614.3973388672, 54.21337890625, 446.3596496582031, 247.62306205837496
WIN , 20387.786407470703, -32.069580078125, 67.2127456665039, 4.886813616364023, 4172, 159.42718505859375, 121, 23, 722116.7709197998, 38.61766815185547, 472.2686767578125, 173.08647433360494
LOSS, 24865.103759765625, -20.753173828125, 64.6642074584961, 28.384821643568063, 876, 185.0, 341, 21, 282443.6371688843, 83.04886627197266, 456.1034851074219, 322.4242433434752
LOSS, 5415.27587890625, -17.961448669433594, 57.62420654296875, 30.42289819610253, 178, 175.0, 388, 4, 60087.250564575195, 144.81106567382812, 446.7202453613281, 337.56882339648985
LOSS, 21424.826904296875, -44.999755859375, 62.837730407714844, 20.46306294584229, 1047, 223.0, 330, 14, 302084.56872177124, 47.08246994018555, 469.4729919433594, 288.52394338278054
LOSS, 25908.51318359375, -36.0, 63.195091247558594, 15.598141591567579, 1661, 175.0, 289, 16, 413781.8942928314, 23.91709327697754, 455.4463806152344, 249.11613142253546
LOSS, 10553.999877929688, -21.77355194091797, 64.02167510986328, 31.598802029729605, 334, 223.0, 377, 7, 112139.64659118652, 186.3882598876953, 461.4252624511719, 335.747444883792
LOSS, 10307.260986328125, -21.34002685546875, 61.159889221191406, 27.12437101665296, 380, 223.0, 374, 10, 116977.10716247559, 79.07783508300781, 459.3026123046875, 307.8344925328305
LOSS, 14225.580078125, -34.0869140625, 70.2525863647461, 20.527532580266957, 693, 223.0, 353, 16, 214809.3412475586, 73.84182739257812, 466.8655090332031, 309.97018939041646
LOSS, 4163.9998779296875, -13.019927978515625, 62.19688415527344, 34.41322213165031, 121, 223.0, 391, 3, 37846.278259277344, 112.93879699707031, 437.33453369140625, 312.7791591675813
LOSS, 24218.65048980713, -34.0869140625, 67.46282196044922, 21.041399209215577, 1151, 193.6999969482422, 323, 28, 341636.4345626831, 68.98212432861328, 457.0279541015625, 296.8170586991165
WIN , 26840.0, -29.5361328125, 69.8778305053711, 25.95744680851064, 1034, 175.0, 331, 20, 308808.0539588928, 45.48198699951172, 471.3661193847656, 298.65382394477064
LOSS, 14404.621711730957, -19.48126983642578, 65.7228775024414, 30.389497282132822, 474, 186.27415466308594, 368, 16, 152424.8497314453, 118.01669311523438, 472.0867919921875, 321.57141293553866
LOSS, 16692.807861328125, -18.20404815673828, 65.8718032836914, 24.053037264161564, 694, 223.0, 353, 16, 223902.53915786743, 63.87087631225586, 480.8267517089844, 322.62613711508277
LOSS, 22162.621826171875, -25.712806701660156, 62.472755432128906, 22.36389689825618, 991, 207.0, 333, 21, 297232.8116912842, 68.58883666992188, 460.0090026855469, 299.9322015048276
LOSS, 23633.719856262207, -21.34033203125, 69.4835433959961, 27.77170370888626, 851, 213.82737731933594, 343, 18, 268396.21604919434, 93.9039535522461, 452.59228515625, 315.389208048407
LOSS, 17481.503662109375, -28.76861572265625, 65.0435562133789, 29.98542652162843, 583, 207.0, 361, 24, 185841.00927734375, 99.42120361328125, 469.3141174316406, 318.7667397553066
LOSS, 7169.57536315918, -22.01593017578125, 66.85079193115234, 26.953290838944284, 266, 190.53433227539062, 382, 5, 81478.40424346924, 65.98027801513672, 450.08953857421875, 306.3097903889821
LOSS, 13187.22216796875, -18.339996337890625, 66.4589614868164, 24.741505005569888, 533, 191.0, 364, 7, 170845.4718322754, 105.60592651367188, 469.4899597167969, 320.53559443203636
LOSS, 9980.046020507812, -36.0001220703125, 61.761085510253906, 22.376784799344872, 446, 223.0, 370, 6, 137660.50841522217, 91.46820831298828, 449.7872314453125, 308.6558484646237
LOSS, 22575.831886291504, -33.312522888183594, 63.30046844482422, 17.596127736782154, 1283, 165.3357391357422, 314, 16, 337113.8819847107, 46.44886016845703, 463.1590881347656, 262.75438969969656
LOSS, 19786.197265625, -18.20404815673828, 64.6791763305664, 32.489650682471265, 609, 207.0, 359, 15, 201988.07471466064, 75.56202697753906, 461.69061279296875, 331.67171545921286
LOSS, 8039.0, -20.1611328125, 58.737693786621094, 24.068862275449103, 334, 207.0, 377, 7, 105592.09971618652, 113.95307922363281, 453.7793884277344, 316.14401112630696
LOSS, 7490.649879455566, -15.444679260253906, 59.9957275390625, 34.840231997467754, 215, 209.6999969482422, 385, 7, 74109.57052612305, 139.79568481445312, 471.6814270019531, 344.6956768656886
WIN , 26196.753562927246, -40.04716491699219, 72.26753997802734, 21.160544073446886, 1238, 221.4928741455078, 317, 25, 400832.1266517639, 55.096317291259766, 473.5918884277344, 323.7739310595831
LOSS, -8867.105140686035, -29.951278686523438, 59.608154296875, -1.4780972063153917, 5999, 210.5500030517578, 0, 3, 570442.1125087738, 15.05337142944336, 441.3439636230469, 95.08953367374126
LOSS, 23755.17822265625, -18.353553771972656, 57.18024444580078, 29.509538164790374, 805, 175.0, 346, 23, 270035.9305496216, 88.6214599609375, 462.8547058105469, 335.44836093120693
WIN , 25382.0, -39.0, 84.229736328125, 12.99641577060932, 1953, 191.0, 269, 27, 584427.0320205688, 38.83572006225586, 468.04815673828125, 299.24579212522724
LOSS, 11134.757446289062, -16.156822204589844, 70.98165130615234, 31.632833654230293, 352, 207.0, 376, 5, 114160.8099975586, 89.32315063476562, 467.52587890625, 324.32048294760966
LOSS, 10981.0, -17.078628540039062, 65.97159576416016, 30.25068870523416, 363, 223.0, 375, 7, 109889.5697479248, 87.53180694580078, 447.3015441894531, 302.726087459848
LOSS, 8389.50927734375, -25.20965576171875, 58.090110778808594, 24.388108364371366, 344, 175.0, 377, 6, 115938.94486999512, 107.51898193359375, 449.9622802734375, 337.03181648254395
LOSS, 12031.39794921875, -15.999755859375, 65.6996841430664, 31.008757601079253, 388, 223.0, 374, 7, 128415.83840942383, 93.5132827758789, 445.2949523925781, 330.9686556943913
LOSS, 11516.803344726562, -34.0869140625, 69.58731842041016, 32.080232158012706, 359, 207.0, 376, 11, 123541.69975280762, 165.8179168701172, 470.43817138671875, 344.1272973615811
LOSS, 22005.300491333008, -35.99951171875, 65.4085464477539, 21.098082925535003, 1043, 180.39999389648438, 330, 24, 322033.05726623535, 65.93630981445312, 457.0491027832031, 308.75652662151043
LOSS, 7767.0, -16.61859893798828, 68.0538101196289, 35.62844036697248, 218, 191.0, 385, 6, 74909.80026245117, 197.00587463378906, 433.9047546386719, 343.622936983721
WIN , 27199.40818786621, -23.06396484375, 78.42608642578125, 26.903470017671822, 1011, 196.18362426757812, 332, 21, 320738.7634963989, 97.25477600097656, 445.6029357910156, 317.2490242298704
LOSS, 10322.187866210938, -34.0869140625, 57.4029541015625, 25.424108044854528, 406, 207.0, 372, 11, 134536.67991638184, 128.92266845703125, 455.2794494628906, 331.37113279897005
LOSS, 8414.22705078125, -25.303062438964844, 59.10943603515625, 20.57268227574878, 409, 207.0, 372, 7, 121914.31195831299, 88.13710021972656, 450.49810791015625, 298.07900234306356
WIN , 27710.0, -20.066307067871094, 69.9654312133789, 29.636363636363637, 935, 175.0, 337, 27, 310524.58336639404, 94.55899047851562, 464.11138916015625, 332.11185386780113
LOSS, 11201.599998474121, -24.5513916015625, 61.981101989746094, 26.418867920929532, 424, 201.8000030517578, 371, 9, 135747.33769226074, 60.302490234375, 454.40997314453125, 320.1588153119357
WIN , 25901.13641357422, -35.0, 62.1923828125, 18.087385763669147, 1432, 172.7271728515625, 304, 27, 405153.6787109375, 48.10044860839844, 463.6569519042969, 282.9285465858502
LOSS, 19139.966796875, -34.0869140625, 63.856101989746094, 15.976599997391485, 1198, 207.0, 320, 15, 320701.31439971924, 60.97764587402344, 452.6197509765625, 267.69725742881405
LOSS, 10550.360595703125, -26.426849365234375, 59.400245666503906, 24.253702518857757, 435, 186.447998046875, 370, 7, 142940.4509124756, 149.1132049560547, 436.5362854003906, 328.59873772982894
LOSS, 6963.0416259765625, -18.28216552734375, 63.437721252441406, 20.008740304530352, 348, 223.0, 376, 5, 101854.0842590332, 102.41606903076172, 468.36138916015625, 292.68415016963564
LOSS, 20864.584716796875, -43.999755859375, 71.46504974365234, 15.675871312394346, 1331, 207.0, 311, 18, 333785.8091659546, 68.67594909667969, 453.8970947265625, 250.7782187572912
LOSS, 15964.814208984375, -30.322418212890625, 62.786476135253906, 21.5159221145342, 742, 207.0, 350, 7, 207681.22135543823, 47.67020034790039, 451.6803894042969, 279.8938293199976
LOSS, 20657.0, -30.322418212890625, 66.2029037475586, 20.67767767767768, 999, 191.0, 333, 20, 291626.28453826904, 81.93208312988281, 451.063232421875, 291.9182027410101
LOSS, 11881.0, -23.7164306640625, 69.7508773803711, 27.438799076212472, 433, 223.0, 371, 10, 126345.08467102051, 71.98822784423828, 468.4224853515625, 291.7900338822644
LOSS, 13911.784912109375, -22.04345703125, 66.46932220458984, 19.295124704728675, 721, 223.0, 351, 20, 197489.19848632812, 54.72886657714844, 473.2685546875, 273.9101227272235
LOSS, 2853.0284118652344, -24.795372009277344, 60.74790954589844, 24.595072516079608, 116, 175.0, 392, 1, 32668.04319000244, 102.0987319946289, 458.2851867675781, 281.6210619827797
LOSS, 17076.059326171875, -41.999755859375, 62.43567657470703, 16.957357821421922, 1007, 207.0, 332, 13, 304437.53241729736, 117.54949188232422, 462.6169738769531, 302.3212834332645
LOSS, 11843.670288085938, -30.322418212890625, 62.967750549316406, 26.37788482869919, 449, 223.0, 370, 10, 138175.8106689453, 108.30261993408203, 445.609375, 307.74122643417667
LOSS, 16988.64013671875, -40.999755859375, 60.814720153808594, 23.240273784840973, 731, 175.0, 351, 14, 217679.79790496826, 67.24524688720703, 464.5146484375, 297.78358126534647
LOSS, 19662.40249633789, -30.390914916992188, 64.03495025634766, 21.210790179436774, 927, 180.19500732421875, 338, 19, 265008.9799118042, 73.75222778320312, 455.41973876953125, 285.8780797322591
LOSS, 16612.282958984375, -23.215721130371094, 67.76692962646484, 19.70614823129819, 843, 223.0, 343, 17, 255361.40112304688, 66.03488159179688, 458.7402648925781, 302.9198115338634
WIN , 26284.0, -33.2080078125, 80.7421875, 21.334415584415584, 1232, 207.0, 317, 26, 374954.3688812256, 71.26873779296875, 455.6651306152344, 304.3460786373584
LOSS, 10548.683837890625, -33.777610778808594, 64.2003402709961, 22.068376229896707, 478, 207.0, 368, 11, 154845.7975921631, 133.4756317138672, 453.6922607421875, 323.9451832472031
LOSS, 22457.99951171875, -40.999755859375, 69.87325286865234, 18.363041301487122, 1223, 223.0, 318, 19, 348247.7126350403, 36.6099853515625, 472.9524230957031, 284.7487429558792
WIN , 27179.482124328613, -25.36530303955078, 73.45662689208984, 25.934620347641808, 1048, 136.03575134277344, 330, 31, 334671.84700775146, 63.88597106933594, 465.74041748046875, 319.3433654654117
LOSS, 3664.4306030273438, -13.000030517578125, 58.56604766845703, 33.01288831556165, 111, 207.0, 392, 0, 36356.740310668945, 174.8403778076172, 452.6358337402344, 327.5382009970175
LOSS, 10393.000244140625, -34.0869140625, 71.0503158569336, 22.20726547893296, 468, 207.0, 368, 9, 151503.59743499756, 77.5469741821289, 442.6922607421875, 323.7256355448666
LOSS, 15850.970458984375, -20.711502075195312, 61.649681091308594, 24.236957888355313, 654, 175.0, 356, 10, 202627.98286437988, 118.01114654541016, 468.0410461425781, 309.828719976116
LOSS, 22169.920654296875, -32.4674072265625, 65.63285064697266, 20.302125141297505, 1092, 175.0, 327, 15, 309277.9891204834, 59.972984313964844, 451.3296203613281, 283.2216017586844
LOSS, 5958.807628631592, -15.999984741210938, 57.424842834472656, 22.918490879352277, 260, 83.8752212524414, 382, 5, 82994.08762359619, 103.709716796875, 451.05218505859375, 319.20802932152384
LOSS, 6435.1004638671875, -23.71856689453125, 59.837646484375, 28.22412484152275, 228, 207.0, 384, 3, 72133.1905593872, 85.16606140136719, 470.9127197265625, 316.37364280432985
LOSS, 16369.0, -21.3397216796875, 64.2763442993164, 28.07718696397942, 583, 207.0, 361, 8, 197157.6620941162, 92.48844146728516, 451.48553466796875, 338.17780805165734
LOSS, 22519.0, -30.322265625, 66.0616226196289, 27.732758620689655, 812, 207.0, 345, 17, 249304.313911438, 69.47618865966797, 452.214111328125, 307.02501713231277
LOSS, 12041.0, -18.722877502441406, 60.923072814941406, 22.174953959484345, 543, 223.0, 363, 12, 156386.4754638672, 78.10015106201172, 470.66253662109375, 288.0045588653171
LOSS, 5789.621826171875, -40.80535888671875, 83.12694549560547, 2.2055702194940476, 2625, 223.0, 224, 14, 785956.5339508057, 66.35247802734375, 467.04168701171875, 299.41201293364026
LOSS, 4978.088966369629, 0, 67.7834243774414, 44.447222914014546, 112, 165.3357391357422, 392, 3, 39265.02436828613, 138.85609436035156, 448.48162841796875, 350.5805747168405
LOSS, 8125.8160400390625, -21.34002685546875, 62.03948974609375, 27.638830068160075, 294, 175.0, 380, 3, 94726.26609802246, 93.47817993164062, 451.1781311035156, 322.1981840068791
WIN , 27170.0, -20.759971618652344, 64.6559829711914, 26.611165523996082, 1021, 175.0, 331, 26, 324199.8715133667, 72.16193389892578, 451.8504638671875, 317.53170569379694
WIN , 26918.065948486328, -41.999755859375, 78.001953125, 26.625188870906356, 1011, 198.86810302734375, 332, 22, 325426.4942932129, 63.29180908203125, 478.7177734375, 321.8857510318624
LOSS, 19242.2216796875, -19.27483367919922, 66.82210540771484, 21.42786378584354, 898, 175.0, 340, 19, 266338.58839035034, 59.96571731567383, 457.998779296875, 296.59085566854156
LOSS, 20543.949996948242, -20.1611328125, 61.956687927246094, 25.457187108981714, 807, 177.10000610351562, 346, 18, 258840.0167388916, 67.64286041259766, 452.5630798339844, 320.74351516591275
LOSS, 15157.580322265625, -21.463096618652344, 62.332763671875, 20.291272185094545, 747, 207.0, 350, 11, 222696.77682495117, 102.81666564941406, 454.0142517089844, 298.12152185401766
LOSS, 9290.581321716309, -26.388702392578125, 64.3434829711914, 17.365572563955716, 535, 201.8000030517578, 364, 4, 154027.3256225586, 139.02369689941406, 470.5437927246094, 287.9015432197357
LOSS, 19416.932861328125, -21.7667236328125, 69.9321517944336, 27.620103643425498, 703, 191.0, 353, 14, 213201.3981552124, 86.41178131103516, 449.2363586425781, 303.2736815863619
LOSS, 16751.54443359375, -27.445213317871094, 65.4668197631836, 30.457353515625, 550, 223.0, 363, 10, 184531.47496032715, 145.095703125, 449.9518127441406, 335.51177265514025
LOSS, 11841.78498840332, -18.77500343322754, 59.485694885253906, 24.466497909924215, 484, 164.39999389648438, 367, 7, 143351.43991088867, 92.23857879638672, 452.9307556152344, 296.18066097291046
LOSS, 7716.699462890625, -23.294837951660156, 55.490943908691406, 17.224775586809432, 448, 223.0, 370, 4, 146715.0461654663, 103.51177978515625, 441.0318908691406, 327.4889423336302
LOSS, 22447.112060546875, -26.128562927246094, 67.2838363647461, 24.478857208884268, 917, 223.0, 338, 24, 275349.18854522705, 79.61209869384766, 452.5059814453125, 300.27174323361726
LOSS, 23946.32958984375, -28.936317443847656, 66.5999526977539, 21.749618156079702, 1101, 223.0, 326, 25, 339459.03450012207, 67.26176452636719, 458.5465393066406, 308.318832425179
LOSS, 12155.2158203125, -21.34002685546875, 61.35124206542969, 22.140648124430783, 549, 207.0, 363, 7, 169000.09057617188, 82.43839263916016, 446.42645263671875, 307.8325875704406
LOSS, 6543.9998779296875, -16.821670532226562, 64.4301528930664, 41.1572319366647, 159, 223.0, 389, 3, 54099.26328277588, 119.99919128417969, 464.24017333984375, 340.24693888538286
LOSS, -5901.413688659668, -31.280067443847656, 63.150474548339844, -0.983732903593877, 5999, 227.82737731933594, 0, 6, 534143.7450323105, 10.39094352722168, 468.0836486816406, 89.0387973049359
