LOSS, 21449.184326171875, -38.68474578857422, 50.26129150390625, 6.247941836927432, 3433, 207.0, 171, 22, 10534.817107915878, -3.7294368743896484, 44.398292541503906, 3.068691263593323
LOSS, 9564.557670593262, -47.816162109375, 48.980323791503906, 1.5943586715441342, 5999, 215.88465881347656, 0, 20, 75493.47844937444, -14.402942657470703, 95.66482543945312, 12.584343798862216
LOSS, 8871.0, -37.0, 52.572532653808594, 8.513435700575815, 1042, 223.0, 330, 12, 28877.75438940525, -5.5287957191467285, 105.72932434082031, 27.713775805571256
LOSS, 19779.08925628662, -19.0604248046875, 56.02775573730469, 23.02571508298792, 859, 169.8000030517578, 342, 27, 34853.85718536377, 9.730903625488281, 113.75259399414062, 40.57492105397412
LOSS, 24126.481689453125, -35.0, 56.711647033691406, 13.090874492378255, 1843, 207.0, 277, 29, 85520.09480905533, 1.7359957695007324, 145.99517822265625, 46.40265589205389
WIN , 27447.45249938965, -28.819580078125, 75.31460571289062, 16.624744094118505, 1651, 140.09500122070312, 289, 26, 96583.2388138771, 5.686091899871826, 146.68377685546875, 58.49984180125809
LOSS, 23692.396484375, -18.462913513183594, 60.495216369628906, 23.29635839171583, 1017, 223.0, 332, 27, 62952.15587425232, -9.157698631286621, 153.13995361328125, 61.89985828343394
WIN , 29184.0, -19.858753204345703, 66.221923828125, 21.271137026239067, 1372, 207.0, 308, 33, 111288.82138752937, -2.9679439067840576, 170.90402221679688, 81.11430130286398
LOSS, 17782.785888671875, -38.24249267578125, 62.439476013183594, 25.046177307988557, 710, 223.0, 352, 8, 61326.15777015686, 27.032333374023438, 171.60504150390625, 86.37487009881248
LOSS, 15180.028076171875, -23.3878173828125, 56.23210906982422, 22.160624928718065, 685, 175.0, 354, 12, 61785.51030540466, 17.219457626342773, 180.2591552734375, 90.19782526336448
LOSS, 8981.032981872559, -34.0869140625, 62.972328186035156, 11.470029351050522, 783, 201.8000030517578, 347, 11, 70441.02317810059, 36.521175384521484, 171.12893676757812, 89.96299256462399
LOSS, 25402.409912109375, -36.24951171875, 60.923683166503906, 12.458268716090915, 2039, 223.0, 264, 19, 171645.41717338562, 13.031225204467773, 189.1939239501953, 84.1811756612975
LOSS, 18730.748291015625, -18.61236572265625, 63.117286682128906, 21.188629288479213, 884, 175.0, 341, 14, 99600.51976013184, 19.875106811523438, 213.91416931152344, 112.67027122186859
LOSS, 23542.00048828125, -36.0, 59.77178192138672, 28.093079341624403, 838, 207.0, 344, 18, 91780.35225772858, 4.958094596862793, 194.22357177734375, 109.52309338631095
WIN , 27572.0, -33.000244140625, 76.23779296875, 24.31393298059965, 1134, 191.0, 324, 24, 137742.9316766262, 3.9356954097747803, 218.896728515625, 121.46643004993493
LOSS, 15723.837890625, -18.462913513183594, 65.3230972290039, 27.829801576327434, 565, 175.0, 362, 11, 76679.36025238037, 23.47637176513672, 234.67861938476562, 135.71568186262013
LOSS, 11302.414184570312, -24.062049865722656, 54.84466552734375, 26.469354062225555, 427, 223.0, 371, 7, 54912.25214958191, 26.91752815246582, 220.17633056640625, 128.60012213016842
LOSS, 15471.20751953125, -40.999755859375, 60.157386779785156, 20.43752644588012, 757, 223.0, 349, 11, 90420.21648693085, 4.079537391662598, 218.6036376953125, 119.4454643156286
LOSS, 14741.0, -41.81568145751953, 61.63932800292969, 22.43683409436834, 657, 223.0, 356, 10, 72164.78507184982, 7.420482158660889, 211.8970184326172, 109.83985551270902
LOSS, 5547.604110717773, -28.867530822753906, 61.70585632324219, 0.9247548109214492, 5999, 158.09500122070312, 0, 11, 528876.8676071167, 9.744795799255371, 257.1643371582031, 88.16083807419848
LOSS, 11968.990966796875, -16.720489501953125, 58.917762756347656, 33.339807706955085, 359, 191.0, 376, 8, 57254.66065597534, 55.29389190673828, 260.83453369140625, 159.48373441775863
LOSS, 10149.516357421875, -15.0440673828125, 65.3188247680664, 36.90733220880682, 275, 207.0, 381, 3, 47706.55309295654, 41.276649475097656, 284.97564697265625, 173.47837488347832
WIN , 27060.398712158203, -48.882118225097656, 82.79749298095703, 19.342672417554112, 1399, 154.20257568359375, 306, 26, 224701.54947662354, 18.492475509643555, 265.9130554199219, 160.61583236356222
LOSS, 17771.05029296875, -21.462791442871094, 64.9480209350586, 22.63828062798567, 785, 191.0, 347, 14, 112681.82573318481, 5.671950817108154, 269.20123291015625, 143.54372704864306
LOSS, 19073.987060546875, -44.999755859375, 66.84026336669922, 27.405153822624822, 696, 223.0, 353, 12, 114075.72052383423, 34.91431427001953, 270.7232971191406, 163.90189730435952
WIN , 27250.0, -40.999755859375, 85.6982421875, 19.04262753319357, 1431, 175.0, 304, 19, 225909.7969608307, 27.993703842163086, 285.90728759765625, 157.86848145410949
WIN , 27322.65000152588, -18.462913513183594, 90.3072280883789, 31.40534482934009, 870, 209.6999969482422, 341, 31, 156295.59107017517, 23.570493698120117, 290.66546630859375, 179.65010467836225
LOSS, 13545.168701171875, -30.322265625, 66.85782623291016, 16.498378442353076, 821, 223.0, 345, 11, 156154.84978485107, 70.34548950195312, 288.42498779296875, 190.20079145536062
LOSS, 15611.718994140625, -18.890396118164062, 61.738182067871094, 25.220870749823305, 619, 223.0, 358, 12, 113179.00005340576, 64.139404296875, 285.2803649902344, 182.84168021551818
LOSS, 16452.00048828125, -25.4913330078125, 66.4229507446289, 19.063731736131228, 863, 207.0, 342, 12, 162557.8038406372, 62.150001525878906, 296.3094787597656, 188.36361974581368
LOSS, 12666.168960571289, -18.612289428710938, 67.8920669555664, 29.117629794416757, 435, 201.39498901367188, 370, 6, 83252.86011505127, 66.53691864013672, 296.55889892578125, 191.38588532195695
LOSS, 10859.483192443848, -15.721900939941406, 67.8947982788086, 35.6048629260454, 305, 213.3920135498047, 379, 8, 61045.29934692383, 92.06462097167969, 293.9271545410156, 200.14852244893058
LOSS, 25872.026123046875, -19.390625, 64.9922866821289, 25.59053028985843, 1011, 207.0, 332, 27, 196915.42903518677, 29.087894439697266, 302.7166442871094, 194.77292683994736
LOSS, 12480.858642578125, -14.662391662597656, 66.8840560913086, 34.28807319389595, 364, 191.0, 375, 7, 74796.47146987915, 63.97844314575195, 299.032470703125, 205.48481173043723
WIN , 26802.0, -33.000244140625, 77.396240234375, 20.319939347990903, 1319, 191.0, 312, 23, 238956.34602737427, 40.96031951904297, 295.9588928222656, 181.16478091537093
WIN , 27147.80992126465, -18.463523864746094, 67.7477035522461, 24.8606317960299, 1092, 159.38015747070312, 327, 26, 218790.63054084778, 17.120756149291992, 316.7315368652344, 200.35772027550163
LOSS, 22128.25, -34.0, 67.9830093383789, 29.90304054054054, 740, 188.5, 350, 17, 151276.96759033203, 56.62831115722656, 313.1537780761719, 204.42833458152978
LOSS, 10231.330200195312, -15.670166015625, 69.1463394165039, 25.57832550048828, 400, 223.0, 373, 8, 81614.67190170288, 48.879398345947266, 325.9510803222656, 204.0366797542572
WIN , 26926.0, -21.98052215576172, 81.69595336914062, 25.282629107981222, 1065, 223.0, 328, 25, 190992.11727142334, 23.895299911499023, 304.5265808105469, 179.33532138161817
LOSS, -8996.451026916504, -30.322265625, 59.63298034667969, -1.4996584475606773, 5999, 229.2417755126953, 0, 5, 557962.7528343201, 15.96112060546875, 302.7956848144531, 93.00929368800135
LOSS, 15469.0, -26.092529296875, 67.8398666381836, 22.25755395683453, 695, 207.0, 353, 18, 148080.96566009521, 60.187469482421875, 326.45703125, 213.06613764042476
LOSS, 16030.957275390625, -19.720443725585938, 68.6919174194336, 24.701012750987097, 649, 223.0, 356, 15, 135644.8710823059, 60.77763366699219, 351.6063232421875, 209.00596468768245
LOSS, 16115.7802734375, -21.5054931640625, 67.35860443115234, 25.10246148510514, 642, 223.0, 357, 15, 134446.2018890381, 41.351966857910156, 343.8282470703125, 209.41775995177272
LOSS, 1941.6391830444336, -17.66242218017578, 57.832862854003906, 30.819669572133865, 63, 185.8000030517578, 395, 3, 12833.951110839844, 71.66593933105469, 309.2093811035156, 203.71350969587053
LOSS, 7679.940185546875, -37.0, 70.03865814208984, 31.47516469486424, 244, 175.0, 383, 4, 53234.97798919678, 76.92113494873047, 357.22235107421875, 218.1761392999868
WIN , 26310.0, -37.0, 68.0916519165039, 20.130068859984696, 1307, 175.0, 312, 25, 266671.5905075073, 57.32086944580078, 344.6283264160156, 204.03335157422137
LOSS, 5823.669677734375, -28.209609985351562, 60.427162170410156, 18.605973411291934, 313, 223.0, 379, 3, 67804.89839935303, 55.1190071105957, 360.69110107421875, 216.62906836854003
LOSS, 15001.0, -39.0, 61.333839416503906, 16.502750275027502, 909, 223.0, 339, 16, 213602.55012893677, 40.45235824584961, 350.1548156738281, 234.98630377220766
LOSS, 4386.969680786133, -18.887855529785156, 62.648536682128906, 21.934848403930665, 200, 196.39999389648438, 386, 2, 43055.40707397461, 74.6897964477539, 343.2169189453125, 215.27703536987303
LOSS, 13314.376220703125, -25.0457763671875, 64.13411712646484, 21.37139040241272, 623, 175.0, 358, 10, 139575.4231109619, 73.79005432128906, 338.8509826660156, 224.03759728886342
LOSS, 12735.406532287598, -15.721900939941406, 68.8756332397461, 34.32724132692075, 371, 200.2928924560547, 375, 12, 87075.74094390869, 84.87673950195312, 354.2920837402344, 234.70550119651938
LOSS, 10293.224998474121, -39.25, 65.9700698852539, 1.7158234703240742, 5999, 198.5500030517578, 0, 32, 818186.3609447479, 26.88811492919922, 363.0312805175781, 136.38712467823768
LOSS, 15237.31591796875, -24.72779083251953, 67.1315689086914, 20.316421223958333, 750, 223.0, 349, 10, 173616.5802307129, 50.30197525024414, 364.8330993652344, 231.4887736409505
LOSS, 6611.0, -20.332252502441406, 60.692649841308594, 23.610714285714284, 280, 223.0, 381, 5, 64018.073486328125, 50.018524169921875, 350.1372375488281, 228.63597673688616
LOSS, 13303.652587890625, -35.0, 65.3734359741211, 21.184160171800357, 628, 223.0, 358, 8, 151906.46853256226, 22.76395034790039, 359.25103759765625, 241.88928110280614
LOSS, 9690.451316833496, -21.445045471191406, 71.3750228881836, 30.569247056257087, 317, 201.8000030517578, 378, 4, 82999.86376571655, 59.59920883178711, 368.55499267578125, 261.8292232356989
LOSS, 21572.276489257812, -18.046875, 64.40999603271484, 32.39080553942615, 666, 186.447998046875, 355, 20, 174949.18883895874, 61.99257278442383, 381.00360107421875, 262.6864697281663
LOSS, 22048.0947265625, -23.7188720703125, 69.2088851928711, 20.702436362969483, 1065, 223.0, 328, 21, 229829.581905365, 48.1867561340332, 376.5582275390625, 215.80242432428636
LOSS, 12843.70263671875, -20.4239501953125, 67.5552978515625, 33.7105056081857, 381, 223.0, 374, 9, 98047.87325668335, 50.318321228027344, 378.7438049316406, 257.34349936137363
LOSS, 19941.0, -21.462791442871094, 66.14598846435547, 25.14627994955864, 793, 223.0, 347, 12, 195314.77687835693, 82.30426788330078, 364.6797180175781, 246.29858370536815
WIN , 25926.0, -20.078811645507812, 70.9160385131836, 29.765786452353616, 871, 223.0, 341, 23, 219535.46240997314, 58.97924041748047, 372.79052734375, 252.0498994373974
LOSS, 9173.999877929688, -20.078506469726562, 64.4576187133789, 31.417807801129065, 292, 223.0, 380, 6, 72024.22611999512, 77.89930725097656, 373.06591796875, 246.65830863012027
LOSS, 3783.9998779296875, -20.33240509033203, 62.927772521972656, 10.599439433976716, 357, 223.0, 376, 3, 57886.34531402588, 48.17536163330078, 376.81787109375, 162.14662552948425
LOSS, 2788.5879821777344, -13.000030517578125, 65.1778335571289, 26.30743379412957, 106, 130.30999755859375, 392, 1, 21763.758617401123, 41.90678787231445, 370.4120788574219, 205.3184775226521
LOSS, 16757.050537109375, -23.332435607910156, 69.37552642822266, 19.12905312455408, 876, 207.0, 341, 13, 186536.46912002563, 51.228736877441406, 381.630615234375, 212.94117479454982
LOSS, 11898.884521484375, -18.486114501953125, 65.95084381103516, 27.801132059542933, 428, 223.0, 371, 7, 113401.70990753174, 106.65595245361328, 383.0992431640625, 264.95726613909284
LOSS, 11220.463012695312, -14.966941833496094, 66.2370834350586, 33.695084122208144, 333, 207.0, 377, 10, 90989.82125854492, 76.87042999267578, 378.66131591796875, 273.2427064821169
LOSS, 16451.0, -36.0, 68.5219497680664, 17.959606986899562, 916, 223.0, 338, 13, 226173.10656356812, 43.557823181152344, 378.8144226074219, 246.91387179428833
LOSS, 19262.40249633789, -34.0001220703125, 66.9808120727539, 31.3209796688421, 615, 180.19500732421875, 358, 17, 160347.1981201172, 81.58722686767578, 396.18389892578125, 260.7271514148247
LOSS, 13288.963623046875, -27.717514038085938, 67.80142974853516, 18.080222616390305, 735, 175.0, 350, 11, 178787.19179534912, 93.66749572753906, 385.48419189453125, 243.24787999367229
LOSS, 13117.358642578125, -20.662147521972656, 65.3911361694336, 33.462649598413584, 392, 223.0, 373, 10, 106643.03973388672, 74.44007873535156, 407.71282958984375, 272.048570749711
LOSS, 10581.18994140625, -16.00006103515625, 62.54142761230469, 40.38622115040553, 262, 207.0, 382, 7, 77966.00025939941, 192.08543395996094, 390.84954833984375, 297.5801536618298
LOSS, 15715.305419921875, -18.34014892578125, 66.25508880615234, 28.16362978480623, 558, 223.0, 362, 12, 151806.6569290161, 65.84986114501953, 397.9867858886719, 272.0549407330038
LOSS, 12880.37744140625, -15.463035583496094, 67.7614517211914, 30.235627796728288, 426, 223.0, 371, 7, 119624.95668029785, 104.59326934814453, 386.5802917480469, 280.8097574654879
LOSS, 15253.26953125, -40.349708557128906, 63.892967224121094, 10.981475544456444, 1389, 191.0, 307, 13, 295041.2155761719, 50.802490234375, 394.95355224609375, 212.41268220026774
LOSS, 10578.979713439941, -28.4342041015625, 57.632667541503906, 29.06313108087896, 364, 161.6999969482422, 375, 6, 98998.72761535645, 60.045257568359375, 390.2191162109375, 271.9745264158144
LOSS, 13389.39306640625, -17.795215606689453, 63.428955078125, 22.80986893765971, 587, 207.0, 360, 13, 161942.86194610596, 74.7019271850586, 394.8041076660156, 275.88221796610895
WIN , 24987.25, -29.76171875, 64.9623794555664, 14.953470975463794, 1671, 140.5, 288, 30, 370910.03199005127, 64.18533325195312, 409.40325927734375, 221.96890005389065
LOSS, 18958.220458984375, -37.0, 64.4249496459961, 25.758451710576598, 736, 223.0, 350, 15, 184353.81634140015, 23.995758056640625, 406.68902587890625, 250.48072872472846
LOSS, 8027.0889892578125, -25.43548583984375, 66.7622299194336, 18.624336401990284, 431, 207.0, 371, 4, 105500.83694839478, 45.672645568847656, 396.671142578125, 244.78152424221526
LOSS, 9069.506713867188, -18.462913513183594, 59.55497741699219, 24.121028494327625, 376, 191.0, 374, 3, 98485.89005279541, 88.03527069091797, 389.39019775390625, 261.9305586510516
LOSS, 11293.38037109375, -34.0, 68.1709976196289, 24.7661850243284, 456, 223.0, 369, 9, 127850.27447509766, 58.138450622558594, 417.7106018066406, 280.3734089366177
WIN , 24941.01275253296, -33.000244140625, 83.0548324584961, 17.956092694408177, 1389, 112.97449493408203, 307, 31, 358565.4697189331, 40.679054260253906, 418.780517578125, 258.14648647871354
LOSS, 2933.3131408691406, -17.66242218017578, 58.683692932128906, 25.2871822488719, 116, 175.0, 392, 2, 26284.58051300049, 106.61598205566406, 395.5562744140625, 226.59121131896973
LOSS, 15908.899169921875, -37.0, 69.5992202758789, 27.52404700678525, 578, 223.0, 361, 8, 155296.24126434326, 76.29393768310547, 415.9805908203125, 268.67861810440013
WIN , 26199.13641357422, -37.00048828125, 69.5125503540039, 16.38470069641915, 1599, 156.7271728515625, 293, 20, 384450.4906158447, 67.5293960571289, 408.82916259765625, 240.431826526482
LOSS, 14383.7919921875, -18.462913513183594, 71.0094223022461, 30.281667351973685, 475, 191.0, 368, 10, 132324.12141418457, 70.58811950683594, 423.44232177734375, 278.5770977140728
WIN , 26284.0, -25.51019287109375, 84.879150390625, 22.89547038327526, 1148, 207.0, 323, 28, 307236.4979438782, 57.75786209106445, 406.0694274902344, 267.6276114493712
LOSS, 11658.69775390625, -16.757362365722656, 70.4918441772461, 33.40601075617837, 349, 223.0, 376, 8, 107398.96939086914, 155.00270080566406, 409.0435485839844, 307.73343665005484
LOSS, 25743.945068359375, -37.4371337890625, 66.7879409790039, 22.985665239606586, 1120, 207.0, 325, 15, 325801.59480285645, 89.14402770996094, 409.8280334472656, 290.89428107397896
LOSS, 9501.37372970581, -17.66242218017578, 65.7381362915039, 21.11416384379069, 450, 120.0357437133789, 369, 6, 125605.68286895752, 120.29875946044922, 399.2901916503906, 279.12373970879446
WIN , 24734.0, -37.437744140625, 82.822265625, 11.874219875180028, 2083, 207.0, 261, 27, 434541.8488769531, 51.86423110961914, 409.7847900390625, 208.61346561543596
WIN , 26230.0, -26.9580078125, 76.448974609375, 25.690499510284035, 1021, 175.0, 331, 25, 284238.6144371033, 47.369686126708984, 418.2528381347656, 278.39237457110994
LOSS, 24298.80908203125, -33.99951171875, 71.0875473022461, 24.010680911098074, 1012, 191.0, 332, 18, 252337.35623550415, 38.5826530456543, 411.3321228027344, 249.3452136714468
LOSS, 18801.927734375, -40.999755859375, 67.1138687133789, 17.95790614553486, 1047, 223.0, 330, 18, 284744.0312728882, 62.84553527832031, 411.0902404785156, 271.9618254755379
LOSS, 18649.181884765625, -22.5225830078125, 69.3810043334961, 12.457703329836757, 1497, 207.0, 300, 22, 346192.5485572815, 61.46873092651367, 421.33123779296875, 231.2575474664539
WIN , 25240.0, -34.00909423828125, 78.021240234375, 15.522755227552276, 1626, 175.0, 291, 18, 366541.9447174072, 48.79148483276367, 413.5487976074219, 225.42555025670802
LOSS, 15101.0, -18.074783325195312, 69.8744888305664, 26.91800356506239, 561, 223.0, 362, 12, 150470.93154907227, 71.82276916503906, 428.0792541503906, 268.21912932098445
LOSS, 18394.140869140625, -33.702919006347656, 67.45665740966797, 20.760881342145176, 886, 223.0, 340, 14, 222713.7688217163, 61.18852615356445, 438.9732971191406, 251.36994223670013
LOSS, 16834.04514312744, -33.373329162597656, 63.141990661621094, 16.618011000125804, 1013, 216.2871551513672, 332, 10, 283453.18964767456, 63.064266204833984, 413.0757141113281, 279.8155870164606
LOSS, 11198.661376953125, -15.999755859375, 70.4918441772461, 29.239324744002936, 383, 191.0, 374, 7, 98521.28775787354, 85.55320739746094, 413.5906677246094, 257.23573827121027
WIN , 24414.345001220703, -35.0, 83.44023132324219, 12.050515795271817, 2026, 146.30999755859375, 264, 32, 536058.360118866, 50.48041915893555, 433.7779541015625, 264.589516346923
LOSS, 21346.044677734375, -28.440170288085938, 67.9195327758789, 25.78024719533137, 828, 207.0, 344, 17, 225230.64232254028, 55.68861389160156, 427.75140380859375, 272.01768396442066
LOSS, 12531.919921875, -24.317825317382812, 64.01250457763672, 38.67876519097222, 324, 207.0, 378, 9, 101327.36569976807, 105.4240951538086, 414.96136474609375, 312.7387830239755
LOSS, 12444.568359375, -22.358154296875, 68.4828872680664, 34.85873490021008, 357, 191.0, 376, 8, 109777.59840393066, 129.16046142578125, 411.2342529296875, 307.50027564126236
LOSS, 11721.0, -13.981529235839844, 64.9574966430664, 34.575221238938056, 339, 223.0, 377, 7, 97321.27434539795, 83.87284088134766, 410.8695373535156, 287.08340514866654
LOSS, 7714.3426513671875, -20.1611328125, 64.95597076416016, 43.83149233731356, 176, 175.0, 388, 4, 56948.014083862305, 205.54489135742188, 448.7545166015625, 323.56826184012675
LOSS, 14431.665283203125, -20.662452697753906, 64.0569076538086, 25.011551617336437, 577, 223.0, 361, 13, 174636.6612854004, 84.87725830078125, 428.2004699707031, 302.6631911358759
WIN , 26604.0, -34.98138427734375, 65.1866683959961, 19.030042918454935, 1398, 207.0, 306, 34, 407846.47510528564, 44.101802825927734, 422.92901611328125, 291.73567604097684
WIN , 26104.0, -26.092529296875, 67.2493667602539, 21.68106312292359, 1204, 207.0, 319, 23, 349821.07959747314, 112.87252807617188, 432.1581115722656, 290.5490694331172
LOSS, 21434.385986328125, -18.721778869628906, 68.5265121459961, 36.453037391714496, 588, 175.0, 360, 11, 185617.70876312256, 76.76280975341797, 431.5429992675781, 315.6763754474873
LOSS, 11386.345092773438, -34.0869140625, 69.08866119384766, 33.588038621750556, 339, 191.0, 377, 9, 100968.74685668945, 67.19259643554688, 431.66259765625, 297.8429110816798
LOSS, 16882.279541015625, -21.04644775390625, 69.79178619384766, 22.24279254415761, 759, 191.0, 349, 8, 227223.78401184082, 71.2585220336914, 444.55322265625, 299.37257445565325
LOSS, 12365.130493164062, -17.491455078125, 62.155677795410156, 27.23597024926005, 454, 191.0, 369, 9, 137920.7879486084, 69.51687622070312, 431.4264831542969, 303.79028182512866
WIN , 26252.0, -44.5556640625, 72.5048828125, 16.145141451414514, 1626, 191.0, 291, 22, 414964.33924102783, 48.349849700927734, 425.7741394042969, 255.205620689439
LOSS, 15317.0, -31.205078125, 62.23075866699219, 19.61203585147247, 781, 191.0, 347, 8, 228816.64736175537, 69.93119812011719, 426.2475280761719, 292.9790619228622
LOSS, 13568.650489807129, -29.33441162109375, 64.0611801147461, 24.492148898568825, 554, 193.6999969482422, 363, 9, 172794.46522521973, 74.84152221679688, 420.3436279296875, 311.90336683252656
LOSS, 6719.382568359375, -12.9998779296875, 57.90580749511719, 32.15015582947069, 209, 223.0, 386, 4, 66947.7282409668, 201.5030059814453, 412.9290466308594, 320.3240585692191
LOSS, 13714.120727539062, -18.427040100097656, 65.8882827758789, 26.837809642933586, 511, 223.0, 365, 5, 158692.19639205933, 62.35043716430664, 427.5600280761719, 310.5522434286875
LOSS, 9344.2783203125, -19.39031982421875, 68.5597915649414, 25.53081508282104, 366, 207.0, 375, 5, 105805.31078720093, 59.4870719909668, 431.2639465332031, 289.0855485989096
LOSS, 19232.946533203125, -16.00006103515625, 64.4664535522461, 33.50687549338524, 574, 207.0, 361, 8, 182903.63777160645, 121.40705871582031, 424.713134765625, 318.6474525637743
LOSS, 10466.097778320312, -18.204200744628906, 61.596580505371094, 26.09999445965165, 401, 207.0, 373, 9, 109914.38844680786, 58.41501235961914, 428.68072509765625, 274.10071931872284
LOSS, 20683.65000152588, -17.25267791748047, 65.31729888916016, 32.47040816566072, 637, 177.6999969482422, 357, 17, 193937.43619155884, 47.62656021118164, 430.7055969238281, 304.4543739270939
LOSS, 1859.599998474121, -16.4267578125, 56.19330596923828, 25.473972581837277, 73, 185.8000030517578, 395, 3, 17171.695831298828, 95.79592895507812, 404.0820617675781, 235.22871001779217
LOSS, 12441.218490600586, -40.5938720703125, 69.83785247802734, 23.298161967416828, 534, 194.56253051757812, 364, 7, 158006.64046478271, 75.10806274414062, 420.2538146972656, 295.8925851400425
WIN , 25250.0, -34.0869140625, 60.33351135253906, 15.791119449656035, 1599, 175.0, 293, 18, 399056.0868988037, 61.05375671386719, 437.758544921875, 249.56603308242885
LOSS, 17196.378662109375, -37.43743896484375, 68.7557144165039, 24.32302498176715, 707, 191.0, 352, 15, 215127.27921295166, 53.193748474121094, 452.6220397949219, 304.2818659306247
LOSS, 20459.948486328125, -36.132568359375, 63.692832946777344, 18.599953169389206, 1100, 207.0, 326, 24, 291747.083530426, 62.726871490478516, 448.47235107421875, 265.2246213912964
LOSS, 19454.300003051758, -27.5946044921875, 65.2944107055664, 19.79074262772305, 983, 196.39999389648438, 334, 20, 289518.1593017578, 67.44877624511719, 449.28179931640625, 294.52508575967227
WIN , 26151.45249938965, -30.322265625, 70.7976303100586, 20.904438448752718, 1251, 172.09500122070312, 316, 24, 372532.60037994385, 78.70535278320312, 446.6891174316406, 297.7878500239359
LOSS, 4195.078369140625, -25.569839477539062, 60.079566955566406, 22.923925514429644, 183, 223.0, 387, 2, 49941.45174407959, 122.64232635498047, 436.37646484375, 272.9041078911453
LOSS, 15441.32470703125, -39.999755859375, 69.7887191772461, 21.44628431532118, 720, 223.0, 351, 14, 217300.45904159546, 53.72581100463867, 455.7652587890625, 301.806193113327
LOSS, 10591.799072265625, -22.0611572265625, 67.45665740966797, 21.70450629562628, 488, 207.0, 367, 6, 148301.44765472412, 82.32389831542969, 440.88201904296875, 303.89640912853304
LOSS, 9539.463745117188, -20.46617889404297, 64.4798812866211, 24.028875932285107, 397, 223.0, 373, 7, 121472.62259674072, 64.08590698242188, 433.78582763671875, 305.9763793368784
LOSS, 13567.796875, -36.0001220703125, 57.21183776855469, 20.40270206766917, 665, 223.0, 355, 11, 210913.74659729004, 43.347816467285156, 434.6069030761719, 317.1635287177294
LOSS, 19188.193115234375, -37.0, 69.5097885131836, 16.935739731010038, 1133, 207.0, 324, 15, 317849.25981521606, 38.89436340332031, 432.2345886230469, 280.53774034882264
LOSS, 10402.591186523438, -20.02972412109375, 64.24300384521484, 27.81441493722844, 374, 223.0, 375, 6, 123792.08200836182, 125.14444732666016, 446.8287353515625, 330.9948716801118
LOSS, 17755.431884765625, -33.000244140625, 69.5079574584961, 24.02629483730125, 739, 207.0, 350, 13, 207353.1039543152, 51.3358268737793, 445.7300720214844, 280.5860675971789
LOSS, 11163.487815856934, -18.462913513183594, 71.7625961303711, 37.84233157917605, 295, 201.8000030517578, 380, 11, 91487.68113327026, 63.65700912475586, 437.1176452636719, 310.1277326551534
LOSS, 7749.0, -20.821266174316406, 65.81990814208984, 23.69724770642202, 327, 207.0, 378, 3, 85676.03340530396, 43.97058868408203, 426.98565673828125, 262.0062183648439
LOSS, 5519.3204345703125, -21.401214599609375, 58.11347198486328, 21.39271486267563, 258, 207.0, 382, 2, 70234.0915145874, 71.27577209472656, 419.5789794921875, 272.2251609092535
LOSS, 8372.576538085938, -42.22206115722656, 60.5950927734375, 20.030087411688847, 418, 223.0, 372, 5, 130086.47036743164, 63.561492919921875, 438.4307861328125, 311.2116515967264
WIN , 25798.65000152588, -22.8397216796875, 83.24608612060547, 22.24021551855679, 1160, 177.6999969482422, 322, 21, 359578.16233062744, 71.80694580078125, 442.2523193359375, 309.98117442295467
LOSS, 7573.9998779296875, -12.9998779296875, 66.1806411743164, 44.034883011219115, 172, 223.0, 388, 2, 60519.19046020508, 194.5556182861328, 465.4369201660156, 351.8557584895644
WIN , 26312.0, -24.062904357910156, 71.343994140625, 23.45098039215686, 1122, 191.0, 325, 22, 344273.50145721436, 99.06736755371094, 452.6042785644531, 306.8391278584798
LOSS, 12171.0, -16.407936096191406, 63.646461486816406, 26.92699115044248, 452, 223.0, 369, 10, 142566.5242919922, 103.47781372070312, 435.14459228515625, 315.41266436281455
LOSS, 3181.220947265625, -13.000030517578125, 58.16626739501953, 20.92908517937911, 152, 223.0, 389, 3, 51993.18533325195, 198.35333251953125, 450.2729187011719, 342.060429824026
LOSS, 16740.65048980713, -37.4371337890625, 64.3877182006836, 15.136212016100478, 1106, 209.6999969482422, 326, 18, 362293.05757141113, 73.3294906616211, 461.3237609863281, 327.5705764660137
LOSS, 23818.66552734375, -43.0731201171875, 70.3731460571289, 18.322050405649037, 1300, 207.0, 313, 19, 375227.76948928833, 48.029232025146484, 456.5489807128906, 288.636745760991
LOSS, 15006.949462890625, -38.9998779296875, 67.9909439086914, 22.39843203416511, 670, 175.0, 355, 7, 193182.69415283203, 94.26217651367188, 441.276611328125, 288.3323793325851
LOSS, 4134.518371582031, 0, 59.318939208984375, 43.06789970397949, 96, 223.0, 393, 1, 30740.347747802734, 141.1397247314453, 434.67510986328125, 320.2119557062785
LOSS, 14578.174072265625, -18.318397521972656, 70.93892669677734, 21.629338386150778, 674, 223.0, 355, 12, 216386.96701049805, 112.04901123046875, 450.5869445800781, 321.04891247848377
LOSS, 5200.128662109375, -19.339622497558594, 65.93907928466797, 19.847819321028147, 262, 191.0, 382, 2, 86362.20110321045, 87.49858093261719, 460.8751220703125, 329.62672176797884
LOSS, 9355.116821289062, -31.0001220703125, 65.46956634521484, 21.35871420385631, 438, 223.0, 370, 5, 127559.59061431885, 106.1743392944336, 431.6387634277344, 291.23194204182386
LOSS, 20043.659912109375, -21.34033203125, 70.0499496459961, 28.839798434689747, 695, 223.0, 353, 16, 228145.34651947021, 54.27910232543945, 448.6517333984375, 328.26668563952546
LOSS, 15621.962886810303, -17.66242218017578, 70.5089340209961, 16.583824720605417, 942, 102.50000762939453, 337, 17, 277740.35848236084, 72.17729949951172, 445.0865783691406, 294.8411448857334
WIN , 25821.940521240234, -15.999755859375, 75.2559585571289, 35.963705461337376, 718, 171.11895751953125, 352, 20, 235330.8639907837, 81.51903533935547, 438.3324890136719, 327.7588634969132
LOSS, 14430.856689453125, -20.736785888671875, 65.8498306274414, 17.077936910595415, 845, 207.0, 343, 9, 255041.40194702148, 64.70103454589844, 457.29986572265625, 301.82414431600176
LOSS, 13982.643310546875, -18.2713623046875, 71.7827377319336, 26.63360630580357, 525, 191.0, 364, 7, 157968.85874938965, 72.22258758544922, 445.1243591308594, 300.8930642845517
LOSS, 4736.58740234375, -17.662269592285156, 59.4818115234375, 20.15569107380319, 235, 191.0, 384, 0, 63264.235748291016, 72.07630920410156, 438.1426086425781, 269.20951382251496
LOSS, 11643.211547851562, -16.71544647216797, 69.5097885131836, 32.16356781174465, 362, 191.0, 375, 8, 109905.59149169922, 88.16720581054688, 444.74676513671875, 303.60660633066084
LOSS, 11950.565551757812, -15.361114501953125, 63.798118591308594, 29.580607801380722, 404, 207.0, 373, 9, 135540.23860931396, 81.70189666748047, 455.3850402832031, 335.4956401220643
LOSS, 21595.279296875, -37.43743896484375, 82.32489776611328, 18.05625359270485, 1196, 207.0, 320, 23, 343985.95911026, 55.54475021362305, 459.91900634765625, 287.61367818583614
LOSS, 2806.6578521728516, -17.96697235107422, 54.81635284423828, 22.275062318832155, 126, 142.19241333007812, 391, 3, 32904.01525115967, 66.37629699707031, 436.0943603515625, 261.14297818380686
LOSS, 6218.040428161621, -22.708656311035156, 64.05387115478516, 29.89442513539241, 208, 201.8000030517578, 386, 5, 72813.6833114624, 102.69444274902344, 444.55712890625, 350.06578515126154
LOSS, 10411.072998046875, -15.999984741210938, 66.46720123291016, 31.935806742475076, 326, 175.0, 378, 10, 100465.91120910645, 107.6068115234375, 432.9066467285156, 308.1776417457253
LOSS, 13516.6689453125, -15.999755859375, 71.2480697631836, 36.1408260569853, 374, 223.0, 375, 10, 127941.96732330322, 103.38455963134766, 448.1900939941406, 342.0908217200621
LOSS, 16123.479248046875, -39.999755859375, 69.5097885131836, 11.969917778802431, 1347, 223.0, 310, 14, 401878.06296920776, 62.65156173706055, 447.0856018066406, 298.35045506251504
WIN , 25364.0, -34.0869140625, 73.228759765625, 22.3668430335097, 1134, 207.0, 324, 24, 353150.6433944702, 35.25078582763672, 445.1517028808594, 311.42032045367745
LOSS, 8959.0, -21.861228942871094, 61.65397644042969, 21.64009661835749, 414, 207.0, 372, 5, 130898.49532318115, 83.493896484375, 442.1807556152344, 316.17994039415737
LOSS, 10188.33642578125, -18.0462646484375, 69.4737777709961, 25.218654519260518, 404, 188.0, 373, 4, 127440.73407745361, 109.60980987548828, 453.52679443359375, 315.4473615778555
LOSS, 19824.166259765625, -23.4552001953125, 68.13497161865234, 18.17063818493641, 1091, 175.0, 327, 22, 316551.05711364746, 98.08557891845703, 462.8509826660156, 290.14762338556136
LOSS, 11047.652954101562, -18.61236572265625, 55.297767639160156, 19.86987941385173, 556, 207.0, 362, 8, 185101.44326019287, 107.71146392822266, 448.63519287109375, 332.916264856462
LOSS, 13404.00048828125, -34.44891357421875, 69.0910873413086, 24.960894764024673, 537, 223.0, 364, 13, 160209.91299819946, 62.328060150146484, 437.7705383300781, 298.3424823057718
LOSS, 15271.371170043945, -19.72052001953125, 67.9582748413086, 20.63698806762695, 740, 195.35336303710938, 350, 11, 239039.109085083, 122.32316589355469, 444.0367736816406, 323.02582308795
LOSS, 15430.00048828125, -21.80963897705078, 70.6777114868164, 30.25490291819853, 510, 191.0, 365, 11, 168251.72663116455, 66.58091735839844, 439.3995666503906, 329.90534633561674
LOSS, 24532.0689163208, -36.0, 60.68603515625, 26.40696331143251, 929, 190.83775329589844, 338, 19, 288134.6470718384, 70.41666412353516, 445.8862609863281, 310.1557019072534
LOSS, 15930.44775390625, -43.0731201171875, 67.6244125366211, 16.611520077065954, 959, 207.0, 336, 12, 262555.91719436646, 52.61658477783203, 453.3072509765625, 273.78093555199837
LOSS, 13904.066650390625, -43.999755859375, 69.3840560913086, 32.63865410889818, 426, 191.0, 371, 8, 132460.8667755127, 65.3973617553711, 459.7401123046875, 310.94100182045236
LOSS, 15905.883544921875, -26.092529296875, 68.05533599853516, 33.84230541472739, 470, 207.0, 368, 9, 159905.44303131104, 90.61822509765625, 456.21588134765625, 340.22434687512987
LOSS, 11402.029907226562, -43.0731201171875, 66.9899673461914, 27.877823734050274, 409, 191.0, 372, 5, 129444.98093414307, 112.91921997070312, 445.3966064453125, 316.49139592700016
LOSS, 14273.633056640625, -36.344451904296875, 63.840553283691406, 18.561291361041125, 769, 223.0, 348, 15, 225586.24083709717, 65.01852416992188, 443.6932067871094, 293.35011812366344
LOSS, 7244.587120056152, -25.2093505859375, 67.85466766357422, 18.248330277219527, 397, 166.1175079345703, 373, 5, 126311.69537353516, 156.88900756835938, 451.83209228515625, 318.1654795303153
LOSS, 7656.675148010254, -26.53656005859375, 66.1543960571289, 28.149540985331814, 272, 197.3357391357422, 381, 2, 92062.35648345947, 95.92203521728516, 436.04364013671875, 338.4645458950716
LOSS, 14958.783203125, -28.2135009765625, 65.7820816040039, 27.8044297455855, 538, 223.0, 364, 7, 171645.96283721924, 90.98856353759766, 438.6775207519531, 319.0445405896268
LOSS, 8321.540771484375, -15.562948226928711, 65.64885711669922, 32.76197154127707, 254, 223.0, 383, 7, 92257.93501281738, 139.95692443847656, 462.1925964355469, 363.22021658589523
LOSS, 6451.9998779296875, -35.25816345214844, 68.0699691772461, 19.259701128148322, 335, 207.0, 377, 7, 118189.22096252441, 190.35708618164062, 461.81414794921875, 352.803644664252
LOSS, 17095.0341796875, -21.114540100097656, 69.78047943115234, 19.07927921840123, 896, 175.0, 340, 19, 251637.2453994751, 47.83036804199219, 443.4599914550781, 280.8451399547713
LOSS, 20319.276000976562, -23.3079833984375, 62.444068908691406, 22.304364435759126, 911, 186.447998046875, 339, 16, 287260.64167785645, 43.30022430419922, 447.21990966796875, 315.3245243445186
LOSS, 14778.91943359375, -30.231094360351562, 71.7387924194336, 19.118912591971217, 773, 207.0, 348, 10, 242921.93856048584, 81.91619110107422, 441.7506408691406, 314.25865273025335
LOSS, 9646.433959960938, -19.390472412109375, 70.3743667602539, 30.43039104088624, 317, 223.0, 378, 5, 103098.38739776611, 79.50782775878906, 448.7469787597656, 325.23150598664387
LOSS, 6145.70783996582, -21.766761779785156, 71.27339935302734, 30.57566089535234, 201, 202.48751831054688, 386, 4, 71307.65905761719, 73.00403594970703, 447.8128662109375, 354.7644729234686
LOSS, 4880.473205566406, -39.9998779296875, 63.971099853515625, 16.1071722955987, 303, 191.0, 379, 2, 91710.69758987427, 55.70705795288086, 453.7605285644531, 302.67556960354545
LOSS, 10085.205932617188, -32.69511413574219, 61.02134704589844, 17.662357149942537, 571, 223.0, 361, 5, 146171.50183486938, 54.73856735229492, 444.5584716796875, 255.9921223027485
LOSS, 17522.323486328125, -37.236328125, 62.065650939941406, 17.990065181035035, 974, 191.0, 335, 16, 310348.34579849243, 48.96609115600586, 459.32305908203125, 318.6327985610805
LOSS, 16602.724365234375, -31.364013671875, 68.1627426147461, 25.582009807757128, 649, 127.0, 356, 13, 196720.19110107422, 67.36598205566406, 449.7591247558594, 303.1127751942592
LOSS, 8602.460205078125, -22.06060791015625, 59.507957458496094, 19.46257964949802, 442, 191.0, 370, 5, 140758.9489440918, 163.49949645996094, 442.64617919921875, 318.45916050699503
LOSS, 18930.567626953125, -36.37237548828125, 67.9417953491211, 21.127865655081614, 896, 175.0, 340, 11, 282077.9323043823, 71.78296661376953, 476.38311767578125, 314.8191208754267
LOSS, 11333.320861816406, -17.9522705078125, 68.28633880615234, 33.53053509413138, 338, 191.8800048828125, 377, 9, 112559.78285217285, 75.81092834472656, 464.75372314453125, 333.0171090300972
LOSS, -3537.783645629883, -34.0869140625, 50.47599792480469, -0.5897288957542729, 5999, 231.90701293945312, 0, 6, 637064.1409549713, 28.586336135864258, 433.12030029296875, 106.19505600182886
LOSS, 11001.649658203125, -17.21373748779297, 65.8928451538086, 28.80012999529614, 382, 191.0, 374, 7, 127450.05616760254, 120.34359741210938, 452.6869201660156, 333.6388904911061
LOSS, 4341.0, -18.360496520996094, 54.088035583496094, 22.96825396825397, 189, 223.0, 387, 2, 52152.76721191406, 82.607177734375, 452.6752624511719, 275.94056725880455
LOSS, 11243.999877929688, -33.000244140625, 71.5642318725586, 26.835321904366797, 419, 223.0, 372, 12, 123582.29633331299, 64.28544616699219, 444.46246337890625, 294.9458146379785
LOSS, 5119.90055847168, 0, 70.3890151977539, 45.71339784349714, 112, 145.10000610351562, 392, 5, 37881.787925720215, 84.61051940917969, 434.5022888183594, 338.2302493367876
WIN , 25934.065948486328, -26.092529296875, 70.2867660522461, 25.105581750712805, 1033, 166.86810302734375, 331, 24, 357368.3826828003, 64.60587310791016, 463.631591796875, 345.9519677471445
LOSS, 6853.0599365234375, -19.58637237548828, 63.997802734375, 27.19468228779142, 252, 223.0, 383, 3, 85057.68141937256, 113.46892547607422, 442.4604187011719, 337.530481822907
LOSS, 10781.0, -17.332679748535156, 66.1943588256836, 28.59681697612732, 377, 223.0, 374, 11, 111431.00796508789, 35.22076416015625, 450.9239501953125, 295.5729654246363
LOSS, 16112.744384765625, -18.870094299316406, 70.15799713134766, 27.402626504703445, 588, 223.0, 360, 14, 198849.31923675537, 57.803977966308594, 461.32318115234375, 338.17911434822344
LOSS, 19943.00048828125, -38.304786682128906, 63.621437072753906, 21.467169524522337, 929, 185.0, 338, 17, 309653.38918685913, 37.48554611206055, 464.56341552734375, 333.31904110533816
WIN , 27324.90753173828, -34.0869140625, 73.59712219238281, 20.85870803949487, 1310, 165.1849365234375, 312, 23, 415365.0929336548, 59.598243713378906, 452.820556640625, 317.07259002569066
LOSS, 12521.348670959473, -16.00006103515625, 68.1795425415039, 35.572013269771226, 352, 204.3790740966797, 376, 10, 113737.66132354736, 76.60511779785156, 455.46551513671875, 323.118356032805
LOSS, 16753.89990234375, -22.056350708007812, 69.5055160522461, 18.41087901356456, 910, 207.0, 339, 11, 241222.196723938, 45.42279052734375, 452.2469177246094, 265.0793370592725
LOSS, 13510.98095703125, -15.676963806152344, 56.80999755859375, 18.159920641171034, 744, 159.0, 350, 7, 227678.9758682251, 75.35758209228516, 455.98089599609375, 306.02012885514125
LOSS, 5571.0, -32.0001220703125, 54.849769592285156, 7.569293478260869, 736, 223.0, 350, 6, 148789.8118057251, 69.88307189941406, 446.23150634765625, 202.16007038821346
WIN , 26250.398712158203, -23.3648681640625, 70.26204681396484, 20.28624320877759, 1294, 154.20257568359375, 313, 30, 392557.2297439575, 51.39095687866211, 457.91455078125, 303.36725637090996
LOSS, 7270.482124328613, -26.092529296875, 64.2027816772461, 20.654778762297198, 352, 184.03575134277344, 376, 5, 95028.2566871643, 60.5138053894043, 459.71734619140625, 269.9666383158077
WIN , 26607.54999923706, -22.04345703125, 75.01704025268555, 25.19654355988358, 1056, 119.9000015258789, 329, 21, 299813.3162765503, 43.88360595703125, 465.8477478027344, 283.91412526188475
LOSS, 12992.695678710938, -17.77759552001953, 67.2093734741211, 23.623083052201704, 550, 207.0, 363, 10, 176875.2177696228, 54.98379135131836, 468.69696044921875, 321.5913050356778
LOSS, 14990.193115234375, -26.092529296875, 67.7220687866211, 27.15614694788836, 552, 223.0, 363, 10, 175096.52503204346, 79.01118469238281, 457.2273864746094, 317.2038496957309
LOSS, 16615.65000152588, -19.203857421875, 66.3228530883789, 26.00258216201233, 639, 193.6999969482422, 357, 7, 208160.42388916016, 88.02481079101562, 454.5763854980469, 325.7596617983727
LOSS, 10913.456909179688, -22.48974609375, 67.81607818603516, 19.28172598794998, 566, 191.0, 362, 5, 181345.31494903564, 122.04674530029297, 447.4046936035156, 320.39808294882624
LOSS, 10259.93994140625, -41.9998779296875, 64.11071014404297, 23.915943919361887, 429, 207.0, 371, 8, 125810.93218612671, 52.781131744384766, 463.176513671875, 293.26557619143756
LOSS, 21954.587158203125, -23.4228515625, 70.4784164428711, 28.77403297274328, 763, 207.0, 349, 18, 243194.37853240967, 76.98880004882812, 456.91180419921875, 318.7344410647571
LOSS, 4141.0, -19.228496551513672, 57.14972686767578, 21.680628272251308, 191, 223.0, 387, 2, 50868.60111236572, 88.76675415039062, 441.74560546875, 266.3277545150038
LOSS, 12056.445190429688, -18.34014892578125, 67.1926040649414, 20.85890171354617, 578, 191.0, 361, 8, 181288.33207702637, 113.06242370605469, 471.8804931640625, 313.6476333512567
WIN , 26060.468872070312, -32.684326171875, 63.532615661621094, 17.455103062337784, 1493, 114.062255859375, 300, 24, 428862.01511383057, 62.880714416503906, 461.2262268066406, 287.2485030903085
LOSS, 8283.779052734375, -16.48968505859375, 66.78975677490234, 32.10767074703246, 258, 127.0, 382, 7, 93347.97825622559, 216.8450164794922, 455.35498046875, 361.8138692101767
LOSS, 4759.0, -15.670013427734375, 57.46855163574219, 17.368613138686133, 274, 207.0, 381, 4, 92829.80018615723, 131.46678161621094, 445.606201171875, 338.79489119035486
WIN , 27105.74871826172, -23.500083923339844, 79.84130859375, 23.10805517328365, 1173, 183.5025634765625, 321, 27, 348964.5405654907, 74.64570617675781, 452.93634033203125, 297.497477037929
WIN , 27684.468879699707, -21.3397216796875, 86.416015625, 23.763492600600607, 1165, 146.06224060058594, 322, 32, 386501.5622177124, 95.86284637451172, 455.6199645996094, 331.7609976117703
LOSS, 7599.564521789551, -16.00006103515625, 70.38748931884766, 30.2771494892014, 251, 136.03575134277344, 383, 2, 82506.7470703125, 117.32625579833984, 459.75042724609375, 328.7121397223606
LOSS, 15833.415771484375, -38.261146545410156, 63.282371520996094, 22.395213255282002, 707, 223.0, 352, 9, 217007.3747406006, 77.3573989868164, 450.96771240234375, 306.94112410268826
LOSS, 6551.0, -18.20404815673828, 68.74471282958984, 22.282312925170068, 294, 223.0, 380, 4, 86750.51238250732, 73.02574157714844, 466.9505920410156, 295.06977000852834
WIN , 25094.83213043213, -50.323486328125, 67.0116195678711, 18.066833787208157, 1389, 165.3357391357422, 307, 24, 408272.92864990234, 85.8367919921875, 466.619873046875, 293.9329939884106
WIN , 25992.0, -36.0001220703125, 73.02734375, 14.080173347778981, 1846, 191.0, 276, 14, 503172.023021698, 52.51871871948242, 456.9386901855469, 272.57422698900217
LOSS, 20131.01123046875, -32.99993896484375, 66.4574203491211, 16.98819513119726, 1185, 191.0, 320, 18, 317074.71754455566, 57.15436553955078, 446.6685485839844, 267.5736013034225
LOSS, 15580.717529296875, -26.092529296875, 70.1097640991211, 26.633705178285258, 585, 207.0, 360, 14, 185703.55959320068, 87.15657043457031, 455.3990173339844, 317.44198221059946
LOSS, 5274.9102783203125, -18.6700439453125, 58.282997131347656, 22.54235161675347, 234, 175.0, 384, 3, 74708.50717926025, 108.19541931152344, 446.5849304199219, 319.2671246976934
LOSS, 12817.938720703125, -39.0, 64.6135482788086, 16.349411633549906, 784, 191.0, 347, 11, 213217.61785125732, 62.956993103027344, 465.0880432128906, 271.96124725925677
LOSS, 11407.118896484375, -18.511802673339844, 66.96508026123047, 32.591768275669644, 350, 207.0, 376, 6, 118151.70718383789, 94.02152252197266, 445.76715087890625, 337.57630623953685
LOSS, 18363.5380859375, -26.122207641601562, 62.430030822753906, 25.329018049568965, 725, 191.0, 351, 21, 228270.35821533203, 134.72850036621094, 452.71405029296875, 314.85566650390626
LOSS, 11951.0, -20.318206787109375, 63.440467834472656, 29.00728155339806, 412, 223.0, 372, 9, 127147.5142364502, 64.09080505371094, 470.90008544921875, 308.61047144769464
LOSS, 14036.556640625, -18.609115600585938, 68.7801284790039, 24.843463080752212, 565, 223.0, 362, 10, 187598.06258392334, 69.6087646484375, 465.8062744140625, 332.0319691750856
LOSS, 2776.166473388672, -17.66242218017578, 54.63690948486328, 22.75546289662846, 122, 131.948974609375, 391, 1, 33626.33791351318, 99.20575714111328, 452.30950927734375, 275.62572060256707
LOSS, 18299.0, -23.03466796875, 71.6740951538086, 23.28117048346056, 786, 207.0, 347, 8, 258801.50651550293, 81.26908111572266, 470.43426513671875, 329.2640032003854
LOSS, 12291.0, -16.45537567138672, 57.68280029296875, 32.0078125, 384, 223.0, 374, 12, 127499.58139038086, 86.26990509033203, 439.2545166015625, 332.0301598707835
LOSS, 7173.5941162109375, -12.9998779296875, 64.2403335571289, 39.415352286873286, 182, 207.0, 387, 6, 63901.58018493652, 181.9339141845703, 456.0483703613281, 351.10758343371714
LOSS, 20858.481201171875, -42.00048828125, 67.1056137084961, 24.25404790833939, 860, 207.0, 342, 25, 281971.8099975586, 83.21218872070312, 453.9372253417969, 327.87419767157974
LOSS, 18857.919921875, -18.20404815673828, 67.42757415771484, 23.810504951862374, 792, 175.0, 347, 15, 251930.57543182373, 67.36212158203125, 452.7096252441406, 318.0941608987673
LOSS, 10664.081298828125, -24.77142333984375, 58.51776123046875, 19.60309062284582, 544, 191.0, 363, 6, 170294.39462280273, 66.63180541992188, 442.7460632324219, 313.0411665860344
LOSS, 6579.0, -17.66242218017578, 67.9811782836914, 29.370535714285715, 224, 207.0, 385, 1, 72218.05549621582, 132.3494415283203, 447.01519775390625, 322.4020334652492
LOSS, 22514.00048828125, -20.980224609375, 66.8892593383789, 21.239623102152123, 1060, 223.0, 329, 25, 332891.68868255615, 80.67387390136719, 464.35467529296875, 314.04876290807186
WIN , 26763.25, -23.9532470703125, 80.37382888793945, 21.359337589784516, 1253, 108.5, 316, 28, 393945.91219329834, 73.81755828857422, 460.0303039550781, 314.4021645596954
LOSS, 15061.221862792969, -36.24492645263672, 70.4259262084961, 23.868814362587905, 631, 191.8800048828125, 357, 11, 202741.43844604492, 73.36480712890625, 449.1122131347656, 321.3018041934151
LOSS, 13256.63720703125, -19.72052001953125, 62.17169952392578, 23.50467589899158, 564, 223.0, 362, 7, 196713.5287246704, 95.37165832519531, 451.1409606933594, 348.7828523487064
LOSS, 7086.036033630371, -18.951187133789062, 63.571678161621094, 32.20925469831987, 220, 201.8000030517578, 385, 7, 67838.28677368164, 86.75726318359375, 438.6700744628906, 308.3558489712802
LOSS, 8123.5863037109375, -24.5172119140625, 62.678138732910156, 19.434416994523772, 418, 191.0, 372, 5, 129875.98364257812, 70.22932434082031, 453.850830078125, 310.70809483870363
LOSS, 5135.64208984375, -13.000030517578125, 67.05374908447266, 33.566288168913395, 153, 175.0, 389, 3, 54302.13331604004, 177.62623596191406, 454.68646240234375, 354.9159040264055
LOSS, 12883.740478515625, -19.13629150390625, 69.3062515258789, 34.63371096375168, 372, 223.0, 375, 6, 123139.62042236328, 86.57054138183594, 446.03375244140625, 331.0204850063529
LOSS, 25933.9990234375, -19.390625, 69.8985824584961, 25.52558958999754, 1016, 175.0, 332, 19, 342945.26972961426, 84.80055236816406, 445.521240234375, 337.5445568204865
LOSS, 17364.05615234375, -19.032333374023438, 63.67247772216797, 30.356741525076487, 572, 207.0, 361, 14, 188608.39109802246, 104.84410095214844, 448.059326171875, 329.7349494720672
WIN , 27248.65000152588, -47.546592712402344, 87.7608413696289, 22.13537774291298, 1231, 177.6999969482422, 317, 25, 410887.0708351135, 55.818973541259766, 454.9359130859375, 333.7831607108964
LOSS, 10791.355346679688, -18.721778869628906, 64.63492584228516, 24.581675049384256, 439, 207.0, 370, 10, 143188.0714416504, 62.194766998291016, 447.1114501953125, 326.168727657518
LOSS, 5028.973876953125, -25.198747634887695, 62.4566650390625, 32.86911030688317, 153, 191.0, 389, 2, 49554.942222595215, 126.17891693115234, 448.87652587890625, 323.8885112587923
LOSS, 12783.205528259277, -20.26403045654297, 64.5634994506836, 34.64283340991674, 369, 162.1741485595703, 375, 8, 129655.40795898438, 118.41918182373047, 450.64263916015625, 351.3696692655403
LOSS, 25597.0, -39.0, 68.1587905883789, 18.013370865587614, 1421, 191.0, 305, 15, 389329.241645813, 50.053775787353516, 471.64862060546875, 273.98257680915765
LOSS, 5330.108703613281, -14.662391662597656, 65.2364273071289, 29.286311558314733, 182, 207.0, 387, 4, 65053.43655395508, 226.64285278320312, 449.6145324707031, 357.43646458217074
LOSS, 17181.05682373047, -39.0, 62.814842224121094, 22.140537143982563, 776, 196.8853759765625, 348, 14, 250393.71640014648, 88.9525146484375, 444.5054626464844, 322.6723149486424
LOSS, 10303.129150390625, -23.9776611328125, 58.794456481933594, 29.43751185825893, 350, 191.0, 376, 7, 127077.21002197266, 143.49168395996094, 447.8011169433594, 363.0777429199219
LOSS, 14217.432861328125, -21.3397216796875, 65.7936782836914, 20.081119860632946, 708, 175.0, 352, 9, 244433.38204193115, 109.9882583618164, 455.5406188964844, 345.24488988973326
LOSS, 13742.610107421875, -19.72021484375, 70.54557037353516, 26.22635516683564, 524, 223.0, 365, 9, 171264.5749282837, 116.16718292236328, 449.8270568847656, 326.84079184786964
LOSS, 16221.0, -33.000244140625, 64.7337875366211, 26.37560975609756, 615, 223.0, 358, 14, 201352.47535705566, 70.371337890625, 457.690185546875, 327.40239895456205
LOSS, 8767.999877929688, -20.272216796875, 58.73484802246094, 21.127710549228162, 415, 175.0, 372, 9, 134187.77809143066, 75.74954986572266, 447.4885559082031, 323.3440435938088
LOSS, 4951.403991699219, -16.156822204589844, 62.28949737548828, 22.506381780450994, 220, 191.0, 385, 1, 70093.19276428223, 110.72491455078125, 436.2690124511719, 318.6054216558283
LOSS, 12484.4716796875, -16.48968505859375, 71.0326156616211, 25.84776745276915, 483, 223.0, 367, 8, 162031.50602722168, 92.79277038574219, 440.16796875, 335.4689565780987
LOSS, 8451.599998474121, -22.798233032226562, 59.173805236816406, 25.84587155496673, 327, 201.8000030517578, 378, 9, 99708.7192993164, 95.21553039550781, 439.2734375, 304.91963088475967
LOSS, 11188.656616210938, -19.14345932006836, 61.548973083496094, 23.407231414667233, 478, 175.0, 368, 8, 168173.56965637207, 122.63397979736328, 446.7497253417969, 351.82755158236836
LOSS, 5447.684326171875, -21.944580078125, 56.058265686035156, 13.932696486373082, 391, 175.0, 373, 3, 108097.87171173096, 103.1402587890625, 447.50543212890625, 276.4651450427902
LOSS, 14963.225341796875, -18.122116088867188, 69.8854751586914, 33.77703237425931, 443, 223.0, 370, 9, 149885.69578552246, 66.67279052734375, 446.1003112792969, 338.34242840975725
LOSS, 12433.790771484375, -18.9776611328125, 66.7031021118164, 28.194536896789966, 441, 191.0, 370, 6, 137432.9986190796, 63.309349060058594, 437.80926513671875, 311.63945265097414
LOSS, 26142.092529296875, -19.548202514648438, 63.993751525878906, 28.200747065045174, 927, 223.0, 338, 16, 308151.4497528076, 105.91927337646484, 446.1861267089844, 332.4179608983901
LOSS, 12192.2783203125, -44.999755859375, 65.53656768798828, 16.701751123715752, 730, 191.0, 351, 15, 186382.89919281006, 74.17037963867188, 433.3484802246094, 255.31903999015077
LOSS, 9971.0, -18.0462646484375, 67.17183685302734, 33.236666666666665, 300, 223.0, 379, 8, 96208.31352233887, 99.14048767089844, 452.0247497558594, 320.69437840779625
LOSS, 21060.7322845459, -25.867347717285156, 63.692832946777344, 31.201084865993924, 675, 172.09500122070312, 354, 11, 226470.61680603027, 97.54267120361328, 436.91693115234375, 335.51202489782264
LOSS, 8689.7314453125, -15.721900939941406, 67.67447662353516, 27.41240203568612, 317, 175.0, 378, 3, 109638.43614196777, 120.24057006835938, 450.7844543457031, 345.86257458034
WIN , 27130.0, -26.092529296875, 71.4610824584961, 23.20786997433704, 1169, 175.0, 322, 23, 327723.3823738098, 59.57168960571289, 443.7500305175781, 280.3450661880323
LOSS, 14988.15234375, -16.7203369140625, 65.9053726196289, 31.687425673890065, 473, 191.0, 368, 13, 163857.60528564453, 165.86624145507812, 448.7327575683594, 346.42199848973473
LOSS, 22900.9072265625, -34.0869140625, 65.0609359741211, 23.20254024981003, 987, 223.0, 334, 22, 300344.3817977905, 74.76297760009766, 437.8898620605469, 304.3002855094129
WIN , 25945.74871826172, -44.999755859375, 83.2568359375, 20.940878707233026, 1239, 183.5025634765625, 317, 29, 370696.83906555176, 74.22356414794922, 450.9684143066406, 299.19034629988033
WIN , 27101.550003051758, -30.322265625, 76.93232727050781, 23.587075720671677, 1149, 151.89999389648438, 323, 16, 354800.3682022095, 81.05429077148438, 440.8955383300781, 308.790572847876
LOSS, 9895.77522277832, -13.000030517578125, 68.3583755493164, 35.596313751001155, 278, 103.89999389648438, 381, 6, 90261.33103942871, 119.0533676147461, 450.927734375, 324.6810469044198
LOSS, 16606.535888671875, -42.43721008300781, 66.2645492553711, 19.86427737879411, 836, 223.0, 344, 14, 250919.67497253418, 125.47669982910156, 440.98590087890625, 300.14315188102177
LOSS, 10928.901733398438, -20.7525634765625, 62.947288513183594, 26.52646051795737, 412, 207.0, 372, 6, 140223.47018432617, 149.68374633789062, 443.6228942871094, 340.3482286027334
WIN , 26572.0, -34.437255859375, 80.640869140625, 28.14830508474576, 944, 191.0, 337, 18, 305874.49897003174, 71.9503173828125, 441.7353210449219, 324.019596366559
LOSS, 7216.046432495117, -18.46306610107422, 66.9707260131836, 37.9791917499743, 190, 208.95327758789062, 387, 4, 67115.29096984863, 182.24951171875, 446.352783203125, 353.23837352551914
LOSS, 10450.70590209961, -26.092529296875, 60.63739013671875, 25.42750827761462, 411, 162.30157470703125, 372, 7, 148059.46905517578, 88.84284973144531, 452.5096130371094, 360.2420171658778
WIN , 27085.786407470703, -31.171768188476562, 68.6714859008789, 25.869901057756163, 1047, 143.42718505859375, 330, 26, 332682.10583496094, 70.00276184082031, 443.7405090332031, 317.74795208687766
LOSS, 17856.371368408203, -19.40422821044922, 67.2609634399414, 22.099469515356688, 808, 203.31439208984375, 346, 13, 233857.00695037842, 81.9443130493164, 453.47137451171875, 289.4269887999733
WIN , 27126.0, -27.371856689453125, 71.0888671875, 25.13994439295644, 1079, 223.0, 328, 28, 322745.3469657898, 56.86827850341797, 456.5475769042969, 299.11524278571807
LOSS, 8599.0, -21.463096618652344, 63.906150817871094, 22.162371134020617, 388, 207.0, 374, 3, 109262.21449279785, 42.94818115234375, 446.4610595703125, 281.6036455999945
