LOSS, 28246.80323791504, -34.36688232421875, 47.469146728515625, 6.9883234136355865, 4042, 185.39498901367188, 130, 28, 13267.373776465654, -0.6447020769119263, 39.51957321166992, 3.2823784701795287
WIN , 30152.0, -42.999755859375, 83.0078125, 7.048153342683497, 4278, 191.0, 114, 28, 69213.25234997272, -3.512554407119751, 87.4567642211914, 16.178880867221302
LOSS, 23812.18310546875, -42.999755859375, 90.9798355102539, 6.314553992434036, 3771, 191.0, 148, 24, 104018.74478129297, -9.199651718139648, 115.28218841552734, 27.583862312726858
LOSS, 9288.109497070312, -17.050537109375, 58.8717041015625, 23.633866404759065, 393, 207.0, 373, 10, 21413.934452056885, 23.746423721313477, 123.95462799072266, 54.48838282966128
LOSS, 25522.300003051758, -38.0, 63.779197692871094, 26.016615701377937, 981, 180.39999389648438, 334, 24, 55731.93308258057, 8.887321472167969, 134.3467254638672, 56.8113487080332
LOSS, 11556.52099609375, -27.401123046875, 52.00782012939453, 24.852733324932796, 465, 175.0, 368, 8, 27255.86311531067, 25.475509643554688, 124.78507232666016, 58.61475938776488
LOSS, 9605.56061553955, -17.9522705078125, 56.554786682128906, 26.83117490374176, 358, 136.03575134277344, 376, 12, 20854.628715515137, 27.291494369506836, 124.0978775024414, 58.25315283663446
WIN , 29169.80992126465, -22.153846740722656, 72.93722534179688, 17.31145989392561, 1685, 175.38015747070312, 287, 36, 95816.47662782669, 2.3498144149780273, 145.32720947265625, 56.86437782066866
LOSS, 5943.2926025390625, -16.7203369140625, 63.595481872558594, 31.613258524143948, 188, 207.0, 387, 3, 14595.677215576172, 14.292810440063477, 148.23806762695312, 77.63658093391581
LOSS, 27488.112548828125, -19.418716430664062, 61.120216369628906, 27.26995292542473, 1008, 207.0, 332, 21, 83114.84827804565, 15.28744888305664, 172.83836364746094, 82.45520662504529
LOSS, 5590.8458251953125, -20.002357482910156, 55.82244873046875, 20.03887392543123, 279, 191.0, 381, 4, 21621.965036392212, 31.410600662231445, 152.39768981933594, 77.49808256771402
LOSS, 12132.8251953125, -15.721900939941406, 61.583778381347656, 28.085243507667823, 432, 191.0, 371, 8, 36778.51805305481, 31.097475051879883, 164.8258514404297, 85.13545845614539
LOSS, 16967.2451171875, -21.21246337890625, 61.610939025878906, 23.565618218315972, 720, 223.0, 351, 11, 63745.7228679657, 19.43086051940918, 161.92222595214844, 88.53572620550791
LOSS, 11456.418029785156, -26.092529296875, 60.70410919189453, 19.516896132513043, 587, 180.1680908203125, 360, 10, 44945.33732676506, -11.58901596069336, 160.15631103515625, 76.5678659740461
LOSS, 14033.880859375, -44.999755859375, 65.46538543701172, 11.345093661580437, 1237, 223.0, 317, 10, 94997.04217338562, 4.3631134033203125, 188.04286193847656, 76.79631541906679
LOSS, 20990.101806640625, -45.00006103515625, 68.8707504272461, 17.29003443710101, 1214, 191.0, 319, 23, 116444.89552593231, -8.105246543884277, 189.60348510742188, 95.9183653426131
LOSS, 24031.12353515625, -21.354042053222656, 68.4581527709961, 23.19606518837476, 1036, 188.5, 330, 28, 100461.93815040588, 7.5935211181640625, 191.52342224121094, 96.97098277066205
LOSS, 22354.7353515625, -36.0, 61.488853454589844, 20.698829029224537, 1080, 223.0, 327, 15, 107265.62455844879, 12.008706092834473, 189.47775268554688, 99.32002273930443
LOSS, 20134.6904296875, -40.00048828125, 68.7596664428711, 10.895395254159903, 1848, 191.0, 276, 17, 170178.61818912625, -0.34955236315727234, 204.87432861328125, 92.0879968555878
LOSS, 16074.80322265625, -29.81298828125, 68.5228500366211, 20.043395539471632, 802, 207.0, 346, 11, 92909.79747581482, 16.670352935791016, 208.1233367919922, 115.8476277753302
LOSS, 12174.606811523438, -16.363616943359375, 60.68793487548828, 27.3586669921875, 445, 191.0, 370, 6, 52884.42051887512, 31.18132209777832, 207.38272094726562, 118.84139442443848
LOSS, 10689.991821289062, -18.52875518798828, 60.499778747558594, 25.88375743653526, 413, 207.0, 372, 11, 48018.98929691315, 3.323735237121582, 206.66165161132812, 116.26873921770738
LOSS, 22173.993896484375, -40.349708557128906, 83.28324127197266, 11.353811518937212, 1953, 207.0, 269, 32, 210903.49219226837, 6.699215888977051, 225.10519409179688, 107.98949933039856
LOSS, 1879.599998474121, 0, 60.03913879394531, 39.99148932923662, 47, 185.8000030517578, 396, 3, 5876.536994934082, 19.42487335205078, 220.27658081054688, 125.03270201987408
WIN , 26302.0, -20.535675048828125, 88.3504409790039, 31.12662721893491, 845, 191.0, 343, 17, 125665.26602363586, 6.577001571655273, 240.3369140625, 148.7162911522318
LOSS, 22978.0869140625, -42.00048828125, 84.9979476928711, 14.37028574988274, 1599, 207.0, 293, 16, 199489.26386642456, 11.364391326904297, 235.94784545898438, 124.75876414410541
WIN , 26344.491676330566, -41.9998779296875, 71.0494155883789, 25.113910082297966, 1049, 186.0166473388672, 330, 23, 157521.37239199877, -0.21988362073898315, 247.2317657470703, 150.16336738989398
LOSS, 16592.919776916504, -20.306907653808594, 66.3164291381836, 23.874704714987775, 695, 209.6999969482422, 353, 14, 115792.11176776886, 1.516251564025879, 262.37353515625, 166.60735506153793
LOSS, 16547.829833984375, -18.133323669433594, 65.1509780883789, 28.92977243703562, 572, 223.0, 361, 12, 95903.4271850586, 35.80363464355469, 264.0594177246094, 167.66333423961294
WIN , 26654.0, -18.462913513183594, 79.056396484375, 24.980318650421744, 1067, 207.0, 328, 17, 174926.85521411896, -5.92136287689209, 279.60955810546875, 163.9426946711518
LOSS, 6509.480407714844, -14.8974609375, 68.23401641845703, 32.8761636753275, 198, 183.5025634765625, 386, 2, 32602.839447021484, 34.58782958984375, 262.0625, 164.6608052879873
LOSS, 20819.30810546875, -17.992469787597656, 68.3385238647461, 24.52215324554623, 849, 223.0, 343, 15, 136369.32834243774, 33.11101150512695, 264.71343994140625, 160.62347272371937
LOSS, 17770.477294921875, -20.32867431640625, 68.5820541381836, 29.036727606081495, 612, 175.0, 359, 8, 107863.08341217041, 35.04323196411133, 287.62249755859375, 176.24686832053987
LOSS, 11269.420471191406, -22.143638610839844, 67.3671646118164, 36.119937407664764, 312, 154.4561767578125, 379, 4, 56861.84353637695, 38.25780487060547, 288.6467590332031, 182.2494985140287
LOSS, 15425.524070739746, -38.9998779296875, 67.2069320678711, 24.48495884244404, 630, 185.8000030517578, 357, 16, 115360.43591117859, 21.635852813720703, 297.2698669433594, 183.1118030336168
LOSS, 14883.650001525879, -18.468093872070312, 68.70505332946777, 26.5305704127021, 561, 177.6999969482422, 362, 9, 87517.24349975586, 36.026817321777344, 280.5815124511719, 156.00221657710492
LOSS, 14084.00048828125, -41.9998779296875, 64.50003814697266, 9.719807100263113, 1449, 223.0, 303, 17, 192636.0117073059, 15.441282272338867, 282.37615966796875, 132.94410745845818
LOSS, 9861.0, -19.518936157226562, 69.6901626586914, 21.390455531453362, 461, 223.0, 369, 5, 73810.20840835571, 10.75436019897461, 290.9401550292969, 160.10891194871087
LOSS, 19260.329833984375, -35.0, 66.58080291748047, 18.609014332352054, 1035, 223.0, 330, 11, 186713.19303035736, 8.222416877746582, 320.1751403808594, 180.39922031918584
LOSS, 15388.8681640625, -30.99951171875, 67.7025375366211, 20.275188621953227, 759, 207.0, 349, 6, 130228.36858034134, 6.3890700340271, 289.1656799316406, 171.57887823496884
WIN , 27426.802505493164, -18.612060546875, 92.54239654541016, 23.76672660787969, 1154, 201.39498901367188, 323, 27, 212010.9603843689, 38.02845764160156, 296.958740234375, 183.71833655491238
LOSS, 11535.329833984375, -41.999755859375, 61.462913513183594, 27.930580711826575, 413, 223.0, 372, 12, 72421.77092933655, 24.928447723388672, 319.01214599609375, 175.355377552873
LOSS, 10671.752075195312, -18.46306610107422, 63.711143493652344, 26.679380187988283, 400, 207.0, 373, 9, 67394.7571811676, 23.50153923034668, 290.70941162109375, 168.486892952919
LOSS, 5144.5238037109375, -20.11376953125, 60.93292236328125, 33.4059987253957, 154, 191.0, 389, 5, 29319.500164031982, 54.15784454345703, 301.53863525390625, 190.38636470150638
LOSS, 7333.1549072265625, -15.775001525878906, 63.137428283691406, 36.85002465942996, 199, 175.0, 386, 5, 40270.440269470215, 102.90005493164062, 316.7770690917969, 202.3640214546242
WIN , 27540.0, -25.116943359375, 56.73271179199219, 21.31578947368421, 1292, 175.0, 313, 22, 229328.19211649895, 2.858952283859253, 309.1520690917969, 177.49860070936452
LOSS, 5404.1514892578125, -16.00006103515625, 62.51884460449219, 39.44636123545848, 137, 181.1849365234375, 390, 6, 29449.127365112305, 51.94348907470703, 311.853759765625, 214.95713405191464
WIN , 25705.940521240234, -21.3397216796875, 78.8606948852539, 16.457068195416284, 1562, 203.11895751953125, 295, 33, 269781.9225997925, 20.829315185546875, 311.89117431640625, 172.71569948770326
LOSS, 12270.602661132812, -16.48139190673828, 66.35091400146484, 33.5262367790514, 366, 223.0, 375, 10, 77916.44038391113, 75.00252532958984, 310.1705017089844, 212.8864491363692
WIN , 26694.0, -32.367919921875, 76.7919921875, 24.785515320334262, 1077, 207.0, 328, 15, 229203.06243133545, 28.748985290527344, 321.6355285644531, 212.81621395667173
LOSS, 9789.197875976562, -26.092529296875, 64.7609634399414, 25.16503310019682, 389, 188.5, 374, 9, 79044.610206604, 49.06464767456055, 333.1844787597656, 203.1995120992391
LOSS, 14955.09359741211, -18.72193145751953, 67.35250091552734, 24.597193416796234, 608, 178.30157470703125, 359, 7, 119807.84257507324, 48.77996826171875, 325.2669677734375, 197.05237265637047
LOSS, 14956.049575805664, -23.00408935546875, 64.69474029541016, 27.492738190819235, 544, 169.39498901367188, 363, 7, 116744.79425811768, 69.80608367919922, 319.7867126464844, 214.60440120977515
LOSS, 8127.0, -20.002357482910156, 63.773094177246094, 20.116336633663366, 404, 191.0, 373, 6, 74037.03807640076, 30.63298225402832, 325.5364685058594, 183.25999523861574
WIN , 26402.0, -34.0869140625, 74.434814453125, 28.177161152614726, 937, 191.0, 337, 24, 208096.43772506714, 54.45317077636719, 328.84222412109375, 222.08798049633631
LOSS, 8114.104270935059, -21.890579223632812, 66.04117584228516, 16.93967488712956, 479, 201.8000030517578, 368, 9, 84675.05548477173, 41.9730224609375, 334.9462585449219, 176.77464610599526
LOSS, 10595.00146484375, -20.25055694580078, 61.064064025878906, 25.10663854228377, 422, 223.0, 371, 9, 90187.06711959839, 44.733890533447266, 342.7855529785156, 213.71342919336112
LOSS, 12753.157104492188, -22.6483154296875, 61.249000549316406, 17.327659109364387, 736, 207.0, 350, 11, 134413.71181869507, 24.30999755859375, 368.3760986328125, 182.6273258406183
LOSS, 24098.7724609375, -16.7203369140625, 68.0687484741211, 33.47051730685764, 720, 191.0, 351, 14, 168674.6605873108, 51.10284423828125, 341.40771484375, 234.27036192682056
LOSS, -5295.413688659668, -33.606300354003906, 54.32105255126953, -0.8827160674545205, 5999, 215.82737731933594, 0, 5, 633413.2725372314, 29.985179901123047, 323.4844665527344, 105.58647650228896
LOSS, 20003.15478515625, -17.784423828125, 70.0295181274414, 30.39993128443199, 658, 191.0, 356, 12, 152598.64129257202, 39.883602142333984, 361.75555419921875, 231.91282871211553
LOSS, 12393.670288085938, -18.462913513183594, 57.354957580566406, 23.20912038967404, 534, 223.0, 364, 14, 119046.65089797974, 59.64175796508789, 360.9683837890625, 222.93380317973734
LOSS, 7771.837829589844, -20.23705291748047, 66.7601547241211, 21.769853864397323, 357, 186.4561767578125, 376, 6, 79175.2932434082, 64.36688232421875, 370.1913757324219, 221.77953289470085
LOSS, 14651.0, -21.3397216796875, 68.29947662353516, 22.96394984326019, 638, 223.0, 357, 21, 144432.40451431274, 43.16310501098633, 365.3995056152344, 226.3830791760388
LOSS, 6154.278022766113, -14.662391662597656, 63.273536682128906, 35.98992995769657, 171, 213.82737731933594, 388, 4, 45392.00239562988, 124.59550476074219, 364.7893371582031, 265.4503064071923
LOSS, 11991.0, -21.659461975097656, 68.71329498291016, 28.6866028708134, 418, 223.0, 372, 10, 98676.71237564087, 50.89030838012695, 375.8945617675781, 236.0686898938777
LOSS, 15079.781982421875, -19.06171417236328, 71.56270599365234, 27.618648319453982, 546, 191.0, 363, 19, 125276.53663253784, 43.77406692504883, 375.2826843261719, 229.44420628669934
LOSS, 18073.77197265625, -20.1611328125, 70.58264923095703, 25.137374092706885, 719, 175.0, 352, 15, 178102.94691467285, 76.3792495727539, 365.8255615234375, 247.70924466574806
LOSS, 17643.811462402344, -22.35192108154297, 63.263771057128906, 30.00648207891555, 588, 183.5025634765625, 360, 19, 151862.39785766602, 103.2568130493164, 364.2322692871094, 258.2693841116769
LOSS, 21030.583251953125, -29.857177734375, 70.5144271850586, 14.38480386590501, 1462, 207.0, 302, 18, 309070.05467033386, 22.890695571899414, 367.09405517578125, 211.40222617669895
LOSS, 25374.5048828125, -34.0, 68.2338638305664, 21.780690886534334, 1165, 191.0, 322, 22, 268392.76399230957, 38.478965759277344, 377.4819641113281, 230.3800549290211
LOSS, 10673.161811828613, -18.890548706054688, 68.8826675415039, 26.48427248592708, 403, 217.14927673339844, 373, 8, 100056.0710849762, 29.299917221069336, 364.43426513671875, 248.27809202227343
LOSS, 11918.669799804688, -13.330078125, 67.0580062866211, 32.92450220940521, 362, 207.0, 375, 9, 94587.35643005371, 94.90308380126953, 375.7803649902344, 261.2910398620268
LOSS, 4119.819297790527, -21.36052703857422, 54.826271057128906, 22.88788498772515, 180, 201.8000030517578, 387, 3, 41658.53091430664, 92.07585906982422, 368.11383056640625, 231.4362828572591
WIN , 24095.724082946777, -43.999755859375, 68.70124053955078, 9.731714088427616, 2476, 183.5518341064453, 234, 27, 476834.04262828827, 10.359926223754883, 408.856201171875, 192.58240816974487
LOSS, 9746.135803222656, -19.9285888671875, 66.4620132446289, 25.920573944741108, 376, 191.8800048828125, 374, 7, 90848.81963348389, 41.388214111328125, 364.525146484375, 241.61920115288268
LOSS, 10327.299880981445, -30.322265625, 68.0013198852539, 24.945168794641173, 414, 196.39999389648438, 372, 7, 86847.65271377563, 45.119049072265625, 371.7681579589844, 209.77693892216337
LOSS, 11269.154296875, -16.22850799560547, 60.064613342285156, 25.154362269810267, 448, 223.0, 370, 9, 113558.1537399292, 76.71793365478516, 395.2732238769531, 253.4780217409134
LOSS, 23582.00048828125, -30.322265625, 67.78022003173828, 20.224700247239493, 1166, 207.0, 322, 18, 275017.4625053406, 54.99301528930664, 394.68096923828125, 235.86403302344817
LOSS, 12824.101318359375, -52.281883239746094, 65.2248306274414, 5.487420333059211, 2337, 207.0, 244, 8, 308850.64018821716, 20.364892959594727, 389.6296081542969, 132.15688497570267
LOSS, 24466.930419921875, -28.814170837402344, 69.8091812133789, 29.72895555276048, 823, 191.0, 345, 22, 200718.84714889526, 50.20034408569336, 379.4132385253906, 243.88681306062608
LOSS, 13953.655029296875, -43.019996643066406, 70.12288665771484, 8.426120186773476, 1656, 223.0, 289, 17, 268321.38304138184, 30.38418197631836, 422.389892578125, 162.02982067716295
LOSS, 21486.910400390625, -41.9998779296875, 83.40864562988281, 10.315367450979657, 2083, 175.0, 261, 23, 484153.2801132202, 36.733211517333984, 397.8667297363281, 232.43076337648594
LOSS, 8129.037841796875, -15.398704528808594, 70.63863372802734, 47.53823299296418, 171, 207.0, 388, 6, 50916.886138916016, 140.8278350830078, 415.3495788574219, 297.75956806383635
LOSS, 16035.1650390625, -24.701889038085938, 69.7746810913086, 41.22150395645887, 389, 223.0, 374, 9, 113705.92433929443, 112.07689666748047, 403.5234069824219, 292.30314740178517
LOSS, 7293.9254150390625, -20.161209106445312, 61.4154052734375, 25.773588039007286, 283, 223.0, 381, 5, 71259.26150512695, 78.85615539550781, 432.54449462890625, 251.79951061882315
LOSS, 10939.12451171875, -16.821670532226562, 66.4723892211914, 43.06741933747539, 254, 207.0, 383, 8, 68554.82336425781, 81.53298950195312, 407.48175048828125, 269.9008793868418
LOSS, 18742.65625, -25.20965576171875, 61.791893005371094, 23.053697724477246, 813, 175.0, 345, 12, 208600.14831924438, 32.14198684692383, 407.6492004394531, 256.580748240153
LOSS, 18059.0, -40.00048828125, 64.0865249633789, 23.212082262210796, 778, 207.0, 348, 16, 197078.59079170227, 28.51542091369629, 424.4379577636719, 253.3143840510312
LOSS, 15129.040283203125, -24.1583251953125, 63.406593322753906, 24.60006550114329, 615, 207.0, 358, 11, 159279.77159881592, 66.74226379394531, 401.98138427734375, 258.99149853466
LOSS, 10083.221801757812, -24.146759033203125, 61.051246643066406, 22.308012835747373, 452, 207.0, 369, 10, 113654.92358398438, 69.31118774414062, 427.4655456542969, 251.4489459822663
LOSS, 20444.5595703125, -19.2095947265625, 66.8333969116211, 36.70477481205117, 557, 223.0, 362, 15, 157627.3763961792, 101.78754425048828, 406.1773681640625, 282.99349442761076
LOSS, 12452.813110351562, -20.921409606933594, 63.106910705566406, 21.07074976370823, 591, 175.0, 360, 11, 151328.79710769653, 49.556156158447266, 404.68170166015625, 256.05549426006183
LOSS, 5265.85009765625, -19.39183807373047, 57.10845947265625, 34.19383180296266, 154, 191.0, 389, 2, 43444.63983917236, 86.77336120605469, 393.40643310546875, 282.1080509037166
LOSS, 14033.001953125, -33.000244140625, 66.6646499633789, 19.820624227577685, 708, 223.0, 352, 9, 181772.39944839478, 34.89811325073242, 429.46185302734375, 256.74067718699825
LOSS, 20907.428955078125, -25.048828125, 63.672706604003906, 26.06911341032185, 802, 207.0, 346, 15, 218363.93690872192, 33.49095153808594, 405.0431823730469, 272.27423554703483
LOSS, 12902.00048828125, -20.07843017578125, 65.90918731689453, 18.120787202642205, 712, 207.0, 352, 10, 157593.4288520813, 41.11442565917969, 401.1578369140625, 221.33908546640632
WIN , 27024.0, -25.0601806640625, 68.66983032226562, 20.16716417910448, 1340, 207.0, 310, 28, 307127.1187362671, 44.72578430175781, 427.6271667480469, 229.19934234049782
LOSS, 20927.65000152588, -20.436798095703125, 64.75394439697266, 26.126903872067263, 801, 209.6999969482422, 346, 18, 218792.0092048645, 49.91218948364258, 429.81671142578125, 273.1485757863477
LOSS, 5655.2049560546875, -11.867401123046875, 63.533241271972656, 41.89040708188657, 135, 191.0, 390, 1, 39982.56189727783, 60.99219512939453, 411.2090148925781, 296.167125165021
WIN , 26866.0, -19.253021240234375, 74.085693359375, 34.57657657657658, 777, 223.0, 348, 24, 218255.97263336182, 66.05899047851562, 440.8514709472656, 280.8957176748543
LOSS, 7237.037757873535, -32.99993896484375, 59.2830810546875, 18.700355963497508, 387, 121.11125183105469, 374, 6, 82999.73007583618, 49.39955520629883, 410.73980712890625, 214.46958675926663
LOSS, 7459.6976318359375, -16.690170288085938, 69.76171112060547, 35.35401721249259, 211, 137.0, 385, 6, 59737.55372619629, 73.90109252929688, 409.4290771484375, 283.11636837059854
LOSS, 12681.918090820312, -17.40343475341797, 63.827430725097656, 38.430054820667614, 330, 207.0, 377, 9, 95499.70015716553, 47.58671569824219, 410.8221130371094, 289.39303077928946
LOSS, 10239.599998474121, -21.34002685546875, 59.76081085205078, 27.749593491799786, 369, 185.8000030517578, 375, 7, 99447.59418106079, 59.12431716918945, 417.24072265625, 269.5056752874276
LOSS, 13354.00048828125, -20.626136779785156, 69.8677749633789, 23.10380707315095, 578, 223.0, 361, 11, 138516.16877746582, 53.61541748046875, 402.72119140625, 239.64735082606543
LOSS, 11024.724487304688, -14.940399169921875, 69.7469253540039, 38.147835596209994, 289, 207.0, 380, 6, 81742.2636642456, 62.328521728515625, 434.3271484375, 282.8452029904692
LOSS, 12198.545776367188, -17.050537109375, 66.29889678955078, 32.880177294790265, 371, 223.0, 375, 8, 111323.0397567749, 75.75550842285156, 414.3084716796875, 300.06210177028277
LOSS, 18732.36083984375, -25.2093505859375, 69.6892318725586, 25.245769325934972, 742, 175.0, 350, 15, 206371.13780975342, 63.185264587402344, 408.8109436035156, 278.128218072444
LOSS, 20415.10107421875, -25.3753662109375, 62.860008239746094, 21.08998044857309, 968, 207.0, 335, 25, 259314.59293365479, 66.38941955566406, 421.3732604980469, 267.886976171131
LOSS, 7631.2398681640625, -21.721961975097656, 64.69840240478516, 23.55320946964217, 324, 223.0, 378, 3, 85839.18850708008, 105.00048828125, 416.6528015136719, 264.9357669971607
LOSS, 23444.133544921875, -36.998741149902344, 68.11544036865234, 12.267992435856554, 1911, 223.0, 272, 11, 420350.7357330322, 35.71862030029297, 430.0596008300781, 219.96375496234026
WIN , 26230.0, -18.408065795898438, 68.4090347290039, 28.234660925726587, 929, 175.0, 338, 26, 263546.6520881653, 34.69252395629883, 423.0860900878906, 283.68853830803585
LOSS, 9402.981201171875, -18.793113708496094, 70.1515884399414, 31.032941257992988, 303, 223.0, 379, 5, 82870.25070953369, 56.504066467285156, 420.99853515625, 273.4991772591871
LOSS, 22058.569915771484, -19.757240295410156, 69.4872055053711, 24.64644683326423, 895, 176.05841064453125, 340, 17, 245183.63615226746, 24.931598663330078, 425.451904296875, 273.9481968181759
WIN , 27142.0, -23.17626953125, 79.4580078125, 20.3615903975994, 1333, 191.0, 311, 28, 341496.1804847717, 53.776180267333984, 420.84039306640625, 256.1861819090561
LOSS, 16335.827392578125, -32.99993896484375, 67.6503677368164, 19.72926013596392, 828, 207.0, 344, 15, 211971.35735702515, 54.6730842590332, 418.19842529296875, 256.00405477901586
LOSS, 25127.331298828125, -21.563011169433594, 69.5128402709961, 31.72642840761127, 792, 207.0, 347, 24, 236236.2275428772, 33.39400863647461, 439.7032470703125, 298.2780650793904
LOSS, 6465.000244140625, -20.215538024902344, 61.157127380371094, 23.423913928045742, 276, 223.0, 381, 7, 65904.11934280396, 40.984256744384766, 446.6253662109375, 238.78304109711578
LOSS, 16699.6416015625, -35.8929443359375, 68.30037689208984, 12.985724418011275, 1286, 191.0, 314, 14, 268136.2806773186, 5.9805073738098145, 417.54840087890625, 208.50410628096313
LOSS, 15453.329833984375, -16.291015625, 64.7640380859375, 32.74010558047537, 472, 207.0, 368, 12, 147481.80297088623, 112.41226196289062, 431.5618896484375, 312.4614469722166
LOSS, 15597.817626953125, -44.999755859375, 62.791358947753906, 5.360074785894545, 2910, 223.0, 205, 22, 515415.999458313, 19.57413101196289, 436.99481201171875, 177.11890015749586
LOSS, 11738.28515625, -33.76380920410156, 57.154441833496094, 21.42022838731752, 548, 223.0, 363, 16, 134853.32456588745, 50.193695068359375, 420.17529296875, 246.08270906183841
LOSS, 14728.261474609375, -17.86064910888672, 63.391937255859375, 31.673680590557797, 465, 207.0, 368, 11, 136126.91047668457, 78.05900573730469, 428.30682373046875, 292.7460440358808
LOSS, 9926.25, -22.04345703125, 63.88495635986328, 33.648305084745765, 295, 172.5, 380, 5, 91357.09873962402, 145.60003662109375, 416.1075134277344, 309.68508047330175
LOSS, 19721.0, -43.350196838378906, 61.624351501464844, 11.75968992248062, 1677, 223.0, 288, 19, 419569.47984695435, 38.4443473815918, 428.1398620605469, 250.19050676622203
LOSS, 9758.169799804688, -21.3397216796875, 65.26860809326172, 26.231639246786795, 372, 223.0, 375, 8, 108997.46126556396, 57.83898162841797, 432.7665100097656, 293.00392813323646
LOSS, 12227.409301757812, -14.71990966796875, 65.37940216064453, 24.751840691817435, 494, 223.0, 367, 6, 155245.40424346924, 96.92989349365234, 440.8699645996094, 314.26195190985675
LOSS, 14934.389892578125, -39.0, 65.6124038696289, 20.742208184136285, 720, 223.0, 351, 15, 211963.24938201904, 95.61115264892578, 439.9544372558594, 294.3934019194709
LOSS, 10924.083129882812, -25.414955139160156, 61.15653991699219, 20.572661261549552, 531, 191.0, 364, 7, 146081.66972351074, 80.3507308959961, 448.6889343261719, 275.1067226431464
LOSS, 9681.65673828125, -21.34002685546875, 58.7249755859375, 25.27847712344974, 383, 223.0, 374, 5, 116465.79769134521, 107.81780242919922, 435.5401306152344, 304.08824462492225
LOSS, 21745.22607421875, -39.0, 62.566749572753906, 24.378056137016536, 892, 223.0, 340, 16, 251696.89775276184, 27.895471572875977, 450.787109375, 282.1714100367285
LOSS, 10993.293823242188, -26.092529296875, 59.50286865234375, 21.22257494834399, 518, 207.0, 365, 8, 134836.14987945557, 74.6970443725586, 433.1656188964844, 260.3014476437366
WIN , 27622.0, -24.76830291748047, 62.286277770996094, 23.349112426035504, 1183, 191.0, 321, 39, 336802.41456222534, 47.451168060302734, 465.1670227050781, 284.70195651920994
LOSS, 15860.217956542969, -39.0, 58.05609893798828, 11.006396916407335, 1441, 175.8800048828125, 303, 13, 302482.02057647705, 32.3521842956543, 452.4913635253906, 209.91118707597298
LOSS, 18778.126831054688, -35.0238037109375, 65.9093246459961, 20.86458536783854, 900, 170.447998046875, 339, 20, 263971.80226898193, 64.71568298339844, 446.59112548828125, 293.302002521091
LOSS, 10123.852783203125, -17.662269592285156, 59.9908447265625, 25.18371339105255, 402, 223.0, 373, 7, 114967.73149108887, 49.36273956298828, 441.55291748046875, 285.989381818629
LOSS, 21508.611083984375, -40.999755859375, 65.52359771728516, 15.46269668151285, 1391, 223.0, 307, 18, 321515.60294151306, 30.33262825012207, 467.0000915527344, 231.13990146765858
LOSS, 11921.279235839844, -21.235565185546875, 65.65909576416016, 30.489205206751517, 391, 191.8800048828125, 373, 9, 126359.28701400757, 63.41404342651367, 451.757080078125, 323.16953200513444
LOSS, -12048.75643157959, -25.10467529296875, 58.30535888671875, -2.008460815399165, 5999, 234.2871551513672, 0, 7, 589157.2533988953, 9.56019401550293, 429.7893981933594, 98.20924377377817
LOSS, 11961.0, -21.3397216796875, 60.523902893066406, 27.49655172413793, 435, 223.0, 370, 6, 124736.12101745605, 86.10128784179688, 437.7623291015625, 286.74970348840475
LOSS, 11827.036376953125, -18.462913513183594, 62.312843322753906, 27.126230222369554, 436, 223.0, 370, 9, 128120.96476745605, 60.2879638671875, 455.4748840332031, 293.85542377856893
LOSS, 26749.412841796875, -42.999755859375, 58.221946716308594, 13.17056269906296, 2031, 175.0, 264, 33, 474177.4175872803, 34.363685607910156, 464.7898864746094, 233.4699249568096
LOSS, 11881.0, -18.360992431640625, 57.757789611816406, 25.884531590413943, 459, 223.0, 369, 14, 136184.92854309082, 36.958030700683594, 452.7269287109375, 296.6991907256881
LOSS, 20238.171142578125, -17.662269592285156, 63.975440979003906, 30.52514501143005, 663, 207.0, 355, 10, 197434.8098449707, 66.92498016357422, 455.8527526855469, 297.790060097995
LOSS, 6049.8990478515625, -13.858749389648438, 56.271888732910156, 33.79831870308136, 179, 207.0, 388, 2, 57287.43962097168, 93.83697509765625, 453.698486328125, 320.0415621283334
LOSS, 8873.841186523438, -18.963623046875, 62.903663635253906, 22.352244802326037, 397, 223.0, 373, 11, 125462.75968933105, 68.1041259765625, 459.6963195800781, 316.0271024920178
LOSS, 19643.949996948242, -26.094970703125, 62.762351989746094, 15.216072809409948, 1291, 177.10000610351562, 313, 19, 346174.69506073, 54.255584716796875, 453.2899475097656, 268.1446127503718
LOSS, 20686.950485229492, -20.662147521972656, 64.8412094116211, 25.445203548867763, 813, 177.10000610351562, 345, 19, 249431.853805542, 66.9974365234375, 452.9303894042969, 306.8042482232989
LOSS, 20623.4873046875, -20.684959411621094, 65.1747817993164, 27.497983072916668, 750, 207.0, 349, 15, 217025.20022964478, 53.197513580322266, 452.36651611328125, 289.3669336395264
LOSS, 6588.55810546875, -18.46306610107422, 69.02579498291016, 33.27554598721591, 198, 207.0, 386, 5, 62949.02494049072, 122.9118881225586, 432.8603210449219, 317.92436838631676
LOSS, 18843.00048828125, -22.8228759765625, 61.993019104003906, 21.291525975459038, 885, 185.0, 340, 17, 257825.14499664307, 54.94676971435547, 440.3655090332031, 291.32784745383395
LOSS, 22156.390869140625, -21.90949249267578, 69.2284164428711, 23.520584786773487, 942, 191.0, 337, 12, 274633.58236694336, 73.46057891845703, 446.6007385253906, 291.543081068942
LOSS, 11384.295921325684, -18.928665161132812, 63.492652893066406, 28.894152084582952, 394, 201.8000030517578, 373, 10, 128067.78986358643, 66.27080535888672, 465.43304443359375, 325.0451519380366
WIN , 26562.0, -41.67694854736328, 69.927978515625, 19.778108711839167, 1343, 191.0, 310, 25, 390707.04315185547, 41.64494323730469, 460.27545166015625, 290.92110435730115
LOSS, 13523.999877929688, -39.999755859375, 65.1033706665039, 23.851851636560294, 567, 223.0, 362, 6, 166979.07278442383, 63.32801818847656, 449.86798095703125, 294.4957191965147
LOSS, 10420.707305908203, -39.0, 60.8905029296875, 19.333408730812994, 539, 183.58538818359375, 364, 11, 156679.91241073608, 60.74287796020508, 450.2286071777344, 290.68629389746957
LOSS, 14803.867431640625, -25.051002502441406, 69.4920883178711, 24.55036058315195, 603, 223.0, 359, 12, 160630.3459815979, 59.86335754394531, 444.269287109375, 266.3853167190678
LOSS, 21890.98681640625, -22.68408203125, 65.6426010131836, 25.814842943875295, 848, 191.0, 343, 21, 250439.61687469482, 60.206336975097656, 463.3114013671875, 295.32973688053636
LOSS, 13274.320068359375, -13.90264892578125, 62.50236511230469, 34.658799134097585, 383, 175.0, 374, 6, 121576.2303237915, 108.68052673339844, 445.3202209472656, 317.4314107670796
LOSS, 21607.0, -31.2939453125, 61.807472229003906, 22.840380549682877, 946, 191.0, 336, 17, 285193.151473999, 67.3277816772461, 454.03826904296875, 301.4726759767432
LOSS, 11596.166137695312, -22.833251953125, 66.4848861694336, 29.887026128080702, 388, 207.0, 374, 11, 132720.35903930664, 128.94784545898438, 462.06768798828125, 342.0627810291408
LOSS, 7818.725242614746, -24.358139038085938, 57.998863220214844, 23.409357013816606, 334, 201.8000030517578, 377, 8, 87528.72686767578, 45.47808074951172, 468.23175048828125, 262.06205649004727
LOSS, 8520.192626953125, -16.00006103515625, 69.4094009399414, 34.3556154312626, 248, 207.0, 383, 9, 77444.02308654785, 109.38921356201172, 445.0577392578125, 312.27428663930584
LOSS, 16615.62646484375, -21.3397216796875, 67.3201675415039, 30.94157628462523, 537, 223.0, 364, 11, 178186.97346496582, 99.50782012939453, 466.6284484863281, 331.81931743941493
LOSS, 22490.59375, -26.092529296875, 66.1906967163086, 23.624573266806724, 952, 191.0, 336, 17, 256736.41143417358, 41.92390060424805, 486.04949951171875, 269.6811044476613
LOSS, 13555.449462890625, -17.35771942138672, 69.54169464111328, 34.31759357693829, 395, 223.0, 373, 9, 118497.61149597168, 68.79243469238281, 472.9318542480469, 299.9939531543587
LOSS, 19790.0, -36.97540283203125, 59.592506408691406, 20.318275154004105, 974, 185.0, 335, 13, 278568.6477432251, 78.30667114257812, 466.2237854003906, 286.0047718102927
WIN , 27434.40000152588, -22.04345703125, 67.4568862915039, 23.98111888245269, 1144, 146.1999969482422, 323, 29, 341436.3004989624, 66.32839965820312, 466.6288146972656, 298.4583046319601
WIN , 27614.0, -35.05126953125, 89.638671875, 16.951503990178022, 1629, 207.0, 291, 28, 468202.79400253296, 60.960575103759766, 459.17535400390625, 287.4173075521995
LOSS, 8161.0, -15.999984741210938, 60.113426208496094, 22.237057220708447, 367, 223.0, 375, 4, 113887.3080368042, 76.74807739257812, 472.8634033203125, 310.3196404272594
LOSS, 19388.922607421875, -33.000244140625, 62.809364318847656, 24.825765182358353, 781, 191.0, 347, 17, 243995.613822937, 38.12649154663086, 469.0390625, 312.41435828801156
LOSS, 13526.16162109375, -17.459808349609375, 62.683258056640625, 23.64713570121285, 572, 159.0, 361, 7, 180290.72728729248, 84.06043243408203, 456.506591796875, 315.19357917358826
LOSS, 10492.4794921875, -20.71624755859375, 60.939231872558594, 23.11118830878304, 454, 223.0, 369, 3, 130463.89260864258, 83.23565673828125, 458.2767333984375, 287.3654022216797
WIN , 26891.28000640869, -22.508010864257812, 89.1884994506836, 23.485834066732483, 1145, 132.4399871826172, 323, 23, 353552.26008605957, 69.5619125366211, 474.4736328125, 308.77926645070704
LOSS, 21330.955078125, -19.757240295410156, 67.1703109741211, 22.10461666126943, 965, 191.0, 335, 21, 279914.0658798218, 42.68669128417969, 465.3123474121094, 290.0663895127687
LOSS, 22021.59999847412, -19.455101013183594, 63.015037536621094, 26.532048190932677, 830, 201.8000030517578, 344, 18, 241775.97535324097, 50.59672164916992, 459.039306640625, 291.2963558472783
LOSS, 17532.4183883667, -18.20404815673828, 66.5709457397461, 24.0829922917125, 728, 197.64369201660156, 351, 13, 194885.5301399231, 58.53544998168945, 470.48004150390625, 267.6999040383559
LOSS, 20613.4951171875, -35.99951171875, 63.355003356933594, 25.831447515272558, 798, 223.0, 346, 16, 247342.10555267334, 74.91984558105469, 496.73590087890625, 309.9525132239014
LOSS, 22118.472900390625, -38.0, 63.877784729003906, 4.9838830329857196, 4438, 175.0, 104, 24, 732838.9937648773, 20.06177520751953, 477.4772644042969, 165.12820950087365
LOSS, 18882.00048828125, -33.41584014892578, 59.74269104003906, 23.368812485496598, 808, 207.0, 346, 18, 248300.129447937, 93.68675994873047, 456.18505859375, 307.30214040586264
LOSS, 10929.330200195312, -18.890548706054688, 70.1653060913086, 30.27515290912829, 361, 207.0, 375, 8, 111506.5613861084, 104.21751403808594, 476.9648132324219, 308.88244151276564
LOSS, 23881.8505859375, -47.15564727783203, 83.28324127197266, 15.598857338953298, 1531, 175.0, 297, 21, 426070.4587211609, 45.196617126464844, 495.626220703125, 278.29553149651264
LOSS, 19753.488037109375, -18.462913513183594, 62.810890197753906, 34.65524217036732, 570, 191.0, 361, 17, 192543.18550109863, 94.70228576660156, 461.2311706542969, 337.7950622826292
LOSS, 10451.076438903809, -18.29399871826172, 63.27429962158203, 33.9320663600773, 308, 185.8000030517578, 379, 10, 109003.43482971191, 149.03819274902344, 461.7791748046875, 353.9072559406231
LOSS, 11917.480712890625, -18.462913513183594, 69.51346588134766, 30.401736512476084, 392, 223.0, 373, 10, 131126.96572113037, 122.86014556884766, 465.7857666015625, 334.5075656151285
LOSS, 15580.206787109375, -15.980766296386719, 62.892066955566406, 30.54942507276348, 510, 191.0, 365, 20, 168534.80629730225, 78.12576293945312, 491.8404235839844, 330.4604045045142
LOSS, 20463.949996948242, -26.002723693847656, 61.972267150878906, 27.03295904484576, 757, 177.10000610351562, 349, 16, 234155.80861663818, 76.5601806640625, 472.9189453125, 309.32075114483246
LOSS, 20573.482612609863, -26.536865234375, 68.7190933227539, 20.656107040772955, 996, 184.03575134277344, 333, 21, 293599.52366256714, 61.5051383972168, 460.8445129394531, 294.7786382154288
WIN , 27707.300003051758, -35.946044921875, 87.7046890258789, 23.823989684481305, 1163, 180.39999389648438, 322, 24, 368295.8161010742, 103.16693115234375, 476.72467041015625, 316.67739991493914
LOSS, 13591.714248657227, -21.34002685546875, 62.631126403808594, 26.391678152732478, 515, 169.39498901367188, 365, 14, 170134.6293258667, 79.43319702148438, 487.69146728515625, 330.35850354537223
LOSS, 14951.192626953125, -39.35426330566406, 61.66923522949219, 20.94004569601278, 714, 175.0, 352, 12, 209821.63774108887, 78.79525756835938, 463.9029846191406, 293.8678399735138
LOSS, 19536.775146484375, -26.092529296875, 63.400115966796875, 20.805937323199547, 939, 223.0, 337, 10, 295775.0741882324, 84.10006713867188, 464.054931640625, 314.9894293804392
LOSS, 13835.033203125, -19.583526611328125, 61.796875, 24.705416434151786, 560, 223.0, 362, 9, 168515.9224472046, 74.66144561767578, 481.5602722167969, 300.9212900842939
LOSS, 25785.740234375, -51.90784454345703, 61.653663635253906, 18.685319010416666, 1380, 191.0, 307, 22, 409417.52172088623, 47.59685516357422, 464.0121154785156, 296.6793635658596
LOSS, 16185.4228515625, -18.0462646484375, 67.7220687866211, 26.841497266272803, 603, 191.0, 359, 12, 186589.82774353027, 104.54769134521484, 459.7347717285156, 309.4358669046937
LOSS, 10385.302368164062, -35.0001220703125, 68.5521469116211, 24.04005177815755, 432, 223.0, 371, 7, 136264.7712249756, 125.07197570800781, 471.50750732421875, 315.427711168925
LOSS, 4175.946105957031, -13.000030517578125, 58.42033386230469, 24.138416797439486, 173, 207.0, 388, 2, 52960.089111328125, 90.91864013671875, 485.5763244628906, 306.12768272444004
LOSS, 24522.05908203125, -21.12731170654297, 68.9116439819336, 26.396188462896934, 929, 207.0, 338, 21, 307389.830619812, 96.3637466430664, 482.4223937988281, 330.88248721185363
LOSS, -3509.197494506836, -26.752662658691406, 47.3681640625, -0.5849637430416462, 5999, 203.39498901367188, 0, 6, 577276.4294834137, 26.08076286315918, 459.91790771484375, 96.22877637663173
LOSS, 25163.2919921875, -17.662879943847656, 60.369483947753906, 26.21176249186198, 960, 207.0, 335, 22, 304726.7680053711, 83.11804962158203, 478.8565368652344, 317.42371667226155
LOSS, 23249.0244140625, -22.23969268798828, 84.25212097167969, 20.429722683710455, 1138, 207.0, 324, 24, 338006.7763290405, 63.64507293701172, 489.3297424316406, 297.01825687964896
LOSS, 22803.58740234375, -38.9998779296875, 90.9798355102539, 21.635282165411528, 1054, 207.0, 329, 17, 297435.55058288574, 49.78716278076172, 473.7626647949219, 282.1969170615614
LOSS, 8759.400390625, -10.687339782714844, 69.0410385131836, 39.27982237948431, 223, 207.0, 385, 5, 75183.32035827637, 148.32164001464844, 452.5702819824219, 337.1449343420465
LOSS, 13284.810661315918, -13.788124084472656, 69.66361236572266, 34.50600171770368, 385, 176.19288635253906, 374, 9, 130115.72035217285, 97.44059753417969, 461.12774658203125, 337.9629100056438
LOSS, 18623.72748565674, -39.00048828125, 64.2426986694336, 19.562738955521784, 952, 180.43321228027344, 336, 15, 257829.96380615234, 70.72297668457031, 471.881103515625, 270.8297939140256
LOSS, 8401.192016601562, -31.081619262695312, 59.815673828125, 21.992649258119272, 382, 175.0, 374, 8, 111405.9116821289, 86.95911407470703, 477.6733703613281, 291.63851225688194
LOSS, 10690.143798828125, -13.788787841796875, 61.578819274902344, 31.72149495201224, 337, 207.0, 377, 6, 117609.73907470703, 171.90574645996094, 466.859130859375, 348.9903236638191
LOSS, 21564.833740234375, -21.721961975097656, 62.478248596191406, 22.208891596533856, 971, 207.0, 335, 20, 327761.79304504395, 94.93235778808594, 466.4579162597656, 337.55076523691446
LOSS, 8119.212890625, -21.34002685546875, 59.460365295410156, 26.4469475264658, 307, 223.0, 379, 5, 106475.49279785156, 189.75515747070312, 459.34295654296875, 346.8257094392559
LOSS, 8482.821067810059, -18.72193145751953, 62.655555725097656, 21.584786432086663, 393, 209.0954132080078, 373, 7, 113052.99183654785, 74.10981750488281, 464.35693359375, 287.6666458945238
LOSS, 18241.620849609375, -25.60089111328125, 67.0027847290039, 23.178679605602763, 787, 207.0, 347, 13, 250380.86975097656, 110.79269409179688, 470.5677795410156, 318.1459590228419
WIN , 26753.300003051758, -30.322265625, 84.0047378540039, 29.39923077258435, 910, 148.39999389648438, 339, 23, 314528.5486984253, 96.89081573486328, 463.8973388671875, 345.63576780046736
LOSS, 15303.574798583984, -19.528587341308594, 61.461097717285156, 21.676451556067967, 706, 203.11895751953125, 352, 10, 214452.70491027832, 91.25972747802734, 464.5636291503906, 303.7573723941619
WIN , 27632.0, -41.9998779296875, 67.56354522705078, 21.453416149068325, 1288, 191.0, 314, 17, 423212.49098205566, 59.33515930175781, 468.9235534667969, 328.5811265388631
LOSS, 5303.9998779296875, -21.836334228515625, 50.024635314941406, 17.739130026520694, 299, 223.0, 380, 5, 77286.76490402222, 57.01072311401367, 465.8668212890625, 258.48416355860275
LOSS, 10935.152389526367, -21.890579223632812, 59.976097106933594, 24.408822298049927, 448, 177.10000610351562, 370, 9, 134107.38983535767, 61.96316909790039, 452.031005859375, 299.34685231106624
LOSS, 13285.151733398438, -30.322265625, 63.7982177734375, 21.814699069619767, 609, 207.0, 359, 6, 189304.92965698242, 36.929080963134766, 480.58868408203125, 310.8455330984933
WIN , 27846.0, -51.90845489501953, 60.002952575683594, 20.22222222222222, 1377, 223.0, 308, 28, 375213.5859107971, 56.894996643066406, 487.3484802246094, 272.48626427799354
LOSS, -3844.4135665893555, -33.67279052734375, 60.245361328125, -0.6408424014984757, 5999, 227.82737731933594, 0, 4, 518516.3163719177, 14.311958312988281, 443.96124267578125, 86.43379169393528
LOSS, 18002.244140625, -21.3397216796875, 70.17232513427734, 31.472454791302447, 572, 191.0, 361, 11, 189461.78420257568, 76.7378921508789, 463.4324951171875, 331.2268954590484
LOSS, 10814.518798828125, -41.99998474121094, 67.11629486083984, 22.960761780951433, 471, 207.0, 368, 8, 138206.57862091064, 85.83190155029297, 481.0480651855469, 293.4322263713602
LOSS, 14645.16015625, -35.0, 68.65438079833984, 15.713691154774677, 932, 223.0, 337, 15, 212420.23421478271, 67.96800994873047, 477.6893615722656, 227.91870623903725
LOSS, 19224.18603515625, -37.785377502441406, 66.1611099243164, 32.694193937340565, 588, 223.0, 360, 14, 196782.4114151001, 68.21424102783203, 463.7447509765625, 334.66396499166683
WIN , 26042.0, -22.04345703125, 85.728759765625, 22.704446381865736, 1147, 191.0, 323, 26, 339930.5715942383, 80.98794555664062, 458.56304931640625, 296.36492728355563
LOSS, 17098.45849609375, -37.0, 63.646141052246094, 18.977201438505826, 901, 223.0, 339, 13, 241896.52814483643, 81.50656127929688, 473.4004821777344, 268.4756139232369
LOSS, 10122.096801757812, -20.1611328125, 59.68231201171875, 29.770872946346508, 340, 223.0, 377, 8, 118938.67135620117, 143.71319580078125, 486.5072326660156, 349.8196216358858
LOSS, 20069.489547729492, -18.099281311035156, 65.5574722290039, 31.705354735749594, 633, 177.10000610351562, 357, 18, 204830.76335906982, 97.0696029663086, 462.9013977050781, 323.5873038847865
WIN , 27034.0, -17.662879943847656, 80.70556640625, 28.426919032597265, 951, 207.0, 336, 27, 292486.2182312012, 57.014801025390625, 467.6880187988281, 307.55648604753014
LOSS, 26600.12548828125, -18.33984375, 71.0790023803711, 27.941308286009715, 952, 207.0, 336, 18, 300618.98139953613, 77.96817779541016, 473.88458251953125, 315.7762409658993
LOSS, 8887.650001525879, -17.66242218017578, 65.2745590209961, 28.95000000497029, 307, 209.6999969482422, 379, 4, 95020.92427825928, 117.67630767822266, 470.6153259277344, 309.5144113298348
LOSS, 11470.842163085938, -17.662269592285156, 59.09857940673828, 26.491552339690386, 433, 191.0, 371, 10, 149847.27627563477, 145.70701599121094, 475.5605773925781, 346.0676126458078
LOSS, 19824.916748046875, -17.662879943847656, 68.7169418334961, 26.398024964110352, 751, 207.0, 349, 14, 241771.4409790039, 93.6376724243164, 489.1280822753906, 321.93267773502515
WIN , 27462.0, -18.61236572265625, 86.51611328125, 28.937829293993676, 949, 191.0, 336, 26, 286769.8575210571, 73.96495819091797, 480.87884521484375, 302.1810932782478
WIN , 28252.0, -39.0, 65.257568359375, 15.88976377952756, 1778, 191.0, 281, 26, 474655.6596260071, 43.403907775878906, 471.60870361328125, 266.9604384848184
LOSS, 18516.072662353516, -23.95233154296875, 64.0828628540039, 15.017090561519478, 1233, 164.19500732421875, 317, 23, 304339.6796836853, 60.07822799682617, 472.3673400878906, 246.82861288214542
LOSS, 24363.949996948242, -19.764404296875, 61.48193359375, 21.35315512440687, 1141, 177.10000610351562, 323, 25, 309966.2248687744, 58.708065032958984, 476.5919494628906, 271.6618973433606
LOSS, 12642.39111328125, -25.758995056152344, 59.265968322753906, 19.97218185352488, 633, 207.0, 357, 8, 172369.64770126343, 57.25173568725586, 464.69989013671875, 272.30592053912073
LOSS, 21030.410499572754, -32.412109375, 80.7027359008789, 22.71102645742198, 926, 197.3357391357422, 338, 16, 282443.25102996826, 69.74073791503906, 473.5740051269531, 305.0143099675683
LOSS, 5532.748596191406, -28.867530822753906, 58.465576171875, 15.898702862618984, 348, 191.0, 376, 4, 77700.91988754272, 34.566341400146484, 455.8909912109375, 223.27850542397334
WIN , 28486.753562927246, -29.81298828125, 62.680137634277344, 26.158635044010328, 1089, 221.4928741455078, 327, 28, 336788.3872451782, 83.05233001708984, 469.74267578125, 309.2639001333133
LOSS, 13929.707275390625, -17.35771942138672, 67.2649154663086, 27.36681193593443, 509, 223.0, 366, 9, 153969.09146118164, 76.14898681640625, 472.3506164550781, 302.4933034600818
WIN , 27821.482124328613, -43.999755859375, 85.30477142333984, 15.709476072461102, 1771, 152.03575134277344, 281, 30, 426448.3627357483, 25.747386932373047, 504.2896423339844, 240.79523587563426
LOSS, 5136.144592285156, -10.0, 67.64180755615234, 45.05389993232593, 114, 114.924560546875, 392, 3, 37008.19104003906, 100.44329071044922, 455.8634948730469, 324.63325473718476
LOSS, 16410.124755859375, -18.963623046875, 64.90515899658203, 38.25203905794726, 429, 223.0, 371, 7, 150751.14051818848, 154.068115234375, 495.1240539550781, 351.4012599491573
LOSS, 12471.330200195312, -17.662269592285156, 60.22979736328125, 27.229978603046533, 458, 223.0, 369, 10, 148552.87860488892, 45.6187744140625, 473.26776123046875, 324.3512633294518
LOSS, 8150.341339111328, -15.999984741210938, 68.1346664428711, 40.14946472468635, 203, 178.19915771484375, 386, 5, 74803.34223937988, 147.33462524414062, 465.772216796875, 368.48937063733933
LOSS, 17267.8603515625, -29.50012969970703, 60.666404724121094, 19.22924315318764, 898, 223.0, 340, 11, 259005.91592025757, 53.40862274169922, 467.0592041015625, 288.4252961250084
LOSS, 16590.783935546875, -18.462913513183594, 60.129295349121094, 20.43199992062423, 812, 223.0, 345, 13, 251965.90865325928, 88.20106506347656, 462.9700622558594, 310.3028431690385
LOSS, 9569.0, -26.04126739501953, 58.648658752441406, 23.982456140350877, 399, 207.0, 373, 5, 129583.38008117676, 126.33555603027344, 459.2281494140625, 324.77037614330015
LOSS, 10119.367431640625, -17.992469787597656, 63.441673278808594, 26.352519353230793, 384, 207.0, 374, 11, 111056.4663734436, 56.76609420776367, 469.3890380859375, 289.2095478475094
WIN , 24144.0, -36.24951171875, 87.890625, 11.475285171102662, 2104, 207.0, 259, 31, 519378.1805610657, 41.02421951293945, 487.6784973144531, 246.85274741495516
LOSS, 20036.532958984375, -22.093284606933594, 62.278953552246094, 15.678038309064457, 1278, 207.0, 314, 18, 367490.3058319092, 39.284427642822266, 481.04376220703125, 287.55110002496804
LOSS, 4149.470275878906, -15.670013427734375, 58.501502990722656, 24.699227832612536, 168, 207.0, 388, 1, 56593.82285308838, 85.24687957763672, 452.6897888183594, 336.8679931731451
WIN , 28218.28749847412, -26.49127960205078, 91.1080551147461, 18.91306132605504, 1492, 138.4250030517578, 300, 26, 443400.4620895386, 55.46709442138672, 461.83306884765625, 297.18529630666126
LOSS, 21579.698974609375, -22.464221954345703, 64.8607406616211, 28.469259860962236, 758, 191.0, 349, 14, 243021.66960144043, 60.709877014160156, 462.5325927734375, 320.6090627987341
LOSS, 12127.112426757812, -21.34002685546875, 67.8682632446289, 22.29248607859892, 544, 175.0, 363, 10, 175596.13276672363, 71.39199829101562, 461.0691833496094, 322.7870087623596
LOSS, 18846.060546875, -39.0, 63.332130432128906, 24.635373263888887, 765, 207.0, 348, 16, 233890.75369262695, 76.10051727294922, 462.2929382324219, 305.7395473106235
LOSS, 11120.660667419434, -25.0601806640625, 70.0053939819336, 31.8643572132362, 349, 201.8000030517578, 376, 8, 108926.6124420166, 68.88275146484375, 472.9295959472656, 312.1106373696751
LOSS, -7772.775001525879, -25.4180908203125, 59.561988830566406, -1.29567844666209, 5999, 210.5500030517578, 0, 7, 438159.57672071457, 4.052286148071289, 446.96649169921875, 73.03876924832716
LOSS, 14191.0, -18.963623046875, 66.2580795288086, 27.82549019607843, 510, 223.0, 365, 9, 161820.0965423584, 93.9810562133789, 455.9306640625, 317.29430694580077
WIN , 26588.944374084473, -18.963623046875, 90.9798355102539, 18.790773409246977, 1415, 137.1112518310547, 305, 18, 433724.1623916626, 64.4729995727539, 470.10748291015625, 306.5188426796202
LOSS, 11823.150291442871, -18.963623046875, 67.35587310791016, 30.007995663560585, 394, 201.8000030517578, 373, 12, 117098.21766662598, 74.31480407714844, 455.6067199707031, 297.2035981386446
LOSS, 13230.975708007812, -18.282318115234375, 59.714576721191406, 34.18856772095042, 387, 207.0, 374, 9, 130682.60093688965, 84.43003845214844, 491.3138427734375, 337.6811393718079
LOSS, 10398.063354492188, -17.662269592285156, 58.726417541503906, 30.315053511639032, 343, 172.5, 377, 9, 118108.90397644043, 152.98388671875, 458.7928161621094, 344.3408279196514
LOSS, 10859.6923828125, -18.33984375, 63.087059020996094, 25.432534854361826, 427, 175.0, 371, 8, 139052.0711517334, 102.9140853881836, 453.72869873046875, 325.648878575488
LOSS, 6742.543701171875, -14.51531982421875, 61.720802307128906, 32.10735095796131, 210, 207.0, 385, 6, 72938.49247741699, 170.7041473388672, 460.8908996582031, 347.32615465436663
LOSS, 26898.752197265625, -26.092529296875, 60.922462463378906, 24.72311782836914, 1088, 207.0, 327, 27, 340749.89584350586, 83.28972625732422, 467.2260437011719, 313.1892425032223
LOSS, 20547.32041168213, -17.050537109375, 62.868553161621094, 29.062687993892684, 707, 209.6999969482422, 352, 12, 222551.41679382324, 82.34642791748047, 466.212646484375, 314.78276774232427
WIN , 29014.0, -26.092529296875, 89.7314453125, 25.428571428571427, 1141, 207.0, 323, 23, 352728.7683792114, 87.3848648071289, 465.1995849609375, 309.14002487222734
LOSS, 11967.616333007812, -17.662269592285156, 62.50579833984375, 23.46591437844669, 510, 207.0, 365, 10, 160599.76346588135, 77.50975799560547, 472.8578796386719, 314.9014969919242
WIN , 25916.300003051758, -37.11250305175781, 59.314796447753906, 9.042672715649601, 2866, 142.39999389648438, 208, 19, 584298.9105262756, 58.36509323120117, 473.7978820800781, 203.872613582092
WIN , 27615.786407470703, -22.6483154296875, 75.8642578125, 26.200935870465564, 1054, 143.42718505859375, 329, 15, 330698.9642715454, 74.69145202636719, 462.45440673828125, 313.7561330849577
LOSS, 13402.792846679688, -26.092529296875, 59.204933166503906, 23.679846018868705, 566, 191.0, 362, 14, 178560.36674499512, 49.04346466064453, 449.0040588378906, 315.4776797614755
LOSS, 13886.352783203125, -21.3397216796875, 70.05765533447266, 22.1472931151565, 627, 223.0, 358, 10, 185791.6236000061, 56.203433990478516, 449.1034851074219, 296.31837894737816
LOSS, 20406.913818359375, -30.322265625, 63.846946716308594, 21.919348891900512, 931, 207.0, 337, 21, 288428.6045303345, 81.7193603515625, 459.3815002441406, 309.80516061260414
LOSS, 21441.59999847412, -21.34002685546875, 65.6139144897461, 31.16511627685192, 688, 201.8000030517578, 354, 18, 216834.56690979004, 63.45466613769531, 462.4669189453125, 315.16652167120645
LOSS, 19333.10302734375, -21.046295166015625, 69.3626937866211, 28.855377652751866, 670, 175.0, 355, 15, 195995.85094451904, 57.901519775390625, 461.6844787597656, 292.531120812715
LOSS, 19558.974853515625, -18.132713317871094, 62.46879577636719, 24.540746365766154, 797, 223.0, 346, 18, 219219.75628471375, 26.551715850830078, 467.7830505371094, 275.05615594066967
LOSS, -5516.132888793945, -53.27477264404297, 54.052268981933594, -0.9195087329211444, 5999, 228.60549926757812, 0, 4, 434256.01536655426, 9.587973594665527, 455.6365966796875, 72.38806723896553
WIN , 27556.0, -20.662147521972656, 80.333251953125, 24.299823633156965, 1134, 223.0, 324, 21, 351364.244140625, 63.31657409667969, 468.85675048828125, 309.84501246968694
LOSS, 11934.275146484375, -39.999755859375, 61.802284240722656, 22.68873601993227, 526, 223.0, 364, 15, 149422.80460357666, 71.10928344726562, 468.5263977050781, 284.073773010602
WIN , 24722.0, -23.8104248046875, 80.21158599853516, 19.35943617854346, 1277, 191.0, 314, 21, 385234.34117889404, 86.9225845336914, 459.8346252441406, 301.67137132254817
LOSS, 13669.745239257812, -17.276329040527344, 55.541908264160156, 32.088603848023034, 426, 207.0, 371, 6, 144052.0297241211, 134.17214965820312, 465.3432312011719, 338.1503045167162
LOSS, 8611.747436523438, -12.9998779296875, 66.31217193603516, 37.77082209001507, 228, 175.0, 384, 6, 83626.81391906738, 164.85629272460938, 459.976806640625, 366.7842715748569
LOSS, 15474.00048828125, -17.662269592285156, 64.7176284790039, 28.977529004272004, 534, 223.0, 364, 12, 178391.50129699707, 82.47311401367188, 459.6572570800781, 334.06648182958253
LOSS, 16973.038818359375, -17.023719787597656, 63.359886169433594, 32.08513954321243, 529, 191.0, 364, 16, 178617.57250213623, 108.65086364746094, 467.57977294921875, 337.6513657885373
LOSS, 22575.313720703125, -26.092529296875, 68.0553207397461, 21.039434968036463, 1073, 175.0, 328, 25, 337346.11866760254, 64.50263977050781, 462.2972106933594, 314.3952643686883
LOSS, 16881.0, -19.046585083007812, 61.760154724121094, 26.091190108191654, 647, 223.0, 356, 13, 217478.16201782227, 130.7296905517578, 469.72674560546875, 336.133171588597
LOSS, 15280.482177734375, -31.152328491210938, 59.101806640625, 27.732272554871823, 551, 175.0, 363, 13, 182462.31964111328, 109.646728515625, 461.7564697265625, 331.1475855555595
LOSS, 9501.281372070312, -24.795372009277344, 58.02058410644531, 22.46165809000074, 423, 223.0, 371, 6, 124705.4235534668, 124.97029113769531, 489.32623291015625, 294.81187601292385
LOSS, 10169.684692382812, -15.999755859375, 71.4012680053711, 34.70882147570926, 293, 223.0, 380, 9, 103898.54373168945, 172.64569091796875, 471.49237060546875, 354.6025383334111
LOSS, 18359.0, -27.401123046875, 60.412513732910156, 23.537179487179486, 780, 207.0, 347, 18, 243942.01792907715, 80.31562042236328, 469.713134765625, 312.7461768321502
WIN , 27451.482124328613, -18.463523864746094, 83.54451751708984, 31.772548755009968, 864, 152.03575134277344, 342, 27, 286224.57022857666, 69.34640502929688, 469.37432861328125, 331.2784377645563
WIN , 27270.491676330566, -32.160400390625, 66.5389175415039, 24.392210801726804, 1118, 154.0166473388672, 325, 24, 361732.5053100586, 87.63442993164062, 482.5588684082031, 323.55322478538335
LOSS, 20551.681884765625, -19.143455505371094, 59.459129333496094, 26.621349591665318, 772, 207.0, 348, 13, 241559.37393188477, 55.50007247924805, 452.844970703125, 312.9007434350839
LOSS, 10601.833129882812, -18.561492919921875, 56.9757080078125, 26.11288948246998, 406, 223.0, 372, 7, 130594.02590942383, 86.43949890136719, 444.1826477050781, 321.66016233848234
LOSS, 19587.655029296875, -26.092529296875, 63.2965087890625, 27.942446546785842, 701, 175.0, 353, 18, 225001.58783721924, 89.99151611328125, 471.85906982421875, 320.97230789902886
WIN , 27409.724082946777, -18.501998901367188, 73.2942123413086, 32.90483083186888, 833, 215.5518341064453, 344, 17, 292647.18814849854, 108.2859115600586, 474.48394775390625, 351.31715263925395
LOSS, -4672.501899719238, -32.1820068359375, 56.17705535888672, -0.7788801299748689, 5999, 225.43592834472656, 0, 4, 445748.5776901245, 16.647605895996094, 453.5018005371094, 74.30381358395141
