LOSS, 23316.149169921875, -43.999755859375, 53.513328552246094, 7.014485309844126, 3324, 191.0, 178, 23, 9362.060626029968, 6.032468795776367, 28.418066024780273, 2.816504400129353
LOSS, 14322.557861328125, -42.999755859375, 46.186119079589844, 10.363645341047848, 1382, 191.0, 307, 16, 13478.76711845398, 13.090429306030273, 40.16117858886719, 9.753087639981171
LOSS, 21259.65966796875, -40.9998779296875, 55.557472229003906, 19.049874254452284, 1116, 223.0, 325, 19, 17808.819408416748, 9.751768112182617, 44.399818420410156, 15.957723484244397
LOSS, 25541.802505493164, -22.68408203125, 53.18964767456055, 22.28778578140765, 1146, 201.39498901367188, 323, 28, 19688.798621177673, 10.000364303588867, 44.9705810546875, 17.180452549020657
WIN , 28895.724082946777, -28.621681213378906, 64.0412826538086, 21.99065759737198, 1314, 183.5518341064453, 312, 30, 32047.511142730713, 27.52371597290039, 66.77598571777344, 24.389277886400848
LOSS, 13917.99951171875, -29.144752502441406, 60.763160705566406, 28.004023162411972, 497, 223.0, 366, 8, 19067.336051940918, 18.709014892578125, 70.51817321777344, 38.364861271510904
LOSS, 11767.187866210938, -17.170379638671875, 57.870994567871094, 33.52475175558671, 351, 207.0, 376, 6, 13801.992858886719, 45.271034240722656, 72.50519561767578, 39.32191697688524
LOSS, 17068.152099609375, -25.033050537109375, 58.49540710449219, 25.248745709481323, 676, 223.0, 354, 14, 29110.190393447876, 22.925893783569336, 78.88734436035156, 43.062411824627034
WIN , 27914.468879699707, -20.637107849121094, 70.283203125, 22.731652182165885, 1228, 146.06224060058594, 318, 32, 51494.15442276001, 50.14717102050781, 75.31758117675781, 41.93335050713356
LOSS, 22734.489501953125, -21.46302032470703, 91.3094253540039, 24.631082884022888, 923, 207.0, 338, 22, 43576.18306732178, 49.508888244628906, 77.22179412841797, 47.21146594509402
LOSS, 20180.128173828125, -16.00006103515625, 61.83403015136719, 34.85341653510903, 579, 175.0, 361, 20, 37771.02373504639, 34.72671890258789, 103.21363067626953, 65.23492873065007
LOSS, 15447.599998474121, -19.31389617919922, 58.0535888671875, 24.716159997558595, 625, 169.8000030517578, 358, 14, 39681.62072753906, 44.92277145385742, 106.0888671875, 63.4905931640625
LOSS, 15740.349365234375, -19.724143981933594, 68.0760726928711, 27.27963494841313, 577, 223.0, 361, 16, 40851.23112487793, 42.455787658691406, 103.22613525390625, 70.79936070169485
LOSS, 9826.051879882812, -15.999984741210938, 60.7550048828125, 34.72103137767778, 283, 223.0, 381, 3, 20011.072959899902, 63.888092041015625, 103.73945617675781, 70.7105051586569
LOSS, 13065.017333984375, -18.901878356933594, 61.473899841308594, 22.92108304207785, 570, 223.0, 361, 10, 40879.66633605957, 70.68974304199219, 105.64054870605469, 71.71871287027994
LOSS, 3976.5059814453125, -18.6700439453125, 59.39384460449219, 18.495376657885174, 215, 223.0, 385, 2, 14682.761989593506, 32.3956413269043, 105.0215072631836, 68.29191623066747
LOSS, 15962.447265625, -19.361923217773438, 64.2467269897461, 30.289273748814043, 527, 207.0, 364, 15, 38455.51170539856, 30.920198440551758, 107.34864807128906, 72.97061044667659
LOSS, 10001.0, -18.253952026367188, 67.9830093383789, 29.328445747800586, 341, 223.0, 377, 7, 24856.886646270752, 37.56441116333008, 102.40330505371094, 72.89409573686437
LOSS, 20617.65000152588, -18.699581146240234, 69.7093734741211, 32.93554313342792, 626, 209.6999969482422, 358, 10, 52902.39134597778, 39.45521926879883, 133.05137634277344, 84.50861237376643
LOSS, -7257.7216796875, -33.576820373535156, 67.1498794555664, -1.6843169365717103, 4309, 191.0, 112, 7, 400815.20697021484, 52.123695373535156, 152.418701171875, 93.01814967978994
LOSS, 16798.327392578125, -30.5364990234375, 70.6627426147461, 20.28783501519097, 828, 207.0, 344, 15, 95772.89423370361, 75.03807830810547, 159.3479766845703, 115.66774665906233
LOSS, 13852.9921875, -16.3907470703125, 65.1726303100586, 28.15648818597561, 492, 223.0, 367, 13, 58363.89419555664, 75.87559509277344, 158.89352416992188, 118.62580121048097
LOSS, 7771.0, -19.275390625, 67.65325164794922, 14.337638376383763, 542, 223.0, 363, 5, 61348.03089141846, 80.9472885131836, 154.08631896972656, 113.18824887715583
LOSS, 7103.4603271484375, -18.328575134277344, 70.71141815185547, 36.42800167768429, 195, 223.0, 386, 7, 22648.39867401123, 77.0855712890625, 158.5666046142578, 116.14563422569861
LOSS, 6688.8555908203125, -17.392654418945312, 62.74272155761719, 22.67408674854343, 295, 175.0, 380, 6, 33598.58794403076, 69.7724380493164, 147.8394012451172, 113.89351845434156
LOSS, 10177.562866210938, -18.774757385253906, 71.5581283569336, 35.461891519898735, 287, 175.0, 380, 7, 32915.84928894043, 67.97191619873047, 150.99038696289062, 114.68937034474017
LOSS, 8237.281494140625, -16.765701293945312, 63.884803771972656, 38.13556247287326, 216, 175.0, 385, 9, 24383.535186767578, 66.69070434570312, 154.1280059814453, 112.88673697577582
LOSS, 16317.03857421875, -15.796192169189453, 70.05765533447266, 21.1360603292989, 772, 175.0, 348, 12, 105268.65299224854, 79.09013366699219, 165.80996704101562, 136.35835879824938
LOSS, 8090.909912109375, -23.01598358154297, 71.5465316772461, 18.81606956304506, 430, 191.0, 371, 6, 60265.54335021973, 93.95939636230469, 182.25132751464844, 140.15242639585983
LOSS, 19105.514892578125, -37.069091796875, 67.1751937866211, 17.73956814538359, 1077, 207.0, 328, 14, 157914.25315093994, 86.83635711669922, 182.83799743652344, 146.6241904836954
LOSS, 10127.788330078125, -23.718719482421875, 66.3631362915039, 26.305943714488638, 385, 223.0, 374, 7, 54650.97632598877, 109.57123565673828, 168.72283935546875, 141.95058785971108
LOSS, -2809.205078125, -48.658447265625, 71.22212982177734, -0.49111976890297204, 5720, 223.0, 18, 14, 739114.4703826904, 88.60076904296875, 188.2626190185547, 129.21581650047037
LOSS, 4536.0, -30.5364990234375, 71.3841781616211, 11.454545454545455, 396, 223.0, 373, 6, 59854.39727020264, 110.10182189941406, 200.32484436035156, 151.14746785404705
LOSS, 1174.0000305175781, -29.24799346923828, 58.292236328125, 7.525641221266526, 156, 223.0, 389, 0, 23541.136878967285, 90.74260711669922, 196.28489685058594, 150.90472358312363
LOSS, 13333.275215148926, -17.90843963623047, 71.1412582397461, 23.148047248522442, 576, 206.07408142089844, 361, 12, 101326.78031158447, 115.69444274902344, 204.28683471679688, 175.91454915205637
LOSS, 6068.479248046875, -53.8739013671875, 67.90091705322266, 15.441423023020038, 393, 223.0, 373, 3, 60212.00718688965, 113.34247589111328, 194.57730102539062, 153.2112142160042
LOSS, 4359.0, -16.00006103515625, 66.8419418334961, 8.102230483271375, 538, 207.0, 364, 3, 96106.56628417969, 134.25576782226562, 200.23797607421875, 178.6367403051667
LOSS, 2245.7576293945312, -15.999984741210938, 61.73759460449219, 21.803472130043993, 103, 191.0, 393, 2, 17001.146942138672, 139.5725555419922, 193.22003173828125, 165.05967904989
LOSS, 6501.0, -15.999755859375, 71.6411361694336, 18.108635097493035, 359, 223.0, 376, 4, 59301.11200714111, 124.20201873779297, 189.7850341796875, 165.18415600874962
LOSS, 2286.3115844726562, -17.03314208984375, 61.21795654296875, 6.744281960096331, 339, 223.0, 377, 1, 55472.37641906738, 128.19027709960938, 189.72865295410156, 163.6353286698153
LOSS, 9401.0, -25.20965576171875, 67.4376449584961, 24.29198966408269, 387, 223.0, 374, 5, 64131.88363647461, 106.64190673828125, 190.39512634277344, 165.71546159295764
LOSS, 12508.13134765625, -29.054290771484375, 68.1676254272461, 24.573931920739195, 509, 223.0, 366, 13, 78230.72343444824, 111.50006866455078, 192.02548217773438, 153.69493798516353
LOSS, 7570.4210205078125, -16.66413116455078, 71.1192855834961, 27.62927379747377, 274, 186.447998046875, 381, 5, 45556.04376220703, 108.19681549072266, 195.18128967285156, 166.2629334387118
LOSS, 1887.385643005371, 0, 56.326663970947266, 37.0075616275563, 51, 185.8000030517578, 396, 3, 7677.35920715332, 101.91676330566406, 193.59535217285156, 150.53645504222197
LOSS, 5565.55908203125, -16.084640502929688, 63.2855224609375, 12.478832022491591, 446, 175.0, 370, 4, 80834.81875610352, 129.61007690429688, 204.2112579345703, 181.24398824238457
LOSS, 6798.454833984375, -27.71759033203125, 65.55960845947266, 21.72030298397564, 313, 223.0, 379, 5, 57378.53829956055, 129.31121826171875, 205.01495361328125, 183.31801373661517
LOSS, 1091.0, -13.000030517578125, 57.02369689941406, 6.572289156626506, 166, 223.0, 388, 0, 29916.218132019043, 124.6187973022461, 203.5465850830078, 180.218181518187
LOSS, 14426.5908203125, -35.484619140625, 70.90901947021484, 20.727860374012213, 696, 223.0, 353, 14, 122590.747215271, 95.66974639892578, 205.4495391845703, 176.13613105642384
LOSS, 11947.435546875, -19.918052673339844, 65.43189239501953, 16.210903048677068, 737, 223.0, 350, 7, 131433.48332977295, 113.07119750976562, 216.46315002441406, 178.33579827648975
LOSS, 8849.0, -22.489662170410156, 71.7009506225586, 25.06798866855524, 353, 207.0, 376, 10, 64422.841400146484, 131.81556701660156, 206.12841796875, 182.50096713922517
LOSS, 4822.322776794434, -18.400436401367188, 63.780418395996094, 11.906969819245514, 405, 185.8000030517578, 372, 2, 69055.2147064209, 93.99046325683594, 203.9420928955078, 170.50670297881703
LOSS, 5489.0, -17.66242218017578, 63.8140869140625, 5.985823336968375, 917, 207.0, 338, 6, 143145.9047012329, 101.75911712646484, 206.4149627685547, 156.1024042543434
LOSS, 16201.0, -18.14191436767578, 71.4940414428711, 17.86218302094818, 907, 223.0, 339, 16, 172035.0922241211, 129.76910400390625, 219.40696716308594, 189.67485360983582
LOSS, 8881.399169921875, -16.00006103515625, 66.3628158569336, 22.09303276099969, 402, 223.0, 373, 5, 75080.16421508789, 141.93359375, 217.01617431640625, 186.76657764947237
LOSS, 9050.6435546875, -16.548622131347656, 70.6780014038086, 12.051456131408122, 751, 223.0, 349, 7, 140579.5898284912, 92.89554595947266, 218.32254028320312, 187.18986661583384
LOSS, 5017.0, -14.065948486328125, 67.66194915771484, 18.243636363636362, 275, 191.0, 381, 3, 51523.417083740234, 156.8560333251953, 213.05108642578125, 187.35788030450993
LOSS, 4571.0, -15.204170227050781, 64.0169448852539, 27.871951219512194, 164, 223.0, 389, 5, 28440.950065612793, 103.33665466308594, 223.06204223632812, 173.4204272293463
LOSS, 10875.1962890625, -19.254440307617188, 63.255615234375, 16.731071213942307, 650, 207.0, 356, 6, 122626.56101989746, 125.50703430175781, 219.58555603027344, 188.65624772291918
LOSS, 5419.111083984375, -15.463035583496094, 64.34173583984375, 18.00369130891819, 301, 207.0, 379, 1, 53411.23162841797, 150.9921112060547, 223.28024291992188, 177.4459522538803
LOSS, 10330.493530273438, -29.7039794921875, 68.56314849853516, 18.816928106144694, 549, 207.0, 363, 5, 100843.84310913086, 142.31146240234375, 224.820068359375, 183.68641732082125
LOSS, 2501.0, -13.000030517578125, 63.14849853515625, 10.377593360995851, 241, 223.0, 383, 1, 46851.63134765625, 154.4523162841797, 231.07923889160156, 194.4051093263745
LOSS, 9059.42236328125, -25.2093505859375, 71.49449920654297, 21.570053245907737, 420, 207.0, 371, 8, 80378.32681274414, 156.228515625, 233.1868896484375, 191.37696860177175
LOSS, 13911.557861328125, -30.322265625, 69.36483001708984, 17.90419287172217, 777, 223.0, 348, 13, 149908.72325134277, 162.22108459472656, 240.28245544433594, 192.9327197571979
LOSS, 2307.2433471679688, -15.999984741210938, 63.542938232421875, 13.572019689223346, 170, 175.0, 388, 1, 32215.90203857422, 159.5350341796875, 235.9810333251953, 189.50530610926012
LOSS, 15789.2177734375, -18.37646484375, 69.6147689819336, 23.60122238181988, 669, 223.0, 355, 9, 136357.8388671875, 154.1763153076172, 253.68096923828125, 203.82337648309044
LOSS, 14461.0, -17.844223022460938, 61.2176513671875, 12.52034632034632, 1155, 223.0, 322, 12, 230054.63130187988, 130.3250732421875, 252.745849609375, 199.18149896266655
LOSS, 6045.817626953125, -13.000030517578125, 68.24210357666016, 27.480989213423296, 220, 207.0, 385, 2, 44577.96669006348, 160.84390258789062, 245.65863037109375, 202.62712131847036
LOSS, 10919.0, -18.473724365234375, 66.1864242553711, 16.85030864197531, 648, 207.0, 356, 14, 130605.84840393066, 173.0166778564453, 269.3313903808594, 201.55223519125101
LOSS, 13151.0, -17.527809143066406, 70.2873764038086, 11.455574912891986, 1148, 223.0, 323, 16, 233279.5659942627, 156.8391876220703, 280.00201416015625, 203.20519685911384
LOSS, 6311.4072265625, -17.463794708251953, 61.21795654296875, 23.034332943658757, 274, 207.0, 381, 4, 57816.85499572754, 189.49606323242188, 269.46295166015625, 211.01041969243627
LOSS, 16260.6044921875, -18.009033203125, 69.9229965209961, 16.147571491745282, 1007, 223.0, 332, 23, 207195.54920959473, 157.1100616455078, 271.8282470703125, 205.75526237298385
LOSS, 5993.2841796875, -16.00006103515625, 69.06636810302734, 20.179408012415823, 297, 191.0, 380, 3, 62250.90643310547, 148.35289001464844, 260.2867126464844, 209.59901155927767
LOSS, 17281.0, -15.999755859375, 66.4293441772461, 15.610659439927733, 1107, 223.0, 326, 15, 230963.29246520996, 160.1724090576172, 274.2731628417969, 208.63892724951216
LOSS, 9454.099975585938, -16.48968505859375, 63.214111328125, 20.73267538505688, 456, 223.0, 369, 1, 95805.31518554688, 153.63308715820312, 276.1175537109375, 210.09937540690103
LOSS, 13381.084228515625, -20.437103271484375, 67.8575668334961, 21.687332623201986, 617, 223.0, 358, 9, 136870.92344665527, 140.45941162109375, 293.3833312988281, 221.8329391355839
LOSS, 15488.702392578125, -52.15721893310547, 66.1864242553711, 13.891212908141815, 1115, 175.0, 325, 12, 234642.71391296387, 115.26570129394531, 289.40545654296875, 210.44189588606625
LOSS, 7187.2872314453125, -17.21373748779297, 66.8419418334961, 8.49561138468713, 846, 223.0, 343, 10, 182266.23023986816, 153.4395294189453, 281.522216796875, 215.44471659558886
LOSS, 10212.912353515625, -18.966064453125, 71.9164047241211, 20.263714987134176, 504, 207.0, 366, 7, 107552.75326538086, 131.3046875, 279.3995361328125, 213.39831997099378
LOSS, 10110.381736755371, -27.71728515625, 69.8882064819336, 21.51145050373483, 470, 201.8000030517578, 368, 13, 93602.69468688965, 161.88491821289062, 287.4109802246094, 199.15466954657373
LOSS, 3968.15234375, -16.13641357421875, 59.9188232421875, 22.546320134943183, 176, 191.0, 388, 2, 37336.383239746094, 176.88552856445312, 284.86993408203125, 212.13854113492098
LOSS, -11.0, -16.00006103515625, 60.80665588378906, -0.03206997084548105, 343, 207.0, 377, 1, 71246.3896484375, 187.2433624267578, 287.71649169921875, 207.71542171556123
LOSS, 5948.944641113281, -47.5372314453125, 60.806732177734375, 14.404224312622958, 413, 184.9793701171875, 372, 6, 88672.14347839355, 156.26968383789062, 296.57342529296875, 214.70252658206672
LOSS, 12444.8623046875, -34.0, 71.03353118896484, 18.714078653665414, 665, 223.0, 355, 8, 143928.14135742188, 178.57009887695312, 284.82952880859375, 216.4332952743186
LOSS, 7325.407470703125, -28.76861572265625, 65.97159576416016, 21.866887972248133, 335, 207.0, 377, 6, 65841.14779663086, 156.30084228515625, 292.9757385253906, 196.5407396914354
LOSS, 5298.1721267700195, -13.000030517578125, 62.724609375, 22.16808421242686, 239, 216.34007263183594, 384, 2, 53397.7077331543, 157.8569793701172, 292.7377014160156, 223.42137126842803
LOSS, 12467.2451171875, -31.2774658203125, 68.9543685913086, 20.81343091350167, 599, 223.0, 360, 12, 124140.07592773438, 145.99658203125, 291.2660827636719, 207.2455357725115
LOSS, 8681.0, -16.00006103515625, 67.5145492553711, 17.89896907216495, 485, 223.0, 367, 12, 107618.55296325684, 156.17276000976562, 296.7858581542969, 221.8939236355811
LOSS, 4431.247619628906, -16.00006103515625, 61.814727783203125, 19.01823012716269, 233, 207.0, 384, 3, 49715.73432922363, 185.86410522460938, 303.7918701171875, 213.3722503400156
LOSS, 14191.0, -18.511917114257812, 67.05770111083984, 22.962783171521036, 618, 223.0, 358, 13, 136723.89184570312, 146.85171508789062, 303.9046936035156, 221.23607094773968
LOSS, 11068.82177734375, -17.704010009765625, 68.4886703491211, 11.953371249831264, 926, 207.0, 338, 13, 214575.74737548828, 174.57447814941406, 314.5196228027344, 231.72326930398302
LOSS, 4041.0, -17.662269592285156, 61.79267883300781, 16.767634854771785, 241, 223.0, 383, 2, 52914.75440979004, 154.05352783203125, 306.297607421875, 219.56329630618274
LOSS, 5739.343162536621, -16.00006103515625, 71.22212982177734, 20.497654151916503, 280, 169.8000030517578, 381, 5, 64589.17573547363, 157.49452209472656, 296.0665283203125, 230.67562762669155
LOSS, 4709.6666259765625, -16.83514404296875, 65.44127655029297, 18.91432379910266, 249, 191.0, 383, 2, 56204.2077331543, 150.50643920898438, 296.4808349609375, 225.719709771704
LOSS, 3187.6627197265625, -31.768646240234375, 57.530364990234375, 11.184781472724781, 285, 207.0, 380, 1, 62470.012130737305, 150.9538116455078, 306.9200134277344, 219.1930250201309
LOSS, 11069.319946289062, -20.694969177246094, 70.1567611694336, 18.387574661609737, 602, 191.0, 359, 8, 130081.32354736328, 139.40914916992188, 304.15130615234375, 216.08193280292903
LOSS, 5923.9998779296875, -19.85578155517578, 65.4903335571289, 7.111644511320153, 833, 223.0, 344, 8, 160969.9291229248, 139.1888885498047, 319.853515625, 193.2412114320826
LOSS, 7188.2607421875, -29.7039794921875, 69.7603530883789, 11.764747532221767, 611, 223.0, 359, 9, 137328.47077941895, 162.54580688476562, 301.88531494140625, 224.76018130837798
LOSS, 5086.556396484375, -37.43743896484375, 65.51261138916016, 20.84654260854252, 244, 175.0, 383, 1, 55315.39094543457, 166.4588623046875, 303.9837341308594, 226.70242190751873
LOSS, 8203.999877929688, -15.482536315917969, 63.98162841796875, 30.498140810147536, 269, 223.0, 382, 4, 62562.844146728516, 158.3983917236328, 307.4167175292969, 232.57562879824727
LOSS, 4576.2254638671875, -16.13641357421875, 55.2545166015625, 27.40254768782747, 167, 191.0, 388, 2, 37947.86338806152, 146.84176635742188, 301.7203674316406, 227.232714898572
LOSS, 2591.3516845703125, -17.623397827148438, 58.71882629394531, 3.644657784205784, 711, 207.0, 352, 3, 166866.30656433105, 141.09060668945312, 301.6921081542969, 234.69241429582428
LOSS, 11107.0, -33.000244140625, 70.05757904052734, 15.38365650969529, 722, 191.0, 351, 14, 156585.80068969727, 109.3197021484375, 301.5274353027344, 216.87784029043942
LOSS, 19600.702392578125, -26.122207641601562, 90.9798355102539, 13.649514200959697, 1436, 191.0, 304, 21, 329799.2252807617, 134.21786499023438, 305.24713134765625, 229.6651986634831
LOSS, 3169.953155517578, -17.66242218017578, 51.767921447753906, 21.71200791450396, 146, 175.0, 390, 1, 33672.41874694824, 177.57327270507812, 311.8114013671875, 230.63300511608384
LOSS, 7676.514892578125, -16.00006103515625, 63.699951171875, 18.81498748180913, 408, 175.0, 372, 5, 95688.87384033203, 173.35939025878906, 318.1461486816406, 234.53155353022558
LOSS, 12064.00048828125, -16.940521240234375, 64.1295394897461, 19.489499981068256, 619, 223.0, 358, 10, 147894.76097106934, 144.5701904296875, 321.42034912109375, 238.92530043791493
LOSS, 4854.134536743164, -11.681404113769531, 66.7983169555664, 25.414316946299287, 191, 169.28097534179688, 387, 2, 47351.92776489258, 217.02621459960938, 330.4333801269531, 247.91585217221245
LOSS, 11489.155517578125, -15.092376708984375, 69.56754302978516, 27.16112415503103, 423, 223.0, 371, 9, 101895.35935974121, 164.4315185546875, 331.0816650390625, 240.88737437291067
LOSS, 14044.32275390625, -18.197052001953125, 67.9991683959961, 17.890857011345542, 785, 223.0, 347, 10, 184096.69134521484, 161.71087646484375, 322.322509765625, 234.5180781467705
LOSS, 10495.275634765625, -32.5244140625, 71.7815170288086, 9.655267373289444, 1087, 207.0, 327, 13, 266848.3832702637, 181.39036560058594, 327.5354309082031, 245.49069298092334
LOSS, 4439.0, -31.03307342529297, 62.4566650390625, 9.997747747747749, 444, 207.0, 370, 2, 105941.76881408691, 172.4573211669922, 321.20062255859375, 238.60758741911468
LOSS, 13901.0, -17.983718872070312, 71.41866302490234, 17.48553459119497, 795, 223.0, 346, 11, 197795.04345703125, 181.01943969726562, 328.0429382324219, 248.79879680129716
LOSS, 9027.652954101562, -18.339996337890625, 69.50971221923828, 15.893755200883033, 568, 207.0, 362, 7, 141159.4292602539, 204.70555114746094, 329.8117370605469, 248.52012193706673
LOSS, 2651.0, -16.123519897460938, 71.8218002319336, 4.403654485049834, 602, 223.0, 359, 4, 144704.33708190918, 174.53604125976562, 312.14886474609375, 240.37265295998202
LOSS, 14710.510917663574, -43.0731201171875, 65.45003509521484, 8.694155388690056, 1692, 183.97816467285156, 287, 19, 402311.39321899414, 190.64474487304688, 319.5102844238281, 237.77269102777433
LOSS, 1521.0, -15.999984741210938, 59.495697021484375, 6.700440528634362, 227, 223.0, 384, 1, 55086.696365356445, 195.70396423339844, 339.04364013671875, 242.672671213024
LOSS, 6105.650001525879, -16.528751373291016, 66.8419418334961, 15.736211344138864, 388, 193.6999969482422, 374, 4, 97966.94636535645, 203.84263610839844, 334.246337890625, 252.4921298076197
LOSS, 1651.0, -10.0, 60.75315856933594, 16.846938775510203, 98, 223.0, 393, 1, 23030.37727355957, 199.14529418945312, 319.775634765625, 235.0038497301997
LOSS, 9691.0, -17.01622772216797, 65.1543197631836, 17.4927797833935, 554, 223.0, 363, 9, 135600.55743408203, 199.1855010986328, 341.001708984375, 244.76634915899282
LOSS, -35594.33731842041, -45.84197998046875, 59.32472229003906, -5.933378449478314, 5999, 225.0143585205078, 0, 3, 1285620.122680664, 188.52684020996094, 338.0389099121094, 214.305738069789
LOSS, 13319.0, -19.275390625, 64.74996185302734, 17.617724867724867, 756, 207.0, 349, 9, 197043.6425933838, 191.14857482910156, 345.49713134765625, 260.6397388801373
LOSS, 13701.3955078125, -16.00006103515625, 68.5661849975586, 26.147701350787212, 524, 223.0, 365, 14, 129846.39225769043, 193.33433532714844, 313.08038330078125, 247.7984585070428
LOSS, 12612.2783203125, -18.71379852294922, 69.3510971069336, 27.06497493629292, 466, 191.0, 368, 10, 123249.32870483398, 198.6563720703125, 319.8872985839844, 264.48353799320597
LOSS, 4255.2354736328125, -22.16350555419922, 64.29373931884766, 23.509588252114987, 181, 191.0, 387, 3, 47044.49397277832, 175.33721923828125, 318.9622802734375, 259.9143313413167
LOSS, 14882.702392578125, -18.358551025390625, 71.4946517944336, 21.35251419308196, 697, 207.0, 353, 8, 183674.16535949707, 203.19677734375, 329.97198486328125, 263.52104068794415
LOSS, 13441.0, -20.002357482910156, 66.8419418334961, 11.780017528483786, 1141, 223.0, 323, 14, 279823.77182006836, 193.1400909423828, 327.0364685058594, 245.2443223664052
LOSS, 4338.109375, -12.9998779296875, 59.24201965332031, 19.366559709821427, 224, 223.0, 385, 0, 57824.7833404541, 200.78387451171875, 331.5826110839844, 258.1463541984558
LOSS, 19264.052490234375, -33.000244140625, 70.44149017333984, 21.718210248291292, 887, 207.0, 340, 18, 232326.93119812012, 195.46697998046875, 324.2010803222656, 261.92438692009034
LOSS, 8424.779541015625, -26.53656005859375, 61.015769958496094, 17.58826626516832, 479, 191.0, 368, 7, 124100.87922668457, 190.72573852539062, 308.7039794921875, 259.08325517053146
WIN , 23125.897872924805, -23.71826171875, 71.0716781616211, 18.909156069439742, 1223, 183.20425415039062, 318, 22, 313692.15493774414, 184.6213836669922, 320.9224548339844, 256.49399422546537
LOSS, 3572.8353271484375, -15.204170227050781, 58.5125732421875, 16.240160577947442, 220, 223.0, 385, 3, 55416.34051513672, 196.97557067871094, 304.4832763671875, 251.8924568869851
LOSS, 10397.29141998291, -12.9998779296875, 71.22212982177734, 37.80833243630149, 275, 213.3920135498047, 381, 7, 71910.09616088867, 190.93038940429688, 315.93548583984375, 261.4912587668679
LOSS, 12181.764892578125, -17.662269592285156, 68.62584686279297, 20.787994697232296, 586, 124.5, 360, 9, 149349.99069213867, 187.57473754882812, 316.468505859375, 254.86346534494655
LOSS, 1481.0, -18.77500343322754, 58.795677185058594, 7.6735751295336785, 193, 223.0, 387, 3, 45287.210021972656, 184.34202575683594, 301.2900390625, 234.6487565905319
LOSS, 10859.0, -31.2774658203125, 70.5290756225586, 13.210462287104622, 822, 207.0, 345, 10, 222312.9965057373, 207.6942901611328, 317.8673095703125, 270.45376703860984
LOSS, 12718.702392578125, -33.000244140625, 62.55859375, 12.555481137786895, 1013, 175.0, 332, 14, 254737.31898498535, 186.45962524414062, 320.7314758300781, 251.46823196938337
LOSS, 990.160888671875, -37.43743896484375, 62.42192840576172, 0.7345407185993138, 1348, 207.0, 310, 7, 284460.2801513672, 159.0515594482422, 312.0040283203125, 211.0239466998273
LOSS, 6592.2255859375, -16.66413116455078, 68.9916000366211, 24.41565031828704, 270, 223.0, 381, 5, 69932.80712890625, 160.10874938964844, 297.99560546875, 259.0103967737268
LOSS, 5821.0, -19.156700134277344, 70.8354721069336, 23.954732510288064, 243, 223.0, 383, 6, 59929.593002319336, 162.70712280273438, 290.6300048828125, 246.62383951571744
LOSS, 10132.811645507812, -19.13629150390625, 70.9795150756836, 16.61116663198002, 610, 207.0, 359, 5, 147666.0188293457, 161.4768829345703, 306.5854797363281, 242.0754407038454
LOSS, 11181.0, -16.820022583007812, 63.763648986816406, 14.88814913448735, 751, 223.0, 349, 9, 194954.25982666016, 172.27386474609375, 311.5438537597656, 259.5928892498804
LOSS, 4561.0, -40.41923522949219, 67.89632415771484, 6.600578871201158, 691, 223.0, 353, 4, 149200.86488342285, 170.37281799316406, 306.6421203613281, 215.92020967210254
LOSS, 6697.2518310546875, -34.0869140625, 68.1908187866211, 18.655297579539518, 359, 223.0, 376, 8, 91057.87393188477, 165.90553283691406, 302.1194763183594, 253.64310287433082
LOSS, 4754.581787109375, -10.354385375976562, 65.45951080322266, 44.023905436197914, 108, 191.0, 392, 4, 27712.291015625, 171.1525421142578, 296.0134582519531, 256.595287181713
LOSS, 17045.65000152588, -23.247657775878906, 71.9414291381836, 21.468073049780703, 794, 193.6999969482422, 347, 9, 211410.69526672363, 224.80337524414062, 307.5458984375, 266.2603214946142
LOSS, 10201.0, -47.5372314453125, 68.47127532958984, 12.072189349112426, 845, 223.0, 343, 9, 194858.18760681152, 145.32318115234375, 298.8688659667969, 230.60140545184797
LOSS, 1015.1674728393555, -15.999984741210938, 69.9455795288086, 4.614397603815252, 220, 185.8000030517578, 385, 1, 59466.21635437012, 226.79464721679688, 293.3255310058594, 270.3009834289551
LOSS, 4720.612243652344, -16.00006103515625, 71.79662322998047, 34.96749810112847, 135, 207.0, 390, 3, 35519.10040283203, 198.3896484375, 303.2481994628906, 263.1044474283854
LOSS, 9981.0, -17.27509307861328, 72.10286712646484, 19.380582524271844, 515, 223.0, 365, 8, 137572.59086608887, 205.1282501220703, 315.2491455078125, 267.13124440017253
LOSS, 9283.604736328125, -17.983718872070312, 71.22212982177734, 11.051910400390625, 840, 175.0, 343, 9, 221451.3332824707, 224.19796752929688, 311.1267395019531, 263.63253962198894
LOSS, 5467.6907958984375, -16.00006103515625, 63.70574951171875, 20.10180439668543, 272, 207.0, 381, 2, 71184.29055786133, 204.94784545898438, 289.0111389160156, 261.7069505803725
LOSS, 6698.984130859375, -13.788787841796875, 71.22212982177734, 18.30323533021687, 366, 207.0, 375, 5, 94918.93522644043, 212.59246826171875, 290.37481689453125, 259.3413530777061
WIN , 22280.0, -19.187538146972656, 70.4918441772461, 16.827794561933533, 1324, 175.0, 311, 25, 345936.34733581543, 198.7498779296875, 302.1153564453125, 261.2812291056008
LOSS, 3061.0, -15.999984741210938, 61.001678466796875, 12.392712550607287, 247, 223.0, 383, 3, 65272.72506713867, 181.93856811523438, 292.5098876953125, 264.2620448062294
LOSS, 11504.252563476562, -18.71380615234375, 70.05765533447266, 17.1449367562989, 671, 223.0, 355, 8, 181317.14541625977, 201.2603759765625, 297.36700439453125, 270.2192927216986
LOSS, 5367.0, -17.985244750976562, 66.4753646850586, 15.511560693641618, 346, 191.0, 376, 3, 91534.47714233398, 199.28892517089844, 294.8651123046875, 264.55051197206353
LOSS, 7321.9998779296875, -19.351104736328125, 66.8419418334961, 22.32317035954173, 328, 207.0, 378, 6, 87692.23037719727, 172.78660583496094, 288.8627624511719, 267.3543609060892
LOSS, 1291.0, -15.599288940429688, 58.58650207519531, 12.91, 100, 223.0, 393, 1, 25349.108108520508, 210.49722290039062, 293.12841796875, 253.49108108520508
LOSS, 4919.0, -16.00006103515625, 62.18360900878906, 22.985981308411215, 214, 207.0, 385, 2, 56264.388412475586, 214.49176025390625, 295.071044921875, 262.91770286203547
LOSS, 5642.684814453125, -15.999984741210938, 61.8817138671875, 27.7964769184883, 203, 191.0, 386, 1, 50851.37635803223, 202.9269256591797, 293.1719665527344, 250.49939092626713
LOSS, 9505.652954101562, -15.999755859375, 69.2961654663086, 15.816394266391951, 601, 191.0, 359, 7, 159334.3754272461, 208.8289794921875, 298.0455627441406, 265.1154333232048
LOSS, 5246.284118652344, -52.55519390106201, 72.02046966552734, 11.632559021402093, 451, 184.9793701171875, 369, 4, 120114.35144042969, 225.27908325195312, 301.6652526855469, 266.3289388923053
LOSS, 10701.0, -17.410614013671875, 63.544212341308594, 19.007104795737124, 563, 223.0, 362, 7, 141659.8771057129, 150.72227478027344, 292.9324951171875, 251.61612274549358
LOSS, 8272.883666992188, -14.176841735839844, 66.0085220336914, 45.70653959664192, 181, 207.0, 387, 4, 47831.22270202637, 206.85572814941406, 313.76593017578125, 264.260898906223
LOSS, 14619.347900390625, -44.60253143310547, 68.4752426147461, 10.82113094033355, 1351, 207.0, 309, 9, 352436.13021850586, 223.90573120117188, 309.38946533203125, 260.87056270799843
LOSS, 10571.0, -17.662269592285156, 66.5459213256836, 21.485772357723576, 492, 223.0, 367, 8, 127902.83363342285, 170.2864227294922, 299.0455322265625, 259.96510901102204
LOSS, 10441.0, -15.463035583496094, 70.2632827758789, 23.15077605321508, 451, 223.0, 369, 9, 118816.85708618164, 212.66807556152344, 296.8002624511719, 263.4520112775646
LOSS, 6955.6663818359375, -20.22979736328125, 71.44002532958984, 9.200616907190394, 756, 191.0, 349, 7, 202070.63955688477, 226.3335418701172, 304.2790832519531, 267.2892057630751
LOSS, 10279.995971679688, -20.38446044921875, 71.85140228271484, 20.642562192127887, 498, 223.0, 366, 8, 130048.76292419434, 175.502197265625, 302.6784362792969, 261.14209422528984
LOSS, 18352.3349609375, -17.633529663085938, 69.8058090209961, 19.523760596742022, 940, 207.0, 337, 18, 241930.57095336914, 180.66969299316406, 309.4813232421875, 257.3729478227331
LOSS, 3461.0, -12.9998779296875, 63.2696533203125, 13.788844621513944, 251, 223.0, 383, 3, 66169.94338989258, 183.52642822265625, 293.0244445800781, 263.62527246969154
LOSS, 7530.4227294921875, -14.233757019042969, 67.6912612915039, 25.877741338461124, 291, 207.0, 380, 5, 73725.6235961914, 168.77284240722656, 295.608154296875, 253.35265840615602
LOSS, 12011.39794921875, -16.88459014892578, 68.4599838256836, 13.790353558230482, 871, 223.0, 341, 8, 230376.3959350586, 225.29837036132812, 302.0327453613281, 264.49643620557816
LOSS, 4261.0, -13.330078125, 65.92244720458984, 19.28054298642534, 221, 223.0, 385, 1, 50027.42582702637, 177.5438995361328, 300.9341735839844, 226.3684426562279
LOSS, 10342.07568359375, -54.4610595703125, 68.4538803100586, 20.80900539958501, 497, 191.0, 366, 10, 131284.2416229248, 163.55877685546875, 300.7316589355469, 264.15340366785676
LOSS, 2161.0, -21.14141082763672, 61.37086486816406, 13.096969696969698, 165, 223.0, 388, 2, 43830.42680358887, 231.35757446289062, 295.3377380371094, 265.63895032478104
LOSS, 9105.666137695312, -15.945388793945312, 68.74227142333984, 28.63417024432488, 318, 223.0, 378, 5, 82616.98011779785, 220.27101135253906, 313.6368408203125, 259.80182426980457
LOSS, 411.0, -13.000030517578125, 61.544189453125, 3.7363636363636363, 110, 223.0, 392, 1, 29755.66633605957, 235.69667053222656, 293.3944091796875, 270.50605760054157
LOSS, 17827.6455078125, -33.000244140625, 68.9958724975586, 26.333302079486707, 677, 223.0, 354, 8, 175366.27067565918, 158.44862365722656, 298.68438720703125, 259.0343732284478
LOSS, 4302.924987792969, -16.858627319335938, 62.891845703125, 11.69273094508959, 368, 191.0, 375, 2, 85497.40634155273, 171.67213439941406, 306.0906982421875, 232.32990853682807
LOSS, 3106.45654296875, -13.000030517578125, 59.22920227050781, 11.99404070644305, 259, 223.0, 382, 2, 64259.650817871094, 226.53741455078125, 302.1658630371094, 248.1067599145602
LOSS, 6844.359130859375, -18.897872924804688, 70.3893051147461, 18.854983831568525, 363, 175.0, 375, 5, 89998.51219177246, 167.6459197998047, 313.0304260253906, 247.92978565226574
LOSS, 325.3299865722656, -18.204200744628906, 60.883399963378906, 2.3921322542078354, 136, 223.0, 390, 2, 26788.249099731445, 169.64463806152344, 297.16998291015625, 196.9724198509665
LOSS, 7141.0, -10.0, 69.48294830322266, 52.12408759124087, 137, 223.0, 390, 3, 36084.8904876709, 222.86048889160156, 308.0077819824219, 263.39336122387516
LOSS, 7177.7923583984375, -18.444931030273438, 71.67485809326172, 16.576887663737732, 433, 175.0, 371, 2, 112767.56614685059, 215.55291748046875, 309.1341247558594, 260.4331781682462
WIN , 22589.0, -48.25439453125, 91.35795593261719, 11.920316622691292, 1895, 137.0, 273, 21, 465930.36100769043, 161.71267700195312, 319.6653747558594, 245.8735414288604
LOSS, 4747.1865234375, -13.330001831054688, 55.55553436279297, 22.713811116925836, 209, 223.0, 386, 1, 58740.142150878906, 265.20745849609375, 310.638427734375, 281.0533117266933
LOSS, 5849.0, -17.662269592285156, 70.05765533447266, 28.8128078817734, 203, 207.0, 386, 6, 54985.610900878906, 242.98519897460938, 306.8018493652344, 270.86507832945273
LOSS, 19824.604248046875, -38.0, 71.5086898803711, 17.90840492145156, 1107, 207.0, 326, 21, 288468.05406188965, 162.44747924804688, 320.0346984863281, 260.5854146900539
LOSS, 13280.744384765625, -18.99950408935547, 64.6227035522461, 19.1365192864058, 694, 207.0, 353, 12, 190355.68467712402, 188.11807250976562, 324.376953125, 274.28773008231127
LOSS, 4298.649879455566, -18.6700439453125, 62.6873779296875, 9.8367274129418, 437, 193.6999969482422, 370, 2, 117381.81283569336, 253.65577697753906, 309.835693359375, 268.608267358566
LOSS, 10461.134521484375, -16.00006103515625, 71.2218246459961, 32.28745222680362, 324, 191.0, 378, 8, 87613.36585998535, 193.9488067626953, 314.1701965332031, 270.41162302464613
WIN , 21760.0, -16.00006103515625, 71.6869125366211, 20.723809523809525, 1050, 175.0, 329, 17, 286943.79695129395, 241.2838592529297, 323.6050720214844, 273.27980662027994
LOSS, 8323.319946289062, -16.00006103515625, 70.8592758178711, 19.6768793056479, 423, 223.0, 371, 6, 114575.72624206543, 158.62857055664062, 319.91357421875, 270.86460104507194
LOSS, 7206.8642578125, -16.13641357421875, 63.09661865234375, 29.177588088309715, 247, 223.0, 383, 5, 68941.45776367188, 215.0812530517578, 324.4986572265625, 279.11521361810475
LOSS, 7363.9998779296875, -18.462913513183594, 61.1383056640625, 11.311827769477247, 651, 223.0, 356, 6, 167547.29333496094, 155.5106201171875, 321.43798828125, 257.3691141858079
LOSS, 8502.670288085938, -40.4193115234375, 64.1579360961914, 15.210501409813842, 559, 185.0, 362, 6, 150604.29414367676, 171.3096160888672, 322.98388671875, 269.41734193859884
LOSS, 4248.7030029296875, -16.00006103515625, 61.90971374511719, 16.467841096626696, 258, 175.0, 382, 2, 70323.96704101562, 265.74273681640625, 314.05450439453125, 272.57351566285126
LOSS, 18147.819869995117, -37.00048828125, 71.6405258178711, 34.69946437857575, 523, 167.60000610351562, 365, 13, 139490.83374023438, 176.69920349121094, 313.6108093261719, 266.7128752203334
LOSS, 5509.218505859375, -16.48968505859375, 68.9256820678711, 11.746734554071162, 469, 207.0, 368, 2, 129410.7689819336, 248.8152313232422, 315.7870178222656, 275.9291449508179
LOSS, 11358.582641601562, -16.48968505859375, 66.5529556274414, 23.565524152700338, 482, 191.0, 367, 8, 127432.6867980957, 250.63839721679688, 310.4440612792969, 264.3831676309039
LOSS, 9033.626953125, -40.4193115234375, 83.0548324584961, 6.321642374475157, 1429, 223.0, 304, 9, 395669.66204833984, 256.17529296875, 329.16064453125, 276.8856977245205
LOSS, 15244.948974609375, -26.092605590820312, 70.8855209350586, 13.611561584472657, 1120, 223.0, 325, 17, 292754.5677642822, 170.10494995117188, 317.8187255859375, 261.38800693239483
LOSS, 2277.769775390625, -18.46306610107422, 63.13751220703125, 4.667561015144724, 488, 175.0, 367, 1, 108266.33329772949, 202.46253967285156, 316.9716491699219, 221.85724036419978
LOSS, 5993.558349609375, -16.00006103515625, 63.073577880859375, 12.231751733896683, 490, 175.0, 367, 3, 133942.55027770996, 167.56143188476562, 321.1974182128906, 273.35214342389787
LOSS, 11921.0, -20.662376403808594, 66.9591293334961, 10.94674012855831, 1089, 223.0, 327, 13, 294381.53048706055, 181.18728637695312, 335.36309814453125, 270.3228011818738
LOSS, 3195.0042114257812, -13.000030517578125, 58.0947265625, 22.65960433635306, 141, 223.0, 390, 3, 36193.41215515137, 187.71957397460938, 332.3226318359375, 256.69086634859127
LOSS, 13261.0, -17.662269592285156, 67.5765151977539, 13.490335707019328, 983, 223.0, 334, 13, 268337.36936950684, 186.45318603515625, 329.30419921875, 272.9779952894271
LOSS, 16403.949996948242, -49.09917449951172, 72.1379623413086, 12.706390392678731, 1291, 177.10000610351562, 313, 19, 349865.0076446533, 188.03729248046875, 330.44134521484375, 271.00310429485154
LOSS, 1641.0, -16.046707153320312, 61.29838562011719, 10.067484662576687, 163, 223.0, 389, 3, 43653.43167114258, 256.3753356933594, 305.9508056640625, 267.8124642401385
LOSS, 5162.254699707031, -16.123519897460938, 62.74268341064453, 17.440049661172402, 296, 207.0, 380, 2, 79495.92454528809, 219.3990020751953, 308.29656982421875, 268.5673126530003
LOSS, 13380.625244140625, -21.24383544921875, 69.75667572021484, 21.5469005541717, 621, 223.0, 358, 12, 173984.4923248291, 196.550048828125, 313.09112548828125, 280.1682646132514
LOSS, 7715.0, -14.284034729003906, 66.40462493896484, 16.993392070484582, 454, 175.0, 369, 8, 127863.00468444824, 208.05615234375, 315.0336608886719, 281.6365741948199
LOSS, 6211.0, -15.999984741210938, 61.426307678222656, 21.125850340136054, 294, 223.0, 380, 4, 83304.8048248291, 184.5394744873047, 314.5549011230469, 283.3496762749289
LOSS, 11709.96240234375, -24.693603515625, 63.77629852294922, 18.557785106725436, 631, 223.0, 357, 12, 177214.1528930664, 192.71739196777344, 324.2391357421875, 280.84651805557274
LOSS, 6073.0782470703125, -17.985244750976562, 58.966270446777344, 17.401370335445023, 349, 223.0, 376, 5, 98699.67793273926, 187.3043975830078, 324.1523742675781, 282.80710009380874
LOSS, 9516.7431640625, -16.10356903076172, 71.3231430053711, 24.277406030771683, 392, 175.0, 373, 10, 107018.7174987793, 187.55606079101562, 324.7277526855469, 273.00693239484514
LOSS, 10886.085571289062, -26.002113342285156, 62.9144287109375, 12.136104315818352, 897, 207.0, 340, 11, 234659.08360290527, 182.79769897460938, 328.6311340332031, 261.6043295461597
LOSS, 12414.00048828125, -39.3585205078125, 65.2599105834961, 9.59350887811534, 1294, 223.0, 313, 8, 333836.76568603516, 203.13209533691406, 327.1949462890625, 257.9882269598417
LOSS, 5621.84912109375, -44.485260009765625, 60.172607421875, 4.712363052048407, 1193, 207.0, 320, 6, 272455.42137145996, 186.0354461669922, 324.1275329589844, 228.378391761492
LOSS, 3754.7405395507812, -32.934722900390625, 52.55523681640625, 11.01096932419584, 341, 223.0, 377, 1, 85375.18811035156, 208.5478515625, 321.6070861816406, 250.36712055821573
LOSS, -20692.69140625, -31.278076171875, 84.3262939453125, -4.652133859318795, 4448, 223.0, 103, 14, 1301787.682067871, 196.14341735839844, 333.0391845703125, 292.66809399007894
LOSS, 7470.6402587890625, -18.20404815673828, 71.22212982177734, 24.17682931646946, 309, 175.0, 379, 6, 83471.13192749023, 199.04385375976562, 347.6827087402344, 270.133113033949
LOSS, 13275.502685546875, -15.776191711425781, 78.8295669555664, 30.448400654924026, 436, 207.0, 370, 7, 121033.18278503418, 187.8488006591797, 332.2225341796875, 277.5990430849408
LOSS, 9419.257202148438, -19.858810424804688, 62.48527526855469, 10.595339934925127, 889, 175.0, 340, 4, 236752.40625, 169.8839569091797, 340.0120544433594, 266.31316788526436
LOSS, 7735.33837890625, -15.999984741210938, 68.40673065185547, 22.818107312407818, 339, 223.0, 377, 6, 94270.38221740723, 206.6334686279297, 334.9285583496094, 278.08372335518357
LOSS, 4754.9935302734375, -16.00006103515625, 57.70843505859375, 13.546990114739138, 351, 223.0, 376, 1, 103001.5658416748, 214.9698486328125, 346.28057861328125, 293.4517545346861
LOSS, 4914.4095458984375, -12.9998779296875, 61.58393859863281, 21.745174981851495, 226, 207.0, 384, 5, 69150.09675598145, 236.9563751220703, 339.82647705078125, 305.97387945124535
LOSS, 4819.896301269531, -13.000030517578125, 60.316368103027344, 23.2845231945388, 207, 207.0, 386, 3, 59175.56336975098, 234.96853637695312, 341.0196533203125, 285.8722868103912
LOSS, 8769.0, -18.61236572265625, 70.4186019897461, 20.25173210161663, 433, 207.0, 371, 7, 117884.74249267578, 204.71173095703125, 332.8048400878906, 272.25113739647986
LOSS, 5882.022987365723, -16.720489501953125, 61.5596923828125, 9.162029575336017, 642, 218.3160858154297, 357, 8, 183422.5633392334, 204.0884246826172, 346.6901550292969, 285.7049273196782
LOSS, 14271.0, -19.31389617919922, 60.80665588378906, 13.488657844990549, 1058, 223.0, 329, 17, 305135.4090118408, 198.35260009765625, 354.41796875, 288.4077589903977
LOSS, 5372.6937255859375, -13.330078125, 68.29694366455078, 16.73736363110884, 321, 223.0, 378, 5, 94677.49031066895, 197.92994689941406, 366.99005126953125, 294.9454526812117
LOSS, 7579.6190185546875, -13.27532958984375, 64.3709487915039, 40.75063988470262, 186, 191.0, 387, 3, 52225.899963378906, 189.92137145996094, 346.543701171875, 280.7844084052629
LOSS, 14437.731201171875, -19.78746795654297, 69.18073272705078, 15.77894120346653, 915, 191.0, 338, 13, 269995.48637390137, 176.17796325683594, 362.5154724121094, 295.07703428841677
LOSS, 7107.650001525879, -17.633834838867188, 58.482666015625, 20.60188406239385, 345, 209.6999969482422, 376, 6, 90679.99752807617, 180.845458984375, 350.4810791015625, 262.84057254514835
LOSS, 11377.06787109375, -15.870216369628906, 69.5097885131836, 33.860321044921875, 336, 175.0, 377, 7, 96924.64303588867, 189.39544677734375, 361.2882385253906, 288.46619951157345
LOSS, 12115.0791015625, -18.5361328125, 57.009178161621094, 16.68743677901171, 726, 207.0, 351, 8, 198457.00158691406, 183.6636505126953, 354.97711181640625, 273.3567514971268
LOSS, 17845.000244140625, -25.20965576171875, 68.0797348022461, 15.226109423328179, 1172, 223.0, 321, 13, 341570.67724609375, 184.56842041015625, 350.1343688964844, 291.4425573772131
LOSS, 11650.223388671875, -18.14130401611328, 70.6737289428711, 16.908887356562953, 689, 175.0, 354, 9, 192052.0783843994, 166.00286865234375, 354.576171875, 278.7403169584897
LOSS, 4757.1629638671875, -38.6090087890625, 60.76446533203125, 3.4322965107266863, 1386, 191.0, 307, 9, 384879.32791137695, 179.5921630859375, 357.3554382324219, 277.6907127787712
LOSS, 14534.00048828125, -31.0870361328125, 83.0548324584961, 11.060883172207953, 1314, 223.0, 312, 15, 384881.21392822266, 168.7746124267578, 361.1512145996094, 292.9080775709457
LOSS, 11203.999877929688, -17.02812957763672, 68.8127670288086, 18.893760333776875, 593, 223.0, 360, 10, 167120.22200012207, 148.31956481933594, 361.3832092285156, 281.8216222599023
LOSS, 4411.7808837890625, -18.940155029296875, 60.17364501953125, 24.240554306533312, 182, 191.0, 387, 6, 54237.464614868164, 179.24085998535156, 357.73236083984375, 298.00804733444045
LOSS, 6244.87060546875, -31.9720458984375, 63.990478515625, 19.03923965081936, 328, 175.0, 378, 4, 93682.71293640137, 170.6129913330078, 354.8147277832031, 285.61802724512614
LOSS, 5721.0, -18.34014892578125, 61.9964599609375, 11.10873786407767, 515, 223.0, 365, 6, 142763.53552246094, 177.28074645996094, 359.54449462890625, 277.2107485873028
LOSS, 7471.5457763671875, -13.27532958984375, 68.40657806396484, 22.170758980318062, 337, 127.0, 377, 7, 100508.31387329102, 209.34713745117188, 363.65740966796875, 298.2442548168873
LOSS, 16321.91015625, -16.366127014160156, 70.4436264038086, 15.892804436465433, 1027, 207.0, 331, 14, 283743.7986755371, 166.28001403808594, 367.42877197265625, 276.2841272400556
LOSS, 7926.3450927734375, -16.48968505859375, 67.94454193115234, 18.39059186258338, 431, 191.0, 371, 8, 130120.72473144531, 267.6358947753906, 364.5528869628906, 301.9042337156504
LOSS, 11754.051513671875, -43.5394287109375, 71.7284164428711, 12.142615200074252, 968, 175.0, 335, 11, 285582.06845092773, 188.0106964111328, 376.255126953125, 295.0227979864956
LOSS, 8580.031009674072, -17.66242218017578, 67.8554458618164, 19.815314110101784, 433, 120.99999237060547, 371, 6, 124519.07727050781, 179.1781463623047, 375.118408203125, 287.5729267217271
LOSS, 8833.649047851562, -16.00006103515625, 71.58040618896484, 18.441856049794495, 479, 207.0, 368, 6, 146410.83520507812, 177.17039489746094, 371.0789489746094, 305.659363684923
LOSS, 18924.00048828125, -18.735458374023438, 69.50971221923828, 25.60757846858085, 739, 223.0, 350, 12, 217141.62144470215, 170.8004913330078, 365.6224060058594, 293.83169342990817
LOSS, 13660.594970703125, -40.4193115234375, 65.6004867553711, 10.30210782104308, 1326, 191.0, 311, 13, 346787.1695404053, 159.83924865722656, 367.646728515625, 261.5287854754188
LOSS, 11487.099243164062, -16.046707153320312, 70.05765533447266, 16.17901301854093, 710, 223.0, 352, 10, 205345.50048828125, 168.04437255859375, 367.8974304199219, 289.2190147722271
LOSS, 4081.0, -17.662269592285156, 59.60807800292969, 11.89795918367347, 343, 223.0, 377, 4, 92055.38148498535, 166.41908264160156, 371.67572021484375, 268.3830363993742
LOSS, 7207.18310546875, -15.999755859375, 63.00048828125, 13.91348089858832, 518, 191.0, 365, 6, 156429.5620880127, 180.62413024902344, 379.30316162109375, 301.9875715984801
LOSS, 14485.42578125, -15.999755859375, 68.4936294555664, 23.439200293284788, 618, 207.0, 358, 11, 175569.39572143555, 167.72735595703125, 386.5152587890625, 284.09287333565624
LOSS, 6753.669677734375, -18.71380615234375, 62.309165954589844, 11.807114821213942, 572, 223.0, 361, 7, 146158.34606933594, 152.0604705810547, 372.11029052734375, 255.52158403730058
LOSS, 11559.0, -19.43108367919922, 58.768211364746094, 19.011513157894736, 608, 207.0, 359, 8, 176164.65715026855, 166.9477996826172, 365.9063720703125, 289.74450189188906
LOSS, 21321.869873046875, -43.0731201171875, 70.6929702758789, 16.64470716084846, 1281, 207.0, 314, 15, 352061.5259552002, 179.61495971679688, 386.6148376464844, 274.83335359500404
LOSS, 11891.0, -36.5521240234375, 69.5418472290039, 16.65406162464986, 714, 223.0, 352, 14, 184962.35893249512, 157.01890563964844, 374.70361328125, 259.05092287464305
LOSS, 3933.5625610351562, -16.00006103515625, 58.93585205078125, 25.05453860531947, 157, 223.0, 389, 3, 41859.863708496094, 191.3063507080078, 357.55621337890625, 266.62333572290504
LOSS, 1739.0049362182617, -16.48968505859375, 59.825439453125, 17.390049362182616, 100, 179.9164581298828, 393, 1, 23795.423263549805, 168.1061553955078, 343.4322509765625, 237.95423263549804
LOSS, 6866.734283447266, -18.0462646484375, 63.73291015625, 11.165421599101245, 615, 164.19500732421875, 358, 5, 176455.44969177246, 158.34657287597656, 380.14862060546875, 286.91943039312594
LOSS, 10311.0, -27.71759033203125, 61.812950134277344, 7.993023255813953, 1290, 223.0, 313, 9, 341403.44075012207, 123.68446350097656, 378.1088562011719, 264.6538300388543
LOSS, 4786.133972167969, -16.00006103515625, 59.74269104003906, 20.025665155514513, 239, 223.0, 384, 5, 70303.12811279297, 193.60205078125, 347.626220703125, 294.15534775227184
LOSS, 6321.0, -59.82536315917969, 60.013885498046875, 3.374799786438868, 1873, 223.0, 275, 13, 533352.5589752197, 156.12303161621094, 360.5689697265625, 284.7584404566042
LOSS, 9321.0, -24.58160400390625, 67.45665740966797, 13.036363636363637, 715, 223.0, 352, 12, 208797.12617492676, 158.2970428466797, 369.6301574707031, 292.0239526922052
LOSS, 14224.743408203125, -17.983718872070312, 70.7103500366211, 19.300873009773575, 737, 207.0, 350, 12, 215500.59088134766, 228.3162384033203, 384.3905334472656, 292.402429961123
LOSS, 4577.6224365234375, -16.00006103515625, 63.692848205566406, 18.093369314321887, 253, 207.0, 383, 2, 75032.97682189941, 170.87245178222656, 374.8474426269531, 296.5730309165985
LOSS, 10072.697631835938, -17.66242218017578, 62.742530822753906, 19.482974142816126, 517, 191.0, 365, 11, 148576.6627960205, 153.4505615234375, 364.97119140625, 287.3823264913356
LOSS, 17797.230712890625, -17.761734008789062, 65.4503402709961, 15.082398909229344, 1180, 191.0, 321, 21, 341534.89389038086, 164.81326293945312, 375.40234375, 289.43635075456007
LOSS, 991.0, -26.718673706054688, 47.3590087890625, 4.905940594059406, 202, 223.0, 386, 0, 56575.36393737793, 240.88795471191406, 353.3096618652344, 280.07605909593036
LOSS, 13928.5185546875, -51.6441650390625, 62.457275390625, 10.286941325470828, 1354, 191.0, 309, 14, 379697.03536987305, 150.6411590576172, 356.6462097167969, 280.42617087878364
LOSS, 18512.955078125, -20.24140167236328, 71.49434661865234, 22.039232235863096, 840, 207.0, 343, 16, 245313.33363342285, 151.21148681640625, 372.2477722167969, 292.039682896932
LOSS, 12726.630615234375, -16.00006103515625, 71.24410247802734, 31.97645883224717, 398, 207.0, 373, 7, 114583.08413696289, 156.25604248046875, 372.9778137207031, 287.8971963240274
LOSS, 5789.908824920654, -29.53643798828125, 61.90971374511719, 15.398693683299612, 376, 121.2809829711914, 374, 4, 108037.61611938477, 190.7198944091797, 360.5588684082031, 287.33408542389566
LOSS, 12496.863037109375, -21.132896423339844, 63.661094665527344, 22.436019815277156, 557, 223.0, 362, 9, 141473.19903564453, 159.03768920898438, 359.2440185546875, 253.99138067440668
LOSS, 3081.0, -18.775062561035156, 62.3443603515625, 12.08235294117647, 255, 223.0, 382, 1, 65599.59358215332, 163.4413299560547, 353.49658203125, 257.25330816530715
LOSS, 5852.902587890625, -33.392333984375, 68.87532806396484, 17.316279845830252, 338, 207.0, 377, 6, 100714.80224609375, 260.0984802246094, 375.0349426269531, 297.97278771033655
LOSS, 2781.0, -31.19609832763672, 68.92461395263672, 9.0, 309, 223.0, 379, 4, 79011.43731689453, 195.12693786621094, 358.1612548828125, 255.70044439124445
LOSS, 10295.979591369629, -35.99951171875, 83.0548324584961, 3.931263685135406, 2619, 193.6999969482422, 225, 27, 734123.6192932129, 136.97914123535156, 380.79376220703125, 280.3068420363547
LOSS, 9069.0, -22.337295532226562, 64.9355239868164, 23.678851174934724, 383, 207.0, 374, 6, 106822.57118225098, 162.13739013671875, 364.5517883300781, 278.91010752545947
LOSS, 11699.598266601562, -19.27508544921875, 67.2588119506836, 18.659646358216207, 627, 191.0, 358, 10, 188262.9263305664, 260.686279296875, 359.010498046875, 300.25985060696394
LOSS, 6857.039794921875, -37.43743896484375, 63.697731018066406, 8.36224365234375, 820, 175.0, 345, 8, 237550.35264587402, 247.5355224609375, 354.25689697265625, 289.6955520071634
LOSS, 12023.5537109375, -16.00006103515625, 70.4308090209961, 24.588044398645195, 489, 150.5, 367, 8, 144405.94914245605, 255.00489807128906, 375.58892822265625, 295.30868945287534
LOSS, 5267.359069824219, -10.0, 62.1319580078125, 25.820387597177543, 204, 207.0, 386, 5, 60975.15588378906, 271.7676696777344, 356.50836181640625, 298.89782295975033
WIN , 21874.0, -22.480789184570312, 71.95516204833984, 17.31908155186065, 1263, 207.0, 315, 26, 348123.079788208, 160.6852569580078, 364.2051086425781, 275.6318921521837
LOSS, 12446.3486328125, -17.983718872070312, 68.0373306274414, 14.405496102792245, 864, 207.0, 342, 11, 256703.4889678955, 242.8538360595703, 365.0660705566406, 297.1105196387679
LOSS, 6620.3359375, -19.363014221191406, 63.477989196777344, 14.085821143617022, 470, 223.0, 368, 4, 132892.02532958984, 237.73202514648438, 355.5426025390625, 282.7489900629571
WIN , 25054.0, -40.4193115234375, 71.866455078125, 16.132646490663234, 1553, 207.0, 296, 24, 417540.5041503906, 134.330810546875, 365.75909423828125, 268.8605950743017
LOSS, 13986.596923828125, -16.00006103515625, 68.6113510131836, 20.182679543763527, 693, 223.0, 353, 13, 206210.41046142578, 211.95925903320312, 362.52642822265625, 297.56191985775723
LOSS, 3601.0, -16.00006103515625, 61.00395202636719, 19.25668449197861, 187, 223.0, 387, 2, 56089.81442260742, 220.23316955566406, 342.1459045410156, 299.94553167169744
LOSS, 7481.0, -33.000244140625, 69.71295928955078, 14.697445972495089, 509, 223.0, 366, 7, 141398.48220825195, 145.98402404785156, 345.59918212890625, 277.79662516355984
LOSS, 18232.279541015625, -18.14191436767578, 71.5605697631836, 15.168285807833298, 1202, 191.0, 319, 19, 354834.1951751709, 190.40777587890625, 364.3341064453125, 295.20315738366963
LOSS, 6132.0120849609375, -18.47150421142578, 64.3443832397461, 14.705064951944694, 417, 207.0, 372, 6, 120566.17251586914, 151.6741943359375, 365.77398681640625, 289.1275120284632
LOSS, 10872.252563476562, -18.14130401611328, 68.40201568603516, 12.229755414484321, 889, 207.0, 340, 7, 247670.02854919434, 169.06434631347656, 363.7795104980469, 278.5939578731095
LOSS, 12937.49658203125, -17.078628540039062, 71.1076889038086, 18.018797468010096, 718, 223.0, 352, 12, 206080.9868774414, 209.46246337890625, 342.09478759765625, 287.0208730883585
LOSS, 4819.837829589844, -14.662391662597656, 62.23358154296875, 20.166685479455413, 239, 191.0, 384, 0, 68181.77157592773, 227.74884033203125, 338.1840515136719, 285.2793789787771
