LOSS, 21775.65000152588, -34.79975128173828, 47.325050354003906, 5.762278380927727, 3779, 193.6999969482422, 148, 23, 10600.436036109924, 7.394592761993408, 27.94886016845703, 2.805090245067458
LOSS, 25359.17578125, -47.58374786376953, 83.0548324584961, 12.116185275322504, 2093, 207.0, 260, 26, 23711.043535232544, 12.861233711242676, 46.43262481689453, 11.328735563895147
WIN , 29095.75, -46.23828887939453, 93.83935546875, 14.015293834296724, 2076, 143.5, 261, 33, 36839.744300842285, 22.588769912719727, 48.70061111450195, 17.745541570733277
LOSS, 14279.8447265625, -20.902952194213867, 62.49852752685547, 24.16217381821066, 591, 207.0, 360, 13, 18010.313676834106, 26.80516242980957, 71.20020294189453, 30.474304021715916
LOSS, 8358.2421875, -20.662147521972656, 54.41490173339844, 24.875720796130953, 336, 175.0, 377, 4, 10490.164001464844, 38.10121154785156, 64.82096862792969, 31.220726194835844
WIN , 29149.482124328613, -21.34002685546875, 71.94539642333984, 23.718048921341428, 1229, 136.03575134277344, 318, 29, 41849.63000488281, 38.207584381103516, 70.30653381347656, 34.05177380381026
LOSS, 8873.526313781738, -16.79682159423828, 61.596595764160156, 33.11017281261843, 268, 136.03575134277344, 382, 8, 10075.305644989014, 38.920963287353516, 72.10169219970703, 37.59442404846647
LOSS, 20703.949996948242, -19.28417205810547, 64.87662506103516, 26.30743328710069, 787, 177.10000610351562, 347, 17, 29465.83639907837, 37.490970611572266, 79.81661224365234, 37.4407069873931
LOSS, 14669.06640625, -18.6700439453125, 65.3642807006836, 25.33517514032815, 579, 223.0, 361, 11, 22853.17547607422, 45.8419303894043, 69.20482635498047, 39.47007854244252
LOSS, 19012.18505859375, -25.0601806640625, 60.055763244628906, 25.554012175529234, 744, 175.0, 350, 12, 36569.28395843506, 42.446624755859375, 95.27207946777344, 49.15226338499336
LOSS, 8671.794464111328, -18.444862365722656, 65.2458724975586, 24.49659453138793, 354, 208.63397216796875, 376, 8, 20753.39308166504, 60.35991287231445, 101.34417724609375, 58.62540418549446
LOSS, 15393.81982421875, -36.0, 69.0447006225586, 21.499748357847416, 716, 223.0, 352, 12, 44008.64710235596, 57.571502685546875, 96.24187469482422, 61.464590925078156
WIN , 26162.065948486328, -16.00006103515625, 70.1939926147461, 30.96102479110808, 845, 150.86810302734375, 343, 29, 51230.050090789795, 60.26655578613281, 100.9832763671875, 60.62727821395242
LOSS, 4701.8721923828125, -14.385910034179688, 53.0554084777832, 25.834462595509958, 182, 223.0, 387, 1, 11177.43567276001, 52.446529388427734, 96.21125793457031, 61.414481718461595
LOSS, 19477.68212890625, -17.078628540039062, 63.450538635253906, 28.559651215405058, 682, 223.0, 354, 15, 42922.76852798462, 61.431453704833984, 100.19107055664062, 62.93661074484548
LOSS, 16161.718551635742, -19.36590576171875, 62.422706604003906, 25.331847259617152, 638, 119.60000610351562, 357, 9, 41744.05132293701, 59.231712341308594, 108.82171630859375, 65.42954752811444
LOSS, 20605.768699645996, -21.462791442871094, 71.20381927490234, 29.02220943612112, 710, 201.8000030517578, 352, 17, 57431.13942718506, 59.71192169189453, 125.79238891601562, 80.88892877068318
LOSS, 4958.082275390625, -14.308624267578125, 63.06645965576172, 30.605446144386573, 162, 175.0, 389, 2, 14507.161880493164, 80.55577850341797, 127.60845184326172, 89.55038197835286
LOSS, 13323.82373046875, -15.999755859375, 64.3776626586914, 31.350173483455883, 425, 191.0, 371, 7, 37327.474197387695, 76.67813110351562, 126.45856475830078, 87.82935105267693
LOSS, 10589.58837890625, -19.366310119628906, 61.99180603027344, 22.247034409466913, 476, 207.0, 368, 4, 42366.750312805176, 80.83160400390625, 128.272216796875, 89.0057779680781
LOSS, 13176.903076171875, -21.34002685546875, 61.6357421875, 28.035963991855052, 470, 175.0, 368, 7, 42658.115814208984, 79.20647430419922, 142.59869384765625, 90.76194854087018
LOSS, 12238.59521484375, -33.000244140625, 62.242042541503906, 20.16243033746911, 607, 223.0, 359, 15, 53763.67010498047, 74.98504638671875, 132.57342529296875, 88.57276788299913
LOSS, 10771.0, -15.999755859375, 67.2704086303711, 36.144295302013425, 298, 223.0, 380, 10, 26577.568199157715, 82.78766632080078, 134.4664306640625, 89.1864704669722
LOSS, 4241.0, -12.448822021484375, 61.6943359375, 29.657342657342657, 143, 223.0, 390, 2, 12440.488227844238, 70.98077392578125, 139.6997528076172, 86.99642117373592
LOSS, 19409.7802734375, -18.141300201416016, 69.0477523803711, 26.55236699512654, 731, 175.0, 351, 18, 66349.08944702148, 76.46131134033203, 132.07798767089844, 90.76482824489943
LOSS, 11481.0, -15.999755859375, 66.0582504272461, 31.283378746594007, 367, 223.0, 375, 9, 38730.23267745972, 50.413944244384766, 153.63392639160156, 105.5319691483916
LOSS, 5381.32844543457, -11.459213256835938, 65.11052703857422, 44.10924955274238, 122, 169.28097534179688, 391, 4, 14146.368309020996, 106.17393493652344, 151.45254516601562, 115.95383859853276
LOSS, 9344.84228515625, -12.984619140625, 65.6291732788086, 34.86881449685168, 268, 207.0, 382, 4, 31655.469985961914, 109.69007873535156, 155.53468322753906, 118.11742532075341
LOSS, 21576.654296875, -19.36754608154297, 69.7313461303711, 28.768872395833334, 750, 223.0, 349, 20, 85383.24807739258, 105.22703552246094, 157.1430206298828, 113.84433076985677
LOSS, 19326.664794921875, -21.40178680419922, 64.1264877319336, 20.451497137483464, 945, 207.0, 336, 13, 111939.3724899292, 108.71870422363281, 164.8272705078125, 118.4543624232055
LOSS, 4015.1949462890625, -17.66242218017578, 61.02777099609375, 27.501335248555222, 146, 223.0, 390, 1, 16289.713272094727, 103.80654907226562, 157.3875732421875, 111.57337857599128
LOSS, 10730.86962890625, -21.870277404785156, 64.6968765258789, 29.480411068423763, 364, 191.0, 375, 6, 41584.8871383667, 104.12358093261719, 155.98135375976562, 114.24419543507335
LOSS, 15177.19140625, -15.685722351074219, 67.87061309814453, 28.636210200471698, 530, 223.0, 364, 11, 62859.699447631836, 113.15487670898438, 155.537109375, 118.60320650496573
LOSS, 10609.563232421875, -16.121994018554688, 70.5821762084961, 33.46865373003746, 317, 223.0, 378, 6, 37381.2951965332, 104.71538543701172, 157.97865295410156, 117.92206686603534
LOSS, 12164.2861328125, -18.796371459960938, 69.35819244384766, 25.13282258845558, 484, 223.0, 367, 10, 60802.2268447876, 102.82633972167969, 181.04737854003906, 125.62443562972643
LOSS, 8762.747680664062, -17.633834838867188, 67.4254379272461, 24.545511710543593, 357, 186.447998046875, 376, 7, 47843.96290588379, 107.35090637207031, 183.1008758544922, 134.01670281760164
LOSS, 8311.525146484375, -16.00006103515625, 68.37699127197266, 29.473493427249558, 282, 191.0, 381, 6, 38057.60785675049, 123.24839782714844, 183.12437438964844, 134.95605622961165
LOSS, 7033.9998779296875, -17.766098022460938, 67.9787368774414, 23.60402643600566, 298, 223.0, 380, 3, 40464.060317993164, 117.3575439453125, 188.730712890625, 135.7854373087019
LOSS, 9711.0, -41.9998779296875, 70.6438217163086, 19.116141732283463, 508, 223.0, 366, 5, 66857.01131439209, 121.31547546386719, 186.25527954101562, 131.60828998896082
LOSS, 9869.0, -21.14118194580078, 69.48384857177734, 19.54257425742574, 505, 207.0, 366, 7, 69643.3420715332, 121.00975799560547, 187.5689239501953, 137.907608062442
LOSS, 8626.173583984375, -14.95697021484375, 70.2046890258789, 34.3672254342007, 251, 191.0, 383, 2, 34524.54942321777, 104.72273254394531, 187.80445861816406, 137.54800567019032
LOSS, 10993.959716796875, -16.7203369140625, 84.3294677734375, 5.4723542642094944, 2009, 207.0, 266, 17, 278457.8204727173, 118.08129119873047, 204.54151916503906, 138.60518689532967
WIN , 23932.0, -17.01622772216797, 83.0548324584961, 23.836653386454184, 1004, 191.0, 333, 26, 157222.95852661133, 139.93653869628906, 208.48313903808594, 156.5965722376607
LOSS, 4876.301551818848, -29.70407485961914, 70.83182525634766, 22.4714357226675, 217, 151.2042694091797, 385, 5, 32834.11686706543, 120.23284149169922, 203.7291259765625, 151.30929431827386
LOSS, 3681.6681518554688, -13.254547119140625, 61.1309814453125, 32.29533466539885, 114, 207.0, 392, 1, 17608.234909057617, 142.69004821777344, 203.14964294433594, 154.45820095664575
LOSS, 10146.322875976562, -16.529037475585938, 68.7676010131836, 22.39806374387762, 453, 223.0, 369, 7, 68764.6962890625, 140.18670654296875, 204.54786682128906, 151.79844655422184
LOSS, 8862.304931640625, -14.662391662597656, 71.35457611083984, 30.55967217807112, 290, 223.0, 380, 7, 44494.9444732666, 130.19052124023438, 214.19622802734375, 153.43084301126413
LOSS, 11249.748779296875, -16.539894104003906, 67.5768051147461, 36.644132831585914, 307, 223.0, 379, 6, 47396.81816101074, 129.21495056152344, 211.7257537841797, 154.38702984042587
LOSS, 12514.333740234375, -15.999755859375, 69.99738311767578, 25.129184217338103, 498, 223.0, 366, 8, 77772.68682861328, 134.96334838867188, 202.63722229003906, 156.17005387271743
LOSS, 11195.0, -17.983718872070312, 71.6203842163086, 13.92412935323383, 804, 175.0, 346, 9, 127627.83319091797, 122.16920471191406, 215.69056701660156, 158.74108605835568
LOSS, 5899.0, -13.000030517578125, 70.25899505615234, 20.064625850340136, 294, 207.0, 380, 5, 50070.112243652344, 136.79652404785156, 220.90003967285156, 170.30650423011002
LOSS, 17521.123291015625, -24.0570068359375, 71.4757308959961, 16.133631023034646, 1086, 223.0, 327, 18, 182734.650680542, 146.64462280273438, 233.0297393798828, 168.26395090289319
LOSS, 13313.85888671875, -16.00006103515625, 68.4947738647461, 20.57783444624227, 647, 223.0, 356, 11, 112738.67645263672, 140.27003479003906, 225.59548950195312, 174.24834073050496
LOSS, 7482.422119140625, -15.204170227050781, 71.10799407958984, 15.719374199875263, 476, 223.0, 368, 6, 82205.31030273438, 141.2629852294922, 229.7870330810547, 172.70023172843355
LOSS, 10375.461669921875, -17.24578094482422, 68.4068832397461, 13.150141533487801, 789, 223.0, 347, 11, 133628.08251953125, 165.09475708007812, 227.9414520263672, 169.36385617177598
LOSS, 6021.0, -17.78551483154297, 65.2947006225586, 11.782778864970647, 511, 223.0, 365, 5, 85625.17300415039, 141.09835815429688, 236.2123565673828, 167.56393934276005
LOSS, 5659.8111572265625, -15.204170227050781, 66.18657684326172, 15.42182876628491, 367, 207.0, 375, 5, 67081.14385986328, 167.13148498535156, 244.59967041015625, 182.78240833750212
LOSS, 3739.0283813476562, -17.187522888183594, 59.85198974609375, 21.12445413190766, 177, 207.0, 388, 1, 31932.899856567383, 178.6371612548828, 253.2850341796875, 180.4118635964259
LOSS, 4303.332580566406, -32.99993896484375, 64.47174072265625, 14.489335288102378, 297, 207.0, 380, 2, 52957.55284118652, 164.86502075195312, 240.73617553710938, 178.30825872453374
LOSS, 3791.0, -16.00006103515625, 61.036376953125, 17.550925925925927, 216, 223.0, 385, 2, 38884.95634460449, 164.5857696533203, 237.43943786621094, 180.0229460398356
LOSS, 12219.68994140625, -22.046768188476562, 66.8095932006836, 24.836768173589938, 492, 175.0, 367, 7, 91821.88122558594, 159.88162231445312, 246.12599182128906, 186.62983988940232
LOSS, 9521.0, -16.501815795898438, 71.14156341552734, 30.812297734627833, 309, 223.0, 379, 7, 57638.86573791504, 167.62179565429688, 250.3899688720703, 186.53354607739496
LOSS, 13378.352294921875, -29.969398498535156, 69.64643096923828, 14.701486038375688, 910, 223.0, 339, 15, 169490.0951385498, 170.4183349609375, 245.04904174804688, 186.2528518006042
LOSS, 7331.0, -10.0, 70.02400970458984, 46.39873417721519, 158, 223.0, 389, 5, 29830.01092529297, 159.10487365722656, 243.29180908203125, 188.79753750185424
LOSS, 14672.73291015625, -19.199264526367188, 71.5007553100586, 23.364224379229697, 628, 207.0, 358, 7, 116419.54815673828, 166.13584899902344, 244.78024291992188, 185.38144610945585
LOSS, 12571.0, -18.462913513183594, 66.1864242553711, 19.1048632218845, 658, 223.0, 356, 12, 122803.21253967285, 154.51382446289062, 255.08497619628906, 186.63102209676725
LOSS, 9342.6552734375, -13.362167358398438, 64.6227035522461, 31.456751762415823, 297, 223.0, 380, 8, 57176.588439941406, 180.7328643798828, 261.3612060546875, 192.5137657910485
LOSS, 8569.22412109375, -15.141426086425781, 70.6737289428711, 28.564080403645832, 300, 191.0, 379, 9, 61198.571548461914, 168.71722412109375, 265.5863037109375, 203.99523849487304
LOSS, 22321.615234375, -33.000244140625, 70.02767181396484, 24.315485004765794, 918, 223.0, 338, 20, 182312.44886779785, 159.33535766601562, 262.0828857421875, 198.5974388538103
LOSS, 12317.642822265625, -17.632308959960938, 62.505393981933594, 21.60989968818531, 570, 175.0, 361, 10, 111983.43952941895, 183.36021423339844, 256.4057922363281, 196.4621746130157
LOSS, 6344.736572265625, -16.00006103515625, 65.70516204833984, 14.419855846058239, 440, 223.0, 370, 2, 87009.71116638184, 179.6815185546875, 256.4986267089844, 197.74934355995873
LOSS, 12106.84130859375, -16.312278747558594, 68.63973236083984, 18.069912400886196, 670, 191.0, 355, 6, 134447.05058288574, 161.1160125732422, 256.90142822265625, 200.66723967594888
LOSS, 12095.0, -14.662391662597656, 71.5660629272461, 22.39814814814815, 540, 175.0, 363, 9, 108433.96350097656, 165.4737091064453, 260.7960205078125, 200.80363611291955
LOSS, 31.0, -16.720489501953125, 59.126953125, 0.1054421768707483, 294, 223.0, 380, 0, 58821.20280456543, 171.38168334960938, 267.1124267578125, 200.0721183828756
LOSS, 12460.9072265625, -34.0, 71.4946517944336, 18.007091367864884, 692, 223.0, 353, 9, 149695.49606323242, 187.5807647705078, 272.7104797363281, 216.32297118964223
LOSS, 5827.0, -16.242095947265625, 67.94454193115234, 15.920765027322405, 366, 191.0, 375, 4, 75116.59048461914, 170.74813842773438, 267.1051330566406, 205.23658602354956
LOSS, 9907.19970703125, -16.080322265625, 66.8419418334961, 14.59086849341863, 679, 175.0, 354, 6, 142572.78846740723, 180.35430908203125, 284.8614501953125, 209.97465164566603
LOSS, 2624.6621704101562, -16.00006103515625, 57.50495910644531, 5.693410347961294, 461, 175.0, 369, 4, 91216.30024719238, 186.4574737548828, 307.9790954589844, 197.86616105681645
LOSS, 12887.0, -28.27198028564453, 71.60176849365234, 22.06678082191781, 584, 191.0, 361, 7, 120765.22888183594, 181.15345764160156, 286.8980712890625, 206.7897754825958
LOSS, 4079.9998779296875, -53.87420654296875, 66.1662826538086, 2.362478215361718, 1727, 191.0, 284, 12, 346282.2696990967, 180.36318969726562, 287.07830810546875, 200.5108683839587
LOSS, 10951.0, -21.34002685546875, 67.9677505493164, 14.112113402061855, 776, 223.0, 348, 11, 166353.77033996582, 185.16574096679688, 292.51275634765625, 214.3734153865539
LOSS, 15401.765380859375, -15.141426086425781, 71.1314926147461, 27.259761736034292, 565, 223.0, 362, 9, 124471.2933807373, 183.05096435546875, 290.6287536621094, 220.30317412519878
WIN , 15572.0, -39.999755859375, 82.81494140625, 6.723661485319516, 2316, 191.0, 245, 25, 506382.02339172363, 179.62115478515625, 298.9339294433594, 218.64508782026064
LOSS, 2822.2341918945312, -16.720489501953125, 59.7509765625, 20.450972405032836, 138, 175.0, 390, 2, 28860.286071777344, 195.19664001464844, 296.6350402832031, 209.1325077665025
LOSS, 15494.92578125, -25.623756408691406, 68.4325180053711, 12.3662615971668, 1253, 223.0, 316, 11, 284506.9895629883, 190.12489318847656, 301.1944274902344, 227.0606460997512
LOSS, 18551.384765625, -33.000244140625, 68.2213363647461, 13.027657841028793, 1424, 191.0, 305, 17, 311768.2471923828, 191.1171875, 305.15924072265625, 218.93837583734748
LOSS, 8419.729370117188, -16.370704650878906, 68.2097396850586, 26.148227857506793, 322, 127.0, 378, 7, 74807.16954040527, 198.4295196533203, 296.4602966308594, 232.32040229939525
LOSS, 8891.0, -19.52875328063965, 68.5597152709961, 20.024774774774773, 444, 223.0, 370, 8, 105252.56782531738, 195.19944763183594, 305.0959167480469, 237.05533293990402
LOSS, 16383.949996948242, -26.3922119140625, 60.16596984863281, 12.328028590630732, 1329, 177.10000610351562, 311, 18, 302614.5550842285, 186.6195526123047, 309.21942138671875, 227.70094438241424
LOSS, 9248.447143554688, -17.632308959960938, 66.4195785522461, 18.951735949907146, 488, 191.0, 367, 10, 113749.93632507324, 195.67550659179688, 304.407958984375, 233.09413181367466
LOSS, 5661.362365722656, -30.322418212890625, 57.85003662109375, 14.332562951196598, 395, 207.0, 373, 1, 91692.16223144531, 198.7666778564453, 308.2705383300781, 232.13205628214004
LOSS, 14548.8857421875, -26.092529296875, 64.8177261352539, 20.31967282428422, 716, 223.0, 352, 13, 168486.6474456787, 198.11997985839844, 310.4419860839844, 235.31654671184177
LOSS, 5801.0, -31.277618408203125, 61.29425048828125, 12.212631578947368, 475, 223.0, 368, 7, 101562.40092468262, 193.02755737304688, 305.1917419433594, 213.81558089406866
LOSS, 3801.17578125, -27.71759033203125, 65.90962982177734, 11.84166910046729, 321, 223.0, 378, 3, 71986.7978515625, 199.350830078125, 308.24664306640625, 224.25793723228193
LOSS, 23341.530029296875, -35.78369140625, 70.05765533447266, 16.56602557082816, 1409, 191.0, 306, 19, 333754.24507141113, 194.3650360107422, 317.984130859375, 236.87313347864523
LOSS, 15240.601364135742, -19.228506088256836, 68.9720687866211, 20.48467925287062, 744, 129.10000610351562, 350, 16, 175906.68598937988, 200.89561462402344, 314.54632568359375, 236.43371772766113
LOSS, 13315.650001525879, -17.27509307861328, 63.7841796875, 28.151479918659362, 473, 193.6999969482422, 368, 5, 116061.93884277344, 200.1836395263672, 312.54638671875, 245.3740778916986
LOSS, 10419.339965820312, -20.894943237304688, 63.245460510253906, 12.959378066940687, 804, 207.0, 346, 9, 187992.04666137695, 191.388916015625, 310.53350830078125, 233.82095355892656
LOSS, 5877.418884277344, -18.012916564941406, 53.851295471191406, 25.55399514903193, 230, 207.0, 384, 2, 51870.06442260742, 201.86146545410156, 303.0221252441406, 225.5220192287279
LOSS, -27084.062950134277, -43.0731201171875, 59.579078674316406, -4.514762952181076, 5999, 233.1259002685547, 0, 4, 1154162.1479187012, 174.67608642578125, 308.6769714355469, 192.3924233903486
LOSS, 17041.225341796875, -26.092529296875, 61.07177734375, 15.986140095494255, 1066, 207.0, 328, 14, 263482.3642730713, 189.6497802734375, 336.807861328125, 247.16919725428826
LOSS, 441.0, -15.463035583496094, 64.59546661376953, 3.218978102189781, 137, 223.0, 390, 2, 27257.656768798828, 177.28334045410156, 334.132080078125, 198.9609983124002
LOSS, 9046.799072265625, -18.204200744628906, 69.3541488647461, 12.905562157297611, 701, 207.0, 353, 8, 172386.4663696289, 180.70492553710938, 353.8294372558594, 245.91507328049772
LOSS, 7151.889892578125, -17.820167541503906, 65.1375503540039, 24.080437348747896, 297, 223.0, 380, 5, 73744.69540405273, 202.93341064453125, 340.0191345214844, 248.29863772408328
LOSS, 481.0, -14.266860961914062, 44.966949462890625, 3.0636942675159236, 157, 223.0, 389, 1, 38407.6100769043, 206.62574768066406, 327.6776123046875, 244.6344590885624
LOSS, 11634.00048828125, -21.3397216796875, 63.529884338378906, 17.058651742347873, 682, 223.0, 354, 9, 163251.22743225098, 186.61996459960938, 324.3041687011719, 239.37130122030936
LOSS, 11855.05029296875, -36.9998779296875, 64.93535614013672, 17.61523074735327, 673, 223.0, 355, 11, 168052.92204284668, 194.142578125, 366.79791259765625, 249.70716499680043
LOSS, 13235.63134765625, -15.999755859375, 69.83785247802734, 24.647358189304004, 537, 223.0, 364, 11, 137496.5657043457, 181.92843627929688, 357.8061218261719, 256.0457461905879
LOSS, 3985.6682739257812, -13.38104248046875, 63.67247772216797, 19.161866701566257, 208, 223.0, 386, 2, 48381.0916595459, 190.3113250732422, 332.24334716796875, 232.60140220935529
LOSS, 21253.857078552246, -26.52099609375, 64.7499771118164, 13.738756999710567, 1547, 201.8000030517578, 296, 20, 391232.2515563965, 189.4096221923828, 358.297119140625, 252.89738303580899
LOSS, 4479.804122924805, -18.46306610107422, 62.87841796875, 8.835905567899022, 507, 183.20425415039062, 366, 1, 126641.28671264648, 181.70335388183594, 339.6723327636719, 249.78557537011142
LOSS, 9899.535766601562, -16.720489501953125, 67.97322845458984, 26.683384815637634, 371, 223.0, 375, 6, 95252.77278137207, 186.65524291992188, 371.40435791015625, 256.7460182786309
LOSS, 9200.421508789062, -16.669921875, 61.298828125, 21.150394273078305, 435, 207.0, 370, 4, 109629.1607208252, 190.44174194335938, 346.529541015625, 252.02105912833377
LOSS, 4031.0, -31.0001220703125, 69.10758209228516, 15.87007874015748, 254, 223.0, 383, 2, 62861.35121154785, 185.2216796875, 342.2278137207031, 247.48563469113327
LOSS, 7521.0, -16.88904571533203, 63.80713653564453, 33.13215859030837, 227, 223.0, 384, 7, 61224.36616516113, 188.64039611816406, 367.8408508300781, 269.7108641637054
WIN , 24452.0, -18.76825714111328, 69.3468246459961, 25.847780126849894, 946, 191.0, 336, 20, 248617.12203979492, 181.53085327148438, 349.6683044433594, 262.8087970822356
LOSS, 7705.533935546875, -35.940704345703125, 65.45003509521484, 15.725579460299745, 490, 191.0, 367, 8, 127027.26071166992, 178.39215087890625, 349.0423583984375, 259.2393075748366
LOSS, 9612.624755859375, -16.121994018554688, 67.4254379272461, 17.288893445790244, 556, 223.0, 362, 6, 141424.87992858887, 179.30335998535156, 339.1920471191406, 254.36129483559148
LOSS, 12811.06591796875, -25.2093505859375, 61.9012451171875, 18.83980282054228, 680, 223.0, 354, 8, 165901.5493774414, 182.73228454589844, 350.67279052734375, 243.97286673153147
LOSS, 4622.4022216796875, -14.514633178710938, 62.02880859375, 14.910974908644153, 310, 191.0, 379, 2, 73315.54350280762, 187.6387939453125, 337.5371398925781, 236.5017532348633
LOSS, 15468.824951171875, -16.00006103515625, 70.7738265991211, 19.831826860476763, 780, 191.0, 347, 14, 206434.10781860352, 187.28797912597656, 347.52392578125, 264.65911258795325
LOSS, 6363.6154861450195, -18.204200744628906, 65.1008529663086, 14.868260481647242, 428, 184.83079528808594, 371, 6, 109953.0325012207, 186.7987823486328, 349.9446105957031, 256.89960864771194
LOSS, 12674.499755859375, -40.41923522949219, 69.7917709350586, 12.933163016183036, 980, 223.0, 334, 17, 247853.7688140869, 178.8531951904297, 350.1159362792969, 252.91200899396623
LOSS, 3871.0, -18.77500343322754, 61.239013671875, 14.231617647058824, 272, 223.0, 381, 2, 70249.54643249512, 190.54063415527344, 348.7333068847656, 258.27039129593794
LOSS, 1979.7803344726562, -46.6070556640625, 52.78385543823242, 6.8268287395608835, 290, 207.0, 380, 1, 76265.53379821777, 197.39834594726562, 360.8478088378906, 262.9845993041992
LOSS, 5679.0, -21.340007781982422, 53.24470520019531, 13.783980582524272, 412, 207.0, 372, 6, 102269.9087524414, 186.00344848632812, 344.4915466308594, 248.22793386514905
LOSS, 4197.175178527832, -17.031600952148438, 64.62239837646484, 12.165725155153137, 345, 179.56382751464844, 376, 5, 87989.08460998535, 182.9498291015625, 364.76507568359375, 255.04082495647927
LOSS, 11979.366088867188, -49.1510009765625, 63.68016815185547, 17.311222671773393, 692, 223.0, 353, 12, 185599.5365447998, 187.62376403808594, 356.9519958496094, 268.20742275260085
LOSS, 17342.123779296875, -19.100540161132812, 64.2876205444336, 15.387864932827751, 1127, 207.0, 324, 19, 284605.6261444092, 180.53488159179688, 361.7840576171875, 252.53382976433824
LOSS, 4095.9682006835938, -26.64795684814453, 61.21795654296875, 9.869802893213478, 415, 191.0, 372, 5, 98239.81495666504, 174.43658447265625, 361.92242431640625, 236.72244567871093
LOSS, 11797.973320007324, -16.00006103515625, 70.9557113647461, 23.224356929148275, 508, 133.98500061035156, 366, 11, 135042.21643066406, 177.07443237304688, 352.50958251953125, 265.8311347060316
LOSS, 9306.407348632812, -48.20417785644531, 67.28446197509766, 12.197126276058732, 763, 191.0, 349, 6, 190109.08656311035, 173.68020629882812, 351.14532470703125, 249.16000860171738
LOSS, 11344.25341796875, -20.392532348632812, 66.9945297241211, 20.25759538922991, 560, 191.0, 362, 5, 148895.0303955078, 187.6712646484375, 337.7760009765625, 265.8839828491211
LOSS, 3404.704345703125, -16.48968505859375, 62.1038818359375, 11.50237954629434, 296, 207.0, 380, 0, 75426.08557128906, 171.25262451171875, 323.5542297363281, 254.81785665976034
LOSS, 12271.219116210938, -21.2109375, 66.30651092529297, 19.85634161199181, 618, 223.0, 358, 11, 165080.2684326172, 177.73184204101562, 345.17852783203125, 267.12017545730936
LOSS, 9868.684204101562, -25.763916015625, 60.13727951049805, 19.16249360019721, 515, 159.0, 365, 10, 122650.60977172852, 164.3792724609375, 354.03717041015625, 238.15652382859906
WIN , 17976.65000152588, -36.4459228515625, 88.3272476196289, 7.035870842084493, 2555, 161.6999969482422, 229, 25, 614270.0419158936, 170.27291870117188, 363.0169982910156, 240.4188030981971
LOSS, 6680.4970703125, -16.13641357421875, 62.421875, 25.994152024562258, 257, 223.0, 382, 5, 67433.40693664551, 178.65469360351562, 352.1501159667969, 262.38679741885414
LOSS, 4301.0, -18.462913513183594, 62.2113037109375, 7.920810313075506, 543, 223.0, 363, 6, 115675.21868896484, 177.60147094726562, 363.1357116699219, 213.02986867212678
LOSS, 5147.265808105469, -17.821388244628906, 58.70526885986328, 17.567460095923103, 293, 191.0, 380, 2, 68618.84545898438, 175.85641479492188, 355.1036071777344, 234.19401180540743
LOSS, 11197.0, -16.27520751953125, 68.8497085571289, 17.633070866141733, 635, 191.0, 357, 10, 170501.91873168945, 189.7836456298828, 366.8424072265625, 268.5069586325818
LOSS, 9246.886352539062, -33.277793884277344, 68.1078109741211, 18.493772705078126, 500, 207.0, 366, 8, 128031.85111999512, 173.0902099609375, 351.9072265625, 256.0637022399902
LOSS, 7702.136291503906, -17.66242218017578, 70.1363296508789, 21.218006312682938, 363, 186.4561767578125, 375, 6, 89219.89212036133, 180.22572326660156, 362.6777648925781, 245.7848267778549
LOSS, 1909.599998474121, -17.66242218017578, 59.904273986816406, 24.48205126248873, 78, 185.8000030517578, 394, 2, 19364.365676879883, 183.0870361328125, 322.4254150390625, 248.26109842153696
LOSS, 11016.162719726562, -14.662391662597656, 70.31636810302734, 30.181267725278254, 365, 175.0, 375, 7, 103933.60035705566, 192.08480834960938, 351.59912109375, 284.7495900193306
LOSS, 7111.0, -20.80693817138672, 58.9324951171875, 16.614485981308412, 428, 223.0, 371, 7, 109775.97146606445, 178.69058227539062, 342.2562255859375, 256.4859146403375
LOSS, 9152.89208984375, -17.143569946289062, 67.34090423583984, 20.160555263973016, 454, 223.0, 369, 10, 124399.9019317627, 177.3463592529297, 360.7851867675781, 274.00859456335394
LOSS, 14631.0, -44.64634704589844, 67.93248748779297, 18.15260545905707, 806, 223.0, 346, 13, 209493.73475646973, 180.8381805419922, 358.20086669921875, 259.9177850576547
LOSS, 15240.0, -20.332557678222656, 62.742835998535156, 17.1815107102593, 887, 185.0, 340, 12, 236079.89237976074, 184.01670837402344, 361.598388671875, 266.155459278197
LOSS, 8894.379150390625, -19.72021484375, 69.4304428100586, 17.86019909716993, 498, 191.0, 366, 7, 141886.1603088379, 193.70416259765625, 358.3766784667969, 284.91196849164237
LOSS, 9306.6689453125, -44.655609130859375, 67.1764144897461, 15.33223878964168, 607, 223.0, 359, 9, 173443.3784790039, 191.08419799804688, 359.7231140136719, 285.738679537074
LOSS, 7431.796630859375, -15.999755859375, 59.61601257324219, 18.71989075783218, 397, 207.0, 373, 6, 100985.93772888184, 187.78878784179688, 333.6601257324219, 254.3726391155714
LOSS, 11928.9140625, -20.54413604736328, 65.45003509521484, 16.055066032974427, 743, 191.0, 350, 11, 191010.49838256836, 195.6207275390625, 373.2065734863281, 257.08007857680803
LOSS, 11671.0, -17.35771942138672, 67.8392562866211, 20.620141342756185, 566, 223.0, 362, 9, 149965.52575683594, 189.0856170654297, 352.4268798828125, 264.956759287696
LOSS, 8941.0, -16.1708984375, 69.4598159790039, 25.472934472934472, 351, 223.0, 376, 5, 96939.79817199707, 194.26431274414062, 373.08837890625, 276.18176117378084
LOSS, 15917.0, -18.462913513183594, 68.0382308959961, 15.932932932932934, 999, 191.0, 333, 16, 261794.14295959473, 185.47328186035156, 358.4149169921875, 262.0561991587535
LOSS, 7847.980224609375, -17.538436889648438, 70.81914520263672, 21.739557408890235, 361, 191.0, 375, 7, 93365.0199432373, 187.57769775390625, 368.40478515625, 258.6288641086906
LOSS, 9100.793701171875, -21.290557861328125, 64.50003814697266, 13.132458443249458, 693, 223.0, 353, 7, 176604.10446166992, 188.9137420654297, 353.7531433105469, 254.83997757816726
LOSS, 5135.85546875, -16.00006103515625, 64.27215576171875, 24.810895984299517, 207, 207.0, 386, 1, 47487.09307861328, 192.38124084472656, 353.0417175292969, 229.4062467565859
LOSS, 16025.64794921875, -35.356300354003906, 70.5174789428711, 19.93239794678949, 804, 207.0, 346, 10, 228659.59274291992, 192.3186798095703, 365.75396728515625, 284.40247853597003
LOSS, 9368.02783203125, -30.322418212890625, 71.1076889038086, 15.036962812249197, 623, 191.0, 358, 6, 161804.3350982666, 195.6900177001953, 374.9805603027344, 259.71803386559645
WIN , 18159.45249938965, -40.00006103515625, 81.66104125976562, 6.325131487074068, 2871, 156.09500122070312, 208, 31, 747348.0273132324, 186.6513214111328, 374.857177734375, 260.3093094089977
LOSS, 6706.7979736328125, -18.722877502441406, 68.8066635131836, 18.681888505940982, 359, 111.0, 376, 5, 90056.65074157715, 188.26878356933594, 372.30535888671875, 250.854180338655
LOSS, 2954.7207641601562, -12.491676330566406, 59.51575469970703, 21.886820475260418, 135, 175.0, 390, 3, 37422.12858581543, 187.47076416015625, 350.12066650390625, 277.2009524875217
LOSS, 16190.527099609375, -57.67578125, 70.0121078491211, 21.026658570921267, 770, 207.0, 348, 9, 225153.74227905273, 198.29885864257812, 381.91998291015625, 292.40745750526327
LOSS, 19657.230712890625, -41.00048828125, 70.4857406616211, 15.776268629928271, 1246, 191.0, 316, 14, 334660.21755981445, 187.96778869628906, 375.8170471191406, 268.5876545423872
LOSS, 8307.5009765625, -23.925704956054688, 71.6863021850586, 35.654510629023605, 233, 127.0, 384, 8, 67319.56968688965, 192.62753295898438, 373.7249450683594, 288.92519178922595
LOSS, 11549.666381835938, -17.283912658691406, 71.64388275146484, 28.802160553206825, 401, 223.0, 373, 11, 119947.19189453125, 191.12249755859375, 371.3516845703125, 299.12017928810786
LOSS, 15374.00048828125, -24.65576171875, 62.71636962890625, 14.053016899708638, 1094, 223.0, 327, 13, 296781.8554382324, 188.80833435058594, 383.50775146484375, 271.28140350843915
LOSS, 13429.20654296875, -17.983718872070312, 66.91764068603516, 25.007833413349626, 537, 175.0, 364, 10, 159868.24592590332, 194.532470703125, 378.845703125, 297.7062307744941
LOSS, 5376.80029296875, -43.772735595703125, 62.46055603027344, 14.9771595904422, 359, 207.0, 376, 3, 103400.35020446777, 189.9722137451172, 366.80615234375, 288.0232596224729
LOSS, 13740.5458984375, -39.000030517578125, 69.26091766357422, 15.43881561622191, 890, 223.0, 340, 9, 249535.64414978027, 187.8035888671875, 380.1932067871094, 280.3771282581801
LOSS, 9291.752075195312, -18.0462646484375, 60.95208740234375, 12.5225769207484, 742, 207.0, 350, 6, 185966.97747802734, 173.73199462890625, 380.0557861328125, 250.62934970084547
LOSS, 9216.625610351562, -39.52606201171875, 55.9918212890625, 15.808963311066146, 583, 223.0, 361, 5, 160571.29246520996, 175.1033172607422, 378.4162902832031, 275.4224570586792
LOSS, 14610.53125, -39.999755859375, 70.5589828491211, 10.097119039391846, 1447, 223.0, 303, 16, 364695.5983428955, 166.2584228515625, 376.80908203125, 252.03565884097824
LOSS, 4431.0, -15.141426086425781, 59.82536315917969, 21.720588235294116, 204, 223.0, 386, 3, 49665.57417297363, 191.02085876464844, 367.923583984375, 243.45869692634133
LOSS, 10238.701171875, -18.360992431640625, 62.80059814453125, 23.322781712699317, 439, 175.0, 370, 8, 136690.14611816406, 196.07119750976562, 385.10015869140625, 311.3670754400093
LOSS, 6594.5467529296875, -13.000030517578125, 66.91304779052734, 29.179410411193306, 226, 223.0, 384, 4, 61487.08984375, 189.75331115722656, 377.7843933105469, 272.06676922013276
LOSS, 12559.623046875, -18.890396118164062, 61.474205017089844, 17.39559978791551, 722, 223.0, 351, 11, 183514.51683044434, 186.10508728027344, 375.1862487792969, 254.17523106709743
LOSS, 4316.0447998046875, -16.00006103515625, 63.26416015625, 13.922725160660283, 310, 191.0, 379, 1, 85692.60942077637, 173.81253051757812, 374.6835021972656, 276.4277723250851
LOSS, 9618.7431640625, -15.999755859375, 63.28125, 18.391478325167306, 523, 191.0, 365, 8, 147853.25578308105, 190.249755859375, 383.576171875, 282.70220991028884
LOSS, 13769.65478515625, -18.842041015625, 72.0464096069336, 21.5487555323259, 639, 223.0, 357, 13, 177454.53511047363, 179.24607849121094, 388.17901611328125, 277.7066277159212
LOSS, 6684.902565002441, -15.870216369628906, 70.05773162841797, 19.661478132360124, 340, 161.6999969482422, 377, 7, 90768.8542175293, 182.50038146972656, 385.558837890625, 266.9672182868509
LOSS, 3187.0104370117188, -34.042877197265625, 64.83129119873047, 31.554558782294244, 101, 138.447998046875, 393, 4, 27522.465728759766, 191.4539031982422, 370.98406982421875, 272.49966068078976
LOSS, 3758.390869140625, -50.29998779296875, 66.4753646850586, 22.23899922568417, 169, 207.0, 388, 1, 46236.533264160156, 196.01295471191406, 365.9593200683594, 273.58895422579974
WIN , 19440.802505493164, -43.07373046875, 90.45865631103516, 8.78481812268105, 2213, 153.39498901367188, 252, 20, 598299.4130249023, 174.70010375976562, 378.9172058105469, 270.3567162335754
LOSS, 3751.0, -14.662391662597656, 65.1863784790039, 12.587248322147651, 298, 223.0, 380, 6, 78195.16732788086, 199.5507049560547, 366.77252197265625, 262.3998903620163
LOSS, 15306.744384765625, -16.123367309570312, 70.34078216552734, 17.179286627121915, 891, 175.0, 340, 20, 250152.6003112793, 185.1658172607422, 372.61767578125, 280.7548825042416
LOSS, 17999.271911621094, -19.092254638671875, 69.52359771728516, 26.824548303459157, 671, 186.4561767578125, 355, 17, 189880.9669342041, 187.17608642578125, 377.7101745605469, 282.982066966027
LOSS, 12619.154052734375, -17.704010009765625, 69.8918685913086, 22.943916459517045, 550, 175.0, 363, 11, 158396.72372436523, 192.80821228027344, 367.9848327636719, 287.9940431352095
LOSS, 18187.322021484375, -21.34002685546875, 71.8169174194336, 33.43257724537569, 544, 223.0, 363, 15, 150043.41145324707, 176.9437713623047, 380.3580017089844, 275.81509458317475
LOSS, 13277.0166015625, -33.000244140625, 70.6529769897461, 22.930944044149395, 579, 175.0, 361, 9, 156840.5626525879, 180.5412139892578, 385.67767333984375, 270.88180078167164
LOSS, 7285.0, -34.0, 71.5862045288086, 15.666666666666666, 465, 175.0, 368, 4, 125323.84536743164, 202.4667205810547, 378.65960693359375, 269.5136459514659
LOSS, 12433.59765625, -17.104522705078125, 70.6737289428711, 33.8790126873297, 367, 223.0, 375, 8, 101356.4842376709, 182.52627563476562, 378.747802734375, 276.1757063696755
WIN , 22338.65000152588, -26.092529296875, 81.0420913696289, 13.249495849066358, 1686, 177.6999969482422, 287, 27, 452642.8253173828, 183.0713348388672, 373.336669921875, 268.47142664138954
LOSS, 19278.5654296875, -16.892593383789062, 70.5431137084961, 32.4009503019958, 595, 207.0, 360, 10, 169532.92420959473, 192.83050537109375, 373.30926513671875, 284.9292843858735
LOSS, 8567.81640625, -25.2093505859375, 68.60099029541016, 16.44494511756238, 521, 223.0, 365, 8, 153124.38284301758, 179.06930541992188, 371.270751953125, 293.904765533623
LOSS, 13232.494873046875, -30.322265625, 69.3095932006836, 11.889034027894766, 1113, 207.0, 325, 10, 273877.50117492676, 165.51336669921875, 371.572021484375, 246.07142962706806
LOSS, 11078.940979003906, -26.092529296875, 66.3286361694336, 26.82552295158331, 413, 191.8800048828125, 372, 12, 111457.96357727051, 182.0906982421875, 372.371826171875, 269.8740038190569
LOSS, -15178.393089294434, -30.322265625, 59.04212188720703, -2.5301538738613827, 5999, 233.1259002685547, 0, 3, 1151711.1310882568, 160.0862579345703, 360.99591064453125, 191.9838524901245
LOSS, 18661.666015625, -17.662269592285156, 63.199073791503906, 24.652134763044913, 757, 207.0, 349, 14, 215517.23881530762, 170.02243041992188, 369.53204345703125, 284.6991265724011
LOSS, 13729.621826171875, -18.007553100585938, 67.4010238647461, 16.72304729131775, 821, 223.0, 345, 18, 211241.50588989258, 170.03311157226562, 373.1589050292969, 257.2978147258131
LOSS, 3721.0, -15.6121826171875, 63.79486083984375, 18.512437810945272, 201, 223.0, 386, 2, 48503.095611572266, 173.3736114501953, 357.2096252441406, 241.3089333909068
LOSS, 4853.45263671875, -13.000030517578125, 70.35208892822266, 38.51946537078373, 126, 191.0, 391, 3, 33890.962310791016, 161.08636474609375, 366.6116027832031, 268.97589135548424
LOSS, 3631.9232788085938, -14.966941833496094, 66.4753646850586, 28.154444021772044, 129, 207.0, 391, 1, 33478.87471008301, 183.37646484375, 372.706298828125, 259.5261605432791
LOSS, 6911.0, -20.1611328125, 63.2073974609375, 19.304469273743017, 358, 223.0, 376, 6, 91654.10684204102, 182.09295654296875, 359.78790283203125, 256.0170582179917
LOSS, 3363.1658325195312, -16.00006103515625, 63.162841796875, 10.814038046686596, 311, 223.0, 379, 0, 79035.15411376953, 187.78701782226562, 366.215576171875, 254.13232834009494
LOSS, 11021.0, -23.71856689453125, 60.195556640625, 17.97879282218597, 613, 223.0, 359, 13, 178008.18896484375, 183.00914001464844, 360.60186767578125, 290.3885627485216
LOSS, 9446.015380859375, -16.30144500732422, 72.0415267944336, 37.48418801928323, 252, 207.0, 383, 7, 73513.42288208008, 201.65785217285156, 360.86102294921875, 291.7199320717463
LOSS, 5651.3646240234375, -16.084640502929688, 62.35198974609375, 26.16372511121962, 216, 191.0, 385, 3, 59512.99589538574, 165.44020080566406, 360.6223449707031, 275.5231291453044
LOSS, 9196.294921875, -24.552696228027344, 66.3710708618164, 26.73341547056686, 344, 207.0, 377, 6, 94856.1908569336, 183.60276794433594, 364.5843811035156, 275.74474086317906
LOSS, -6454.935478210449, -38.859619140625, 67.6402816772461, -1.076001913353967, 5999, 214.87095642089844, 0, 26, 1721957.5650482178, 169.78494262695312, 367.20367431640625, 287.0407676359756
LOSS, 15085.6875, -14.940399169921875, 64.9449691772461, 19.26652298850575, 783, 223.0, 347, 12, 212447.8475189209, 208.1519317626953, 357.3416442871094, 271.32547575851964
LOSS, 4797.79345703125, -18.675758361816406, 60.782470703125, 22.738357616261847, 211, 191.0, 385, 1, 61252.41702270508, 176.0108184814453, 372.1475830078125, 290.2958152734838
LOSS, 13887.877578735352, -19.005264282226562, 69.79009246826172, 13.040260637310189, 1065, 202.19161987304688, 328, 14, 276642.2059020996, 166.92483520507812, 366.70721435546875, 259.75793981417803
LOSS, 7201.599998474121, -32.99993896484375, 63.319313049316406, 16.07499999659402, 448, 201.8000030517578, 370, 9, 120321.9521484375, 166.95849609375, 355.0968017578125, 268.5757860456194
LOSS, 19199.276000976562, -20.35790252685547, 69.8854751586914, 17.630189165267733, 1089, 186.447998046875, 327, 19, 286815.16676330566, 162.41236877441406, 361.08160400390625, 263.37480878173153
LOSS, 10850.7431640625, -16.3699951171875, 61.55326843261719, 24.944237158764366, 435, 207.0, 370, 9, 112446.61959838867, 166.46829223632812, 370.3565673828125, 258.4979760882498
LOSS, 18471.0, -34.0, 71.6222152709961, 21.578271028037385, 856, 223.0, 342, 13, 215311.49188232422, 174.50196838378906, 361.038330078125, 251.5321166849582
LOSS, 11275.273193359375, -15.654502868652344, 66.86116790771484, 34.69314828725962, 325, 207.0, 378, 5, 92751.1961517334, 181.84100341796875, 353.4742126464844, 285.3882958514874
LOSS, 7146.4078369140625, -18.919837951660156, 62.667762756347656, 18.046484436651674, 396, 207.0, 373, 4, 109192.25106811523, 204.95547485351562, 358.8127746582031, 275.7380077477657
LOSS, 10562.862182617188, -33.000244140625, 69.1838607788086, 20.916558777459777, 505, 223.0, 366, 9, 141625.03617858887, 178.3548583984375, 353.4440612792969, 280.44561619522545
LOSS, 10736.0, -26.092529296875, 71.10799407958984, 25.44075829383886, 422, 223.0, 371, 8, 120416.41473388672, 185.25930786132812, 346.44061279296875, 285.3469543457031
LOSS, 15541.0, -43.37759494781494, 62.48565673828125, 17.403135498320268, 893, 223.0, 340, 15, 230354.38604736328, 159.5557098388672, 360.6938781738281, 257.95563947073157
LOSS, 11252.300003051758, -42.45330810546875, 70.5199203491211, 15.938101987325435, 706, 180.39999389648438, 352, 6, 197994.45359802246, 176.8096160888672, 360.8574523925781, 280.44540169691567
LOSS, 12331.0, -37.00048828125, 61.40106201171875, 12.50608519269777, 986, 223.0, 334, 15, 249742.83154296875, 174.78663635253906, 358.07110595703125, 253.28887580422793
LOSS, 5621.374450683594, -13.397598266601562, 62.41241455078125, 36.982726649234166, 152, 223.0, 389, 2, 43352.77551269531, 187.3925018310547, 349.0692443847656, 285.21562837299547
LOSS, 14264.00048828125, -16.30144500732422, 66.90450286865234, 15.387271292644282, 927, 223.0, 338, 12, 250409.60180664062, 175.57899475097656, 353.3596496582031, 270.12902028763824
LOSS, 18630.084602355957, -17.79485321044922, 68.6229476928711, 22.719615368726778, 820, 184.83079528808594, 345, 15, 219501.07815551758, 162.9962158203125, 353.50921630859375, 267.6842416530702
LOSS, 9455.184814453125, -15.999755859375, 68.3330307006836, 23.579014499883105, 401, 191.0, 373, 8, 115639.90153503418, 193.6301727294922, 344.19732666015625, 288.3788068205341
LOSS, 9263.82001876831, -13.515625, 57.723304748535156, 26.243116200476802, 353, 120.0357437133789, 376, 7, 100072.60224914551, 181.77554321289062, 357.24566650390625, 283.4917910740666
LOSS, 14289.740234375, -18.204200744628906, 67.19853973388672, 17.70723696948575, 807, 223.0, 346, 13, 230757.57637023926, 189.8728485107422, 337.3996276855469, 285.94495213164714
LOSS, 11341.720581054688, -15.999755859375, 66.1864242553711, 20.14515200897813, 563, 175.0, 362, 9, 151574.31880187988, 185.83692932128906, 341.2660217285156, 269.22614352021293
LOSS, 8791.80810546875, -18.20404815673828, 61.9110107421875, 18.01600021612449, 488, 223.0, 367, 7, 133271.31196594238, 181.36656188964844, 340.7651672363281, 273.09695074988196
LOSS, 11576.06591796875, -33.000244140625, 65.45003509521484, 17.251961129610656, 671, 223.0, 355, 10, 187750.42037963867, 181.70281982421875, 338.0061340332031, 279.8068858116821
LOSS, 6308.340087890625, -17.283912658691406, 62.30560302734375, 23.715564240190318, 266, 223.0, 382, 4, 69207.00038146973, 183.16734313964844, 341.9871520996094, 260.17669316342
LOSS, 12237.77197265625, -16.48967742919922, 64.7270736694336, 22.78914706267458, 537, 207.0, 364, 11, 157877.10774230957, 183.55308532714844, 340.92230224609375, 293.9983384400551
LOSS, 4853.655090332031, -16.292247772216797, 65.73941802978516, 16.794654291806335, 289, 175.0, 380, 5, 75868.66004943848, 179.97952270507812, 347.5204162597656, 262.52131504996015
LOSS, 11982.494140625, -19.803565979003906, 70.8208236694336, 24.50407799718814, 489, 223.0, 367, 10, 127538.20079040527, 177.5167694091797, 346.5547180175781, 260.81431654479604
LOSS, 5316.5538330078125, -16.366127014160156, 59.74822998046875, 24.166153786399146, 220, 191.0, 385, 1, 53577.7389831543, 176.20516967773438, 345.8588562011719, 243.5351771961559
LOSS, 17451.59521484375, -17.27959442138672, 71.8932113647461, 29.085992024739582, 600, 207.0, 359, 14, 172370.39849853516, 183.2924041748047, 352.1505126953125, 287.2839974975586
WIN , 18902.0, -22.92822265625, 86.973876953125, 10.222823147647377, 1849, 191.0, 276, 25, 501317.33486938477, 176.47547912597656, 351.67510986328125, 271.1288993344428
LOSS, 7243.6254806518555, -16.59271240234375, 65.72835540771484, 24.554662646277475, 295, 175.49928283691406, 380, 6, 75464.00715637207, 177.72291564941406, 342.5751647949219, 255.8101937504138
LOSS, 4860.057556152344, -18.77500343322754, 69.8805923461914, 35.735717324649585, 136, 191.0, 390, 3, 38222.05186462402, 169.53692626953125, 343.2364501953125, 281.04449900458843
LOSS, 9928.092041015625, -16.48967742919922, 66.2791976928711, 24.820230102539064, 400, 170.447998046875, 373, 10, 110060.90118408203, 184.473388671875, 354.79278564453125, 275.1522529602051
LOSS, 19859.31689453125, -37.807373046875, 68.4068832397461, 13.195559398359634, 1505, 191.0, 299, 18, 392409.07220458984, 172.14382934570312, 363.22161865234375, 260.73692505288363
LOSS, 2686.8338928222656, -16.00006103515625, 56.913063049316406, 29.204716226328973, 92, 223.0, 393, 4, 25965.331329345703, 186.9689178466797, 342.72198486328125, 282.2318622754968
LOSS, 21372.841796875, -18.462913513183594, 70.05765533447266, 21.287691032744025, 1004, 175.0, 333, 17, 281636.55798339844, 178.47276306152344, 348.4728088378906, 280.5144999834646
LOSS, 16586.744384765625, -27.31678009033203, 70.05765533447266, 15.902918873217281, 1043, 175.0, 330, 17, 264962.5003814697, 174.8070831298828, 350.7229309082031, 254.03883066296234
LOSS, 14252.670654296875, -17.662269592285156, 65.0908432006836, 16.650316184926258, 856, 207.0, 342, 12, 245284.4623260498, 174.18197631835938, 348.8990478515625, 286.54726907248806
LOSS, 6056.8026123046875, -16.13641357421875, 62.74268341064453, 12.59210522308667, 481, 223.0, 367, 7, 136360.33416748047, 170.00140380859375, 348.7272033691406, 283.4934182276101
LOSS, 19970.55322265625, -27.71759033203125, 65.6688461303711, 16.518240878954714, 1209, 223.0, 319, 20, 337130.8121185303, 169.0946502685547, 353.6968688964844, 278.8509612229365
LOSS, 17288.702392578125, -21.34002685546875, 63.917457580566406, 17.358134932307355, 996, 175.0, 333, 14, 275799.25999450684, 181.837890625, 369.6622009277344, 276.90688754468556
LOSS, 10406.276489257812, -19.72052001953125, 67.7544174194336, 36.5132508395011, 285, 223.0, 380, 5, 81907.78974914551, 173.54461669921875, 362.84625244140625, 287.3957535057737
LOSS, 13113.996826171875, -19.361923217773438, 70.9465560913086, 20.42678633360105, 642, 223.0, 357, 14, 183282.0774230957, 178.3311309814453, 358.68548583984375, 285.48610190513347
LOSS, 4457.0, -17.633834838867188, 59.82536315917969, 11.637075718015666, 383, 191.0, 374, 4, 100089.64430236816, 180.60980224609375, 368.9263610839844, 261.3306639748516
LOSS, 14192.658935546875, -36.03240966796875, 62.19970703125, 17.245029083289033, 823, 223.0, 345, 12, 237666.90112304688, 177.7771453857422, 369.2667541503906, 288.7811678287325
LOSS, 15058.794921875, -18.20404815673828, 67.1187515258789, 14.59185554445252, 1032, 207.0, 331, 15, 287140.54876708984, 183.71395874023438, 371.7965393066406, 278.23696585958317
LOSS, 12226.494384765625, -15.141426086425781, 65.89652252197266, 29.390611501840446, 416, 223.0, 372, 8, 114917.74967956543, 178.3424072265625, 364.38311767578125, 276.2445905758784
LOSS, -18780.577919006348, -26.092529296875, 56.48374938964844, -3.1306180895159774, 5999, 226.1558380126953, 0, 4, 1202137.3931121826, 161.2026824951172, 356.4018249511719, 200.38963045710662
LOSS, 2341.0, -16.48968505859375, 52.40912628173828, 11.309178743961352, 207, 223.0, 386, 1, 51892.291244506836, 181.1329803466797, 380.0417785644531, 250.68739731645815
LOSS, 7481.6817626953125, -18.880462646484375, 63.993751525878906, 24.212562338819783, 309, 223.0, 379, 5, 88149.77252197266, 178.37957763671875, 383.8675842285156, 285.2743447313031
LOSS, 21146.796630859375, -21.880340576171875, 83.40864562988281, 24.33463363735256, 869, 207.0, 342, 13, 236372.07553100586, 181.7222442626953, 391.4039306640625, 272.00468990909764
LOSS, 19742.300003051758, -26.54388427734375, 67.4300308227539, 23.198942424267635, 851, 180.39999389648438, 343, 9, 218283.6369934082, 176.99636840820312, 396.9079284667969, 256.5025111555913
LOSS, 15431.673828125, -24.539657592773438, 71.4207992553711, 20.713656145134227, 745, 223.0, 350, 9, 205624.3736114502, 187.93817138671875, 387.0166015625, 276.00587061939626
LOSS, 13951.0, -39.230308532714844, 68.8817367553711, 12.152439024390244, 1148, 223.0, 323, 16, 284652.5427093506, 175.83876037597656, 403.5389404296875, 247.95517657608937
LOSS, 12891.88134765625, -33.000244140625, 66.4635238647461, 20.463303726438493, 630, 223.0, 357, 8, 174229.01637268066, 185.95233154296875, 407.6451721191406, 276.55399424235026
LOSS, 13562.66015625, -33.000244140625, 62.74272155761719, 18.402523956919946, 737, 223.0, 350, 11, 200492.70184326172, 187.09817504882812, 400.6394348144531, 272.0389441563931
LOSS, 18324.00048828125, -34.031982421875, 70.3484115600586, 19.809730257601352, 925, 223.0, 338, 21, 249438.30389404297, 174.21514892578125, 395.3015441894531, 269.6630312368032
LOSS, 5371.7119140625, -13.366249084472656, 67.05770111083984, 23.768636787887168, 226, 191.0, 384, 6, 64742.5432434082, 178.20115661621094, 383.798095703125, 286.4714302805673
LOSS, 5642.5205078125, -17.662269592285156, 64.3929214477539, 16.69384765625, 338, 207.0, 377, 1, 94782.4859008789, 184.0909423828125, 396.0257263183594, 280.42155591976007
LOSS, 6316.6177978515625, -18.46306610107422, 62.155357360839844, 22.320204232691033, 283, 207.0, 381, 4, 81323.16793823242, 192.37747192382812, 394.9779052734375, 287.36101744958455
LOSS, 12531.77197265625, -17.66706085205078, 68.2466812133789, 22.458372710853496, 558, 159.0, 362, 8, 166580.2969970703, 187.76979064941406, 398.6125183105469, 298.530998202635
LOSS, 13019.77685546875, -17.68791961669922, 69.1856918334961, 33.556125916156574, 388, 223.0, 374, 8, 114820.76382446289, 179.77064514160156, 396.2904357910156, 295.9298036712961
LOSS, 13473.48291015625, -21.14148712158203, 70.0292739868164, 22.270219686208677, 605, 223.0, 359, 11, 159019.15913391113, 172.74217224121094, 398.714111328125, 262.84158534530764
LOSS, 8261.599998474121, -15.463035583496094, 70.0240249633789, 18.27787610281885, 452, 201.8000030517578, 369, 8, 113031.96371459961, 172.50411987304688, 379.0511779785156, 250.0707161827425
LOSS, 9668.730102539062, -18.20404815673828, 64.1009521484375, 29.03522553315034, 333, 223.0, 377, 5, 101943.73138427734, 171.36460876464844, 409.5126647949219, 306.13733148431635
LOSS, 6418.3614501953125, -14.662391662597656, 60.234527587890625, 24.129178384192905, 266, 223.0, 382, 7, 76815.79475402832, 172.70339965820312, 394.025390625, 288.78118328582076
LOSS, 13587.0751953125, -34.239501953125, 69.9376449584961, 15.581508251505161, 872, 175.0, 341, 11, 224561.50634765625, 166.1110382080078, 390.1089782714844, 257.52466324272507
LOSS, 4559.225646972656, -16.00006103515625, 60.63446044921875, 17.740177614679595, 257, 191.0, 382, 1, 68989.29379272461, 169.32717895507812, 394.5370178222656, 268.44083187830586
LOSS, 13403.88916015625, -17.633697509765625, 70.4308090209961, 22.912631043002136, 585, 175.0, 360, 7, 158386.7692565918, 171.11111450195312, 394.1737365722656, 270.74661411383215
LOSS, 521.0, -18.204200744628906, 62.415618896484375, 3.802919708029197, 137, 223.0, 390, 2, 29595.742584228516, 178.0088653564453, 374.8490905761719, 216.02731813305485
LOSS, 7178.2847900390625, -18.905136108398438, 68.4807357788086, 22.57322261018573, 318, 186.447998046875, 378, 8, 82966.40362548828, 170.47499084472656, 392.8589172363281, 260.90064033172416
LOSS, 5091.515434265137, -13.92816162109375, 59.67406463623047, 38.28207093432434, 133, 178.21607971191406, 391, 3, 39962.65612792969, 185.55165100097656, 393.30853271484375, 300.47109870623825
LOSS, 7037.0, -16.00006103515625, 69.4991226196289, 28.489878542510123, 247, 191.0, 383, 4, 75212.02850341797, 188.9385986328125, 395.0889892578125, 304.50213968995126
LOSS, 12765.000244140625, -43.07373046875, 61.36222839355469, 11.68956066313244, 1092, 223.0, 327, 10, 279743.28436279297, 172.43670654296875, 401.65362548828125, 256.1751688303965
LOSS, 9667.057739257812, -14.669921875, 69.89766693115234, 27.154656570948912, 356, 223.0, 376, 10, 99611.65791320801, 183.1056671142578, 386.4457702636719, 279.8080278460899
LOSS, 18248.979347229004, -25.624168395996094, 69.7514877319336, 18.50809264424848, 986, 209.6999969482422, 334, 23, 263109.88972473145, 174.00222778320312, 403.79193115234375, 266.8457299439467
LOSS, 16965.246826171875, -33.000244140625, 62.627784729003906, 21.366809604750472, 794, 223.0, 347, 20, 214207.23532104492, 170.08087158203125, 400.26788330078125, 269.7824122431296
WIN , 24281.40355682373, -21.3397216796875, 68.8497085571289, 20.842406486543975, 1165, 192.19288635253906, 322, 16, 348055.9633178711, 169.07566833496094, 417.37249755859375, 298.7604835346533
LOSS, 4141.85205078125, 0, 61.6925048828125, 45.02013098675272, 92, 223.0, 393, 1, 28910.272994995117, 200.29498291015625, 422.5711669921875, 314.2420977716861
LOSS, 14529.20654296875, -34.0, 67.27713775634766, 21.461161806453102, 677, 175.0, 354, 8, 202647.31922912598, 179.4095916748047, 428.2066650390625, 299.331343026774
LOSS, 13488.6982421875, -18.756797790527344, 64.67229461669922, 22.00440170014274, 613, 159.0, 359, 12, 178825.30583190918, 193.4266357421875, 422.56915283203125, 291.72154295580617
LOSS, 10958.741943359375, -23.87298583984375, 67.3448715209961, 32.32667239929019, 339, 191.0, 377, 5, 98292.94749450684, 180.41653442382812, 409.28692626953125, 289.94969762391395
LOSS, 6471.0, -21.34002685546875, 69.5818862915039, 16.423857868020306, 394, 223.0, 373, 6, 105486.60443115234, 173.87423706054688, 393.3579406738281, 267.73249855622424
LOSS, 14667.841796875, -26.092529296875, 69.4475326538086, 20.864639824857754, 703, 175.0, 353, 9, 197585.03532409668, 183.53045654296875, 429.4302062988281, 281.059794202129
LOSS, 8559.83544921875, -29.54010009765625, 65.98746490478516, 11.598693020621612, 738, 223.0, 350, 8, 212303.85273742676, 176.21644592285156, 411.4093933105469, 287.6745972051853
LOSS, 11841.022094726562, -22.53753662109375, 62.15187072753906, 27.283461047757058, 434, 207.0, 371, 9, 127144.43882751465, 178.09632873535156, 401.43206787109375, 292.95953646892775
LOSS, 12853.817626953125, -40.00006103515625, 66.0384292602539, 24.070819526129448, 534, 191.0, 364, 10, 148830.798538208, 182.03309631347656, 391.0961608886719, 278.709360558442
LOSS, 16974.00048828125, -33.000244140625, 71.5428695678711, 31.31734407431965, 542, 223.0, 363, 13, 164477.8405609131, 190.71524047851562, 412.43499755859375, 303.46465048138947
