WIN , 33186.0, -36.938812255859375, 71.72607421875, 8.171878847574488, 4061, 223.0, 129, 27, 14172.89601612091, 8.276871681213379, 40.54256820678711, 3.4900014814382936
LOSS, 9661.321655273438, -38.0, 51.709442138671875, 19.439278984453598, 497, 223.0, 366, 8, 6294.924362182617, 30.450265884399414, 44.621585845947266, 12.665843787087761
LOSS, 23018.930908203125, -37.0, 54.97687530517578, 18.992517250992677, 1212, 223.0, 319, 21, 19514.832035064697, 25.947431564331055, 48.330711364746094, 16.101346563584734
LOSS, 20343.263427734375, -24.496665954589844, 56.04741668701172, 20.082194894110934, 1013, 191.0, 332, 14, 18639.415718078613, 32.33745574951172, 50.3239631652832, 18.400212949732097
LOSS, 23730.8427734375, -26.092529296875, 57.372047424316406, 23.197304763868523, 1023, 191.0, 331, 20, 23179.82456588745, 32.656959533691406, 51.99142074584961, 22.658675039968184
WIN , 28896.65000152588, -28.116981506347656, 78.4639663696289, 17.439136995489367, 1657, 161.6999969482422, 289, 23, 62828.33195877075, 32.67204284667969, 78.14960479736328, 37.916917295576795
WIN , 27466.0, -23.802879333496094, 62.257080078125, 26.79609756097561, 1025, 223.0, 331, 31, 45508.86773300171, 57.75741958618164, 78.05624389648438, 44.39889534926996
LOSS, 17656.3271484375, -27.4552001953125, 56.401283264160156, 22.15348450243099, 797, 223.0, 346, 13, 36070.719371795654, 45.52559280395508, 80.6514892578125, 45.25811715407234
LOSS, 17554.300003051758, -21.940025329589844, 60.56884765625, 23.88340136469627, 735, 196.39999389648438, 350, 19, 37029.177993774414, 52.91753387451172, 78.00736236572266, 50.37983400513526
LOSS, 10682.140380859375, -16.48967742919922, 58.304054260253906, 31.23432859900402, 342, 191.0, 377, 6, 21109.02569580078, 67.51971435546875, 95.49835205078125, 61.72229735614263
LOSS, 19601.0, -19.710289001464844, 61.83586120605469, 29.21162444113264, 671, 223.0, 355, 11, 40782.15265464783, 23.12977409362793, 96.22616577148438, 60.778170871308234
LOSS, 15716.8203125, -16.881492614746094, 66.5047378540039, 34.84882552660754, 451, 223.0, 369, 11, 30937.679374694824, 70.45014953613281, 99.47130584716797, 68.59795870220582
LOSS, 17809.759521484375, -21.34002685546875, 64.1438980102539, 30.186033087261652, 590, 175.0, 360, 14, 39693.50885772705, 71.591796875, 96.23511505126953, 67.2771336571645
LOSS, 6381.0, -18.249557495117188, 64.0407485961914, 27.623376623376622, 231, 223.0, 384, 4, 15429.294296264648, 55.00189208984375, 95.86864471435547, 66.79348180201147
LOSS, 15109.0, -18.721778869628906, 63.968406677246094, 25.65195246179966, 589, 207.0, 360, 13, 42731.68648529053, 69.15442657470703, 100.65238189697266, 72.5495526066053
LOSS, 23864.603759765625, -20.213409423828125, 63.35944366455078, 25.743909125960762, 927, 191.0, 338, 18, 67569.67685699463, 45.360286712646484, 101.3121566772461, 72.89069779611071
LOSS, 10250.772705078125, -16.569091796875, 70.92290496826172, 35.59296078152127, 288, 185.0, 380, 4, 23405.28106689453, 67.50116729736328, 124.5222396850586, 81.26833703782823
LOSS, 16515.556396484375, -31.2774658203125, 64.4200668334961, 23.559994859464158, 701, 207.0, 353, 7, 67329.97148132324, 75.65753173828125, 127.8894271850586, 96.04846145695184
LOSS, 14059.06396484375, -29.70458984375, 62.647605895996094, 21.729619729279367, 647, 223.0, 356, 12, 60164.507499694824, 88.02959442138672, 128.0121612548828, 92.9899652236396
LOSS, 11255.315307617188, -32.52410888671875, 63.3740234375, 22.28775308439047, 505, 207.0, 366, 9, 48654.325119018555, 92.46707153320312, 126.39469146728516, 96.34519825548229
LOSS, 16707.614501953125, -18.745513916015625, 68.8088150024414, 32.25408205010256, 518, 207.0, 365, 17, 52059.206073760986, 51.796695709228516, 127.52308654785156, 100.50039782579341
LOSS, 21419.155029296875, -17.474029541015625, 68.18868255615234, 28.25746046081382, 758, 207.0, 349, 16, 75159.06681060791, 90.90973663330078, 127.40570831298828, 99.15444170264895
LOSS, 9491.0, -16.00006103515625, 66.3747329711914, 28.76060606060606, 330, 223.0, 377, 6, 34046.44925689697, 98.1463851928711, 124.77997589111328, 103.17105835423325
LOSS, 1889.599998474121, 0, 52.78655242919922, 39.366666634877525, 48, 185.8000030517578, 396, 3, 4831.626846313477, 46.97090148925781, 123.4298095703125, 100.65889263153076
LOSS, 6819.2938232421875, -16.00006103515625, 63.15887451171875, 29.778575647345797, 229, 175.0, 384, 5, 24775.53327178955, 101.34869384765625, 126.7809829711914, 108.19010162353516
LOSS, 16624.00048828125, -22.568008422851562, 62.523704528808594, 28.51458059739494, 583, 223.0, 361, 13, 66889.37126922607, 91.94947814941406, 152.4669189453125, 114.73305535030201
LOSS, 2921.9524536132812, -31.277618408203125, 60.76820373535156, 19.097728454988765, 153, 223.0, 389, 1, 17921.445693969727, 88.3845443725586, 149.3115692138672, 117.13363198673024
LOSS, 21874.300003051758, -18.71502685546875, 65.7597885131836, 19.13762030013277, 1143, 196.39999389648438, 323, 28, 139770.4715423584, 88.97007751464844, 152.47171020507812, 122.28387711492424
LOSS, 14552.451416015625, -16.48968505859375, 63.493263244628906, 25.441348629397947, 572, 223.0, 361, 11, 69657.67232513428, 104.99322509765625, 153.1308135986328, 121.77914742156342
LOSS, 8729.0, -15.880584716796875, 67.23287200927734, 33.96498054474708, 257, 207.0, 382, 6, 33682.91248321533, 116.70098114013672, 155.1001739501953, 131.06191627710245
LOSS, 9791.144653320312, -20.284095764160156, 70.8012924194336, 25.76617014031661, 380, 223.0, 374, 7, 46886.634201049805, 79.44912719726562, 154.800537109375, 123.38587947644686
LOSS, 14990.586181640625, -19.002845764160156, 66.4903793334961, 29.107934333282767, 515, 223.0, 365, 10, 65424.91892242432, 106.48949432373047, 150.1528778076172, 127.03867751927052
LOSS, 12531.730857849121, -15.721900939941406, 66.96675872802734, 24.38079933433681, 514, 169.8000030517578, 365, 10, 64772.569580078125, 98.54747009277344, 151.3350830078125, 126.01667233478234
LOSS, 10329.9150390625, -18.669967651367188, 68.1749496459961, 18.612459529842344, 555, 191.0, 362, 7, 80387.0072631836, 88.33038330078125, 175.60281372070312, 144.84145452825874
LOSS, 11809.228759765625, -19.27508544921875, 63.692527770996094, 20.79089570381272, 568, 223.0, 362, 8, 84380.02905273438, 120.88043975830078, 174.98680114746094, 148.55638917734925
LOSS, 2271.0, -16.00006103515625, 59.69348907470703, 16.22142857142857, 140, 223.0, 390, 1, 20236.255950927734, 129.5711669921875, 170.05413818359375, 144.54468536376953
LOSS, 13234.00048828125, -16.48967742919922, 71.7821273803711, 20.549690199194487, 644, 223.0, 357, 11, 93499.6787109375, 128.6683807373047, 174.0225830078125, 145.18583650766692
LOSS, 2306.5294189453125, -15.999984741210938, 61.2164306640625, 18.905978843814037, 122, 191.0, 391, 2, 16597.701789855957, 125.39781188964844, 171.34063720703125, 136.04673598242587
LOSS, 18155.325973510742, -18.055908203125, 69.3175277709961, 31.629487758729518, 574, 167.60000610351562, 361, 12, 84221.62153625488, 113.93879699707031, 174.82211303710938, 146.72756365201198
LOSS, 10695.96533203125, -21.04669189453125, 69.2503890991211, 34.840277954499186, 307, 207.0, 379, 4, 46356.07276916504, 127.48545837402344, 179.66940307617188, 150.99697970412066
LOSS, 16267.421630859375, -16.48968505859375, 65.6371078491211, 18.98182220637033, 857, 207.0, 342, 13, 134411.44300842285, 124.14149475097656, 173.30348205566406, 156.83949009150857
LOSS, 10050.4794921875, -17.91303253173828, 71.22212982177734, 35.389012296434856, 284, 207.0, 381, 5, 41842.76953125, 119.84808349609375, 177.37591552734375, 147.33369553257043
LOSS, 5632.2490234375, -21.550445556640625, 69.5097885131836, 11.93273098185911, 472, 186.447998046875, 368, 7, 80234.19324493408, 120.14127349853516, 192.43331909179688, 169.98769755282643
LOSS, 1206.0148239135742, -13.000030517578125, 59.82658386230469, 10.672697556757294, 113, 179.9164581298828, 392, 1, 17828.60259246826, 108.92060089111328, 190.57986450195312, 157.77524418113506
LOSS, 15252.519287109375, -15.999755859375, 71.6124496459961, 26.71194270947351, 571, 207.0, 361, 8, 98251.6167755127, 156.35887145996094, 196.4416961669922, 172.06938139319212
LOSS, 12141.0, -16.74280548095703, 67.0628890991211, 16.980419580419582, 715, 223.0, 352, 12, 122411.35192871094, 146.93618774414062, 195.65713500976562, 171.20468801218314
LOSS, 7989.886474609375, -16.00006103515625, 68.7090072631836, 32.479213311420224, 246, 175.0, 383, 4, 41785.28944396973, 147.50839233398438, 198.7623291015625, 169.85890017873874
LOSS, 10156.99609375, -16.00006103515625, 64.18212890625, 20.81351658555328, 488, 223.0, 367, 7, 85106.35789489746, 142.23468017578125, 192.09735107421875, 174.39827437478988
LOSS, 11337.22802734375, -16.48968505859375, 71.8663558959961, 20.31761295222894, 558, 223.0, 362, 12, 97321.10705566406, 151.6622772216797, 193.54019165039062, 174.41058612126176
LOSS, 10757.577880859375, -17.81171417236328, 71.0185775756836, 13.103018125285475, 821, 207.0, 345, 11, 145600.61030578613, 158.6771697998047, 196.39361572265625, 177.34544495223645
LOSS, 7083.681373596191, -17.348052978515625, 71.6148910522461, 14.515740519664327, 488, 145.6999969482422, 367, 4, 90483.25231933594, 127.22663879394531, 203.51791381835938, 185.41650065437693
LOSS, 9643.069946289062, -16.00006103515625, 71.2218246459961, 24.351186733053186, 396, 191.0, 373, 4, 72813.15902709961, 154.74102783203125, 201.40817260742188, 183.871613704797
LOSS, 13139.477783203125, -16.185134887695312, 68.4807357788086, 18.27465616579016, 719, 223.0, 352, 12, 132132.1399078369, 157.78492736816406, 203.80572509765625, 183.77210001089975
LOSS, 3405.1201171875, -15.999984741210938, 60.62103271484375, 10.044602115597344, 339, 191.0, 377, 2, 62859.742126464844, 150.59921264648438, 201.1493377685547, 185.42696792467507
LOSS, 9121.283203125, -16.757362365722656, 70.05765533447266, 9.232068019357287, 988, 223.0, 334, 9, 184117.53059387207, 164.76385498046875, 203.63450622558594, 186.35377590472882
LOSS, 5907.0, -16.00006103515625, 69.8076400756836, 28.39903846153846, 208, 191.0, 386, 4, 37471.26222229004, 164.59539794921875, 202.44007873535156, 180.15029914562518
LOSS, 10784.299072265625, -16.084640502929688, 63.07373046875, 17.592657540400694, 613, 207.0, 359, 4, 112807.37258911133, 156.8252410888672, 204.42967224121094, 184.02507763313432
LOSS, 4504.795837402344, -15.999984741210938, 59.169921875, 20.569844006403397, 219, 175.0, 385, 3, 39911.678619384766, 156.47454833984375, 202.46173095703125, 182.245107851072
LOSS, 10406.68017578125, -15.999755859375, 70.3734359741211, 29.818567838914756, 349, 188.5, 376, 7, 66997.15234375, 154.9897918701172, 212.52902221679688, 191.96891789040114
LOSS, 3371.0, -17.966873168945312, 67.15933990478516, 11.088815789473685, 304, 223.0, 379, 2, 53712.65132141113, 164.90956115722656, 211.31924438476562, 176.68635303095766
LOSS, 6236.5775146484375, -21.34002685546875, 70.0621566772461, 17.71754975752397, 352, 207.0, 376, 3, 67879.0269165039, 170.70516967773438, 216.81594848632812, 192.83814464915883
LOSS, 1783.1511840820312, -25.20965576171875, 69.6370620727539, 4.089796293766127, 436, 223.0, 370, 5, 81962.48748779297, 168.87460327148438, 214.39622497558594, 187.98735662337836
LOSS, 7675.08203125, -15.870216369628906, 71.22212982177734, 19.529470817430024, 393, 223.0, 373, 6, 76355.97073364258, 166.1824493408203, 213.93064880371094, 194.29000186677501
LOSS, 7341.771484375, -13.544570922851562, 71.68645477294922, 45.31957706404321, 162, 223.0, 389, 5, 31841.771209716797, 171.21697998046875, 213.31021118164062, 196.55414326985678
LOSS, 14417.75244140625, -16.00006103515625, 71.5355453491211, 22.284006864615534, 647, 207.0, 356, 6, 126183.70329284668, 173.3489532470703, 217.07562255859375, 195.02890771691912
LOSS, 6731.0, -16.00006103515625, 69.62789154052734, 22.739864864864863, 296, 223.0, 380, 7, 56440.800048828125, 160.37501525878906, 215.1173095703125, 190.67837854333825
LOSS, 6896.0455322265625, -15.999984741210938, 70.19612884521484, 25.44666248054082, 271, 175.0, 381, 7, 52601.29180908203, 182.41424560546875, 213.3544464111328, 194.10070778259052
LOSS, 11009.364868164062, -15.980766296386719, 71.85750579833984, 32.668738481199, 337, 223.0, 377, 8, 66433.67581176758, 166.04299926757812, 215.79441833496094, 197.1325691743845
LOSS, 10689.0, -17.318283081054688, 62.77130126953125, 18.02529510961214, 593, 207.0, 360, 7, 116812.93728637695, 166.08998107910156, 228.31919860839844, 196.98640351834226
LOSS, 9873.81640625, -16.48968505859375, 71.4989242553711, 20.743311777836134, 476, 191.0, 368, 8, 99135.68907165527, 203.4454803466797, 231.47190856933594, 208.26825435221696
LOSS, 9961.864868164062, -13.9599609375, 66.9554672241211, 26.923959103146114, 370, 223.0, 375, 9, 78339.34838867188, 186.36636352539062, 229.7196502685547, 211.7279686180321
LOSS, 5388.553260803223, -18.0462646484375, 69.31417083740234, 26.54459734385824, 203, 202.3160858154297, 386, 5, 42162.2624206543, 181.4405059814453, 232.55520629882812, 207.69587399337092
LOSS, 4411.0, -16.00006103515625, 69.50971221923828, 9.979638009049774, 442, 223.0, 370, 5, 93223.35795593262, 178.83502197265625, 232.67559814453125, 210.91257456093354
LOSS, 14886.3115234375, -31.2774658203125, 68.20027923583984, 27.7212505091946, 537, 191.0, 364, 12, 113724.23837280273, 200.70587158203125, 230.75906372070312, 211.77698021006097
LOSS, 13120.588623046875, -33.000244140625, 70.2873764038086, 27.797857252217955, 472, 223.0, 368, 11, 99103.33432006836, 202.64366149902344, 229.67857360839844, 209.96469135607703
LOSS, 6045.3145751953125, -15.141426086425781, 67.92867279052734, 21.590409197126117, 280, 223.0, 381, 3, 59046.76461791992, 185.6620635986328, 230.01486206054688, 210.88130220685687
LOSS, 11313.0673828125, -31.937255859375, 63.842063903808594, 10.533582293121508, 1074, 207.0, 328, 11, 223666.3466644287, 171.77040100097656, 230.1557159423828, 208.25544382162823
LOSS, 3580.834701538086, -22.04345703125, 61.79283142089844, 8.212923627380931, 436, 112.71292114257812, 370, 4, 96685.61514282227, 168.23721313476562, 244.0631103515625, 221.75599803399604
LOSS, 10445.329833984375, -18.462913513183594, 70.62154388427734, 9.947933175223215, 1050, 223.0, 329, 17, 231803.71488952637, 186.81825256347656, 246.3970489501953, 220.76544275192987
LOSS, -3338.726806640625, -53.87420654296875, 71.0259017944336, -1.1026178357465737, 3028, 175.0, 198, 10, 647189.6463012695, 178.98590087890625, 252.06210327148438, 213.73502189605995
LOSS, 7989.4945068359375, -16.00006103515625, 63.958740234375, 24.735277110947173, 323, 191.0, 378, 3, 73870.65467834473, 193.3610382080078, 249.75115966796875, 228.7017172704171
LOSS, 2681.0, -17.357872009277344, 71.16170501708984, 9.150170648464163, 293, 223.0, 380, 2, 66546.89878845215, 202.1178741455078, 251.615966796875, 227.12252146229403
LOSS, 7297.6292724609375, -15.15362548828125, 70.97432708740234, 31.1864498823117, 234, 186.447998046875, 384, 4, 51677.51795959473, 209.30892944335938, 249.40663146972656, 220.8440938444219
LOSS, 7251.0, -13.058906555175781, 63.7823486328125, 43.160714285714285, 168, 223.0, 388, 3, 37969.78201293945, 201.1431884765625, 247.8217010498047, 226.0106072198777
LOSS, 3258.0725708007812, -13.000030517578125, 64.78667449951172, 30.736533686799824, 106, 207.0, 392, 2, 24391.243560791016, 226.0081787109375, 245.87490844726562, 230.10607132821713
LOSS, 14741.0, -16.00006103515625, 70.8354721069336, 22.034379671150973, 669, 223.0, 355, 14, 151311.9308013916, 204.17440795898438, 252.42041015625, 226.1762792248006
LOSS, 4910.701614379883, -13.000030517578125, 65.56754302978516, 29.405398888502294, 167, 169.28097534179688, 388, 2, 38635.80838012695, 203.61395263671875, 250.4196319580078, 231.35214598878414
LOSS, 11239.0, -15.999755859375, 69.75965118408203, 23.125514403292183, 486, 207.0, 367, 10, 113307.52352905273, 201.0072479248047, 253.2222137451172, 233.1430525289151
LOSS, 11459.0, -18.094337463378906, 70.09664154052734, 24.380851063829788, 470, 207.0, 368, 11, 106925.10568237305, 206.56288146972656, 250.08563232421875, 227.50022485611288
LOSS, 10195.0, -17.632308959960938, 71.7394027709961, 12.05082742316785, 846, 175.0, 343, 10, 199455.63221740723, 232.55734252929688, 262.3025817871094, 235.76315864941753
LOSS, 8556.045288085938, -16.00006103515625, 69.9791488647461, 21.551751355380194, 397, 207.0, 373, 6, 94999.92375183105, 198.12982177734375, 263.9588928222656, 239.29451826657697
LOSS, 20614.702392578125, -36.624755859375, 71.22212982177734, 17.941429410424824, 1149, 223.0, 323, 12, 276776.36265563965, 214.65269470214844, 263.84747314453125, 240.88456279864198
WIN , 20910.0, -18.14191436767578, 70.9752426147461, 18.619768477292965, 1123, 175.0, 325, 16, 271125.56468200684, 205.23362731933594, 265.7872314453125, 241.4297103134522
LOSS, 11420.649658203125, -16.121994018554688, 71.47054290771484, 26.62156097483246, 429, 223.0, 371, 8, 105593.52983093262, 198.1404571533203, 261.3665771484375, 246.1387641746681
LOSS, 6941.0, -16.123519897460938, 70.05765533447266, 14.612631578947369, 475, 223.0, 368, 6, 114971.85311889648, 236.0901641845703, 262.1416931152344, 242.04600656609787
LOSS, 2187.650001525879, -16.00006103515625, 58.58650207519531, 12.221508388412731, 179, 209.6999969482422, 388, 1, 42328.02653503418, 206.9486083984375, 264.4887390136719, 236.46942198343118
LOSS, 11909.0, -16.00006103515625, 71.0802230834961, 22.343339587242028, 533, 207.0, 364, 10, 132729.5214691162, 207.99937438964844, 274.124755859375, 249.02349243736626
LOSS, 6655.8126220703125, -16.00006103515625, 69.0984115600586, 27.503357942439308, 242, 223.0, 383, 5, 59241.8151550293, 215.4619903564453, 273.2088623046875, 244.80088907036898
LOSS, 5871.0, -13.9300537109375, 64.51385498046875, 30.262886597938145, 194, 223.0, 387, 1, 48019.95790100098, 216.06727600097656, 269.6564636230469, 247.5255561907267
LOSS, 5299.900390625, -16.00006103515625, 62.742835998535156, 27.603647867838543, 192, 191.0, 387, 1, 48290.22120666504, 214.50033569335938, 271.3453674316406, 251.51156878471375
LOSS, 10617.225341796875, -16.48968505859375, 69.7441635131836, 15.799442472912016, 672, 175.0, 355, 6, 165628.34523010254, 214.11981201171875, 270.8751525878906, 246.47075183050973
LOSS, 5091.0, -14.284034729003906, 71.22212982177734, 22.52654867256637, 226, 223.0, 384, 3, 57185.54440307617, 211.0330047607422, 269.9708557128906, 253.03338231449632
LOSS, 6996.5462646484375, -33.9251708984375, 69.67198944091797, 18.315566137823136, 382, 223.0, 374, 5, 94230.43154907227, 219.6637420654297, 270.6189270019531, 246.67652237977032
LOSS, 1872.4672775268555, -10.0, 58.12164306640625, 36.00898610628568, 52, 185.8000030517578, 396, 3, 11929.280807495117, 216.0068817138672, 262.299072265625, 229.40924629798303
LOSS, 5648.701171875, -16.00006103515625, 63.1402587890625, 15.778494893505586, 358, 175.0, 376, 4, 88871.4095916748, 250.62969970703125, 267.4132995605469, 248.2441608706
WIN , 22800.0, -17.984939575195312, 71.7265853881836, 22.093023255813954, 1032, 175.0, 331, 18, 256766.67868041992, 217.61904907226562, 270.1835021972656, 248.80492120195728
LOSS, 11918.9150390625, -19.27508544921875, 70.6255111694336, 22.78951250298757, 523, 150.5, 365, 11, 131913.56329345703, 217.45423889160156, 275.8634948730469, 252.22478641196372
LOSS, 8580.252563476562, -17.09223175048828, 71.77953338623047, 27.589236538509848, 311, 191.0, 379, 6, 78909.63931274414, 217.22276306152344, 275.2936706542969, 253.7287437708815
LOSS, 5408.825134277344, -16.27520751953125, 70.05765533447266, 29.395788773246434, 184, 207.0, 387, 4, 46574.26141357422, 235.2794647216797, 275.037353515625, 253.12098594333816
LOSS, 9464.3388671875, -16.00006103515625, 71.8926010131836, 34.66790793841575, 273, 191.0, 381, 7, 68352.2389831543, 257.77569580078125, 272.6685791015625, 250.37450176979596
LOSS, 6153.9632568359375, -16.123519897460938, 64.62239837646484, 16.722726241402004, 368, 223.0, 375, 3, 92558.21382141113, 215.2808074951172, 271.8545227050781, 251.5168853842694
LOSS, 6969.0, -16.00006103515625, 70.49886322021484, 21.710280373831775, 321, 207.0, 378, 4, 83202.50091552734, 222.71348571777344, 276.0062561035156, 259.19782216675185
LOSS, 12594.740234375, -16.00006103515625, 69.1441879272461, 18.306308480196222, 688, 223.0, 354, 14, 174428.02253723145, 221.8866729736328, 274.3004455566406, 253.52910252504572
LOSS, 3415.6328735351562, -15.947296142578125, 67.52019500732422, 12.465813407062614, 274, 223.0, 381, 1, 68513.19808959961, 221.04318237304688, 274.5682678222656, 250.04816821021754
LOSS, 9803.049560546875, -16.00006103515625, 70.05765533447266, 14.697225727956335, 667, 223.0, 355, 9, 170473.16928100586, 258.1947021484375, 275.8598327636719, 255.58196294003878
LOSS, 4103.9998779296875, -16.126060485839844, 69.7997055053711, 18.91244183377736, 217, 223.0, 385, 2, 54094.364974975586, 215.3264617919922, 272.7239074707031, 249.2827879031133
LOSS, 7359.3199462890625, -37.4371337890625, 65.45003509521484, 19.115116743607956, 385, 191.0, 374, 4, 98905.78150939941, 221.75877380371094, 278.1902160644531, 256.8981337906478
LOSS, 2907.7716674804688, -16.00006103515625, 59.806671142578125, 11.447919950710506, 254, 207.0, 383, 3, 64490.4598236084, 226.9056854248047, 288.1759948730469, 253.8994481244425
LOSS, 9367.619285583496, -21.121994018554688, 71.4244613647461, 22.19814996583767, 422, 201.8000030517578, 371, 8, 110032.3083190918, 216.046875, 282.1182861328125, 260.7400671068526
LOSS, 3728.69677734375, -16.48968505859375, 61.21795654296875, 16.425976992703745, 227, 191.0, 384, 2, 58665.95762634277, 234.22439575195312, 279.00604248046875, 258.44034196626774
LOSS, 489.0, -13.720458984375, 62.079315185546875, 2.192825112107623, 223, 207.0, 385, 1, 58400.047927856445, 230.98728942871094, 278.41021728515625, 261.8836229948719
LOSS, 7568.239547729492, -15.870216369628906, 71.7332992553711, 38.41745963314463, 197, 177.10000610351562, 386, 6, 51179.08821105957, 232.70310974121094, 281.3659973144531, 259.79232594446484
LOSS, 3921.0, -16.15697479248047, 71.22212982177734, 10.028132992327366, 391, 223.0, 373, 2, 101933.91607666016, 236.35757446289062, 280.69671630859375, 260.7005526257293
LOSS, 3791.0, -15.999984741210938, 64.09191131591797, 20.60326086956522, 184, 223.0, 387, 2, 47190.0295715332, 239.20822143554688, 276.8411560058594, 256.4675520192022
LOSS, 18111.372314453125, -21.141178131103516, 71.1632308959961, 26.43995958314325, 685, 223.0, 354, 14, 176209.5733642578, 263.1062316894531, 295.0677185058594, 257.2402530865078
LOSS, 6271.0, -15.999984741210938, 62.817893981933594, 21.774305555555557, 288, 223.0, 380, 5, 74520.82109069824, 227.8326873779297, 282.77789306640625, 258.7528510093689
LOSS, 6047.2833251953125, -15.999984741210938, 68.00894927978516, 16.98675091346998, 356, 175.0, 376, 6, 93632.63882446289, 243.46641540527344, 292.4179992675781, 263.0130304057946
LOSS, 5837.0, -15.775001525878906, 64.90874481201172, 14.271393643031784, 409, 191.0, 372, 6, 107622.75593566895, 225.68299865722656, 288.19586181640625, 263.13632258109766
LOSS, 13670.376220703125, -19.447410583496094, 64.6227035522461, 16.101738775857626, 849, 223.0, 343, 14, 221139.04090881348, 219.45957946777344, 285.9492492675781, 260.4700128490147
LOSS, 5344.2783203125, -16.88550567626953, 68.40535736083984, 12.37101463035301, 432, 207.0, 371, 5, 113759.72036743164, 268.691162109375, 284.5776062011719, 263.3326860357214
LOSS, 6381.6396484375, -16.00006103515625, 65.8586654663086, 19.16408302834084, 333, 223.0, 377, 3, 87392.47566223145, 238.29611206054688, 285.0182800292969, 262.43986685354787
LOSS, 17922.221923828125, -16.23322296142578, 71.4623031616211, 23.397156558522358, 766, 223.0, 348, 14, 202844.11288452148, 236.0619354248047, 284.5084228515625, 264.8095468466338
WIN , 20780.0, -15.999755859375, 72.508544921875, 17.403685092127304, 1194, 175.0, 320, 29, 316584.4136047363, 244.81109619140625, 289.6224060058594, 265.14607504584285
LOSS, 11919.0, -16.00006103515625, 72.0024642944336, 15.641732283464567, 762, 207.0, 349, 11, 204432.99842834473, 223.0755157470703, 286.3685607910156, 268.28477484034744
LOSS, 4991.0, -16.548622131347656, 63.692832946777344, 10.664529914529915, 468, 223.0, 368, 6, 124770.8698425293, 268.3517150878906, 287.4991149902344, 266.6044227404472
LOSS, 2777.0, -17.633834838867188, 69.40206146240234, 4.545008183306056, 611, 191.0, 359, 5, 161326.67085266113, 235.6072235107422, 287.87677001953125, 264.0371045051737
LOSS, 10169.020385742188, -17.01622772216797, 66.1864242553711, 20.297445879724926, 501, 175.0, 366, 9, 131688.91806030273, 233.01571655273438, 298.4468688964844, 262.8521318568917
LOSS, 10253.74609375, -16.6083984375, 71.4183578491211, 20.798673618154158, 493, 207.0, 367, 6, 128740.52505493164, 235.40554809570312, 302.679443359375, 261.13696765706214
LOSS, 6861.0, -18.21710968017578, 66.1864242553711, 19.88695652173913, 345, 223.0, 376, 4, 91907.71203613281, 236.1258087158203, 289.36297607421875, 266.3991653221241
LOSS, 3271.0, -10.0, 63.01910400390625, 20.96794871794872, 156, 223.0, 389, 0, 40715.40798950195, 234.20115661621094, 281.5171203613281, 260.99620506091
LOSS, 15375.531494140625, -16.88550567626953, 71.4714584350586, 20.020223299662273, 768, 191.0, 348, 12, 203118.51487731934, 235.27980041503906, 292.36724853515625, 264.47723291317624
LOSS, 15531.0, -23.71856689453125, 69.5091781616211, 15.469123505976096, 1004, 223.0, 333, 16, 266933.7569732666, 238.95965576171875, 306.54833984375, 265.87027586978746
LOSS, 7016.284118652344, -16.00006103515625, 71.14888763427734, 29.48018537248884, 238, 184.9793701171875, 384, 5, 64349.79342651367, 239.71864318847656, 290.4522705078125, 270.3772833046793
LOSS, 1839.599998474121, -14.176841735839844, 59.82658386230469, 13.831578935895648, 133, 185.8000030517578, 391, 3, 34984.502182006836, 255.6498565673828, 292.93218994140625, 263.0413697895251
LOSS, 6527.3199462890625, -19.275390625, 66.42264556884766, 14.345758123712224, 455, 175.0, 369, 7, 122796.71179199219, 265.3468322753906, 290.7817687988281, 269.8828830593235
LOSS, 7645.3023681640625, -40.4193115234375, 68.81795501708984, 9.6653632972997, 791, 223.0, 347, 6, 214262.10995483398, 234.90492248535156, 293.5611572265625, 270.87498097956257
LOSS, 8108.490753173828, -16.00006103515625, 70.18697357177734, 36.03773668077257, 225, 134.96185302734375, 384, 9, 59065.9778137207, 227.68959045410156, 298.58148193359375, 262.5154569498698
LOSS, 11273.830810546875, -23.718719482421875, 64.76836395263672, 28.184577026367187, 400, 223.0, 373, 8, 105589.44692993164, 236.05227661132812, 298.18658447265625, 263.9736173248291
LOSS, 569.0, -10.0, 59.00115966796875, 2.979057591623037, 191, 207.0, 387, 1, 53073.8388671875, 237.45779418945312, 295.3144836425781, 277.87350192244764
LOSS, 12308.72412109375, -17.983718872070312, 68.9207992553711, 17.71039441883993, 695, 207.0, 353, 11, 187368.89263916016, 267.5170593261719, 300.5023498535156, 269.59552897720886
LOSS, 4253.668273925781, -17.379920959472656, 65.27579498291016, 10.906841728014824, 390, 207.0, 373, 1, 104054.72593688965, 248.35488891601562, 290.9442138671875, 266.80698958176833
LOSS, 14357.979591369629, -17.983718872070312, 68.1755599975586, 15.606499555836553, 920, 209.6999969482422, 338, 12, 252748.81674194336, 239.4276885986328, 296.9366455078125, 274.72697471950363
LOSS, 16961.0, -16.00006103515625, 71.2645492553711, 22.17124183006536, 765, 223.0, 348, 15, 212822.16818237305, 239.67208862304688, 301.7298278808594, 278.1989126566968
LOSS, 9762.62126159668, -16.00006103515625, 71.9542465209961, 24.65308399393101, 396, 177.10000610351562, 373, 7, 108857.20780944824, 244.23257446289062, 301.78515625, 274.89193891274806
LOSS, 13387.0, -16.48968505859375, 69.87401580810547, 17.20694087403599, 778, 191.0, 348, 11, 214203.06344604492, 278.0201416015625, 303.50048828125, 275.32527435224284
LOSS, 12307.914306640625, -17.81171417236328, 71.6295394897461, 16.47645824182145, 747, 191.0, 350, 10, 203698.25645446777, 247.7131805419922, 303.62188720703125, 272.688428988578
LOSS, 8180.7259521484375, -17.35771942138672, 66.5141830444336, 17.114489439641083, 478, 223.0, 368, 7, 129518.56594848633, 240.21238708496094, 305.8729553222656, 270.9593429884651
LOSS, 5128.311706542969, -13.664253234863281, 62.58941650390625, 24.65534474299504, 208, 223.0, 386, 3, 58138.60870361328, 245.87136840820312, 303.8880920410156, 279.5125418442946
LOSS, 16940.65766143799, -15.23211669921875, 71.8352279663086, 26.387317229654187, 642, 162.52500915527344, 357, 11, 177716.3838043213, 241.7178497314453, 312.65972900390625, 276.8167972029927
LOSS, 6891.1807861328125, -14.490257263183594, 64.5455093383789, 34.980613127577726, 197, 207.0, 386, 1, 53366.00830078125, 246.6482391357422, 303.137939453125, 270.89344315117387
LOSS, 10498.688842773438, -16.123519897460938, 65.4704818725586, 23.38238049615465, 449, 191.0, 370, 6, 124028.63516235352, 244.89443969726562, 309.8218688964844, 276.23304045067596
LOSS, 9711.509384155273, -37.0, 69.7978744506836, 20.10664468769208, 483, 217.24368286132812, 367, 8, 131995.0594177246, 245.9996337890625, 309.5724792480469, 273.2816965170282
LOSS, 5545.222412109375, -23.3397216796875, 90.9798355102539, 3.448521400565532, 1608, 223.0, 292, 15, 447236.8492126465, 248.461669921875, 313.3321838378906, 278.13236891333736
LOSS, 1809.599998474121, -14.176841735839844, 59.82658386230469, 32.314285687037874, 56, 185.8000030517578, 396, 2, 15486.412948608398, 243.667236328125, 304.8759765625, 276.5430883680071
LOSS, 7743.44482421875, -16.32451629638672, 60.873565673828125, 18.7039730053593, 414, 175.0, 372, 5, 113750.3324584961, 278.9381408691406, 317.2740783691406, 274.75925714612583
LOSS, 11581.0, -45.4351806640625, 70.6737289428711, 13.481955762514552, 859, 223.0, 342, 11, 235612.1529083252, 249.52354431152344, 314.7974853515625, 274.2865575184228
LOSS, 3491.1019287109375, -13.000030517578125, 58.94439697265625, 20.415800752695542, 171, 223.0, 388, 1, 46267.604248046875, 237.76824951171875, 310.9635314941406, 270.5707850762975
LOSS, 9241.0, -31.26953125, 63.692832946777344, 9.343781597573306, 989, 223.0, 334, 11, 272136.78018188477, 259.7945556640625, 329.8726806640625, 275.1635795570119
LOSS, 11589.0, -16.48968505859375, 69.2253646850586, 31.06970509383378, 373, 207.0, 375, 7, 106089.48948669434, 254.90480041503906, 322.7217712402344, 284.4222238249178
LOSS, 8184.7044677734375, -18.897872924804688, 66.2389144897461, 14.259067017026895, 574, 191.0, 361, 10, 158918.09219360352, 273.5745544433594, 319.18499755859375, 276.86078779373435
LOSS, 7770.848739624023, -18.448265075683594, 61.1959228515625, 24.283902311325072, 320, 211.39089965820312, 378, 3, 86066.37091064453, 222.09722900390625, 318.25164794921875, 268.95740909576415
LOSS, 4259.0, -16.92816162109375, 62.73651123046875, 17.894957983193276, 238, 207.0, 384, 3, 65872.47012329102, 260.3804931640625, 319.9750671386719, 276.7750845516429
LOSS, 10353.19276046753, -16.48967742919922, 70.1982650756836, 10.532240855002573, 983, 113.3239517211914, 334, 8, 270914.20513916016, 259.21160888671875, 321.7754211425781, 275.599394851638
LOSS, 22562.26318359375, -16.48968505859375, 69.4176254272461, 17.463051999685565, 1292, 175.0, 313, 17, 358936.4430541992, 246.81338500976562, 332.9779968261719, 277.81458440727494
LOSS, 13380.722900390625, -17.662269592285156, 70.05765533447266, 19.308402453666126, 693, 223.0, 353, 11, 192691.91967773438, 276.93017578125, 328.6205749511719, 278.0547181496889
LOSS, 12817.0, -35.15625, 71.49434661865234, 14.352743561030236, 893, 191.0, 340, 11, 242104.64471435547, 264.1802978515625, 328.3422546386719, 271.1138238682592
LOSS, 6311.22412109375, -16.00006103515625, 63.21136474609375, 13.572524991599462, 465, 207.0, 368, 7, 129441.30155944824, 255.22056579589844, 328.1990051269531, 278.3683904504263
LOSS, 8838.198486328125, -17.983718872070312, 68.8542709350586, 12.771963130531972, 692, 223.0, 353, 9, 185932.82612609863, 253.4084014892578, 325.5820007324219, 268.68905509551826
LOSS, 13031.0, -27.71728515625, 71.3493881225586, 21.432565789473685, 608, 223.0, 359, 12, 166920.9541168213, 255.2901153564453, 328.5697021484375, 274.54104295529817
LOSS, 1596.0, -27.71759033203125, 60.187225341796875, 4.290322580645161, 372, 223.0, 375, 1, 101425.94393920898, 256.50872802734375, 323.7105407714844, 272.6503869333575
LOSS, 8027.6787109375, -30.578041076660156, 63.8763427734375, 17.189890173313703, 467, 191.0, 368, 7, 125233.75354003906, 253.71463012695312, 334.22393798828125, 268.1664958030815
LOSS, 13285.676513671875, -20.002357482910156, 71.22212982177734, 21.3253234569372, 623, 223.0, 358, 9, 171959.72625732422, 244.1015167236328, 324.6402282714844, 276.018822242896
LOSS, 6584.5882568359375, -16.7203369140625, 69.7118148803711, 11.313725527209515, 582, 223.0, 361, 5, 159107.50869750977, 254.46104431152344, 329.1907958984375, 273.3805991366147
LOSS, 2710.181121826172, -14.662391662597656, 62.2808837890625, 18.56288439606967, 146, 175.0, 390, 1, 38745.237564086914, 228.38388061523438, 322.1512451171875, 265.3783394800474
LOSS, 17749.7802734375, -18.33984375, 71.16490936279297, 18.31762670117389, 969, 175.0, 335, 9, 272194.10092163086, 276.81292724609375, 332.4316101074219, 280.9020649346036
LOSS, 14278.315673828125, -37.4371337890625, 72.05098724365234, 13.245190792048353, 1078, 223.0, 328, 16, 299108.03451538086, 254.33865356445312, 334.7141418457031, 277.4657091979414
LOSS, 8865.080200195312, -14.3206787109375, 61.4840087890625, 23.895094879232648, 371, 223.0, 375, 7, 103806.91369628906, 262.93658447265625, 337.5934753417969, 279.80300187678995
LOSS, 3391.0, -10.0, 70.01668548583984, 23.54861111111111, 144, 223.0, 390, 4, 41586.86392211914, 248.4948272705078, 349.1773681640625, 288.7976661258274
LOSS, 3391.0, -16.48968505859375, 54.98945617675781, 10.338414634146341, 328, 223.0, 378, 2, 94319.76356506348, 246.74891662597656, 337.8963623046875, 287.56025477153497
LOSS, 8781.999877929688, -18.339996337890625, 70.8354721069336, 29.273332926432293, 300, 207.0, 379, 6, 84900.0158996582, 271.1827087402344, 342.29278564453125, 283.00005299886067
LOSS, 4336.3680419921875, -13.000030517578125, 52.87992858886719, 30.32425204190341, 143, 223.0, 390, 2, 41085.02992248535, 210.30593872070312, 331.6715393066406, 287.3079015558416
LOSS, 6191.46826171875, -21.34002685546875, 65.1899642944336, 13.257962016528372, 467, 207.0, 368, 5, 130877.7368774414, 247.28524780273438, 342.6448669433594, 280.2521132279259
LOSS, 5082.959228515625, -31.639404296875, 69.50971221923828, 12.771254343004083, 398, 223.0, 373, 4, 111574.28793334961, 254.38613891601562, 347.1861267089844, 280.33740686771256
LOSS, 10435.943542480469, -15.947296142578125, 67.9448471069336, 32.309422732137676, 323, 191.8800048828125, 378, 6, 93219.80131530762, 223.07286071777344, 335.0547180175781, 288.6061960226242
LOSS, 5511.0, -34.75657653808594, 69.6318588256836, 6.319954128440367, 872, 223.0, 341, 8, 244211.8268737793, 273.91290283203125, 345.5831604003906, 280.059434488279
LOSS, 4917.0, -53.87413024902344, 64.8210678100586, 9.81437125748503, 501, 191.0, 366, 3, 138627.0645751953, 253.62109375, 348.42071533203125, 276.70072769500064
LOSS, 8942.7431640625, -15.999984741210938, 61.6357421875, 21.141236794473997, 423, 223.0, 371, 6, 120750.3688659668, 250.41741943359375, 350.2178039550781, 285.4618649313636
LOSS, 1886.0, -63.62213134765625, 61.473175048828125, 2.4335483870967742, 775, 223.0, 348, 5, 218051.21327209473, 253.44142150878906, 345.570068359375, 281.35640422205773
LOSS, 11643.591552734375, -51.07325077056885, 64.4524154663086, 18.5112743286715, 629, 223.0, 358, 7, 178330.1316833496, 257.38568115234375, 347.7257080078125, 283.51372286701053
LOSS, 2321.5328369140625, -47.5372314453125, 60.99700927734375, 6.466665283883183, 359, 223.0, 376, 1, 99466.09851074219, 260.63616943359375, 338.9239501953125, 277.06434125554927
LOSS, 7626.2462158203125, -52.589935302734375, 70.9129867553711, 10.606740216718098, 719, 191.0, 352, 7, 202899.72465515137, 253.63140869140625, 347.2925720214844, 282.1971135676653
LOSS, 7815.9532470703125, -26.90294647216797, 63.50311279296875, 32.840139693572745, 238, 186.447998046875, 384, 9, 65693.51075744629, 254.44747924804688, 337.185302734375, 276.0231544430516
LOSS, 2585.4595336914062, -17.144119262695312, 64.09903717041016, 7.1818320380316845, 360, 223.0, 375, 2, 100308.33670043945, 259.09649658203125, 337.78082275390625, 278.6342686123318
LOSS, 17846.51416015625, -37.4371337890625, 60.841522216796875, 17.462342622462085, 1022, 191.0, 331, 13, 286390.8450012207, 228.10870361328125, 350.3440246582031, 280.2258757350496
LOSS, 5180.655479431152, -29.704132080078125, 62.830810546875, 16.291369432173436, 318, 201.8000030517578, 378, 5, 89868.57382202148, 283.8091125488281, 350.2320251464844, 282.60557805667133
LOSS, 6645.9462890625, -45.4351806640625, 69.30350494384766, 4.536482108575085, 1465, 223.0, 302, 12, 406030.1220703125, 258.37158203125, 342.8108215332031, 277.15366694219284
LOSS, 8713.117919921875, -16.42578887939453, 59.24201965332031, 21.09713782063408, 413, 223.0, 372, 4, 118765.1167602539, 268.92352294921875, 344.4153137207031, 287.56686866889567
LOSS, 7207.1556396484375, -16.032882690429688, 66.73636627197266, 22.592964387612657, 319, 191.0, 378, 5, 89550.16178894043, 253.02223205566406, 341.45635986328125, 280.72151031015807
LOSS, 4291.322082519531, -16.00006103515625, 60.67643737792969, 15.057270464980812, 285, 207.0, 380, 4, 80721.27719116211, 249.3068084716797, 335.99114990234375, 283.23255154793725
LOSS, 1572.1730346679688, -41.192626953125, 66.4753646850586, 2.0686487298262746, 760, 191.0, 349, 6, 206836.1118774414, 250.72869873046875, 338.4964599609375, 272.1527787861071
LOSS, 7816.806427001953, -16.794227600097656, 66.7085952758789, 25.379241646110238, 308, 217.74822998046875, 379, 4, 84079.41932678223, 208.29502868652344, 333.20037841796875, 272.9851276843579
LOSS, 7482.23486328125, -14.6771240234375, 64.9709243774414, 28.558148333134543, 262, 207.0, 382, 3, 73367.71868896484, 250.72857666015625, 329.3078308105469, 280.02946064490396
LOSS, 9832.707763671875, -33.5113525390625, 70.2293930053711, 6.331428051301915, 1553, 223.0, 296, 11, 422248.8819885254, 244.6070556640625, 337.7571716308594, 271.89239020510325
LOSS, 8934.573608398438, -18.20404815673828, 70.5101547241211, 16.637939680444017, 537, 223.0, 364, 6, 149995.2698059082, 234.90049743652344, 327.47222900390625, 279.32080038344174
LOSS, 6691.0, -16.00006103515625, 70.04354095458984, 10.553627760252366, 634, 223.0, 357, 5, 176409.82302856445, 257.9722595214844, 319.5368957519531, 278.2489322217105
LOSS, 6379.7725830078125, -17.633834838867188, 71.64388275146484, 31.427451147821735, 203, 223.0, 386, 3, 55926.6681060791, 220.20001220703125, 320.58831787109375, 275.50082810876404
LOSS, 12641.0, -16.00006103515625, 71.0936508178711, 21.317032040472174, 593, 223.0, 360, 11, 166709.76165771484, 242.5836944580078, 327.9156188964844, 281.12944630306043
LOSS, 1983.49658203125, -27.717514038085938, 59.242095947265625, 9.400457734745261, 211, 191.0, 385, 1, 58872.86323547363, 216.31130981445312, 312.23980712890625, 279.0183091728608
LOSS, 13019.8173828125, -34.0, 66.8419418334961, 27.93952228071352, 466, 191.0, 368, 7, 128852.34126281738, 219.392578125, 323.7833557128906, 276.5071700918828
LOSS, 1756.0, -39.424781799316406, 61.055145263671875, 6.503703703703704, 270, 223.0, 381, 2, 77207.8549041748, 237.31260681152344, 321.8513488769531, 285.95501816361036
LOSS, 8829.06787109375, -26.092605590820312, 63.6773681640625, 21.22372084397536, 416, 191.0, 372, 2, 115011.56575012207, 232.5507354736328, 319.39837646484375, 276.470109976255
LOSS, 3333.7593994140625, -45.4351806640625, 68.8683090209961, 11.82184184189384, 282, 223.0, 381, 5, 78122.4455871582, 228.5882110595703, 322.6750183105469, 277.02994889063194
LOSS, 5389.4747314453125, -59.241981506347656, 71.22212982177734, 6.076070723162697, 887, 223.0, 340, 6, 243598.74131774902, 229.3306121826172, 324.8309020996094, 274.63217735935626
LOSS, 9778.010131835938, -13.958213806152344, 69.18401336669922, 41.60855375249335, 235, 191.0, 384, 6, 67176.68115234375, 224.45474243164062, 333.5877380371094, 285.85821766954786
LOSS, 17984.121337890625, -37.00048828125, 69.1014633178711, 20.252388894020974, 888, 223.0, 340, 14, 254130.63119506836, 248.0230255126953, 335.7487487792969, 286.1831432376896
LOSS, 12051.0, -34.0001220703125, 70.9764633178711, 12.475155279503106, 966, 223.0, 335, 13, 265548.08589172363, 226.30810546875, 347.0163879394531, 274.89449885271597
LOSS, 3471.291748046875, -13.304206848144531, 59.24201965332031, 24.973321928394785, 139, 223.0, 390, 1, 37360.48826599121, 235.5753631591797, 320.64697265625, 268.7804911222389
LOSS, 13700.482124328613, -16.00006103515625, 69.3547592163086, 16.213588312814927, 845, 184.03575134277344, 343, 19, 242313.59436035156, 234.16156005859375, 326.40203857421875, 286.7616501305936
LOSS, 16826.908935546875, -19.11859130859375, 70.1363296508789, 14.02242411295573, 1200, 207.0, 319, 15, 334652.9181060791, 234.233642578125, 328.7648010253906, 278.8774317550659
LOSS, 14689.66796875, -17.632308959960938, 67.1242446899414, 13.780176330909944, 1066, 175.0, 328, 13, 307491.28036499023, 234.2818603515625, 324.89923095703125, 288.45335869136045
LOSS, 1675.0, -33.4027099609375, 57.85003662109375, 7.68348623853211, 218, 185.0, 385, 1, 62108.28283691406, 228.0415802001953, 321.69580078125, 284.9003799858443
LOSS, 8666.0, -20.1611328125, 65.08040618896484, 19.387024608501118, 447, 223.0, 370, 6, 127179.44624328613, 231.38107299804688, 322.8929748535156, 284.5177768306177
LOSS, 4439.6444091796875, -16.080322265625, 60.34454345703125, 10.182670663256165, 436, 223.0, 370, 2, 124513.90293884277, 233.7468719482422, 319.9839172363281, 285.5823461900064
LOSS, 8708.493530273438, -43.0731201171875, 71.7052230834961, 12.300132104905986, 708, 191.0, 352, 7, 202834.123046875, 216.89947509765625, 321.7622985839844, 286.48887435999296
LOSS, 8088.0001220703125, -20.298141479492188, 69.82526397705078, 21.62566877558907, 374, 223.0, 375, 6, 100409.56149291992, 244.2089080810547, 325.46917724609375, 268.47476335005325
LOSS, 4209.9998779296875, -27.71759033203125, 68.15999603271484, 7.913533605130992, 532, 191.0, 364, 4, 148574.0011138916, 219.483154296875, 318.7389831542969, 279.2744381840068
LOSS, 9169.662109375, -20.597740173339844, 62.9498291015625, 23.155712397411616, 396, 223.0, 373, 8, 112876.54447937012, 224.2675018310547, 317.8218078613281, 285.04177898830835
LOSS, 7041.0, -18.640350341796875, 69.9645004272461, 22.072100313479623, 319, 223.0, 378, 5, 92537.12725830078, 233.8310089111328, 328.43695068359375, 290.08503842727515
LOSS, 13011.0, -23.71826171875, 70.0438461303711, 19.833841463414632, 656, 223.0, 356, 9, 184793.26582336426, 234.81227111816406, 328.584716796875, 281.6970515600065
LOSS, 5745.951416015625, -16.00006103515625, 62.60162353515625, 32.463002350370765, 177, 191.0, 388, 1, 49202.31443786621, 223.8289337158203, 329.9399108886719, 277.97917761506335
LOSS, 16000.28173828125, -16.00006103515625, 66.2791976928711, 19.77785134521786, 809, 207.0, 346, 15, 233899.63397216797, 238.2392120361328, 328.3196105957031, 289.1219208555846
LOSS, 2600.222412109375, -18.807289123535156, 71.24471282958984, 9.253460541314501, 281, 223.0, 381, 5, 78525.72093200684, 252.69297790527344, 332.4497985839844, 279.45096417084284
LOSS, 1681.0, -16.720489501953125, 59.7640380859375, 2.7333333333333334, 615, 223.0, 358, 4, 156753.55767822266, 230.53868103027344, 328.54022216796875, 254.88383362312626
LOSS, 1724.2699966430664, -17.66242218017578, 60.524131774902344, 12.772370345504196, 135, 183.40611267089844, 390, 1, 34326.38426208496, 222.75547790527344, 322.68170166015625, 254.2695130524812
LOSS, 8251.105346679688, -34.0, 63.07373046875, 15.538804796006945, 531, 175.0, 364, 6, 150218.5658569336, 268.6993103027344, 321.8703308105469, 282.8974874895171
LOSS, 14202.258544921875, -47.5372314453125, 64.9098892211914, 15.304157914786503, 928, 223.0, 338, 14, 262840.78996276855, 228.1641082763672, 325.6446533203125, 283.233609873673
LOSS, 7385.6378173828125, -13.000030517578125, 70.8482894897461, 28.18945731825501, 262, 175.0, 382, 3, 79093.81954956055, 256.1624450683594, 332.1834411621094, 301.8848074410708
LOSS, 13755.6494140625, -33.000244140625, 70.05765533447266, 12.35907404677673, 1113, 175.0, 325, 18, 318535.4239959717, 254.32138061523438, 338.13067626953125, 286.1953495022207
LOSS, 17908.294677734375, -43.594970703125, 69.0794906616211, 19.36031857052365, 925, 175.0, 338, 15, 268899.50129699707, 236.86936950683594, 331.9198913574219, 290.70216356432115
LOSS, 9441.495361328125, -33.000244140625, 71.7821273803711, 9.060936047339851, 1042, 175.0, 330, 10, 314674.1165161133, 220.95184326171875, 337.3685302734375, 301.9905148907037
LOSS, 5625.650001525879, -15.999984741210938, 62.9547119140625, 19.533506949742634, 288, 193.6999969482422, 380, 4, 83075.37702941895, 253.38975524902344, 337.9971923828125, 288.456170241038
LOSS, 9103.943305969238, -16.48967742919922, 66.1864242553711, 23.64660598953049, 385, 212.43321228027344, 374, 7, 116693.50135803223, 224.17491149902344, 337.15679931640625, 303.1000035273564
LOSS, 17412.896728515625, -16.00006103515625, 67.0879135131836, 31.094458443777903, 560, 175.0, 362, 13, 167191.10098266602, 245.2071533203125, 335.0896911621094, 298.55553746904644
LOSS, 8725.78271484375, -17.316200256347656, 67.9448471069336, 16.620538504464285, 525, 223.0, 364, 4, 147179.33908081055, 213.76576232910156, 333.0772399902344, 280.3415982491629
LOSS, 7955.876708984375, -28.43994140625, 70.2159652709961, 21.502369483741553, 370, 223.0, 375, 7, 108727.72215270996, 238.3563690185547, 340.0185546875, 293.85870852083775
LOSS, 4513.5970458984375, -16.498497009277344, 70.9526596069336, 7.108026843934547, 635, 223.0, 357, 6, 170835.45263671875, 240.39419555664062, 333.3038635253906, 269.03220887672245
LOSS, 8636.151123046875, -16.48968505859375, 65.2077407836914, 15.532645904760567, 556, 175.0, 362, 6, 165145.53108215332, 224.398193359375, 341.1779479980469, 297.02433647869304
LOSS, 5997.417148590088, -14.284034729003906, 64.58699798583984, 28.8337362912985, 208, 77.22319793701172, 386, 5, 60663.5789642334, 243.4154815673828, 335.8253173828125, 291.6518219434298
LOSS, 13195.66552734375, -33.000244140625, 67.7028579711914, 14.53267128562087, 908, 223.0, 339, 9, 247206.19416809082, 221.01463317871094, 340.0610656738281, 272.25351780626744
LOSS, 3328.1477661132812, -15.999984741210938, 59.41474914550781, 12.464972906791315, 267, 191.0, 382, 0, 71627.54312133789, 216.98512268066406, 329.5791320800781, 268.26795176531044
LOSS, 12298.812255859375, -16.48968505859375, 63.8946533203125, 19.64666494546226, 626, 175.0, 358, 6, 186306.92359924316, 221.5224151611328, 333.3245544433594, 297.6148939285035
LOSS, 6888.69287109375, -16.13641357421875, 71.22212982177734, 18.821565221567624, 366, 223.0, 375, 9, 105213.68125915527, 212.96099853515625, 335.9664306640625, 287.4690744785663
WIN , 22222.0, -19.15692901611328, 73.69140625, 17.080707148347425, 1301, 191.0, 313, 21, 381726.0043640137, 211.42088317871094, 338.22467041015625, 293.409688212155
LOSS, 1879.599998474121, -17.332374572753906, 59.825439453125, 30.813114729083953, 61, 185.8000030517578, 395, 3, 16002.760833740234, 211.8969268798828, 326.6304931640625, 262.34034153672513
LOSS, 6653.6663818359375, -15.999755859375, 63.073577880859375, 24.37240432906937, 273, 175.0, 381, 3, 82241.64434814453, 253.3526611328125, 329.4866943359375, 301.25144449869794
LOSS, 13511.0, -18.360992431640625, 71.5575180053711, 20.286786786786788, 666, 223.0, 355, 13, 187658.09480285645, 202.7592315673828, 333.1285400390625, 281.76891111540004
LOSS, 11849.387451171875, -19.543312072753906, 68.5204086303711, 21.58358369976662, 549, 223.0, 363, 6, 159001.47132873535, 227.0496368408203, 326.7006530761719, 289.6201663547092
LOSS, 9640.474487304688, -16.654205322265625, 71.2047348022461, 19.63436759125191, 491, 223.0, 367, 7, 144729.34704589844, 228.45245361328125, 337.530517578125, 294.7644542686323
LOSS, 17576.686767578125, -17.79485321044922, 70.05765533447266, 21.88877555115582, 803, 207.0, 346, 18, 242849.93620300293, 226.68441772460938, 338.60479736328125, 302.4283140759688
LOSS, 11038.4716796875, -47.305908203125, 70.64855194091797, 15.038789754342643, 734, 175.0, 351, 12, 212887.18476867676, 201.52947998046875, 330.66845703125, 290.03703646958684
LOSS, 2721.6460571289062, -16.00006103515625, 57.110015869140625, 14.554256989994151, 187, 223.0, 387, 1, 51806.4444732666, 210.99514770507812, 327.9256286621094, 277.0398100174685
LOSS, 3374.702392578125, -35.97319793701172, 70.9099349975586, 0.8165261051483487, 4133, 223.0, 124, 20, 1187204.9053344727, 208.46658325195312, 332.55267333984375, 287.25015856144995
LOSS, 9843.516845703125, -13.330078125, 70.5779037475586, 15.501601331815944, 635, 175.0, 357, 7, 185589.60290527344, 225.85108947753906, 336.2774353027344, 292.267091189407
LOSS, 3821.0, -16.48139190673828, 63.69268035888672, 12.053627760252366, 317, 223.0, 378, 2, 89919.76963806152, 204.83424377441406, 328.3057556152344, 283.6585792998786
LOSS, 1909.6599731445312, -16.548622131347656, 54.678611755371094, 11.573696806936553, 165, 223.0, 388, 2, 42921.63293457031, 213.80372619628906, 318.18377685546875, 260.13110869436554
LOSS, 4917.0, -17.633834838867188, 61.92100524902344, 15.317757009345794, 321, 191.0, 378, 4, 91934.85437011719, 259.322509765625, 333.44122314453125, 286.4014154832311
LOSS, 4974.0355224609375, -19.92822265625, 65.54557037353516, 7.336335578850941, 678, 191.0, 354, 5, 199356.03323364258, 201.68359375, 315.9013977050781, 294.03544724726044
LOSS, 4828.2196044921875, -13.876869201660156, 62.1038818359375, 28.56934677214312, 169, 175.0, 388, 2, 47453.75393676758, 271.6947021484375, 314.807861328125, 280.7914434128259
LOSS, 13020.511962890625, -21.121994018554688, 70.9963150024414, 30.42175692264165, 428, 191.0, 371, 6, 120393.90550231934, 225.18263244628906, 321.97393798828125, 281.294171734391
LOSS, 3635.1796264648438, -16.00006103515625, 61.21795654296875, 15.146581776936848, 240, 191.0, 383, 0, 66849.65626525879, 223.35214233398438, 313.83331298828125, 278.5402344385783
LOSS, 10443.671142578125, -16.123519897460938, 67.6494369506836, 26.4396737786788, 395, 191.0, 373, 5, 114893.84899902344, 232.9879913330078, 329.6183776855469, 290.87050379499607
LOSS, 3221.0, -16.00006103515625, 70.9074935913086, 19.52121212121212, 165, 223.0, 388, 2, 43157.70590209961, 237.7283477783203, 324.88018798828125, 261.56185395211884
LOSS, 7139.78434753418, -13.664253234863281, 68.40657806396484, 23.409129008308785, 305, 177.10000610351562, 379, 5, 83062.97994995117, 218.38291931152344, 323.07061767578125, 272.3376391801678
LOSS, 4571.7808837890625, -18.094284057617188, 64.16107177734375, 39.41190417059536, 116, 191.0, 392, 3, 32136.389678955078, 201.49563598632812, 314.7767028808594, 277.0378420599576
LOSS, 7472.919700622559, -39.61946105957031, 63.1402587890625, 13.661644790900473, 547, 185.8000030517578, 363, 10, 161190.64408874512, 218.90704345703125, 332.11553955078125, 294.6812506192781
LOSS, 16052.80239868164, -17.639305114746094, 70.8354721069336, 18.95254120269379, 847, 184.72723388671875, 343, 13, 242299.5562286377, 196.7943878173828, 339.4999694824219, 286.0679530444365
LOSS, 7154.747016906738, -14.662391662597656, 65.8928451538086, 26.401280505190915, 271, 177.31138610839844, 381, 7, 77680.91957092285, 241.1051788330078, 338.9205627441406, 286.64545967130204
LOSS, 5318.368896484375, -13.85614013671875, 64.62255096435547, 26.07043576708027, 204, 207.0, 386, 4, 61269.61553955078, 264.7672424316406, 345.8104248046875, 300.34125264485675
LOSS, 11432.448974609375, -15.999755859375, 67.86795806884766, 27.091111314240226, 422, 223.0, 371, 12, 124260.85202026367, 239.25869750976562, 339.2125549316406, 294.4569953086817
LOSS, 8741.999877929688, -16.046707153320312, 68.6412582397461, 25.120689304395654, 348, 207.0, 376, 8, 106509.60395812988, 220.2640838623047, 336.04779052734375, 306.0620803394537
LOSS, 5847.2335205078125, -34.9371337890625, 61.5838623046875, 13.955211266128432, 419, 223.0, 372, 4, 120309.57350158691, 222.96539306640625, 328.7126159667969, 287.13502029018355
LOSS, 6941.056884765625, -16.00006103515625, 65.4497299194336, 21.623230170609425, 321, 207.0, 378, 5, 93400.41520690918, 205.01028442382812, 340.0753479003906, 290.96702556669527
LOSS, 12052.722412109375, -16.00006103515625, 69.1844711303711, 16.927980915883953, 712, 223.0, 352, 10, 211894.91384887695, 215.90142822265625, 330.6488037109375, 297.60521607988335
WIN , 22932.0, -37.5357666015625, 69.718017578125, 18.92079207920792, 1212, 191.0, 319, 18, 346454.26693725586, 192.37625122070312, 345.61248779296875, 285.853355558792
LOSS, 12395.42138671875, -18.721778869628906, 63.692832946777344, 21.746353310032895, 570, 223.0, 361, 10, 173017.78811645508, 208.7261505126953, 334.9123840332031, 303.5399791516756
LOSS, 14530.267623901367, -28.98340606689453, 68.6516342163086, 17.591123031357586, 826, 100.60000610351562, 344, 15, 233317.91441345215, 191.49497985839844, 331.1530456542969, 282.4672087329929
LOSS, 9101.0, -42.999755859375, 64.2027816772461, 14.993410214168039, 607, 223.0, 359, 10, 161950.69190979004, 190.47314453125, 336.78387451171875, 266.80509375583205
LOSS, 3729.0, -15.935630798339844, 64.62255096435547, 25.026845637583893, 149, 207.0, 390, 2, 44000.85543823242, 213.53294372558594, 329.9559631347656, 295.30775461900953
LOSS, 7476.9197998046875, -12.9998779296875, 65.10794830322266, 31.415629410944064, 238, 223.0, 384, 5, 68999.45101928711, 257.8114013671875, 329.4177551269531, 289.91365974490384
LOSS, 5577.672912597656, -18.33747100830078, 62.19970703125, 29.827127874853776, 187, 191.0, 387, 1, 51011.35321044922, 239.24481201171875, 329.8677062988281, 272.78798508261616
