WIN , 32365.482124328613, -36.69542694091797, 76.69149017333984, 9.538898356713414, 3393, 184.03575134277344, 173, 36, 11075.608375549316, 11.901607513427734, 28.521587371826172, 3.264252394797912
LOSS, 28323.10791015625, -41.999755859375, 90.9798355102539, 14.112161390212382, 2007, 175.0, 266, 22, 24843.62514591217, 13.603608131408691, 45.548255920410156, 12.37848786542709
WIN , 30032.0, -29.34014129638672, 84.207763671875, 15.22920892494929, 1972, 191.0, 268, 41, 38526.7858505249, 33.575687408447266, 48.7778434753418, 19.536909660509586
LOSS, 11745.824462890625, -22.794231414794922, 58.685218811035156, 26.335929288992432, 446, 191.0, 370, 10, 10083.519145965576, 13.372039794921875, 44.527862548828125, 22.60878732279277
LOSS, 24653.820068359375, -39.0, 54.168312072753906, 22.473856033144372, 1097, 191.0, 326, 23, 36764.860973358154, 36.290557861328125, 69.99826049804688, 33.51400271044499
WIN , 27499.0, -26.846092224121094, 72.18559265136719, 21.218364197530864, 1296, 137.0, 313, 16, 49685.7158575058, 11.511529922485352, 73.22216033935547, 38.33774371721126
LOSS, 9444.088989257812, -15.999984741210938, 59.62272644042969, 29.886357560942443, 316, 223.0, 378, 8, 13369.287628173828, 49.61608123779297, 72.27135467529297, 42.307872241056415
WIN , 27444.0, -28.20254135131836, 82.435302734375, 24.115992970123024, 1138, 207.0, 324, 25, 50588.2105178833, 47.330501556396484, 80.78472900390625, 44.453612054379
LOSS, 8114.0001220703125, -28.555686950683594, 63.561622619628906, 24.966154221754806, 325, 191.0, 378, 6, 15119.663787841797, 16.981502532958984, 72.58710479736328, 46.52204242412861
LOSS, 15557.536376953125, -18.77500343322754, 64.2894515991211, 28.28642977627841, 550, 207.0, 363, 11, 35347.64514923096, 62.410255432128906, 101.36585235595703, 64.26844572587447
LOSS, 12121.509155273438, -19.26239013671875, 59.96581268310547, 32.3240244140625, 375, 207.0, 374, 10, 24870.4536151886, 20.124513626098633, 96.00272369384766, 66.32120964050293
LOSS, 14460.357666015625, -17.05449676513672, 64.2934341430664, 31.572833331911845, 458, 175.0, 369, 8, 32258.67001724243, 22.21722412109375, 98.18306732177734, 70.43377733022365
LOSS, 12984.3876953125, -16.00006103515625, 63.301612854003906, 40.07527066454475, 324, 191.0, 378, 8, 22144.572023391724, 22.8553466796875, 98.72140502929688, 68.34744451664112
LOSS, 4657.947021484375, -19.760215759277344, 57.04833984375, 23.886907802483975, 195, 223.0, 386, 0, 12904.938983917236, 29.87839126586914, 97.81195068359375, 66.17917427649864
LOSS, 12605.014892578125, -18.2713623046875, 66.98751068115234, 30.08356776271629, 419, 223.0, 372, 7, 29742.676383972168, 61.88135528564453, 98.59883117675781, 70.98490783764241
LOSS, 10553.287483215332, -21.576095581054688, 59.823829650878906, 28.067253944721628, 376, 165.82737731933594, 374, 9, 25432.23776435852, 27.153085708618164, 99.2541732788086, 67.63893022435776
WIN , 25600.0, -20.72528839111328, 66.2093276977539, 28.50779510022272, 898, 175.0, 340, 31, 65924.58557701111, 28.68277359008789, 102.92201232910156, 73.41267881627073
LOSS, 16045.119384765625, -23.672264099121094, 69.1082534790039, 29.549022808039826, 543, 207.0, 363, 10, 42306.39813232422, 35.60404968261719, 126.1000747680664, 77.91233541864497
LOSS, 23941.303077697754, -19.716766357421875, 68.2811508178711, 27.361489231654577, 875, 193.6999969482422, 341, 22, 85383.54326629639, 41.359161376953125, 127.40821075439453, 97.58119230433873
LOSS, -29940.354919433594, -21.34002685546875, 62.183753967285156, -4.990890968400333, 5999, 225.7098388671875, 0, 3, 635810.1976928711, 48.2562370300293, 141.2578887939453, 105.98603062058194
LOSS, 14366.15234375, -16.806861877441406, 67.0122299194336, 25.97857566681736, 553, 175.0, 363, 8, 64900.94602203369, 63.10768127441406, 141.52691650390625, 117.36156604346057
LOSS, 9748.854125976562, -16.00006103515625, 69.79962921142578, 23.49121476138931, 415, 207.0, 372, 7, 50505.329246520996, 65.87901306152344, 146.90272521972656, 121.69958854583372
LOSS, 7483.08512878418, -18.870094299316406, 67.45030975341797, 20.00824900744433, 374, 177.10000610351562, 375, 7, 48053.42892456055, 64.67394256591797, 150.8166961669922, 128.4851040763651
LOSS, 2637.2903442382812, -13.000030517578125, 63.20197296142578, 21.268470518050655, 124, 175.0, 391, 2, 16015.10122680664, 70.41217041015625, 154.8470458984375, 129.15404215166646
LOSS, 7448.701171875, -16.48968505859375, 63.67279052734375, 20.13162478885135, 370, 175.0, 375, 4, 48744.44998168945, 106.44436645507812, 160.74710083007812, 131.7417567072688
LOSS, 11911.0, -16.640342712402344, 66.9084701538086, 19.336038961038962, 616, 223.0, 358, 13, 80659.37393951416, 76.5307388305664, 152.27066040039062, 130.9405421096009
LOSS, 14783.650001525879, -16.498497009277344, 67.9442367553711, 18.50269086548921, 799, 177.6999969482422, 346, 19, 104175.93169403076, 119.19690704345703, 161.29083251953125, 130.38289323408105
LOSS, 19027.545166015625, -31.348098754882812, 71.0106430053711, 17.297768332741477, 1100, 175.0, 326, 18, 146751.86312103271, 72.41754150390625, 159.18629455566406, 133.4107846554843
LOSS, 21218.0849609375, -31.937255859375, 72.11141204833984, 20.20769996279762, 1050, 223.0, 329, 24, 146723.31582641602, 77.29674530029297, 165.52786254882812, 139.73649126325336
LOSS, 2559.0, -19.87439727783203, 61.21795654296875, 12.070754716981131, 212, 207.0, 385, 2, 31431.027381896973, 124.68347930908203, 164.90493774414062, 148.25956312215553
LOSS, 4459.0, -18.77500343322754, 64.62239837646484, 10.32175925925926, 432, 207.0, 371, 1, 65167.06340789795, 90.26850891113281, 164.37643432617188, 150.84968381457858
LOSS, 14201.0, -40.999755859375, 71.1613998413086, 22.7216, 625, 223.0, 358, 10, 92100.19171905518, 82.57788848876953, 166.79400634765625, 147.3603067504883
LOSS, 5471.0, -16.48967742919922, 69.33759307861328, 14.550531914893616, 376, 223.0, 374, 5, 56826.841232299805, 90.2944564819336, 166.45660400390625, 151.13521604335054
LOSS, 4194.300003051758, -16.00006103515625, 71.9145736694336, 21.732124368143822, 193, 196.39999389648438, 387, 3, 28034.9093170166, 87.48263549804688, 162.1754913330078, 145.25859749749534
LOSS, 11482.8505859375, -15.999755859375, 70.05765533447266, 24.225423177083332, 474, 223.0, 368, 9, 69544.07188415527, 126.95064544677734, 162.3451690673828, 146.7174512323951
LOSS, 12820.634323120117, -17.992469787597656, 69.1087875366211, 14.719442391641925, 871, 129.10000610351562, 341, 11, 131056.93187713623, 94.84097290039062, 164.88906860351562, 150.46720077742393
LOSS, 9463.973999023438, -30.895370483398438, 66.5843734741211, 15.215392281388164, 622, 175.0, 358, 6, 92915.72180175781, 88.23197937011719, 167.84642028808594, 149.38218939189358
LOSS, 2860.1600341796875, -16.00006103515625, 62.742835998535156, 5.83706129424426, 490, 114.062255859375, 367, 2, 77535.48843383789, 104.25565338134766, 173.62420654296875, 158.2356906813018
LOSS, 10723.915672302246, -16.10173797607422, 70.8409652709961, 40.93097584848186, 262, 201.8000030517578, 382, 8, 40414.19017791748, 103.26776885986328, 172.21774291992188, 154.2526342668606
LOSS, 2817.5399169921875, -16.077964782714844, 61.21795654296875, 11.361048052387853, 248, 223.0, 383, 0, 39085.84899139404, 89.16080474853516, 177.48072814941406, 157.60422980400824
LOSS, 2633.9998779296875, -15.999984741210938, 61.5838623046875, 11.55263104355126, 228, 223.0, 384, 1, 35815.1407623291, 103.28758239746094, 177.34188842773438, 157.08395071196975
LOSS, 11762.572265625, -16.00006103515625, 84.29535675048828, 11.397841342659884, 1032, 223.0, 331, 13, 163057.34272766113, 99.9986572265625, 177.2233123779297, 158.0013010926949
LOSS, 17917.0, -17.499755859375, 90.9798355102539, 16.823474178403757, 1065, 191.0, 328, 20, 168693.7434463501, 101.3458023071289, 186.40853881835938, 158.39788117028178
LOSS, 6474.931884765625, -36.0001220703125, 64.6376724243164, 20.425652633330046, 317, 223.0, 378, 2, 48598.93049621582, 100.59432983398438, 191.70213317871094, 153.30892901014454
LOSS, 2895.2747192382812, -16.495445251464844, 61.5838623046875, 15.318913858403604, 189, 207.0, 387, 2, 29967.252334594727, 150.1785125732422, 187.78175354003906, 158.55689065923136
LOSS, 5691.0, -22.04345703125, 63.34075927734375, 15.055555555555555, 378, 223.0, 374, 3, 63175.66491699219, 104.53044891357422, 192.10499572753906, 167.1313886692915
LOSS, 5846.90283203125, -14.17388916015625, 61.9097900390625, 21.73569826033922, 269, 207.0, 382, 6, 43682.252365112305, 145.76263427734375, 187.93724060058594, 162.38755526064054
LOSS, 13091.0, -27.71728515625, 71.82500457763672, 18.438028169014085, 710, 223.0, 352, 11, 117548.24450683594, 121.57878112792969, 197.2855682373047, 165.56090775610696
LOSS, 13756.6982421875, -17.27509307861328, 71.17162322998047, 17.004571374768233, 809, 223.0, 346, 13, 134330.10413360596, 114.7143325805664, 204.80538940429688, 166.04462810087264
LOSS, 15364.376220703125, -37.9998779296875, 67.86795806884766, 18.033305423360474, 852, 175.0, 343, 8, 142940.10093688965, 145.81552124023438, 210.45867919921875, 167.77007152217095
LOSS, 5009.563049316406, -26.53656005859375, 68.49080657958984, 13.252812299778853, 378, 207.0, 374, 2, 60634.16441345215, 115.39018249511719, 201.58175659179688, 160.40784236363
LOSS, 7735.3238525390625, -13.330078125, 67.67903900146484, 31.065557640719128, 249, 207.0, 383, 3, 41234.5940246582, 121.88388061523438, 205.5292510986328, 165.60077921549478
LOSS, 13906.684226989746, -16.00006103515625, 71.6063461303711, 25.47011763184935, 546, 154.3000030517578, 363, 10, 95638.84672546387, 128.14141845703125, 218.44508361816406, 175.16272294041002
LOSS, 14182.531005859375, -35.11457824707031, 71.0857162475586, 19.01143566469085, 746, 191.0, 350, 12, 132385.94982910156, 131.18580627441406, 224.6196746826172, 177.46105875214687
LOSS, 6581.0, -16.48968505859375, 69.6318588256836, 18.331476323119777, 359, 223.0, 376, 5, 63279.38049316406, 147.96583557128906, 232.46875, 176.26568382496953
LOSS, 5585.4384765625, -19.13629150390625, 71.85750579833984, 14.659943508038058, 381, 223.0, 374, 7, 65583.54692077637, 137.9209747314453, 219.3323974609375, 172.13529375531854
LOSS, 9763.770751953125, -16.27520751953125, 63.828125, 22.29171404555508, 438, 175.0, 370, 5, 77751.30070495605, 140.40037536621094, 228.48623657226562, 177.51438517113255
LOSS, 8049.050048828125, -35.172271728515625, 69.6852798461914, 9.209439415135154, 874, 207.0, 341, 8, 153648.1096343994, 139.7450408935547, 228.38607788085938, 175.7987524421046
LOSS, 11945.384765625, -25.2093505859375, 66.1864242553711, 23.654227258663365, 505, 223.0, 366, 9, 88259.59945678711, 149.45509338378906, 220.5539093017578, 174.77148407284577
LOSS, 4653.726379394531, -17.514663696289062, 62.129974365234375, 16.386360490825815, 284, 191.0, 381, 3, 47595.81007385254, 154.73057556152344, 223.73731994628906, 167.5908805417343
LOSS, 10341.0, -19.503700256347656, 71.7369613647461, 12.266903914590747, 843, 223.0, 343, 9, 152812.52825927734, 147.14498901367188, 232.1758575439453, 181.272275515157
LOSS, 12321.484619140625, -16.13641357421875, 68.81429290771484, 23.336145112008758, 528, 223.0, 364, 12, 97927.05595397949, 158.42018127441406, 231.8295135498047, 185.46790900374904
LOSS, 4341.0, -18.722877502441406, 66.3948745727539, 22.492227979274613, 193, 223.0, 387, 4, 35413.12634277344, 151.93666076660156, 232.7480010986328, 183.48770125789346
LOSS, 4795.6773681640625, 0, 64.79178619384766, 47.95677368164063, 100, 191.0, 393, 3, 18715.61848449707, 150.97488403320312, 232.40646362304688, 187.1561848449707
LOSS, 14739.14208984375, -17.062210083007812, 66.3158187866211, 21.055917271205356, 700, 223.0, 353, 10, 128080.17108154297, 156.97552490234375, 229.2504119873047, 182.97167297363282
LOSS, 17151.0, -39.999755859375, 70.8354721069336, 13.01289833080425, 1318, 223.0, 312, 16, 243034.0038909912, 158.4419708251953, 225.9551544189453, 184.39605758041822
LOSS, 18181.0, -39.40545654296875, 66.9676742553711, 25.42797202797203, 715, 223.0, 352, 12, 133788.4844970703, 175.1824188232422, 228.9581756591797, 187.1167615343641
LOSS, 15479.0, -22.9327392578125, 63.4765625, 8.855263157894736, 1748, 207.0, 283, 17, 335124.8827056885, 154.11380004882812, 230.08848571777344, 191.71904044947854
LOSS, 13650.849853515625, -33.642578125, 63.768531799316406, 14.522180695229387, 940, 223.0, 337, 12, 181952.33168029785, 160.33743286132812, 225.08001708984375, 193.5663102981892
LOSS, 4849.0281982421875, -13.000030517578125, 68.81963348388672, 22.872774520010317, 212, 191.0, 385, 3, 40948.8489074707, 191.3850555419922, 212.9062957763672, 193.1549476767486
LOSS, 6703.63427734375, -16.00006103515625, 64.62239837646484, 17.876358072916666, 375, 223.0, 374, 3, 70004.60941314697, 112.66541290283203, 221.70736694335938, 186.6789584350586
LOSS, 4339.0, -18.61236572265625, 61.94463348388672, 15.952205882352942, 272, 207.0, 381, 3, 51671.549743652344, 166.2008819580078, 229.8297576904297, 189.9689328810748
LOSS, 5733.9998779296875, -20.662452697753906, 60.34454345703125, 12.04621823094472, 476, 223.0, 368, 7, 91204.26615905762, 164.55960083007812, 222.7617645263672, 191.6056011744908
LOSS, 2873.9998779296875, -16.555198669433594, 58.69781494140625, 6.68372064634811, 430, 223.0, 371, 3, 85053.58473205566, 110.78846740722656, 223.3825225830078, 197.79903426059457
LOSS, 8171.0, -17.383819580078125, 70.2873764038086, 28.77112676056338, 284, 223.0, 381, 8, 57819.72253417969, 167.97300720214844, 234.24276733398438, 203.5905723034496
LOSS, 8571.393699645996, -15.567665100097656, 64.6227035522461, 18.838227911309883, 455, 201.8000030517578, 369, 7, 87857.70448303223, 168.43980407714844, 245.52613830566406, 193.09385600666423
LOSS, 13963.691162109375, -16.48967742919922, 66.1864242553711, 23.311671389164232, 599, 207.0, 360, 10, 118496.09483337402, 168.51547241210938, 224.74952697753906, 197.82319671681807
LOSS, 8723.294921875, -18.412315368652344, 67.9448471069336, 14.68568168665825, 594, 223.0, 360, 6, 116175.5189666748, 176.9735870361328, 225.81784057617188, 195.5816817620788
LOSS, 17591.0, -16.48968505859375, 72.10591888427734, 20.502331002331, 858, 223.0, 342, 13, 167698.2755126953, 170.94325256347656, 233.38624572753906, 195.45253556258194
LOSS, 3813.6510009765625, -14.779937744140625, 61.68060302734375, 13.1053299002631, 291, 191.0, 380, 1, 56978.4723815918, 173.56787109375, 214.62042236328125, 195.80231058966254
LOSS, 15691.628173828125, -14.662391662597656, 71.5654525756836, 20.2211703270981, 776, 207.0, 348, 13, 155122.9954071045, 164.1243438720703, 234.58412170410156, 199.9007672771965
LOSS, 13739.65478515625, -16.664527893066406, 71.9115219116211, 24.890678958616395, 552, 223.0, 363, 10, 112555.0845489502, 172.49868774414062, 231.7921905517578, 203.9041386756344
LOSS, 15781.0, -17.940582275390625, 71.8431625366211, 18.328687572590013, 861, 223.0, 342, 17, 174728.33366394043, 169.71302795410156, 228.03665161132812, 202.93650832048831
LOSS, 1819.599998474121, -17.17687225341797, 59.82658386230469, 28.88253965831938, 63, 185.8000030517578, 395, 2, 12504.7353515625, 121.24658203125, 219.51930236816406, 198.48786272321428
LOSS, 6076.937255859375, -16.00006103515625, 67.39981842041016, 20.055898534189357, 303, 175.0, 379, 4, 62264.83703613281, 195.03775024414062, 230.6317596435547, 205.49451167040533
LOSS, 12214.00048828125, -20.913307189941406, 64.3156967163086, 17.85672586006031, 684, 223.0, 354, 10, 140476.96476745605, 174.13619995117188, 268.15350341796875, 205.37567948458488
LOSS, 7949.516403198242, -13.124519348144531, 70.8348617553711, 31.798065612792968, 250, 119.60000610351562, 383, 6, 51936.21202087402, 203.837890625, 231.17465209960938, 207.7448480834961
LOSS, 3861.0, -14.647216796875, 70.17247772216797, 30.401574803149607, 127, 223.0, 391, 4, 25291.02508544922, 179.95867919921875, 221.25180053710938, 199.14192980668676
LOSS, 8375.506469726562, -20.283790588378906, 66.99454498291016, 21.698203289447054, 386, 191.0, 374, 8, 80319.20251464844, 178.06106567382812, 229.75747680664062, 208.0808355301773
LOSS, 2959.0, -16.00006103515625, 70.05773162841797, 18.727848101265824, 158, 207.0, 389, 2, 33661.872787475586, 200.55540466308594, 229.9247589111328, 213.0498277688328
LOSS, 3628.2079467773438, -12.225341796875, 68.66475677490234, 22.25894445875671, 163, 223.0, 389, 2, 33124.61672973633, 154.49327087402344, 222.31674194335938, 203.21850754439464
LOSS, 14411.0, -34.73381805419922, 66.8419418334961, 21.00728862973761, 686, 223.0, 354, 12, 144320.41201782227, 178.9111328125, 236.72402954101562, 210.37960935542606
LOSS, 12621.521728515625, -17.662269592285156, 66.1864242553711, 21.64926540054138, 583, 159.0, 361, 8, 122714.35707092285, 175.53126525878906, 242.7973175048828, 210.4877479775692
LOSS, 10623.02294921875, -14.237060546875, 67.9448471069336, 34.04815047826522, 312, 188.5, 379, 5, 63672.17118835449, 132.44268798828125, 237.12823486328125, 204.07747175754645
LOSS, 5111.0, -17.28406524658203, 68.1329116821289, 6.925474254742547, 738, 223.0, 350, 6, 157508.15913391113, 200.02978515625, 240.4252166748047, 213.4256898833484
LOSS, 7745.607734680176, -18.76825714111328, 69.7997055053711, 13.782220168470063, 562, 160.28965759277344, 362, 5, 118911.89923095703, 184.16368103027344, 230.87376403808594, 211.58700930775274
LOSS, 13351.0, -17.844223022460938, 70.0182113647461, 29.66888888888889, 450, 223.0, 369, 9, 96359.54627990723, 181.24981689453125, 235.75035095214844, 214.1323250664605
LOSS, 4033.4053688049316, -13.000030517578125, 61.90971374511719, 10.503659814596176, 384, 114.20000457763672, 374, 2, 81900.23924255371, 177.3788604736328, 232.74362182617188, 213.2818730274836
LOSS, 5330.744079589844, -20.316383361816406, 64.04449462890625, 22.30436853384872, 239, 207.0, 384, 4, 50326.32000732422, 180.52383422851562, 234.35491943359375, 210.57037659968293
LOSS, 4304.8399658203125, -16.48968505859375, 61.390380859375, 15.885018324060194, 271, 191.0, 381, 1, 58548.32164001465, 183.90423583984375, 234.4008331298828, 216.0454673063271
LOSS, 3928.9813537597656, -16.48968505859375, 61.81480407714844, 9.1371659389762, 430, 188.28363037109375, 371, 2, 94564.60633850098, 181.56129455566406, 239.69854736328125, 219.9176891593046
LOSS, 7022.13298034668, -18.897872924804688, 69.79962921142578, 18.430795224007035, 381, 177.10000610351562, 374, 10, 82072.66860961914, 184.20468139648438, 237.06040954589844, 215.41382837170377
LOSS, 4481.0, -18.43518829345703, 69.79962921142578, 15.8339222614841, 283, 223.0, 381, 5, 60303.43536376953, 180.75054931640625, 242.04139709472656, 213.08634404158846
LOSS, 2444.7654724121094, -17.66242218017578, 61.398468017578125, 12.223827362060547, 200, 175.0, 386, 1, 42136.82978820801, 155.527587890625, 234.54132080078125, 210.68414894104004
LOSS, 5303.640403747559, -16.00006103515625, 62.95074462890625, 26.518202018737792, 200, 201.8000030517578, 386, 4, 41653.51446533203, 210.37017822265625, 239.11778259277344, 208.26757232666014
LOSS, 11811.0, -16.504920959472656, 71.6063461303711, 23.158823529411766, 510, 223.0, 365, 9, 108541.59869384766, 182.7819366455078, 242.5724639892578, 212.82666410558363
LOSS, 6545.6378173828125, -16.00006103515625, 71.10799407958984, 18.490502308990997, 354, 175.0, 376, 5, 76489.57772827148, 203.74337768554688, 241.78973388671875, 216.07225346969346
LOSS, 10051.0, -21.869972229003906, 64.9086685180664, 15.853312302839116, 634, 223.0, 357, 7, 133041.45077514648, 189.65472412109375, 243.17198181152344, 209.84455958224999
LOSS, 12181.0, -21.14118194580078, 72.11385345458984, 15.322012578616352, 795, 223.0, 346, 10, 175939.64012145996, 188.642822265625, 249.9954376220703, 221.30772342322007
LOSS, 10746.31591796875, -18.514137268066406, 68.2298812866211, 12.885270884854616, 834, 175.0, 344, 9, 187052.82147216797, 206.8229522705078, 252.9178466796875, 224.28395859972179
LOSS, 3773.2720336914062, -13.330001831054688, 57.85003662109375, 19.25138792699697, 196, 223.0, 386, 2, 44344.3489074707, 148.37522888183594, 248.5603485107422, 226.24667809934033
LOSS, 4506.212257385254, -16.00006103515625, 70.9752426147461, 15.070944004632956, 299, 202.3160858154297, 380, 4, 64820.46612548828, 185.07467651367188, 248.0081024169922, 216.79085660698422
LOSS, 19750.87060546875, -15.853904724121094, 71.3927230834961, 37.62070591517857, 525, 223.0, 364, 17, 119019.11920166016, 181.76583862304688, 249.1039276123047, 226.7030841936384
LOSS, 4356.872131347656, -13.27532958984375, 70.49092864990234, 19.625550141205657, 222, 191.0, 385, 5, 49826.8962097168, 169.53277587890625, 244.32583618164062, 224.44547842214774
LOSS, 7441.0, -16.123519897460938, 71.5660629272461, 19.12853470437018, 389, 223.0, 374, 5, 87659.5532989502, 229.1876220703125, 249.66856384277344, 225.34589537005192
LOSS, 13331.652389526367, -16.48967742919922, 71.49434661865234, 16.62300796699048, 802, 129.10000610351562, 346, 13, 178929.17111206055, 189.87069702148438, 272.8793029785156, 223.10370462850443
LOSS, 7409.3199462890625, -16.00006103515625, 63.51569366455078, 21.29114927094558, 348, 191.0, 376, 5, 77617.98397827148, 190.50942993164062, 252.1498260498047, 223.04018384560771
LOSS, 7055.07177734375, -13.638671875, 71.7821273803711, 26.12989547164352, 270, 207.0, 381, 6, 59311.5391998291, 187.7415008544922, 246.3584442138672, 219.67236740677444
LOSS, 17567.65478515625, -18.71380615234375, 71.8889389038086, 18.14840370367381, 968, 207.0, 335, 16, 225315.0673675537, 182.1393585205078, 268.48480224609375, 232.7634993466464
LOSS, 5415.110046386719, -14.514633178710938, 63.3795166015625, 22.376487794986442, 242, 191.0, 383, 1, 55504.523864746094, 192.1083984375, 270.7520751953125, 229.3575366311822
LOSS, 2073.9998779296875, -16.00006103515625, 60.80665588378906, 7.6249995512120865, 272, 223.0, 381, 2, 62429.86459350586, 188.21051025390625, 272.614990234375, 229.52156100553626
LOSS, 15257.817626953125, -18.14130401611328, 71.22212982177734, 26.306582115436424, 580, 223.0, 361, 12, 134685.65483093262, 192.61183166503906, 263.64898681640625, 232.21664626022866
LOSS, 6701.0, -17.01622772216797, 69.7997055053711, 13.64765784114053, 491, 223.0, 367, 8, 115444.41151428223, 196.01243591308594, 263.0615234375, 235.12100104741796
LOSS, 1146.0148239135742, -13.000030517578125, 59.82658386230469, 9.63037667154264, 119, 179.9164581298828, 392, 1, 27423.46954345703, 174.04110717773438, 253.05052185058594, 230.44932389459692
LOSS, 6678.37890625, -12.9998779296875, 71.16490936279297, 29.681684027777777, 225, 175.0, 384, 3, 52295.750427246094, 238.89996337890625, 259.1893310546875, 232.4255574544271
LOSS, 11561.0, -16.00006103515625, 70.9795150756836, 18.921440261865794, 611, 223.0, 359, 12, 142756.92431640625, 199.03355407714844, 279.8171081542969, 233.64472064878274
LOSS, 13208.051025390625, -16.74026107788086, 70.4826889038086, 25.158192429315477, 525, 191.0, 364, 10, 121897.16751098633, 222.7648468017578, 278.4168701171875, 232.1850809733073
LOSS, 14111.0, -16.654205322265625, 72.11385345458984, 23.99829931972789, 588, 223.0, 360, 13, 140514.1376953125, 195.3535614013672, 265.5232849121094, 238.96962193080358
LOSS, 18676.020263671875, -17.46379852294922, 64.8552474975586, 22.943513837434736, 814, 207.0, 345, 16, 189302.93045043945, 198.48533630371094, 268.2450256347656, 232.5588826172475
LOSS, 3931.0, -15.999984741210938, 70.05773162841797, 21.5989010989011, 182, 223.0, 387, 4, 43411.154235839844, 240.2145233154297, 262.06640625, 238.52282547164748
LOSS, 5526.67333984375, -13.000030517578125, 66.38402557373047, 21.09417305283874, 262, 207.0, 382, 2, 60636.165603637695, 193.18898010253906, 261.9942626953125, 231.43574657876982
LOSS, 10233.119384765625, -12.9998779296875, 71.1797103881836, 30.18619287541482, 339, 191.0, 377, 9, 78105.5952911377, 199.3829803466797, 258.8177490234375, 230.39998610955072
WIN , 20900.0, -16.20386505126953, 85.69580078125, 16.430817610062892, 1272, 175.0, 315, 20, 302896.1035003662, 198.99490356445312, 270.34222412109375, 238.12586753173443
LOSS, 1521.0, -15.999984741210938, 59.126953125, 7.009216589861751, 217, 223.0, 385, 0, 50717.4912109375, 168.08123779296875, 258.8030090332031, 233.72115765408986
LOSS, 11760.892578125, -21.870277404785156, 71.8578109741211, 12.909871106613611, 911, 223.0, 339, 9, 218425.30137634277, 232.23219299316406, 279.48162841796875, 239.76432642847726
LOSS, 3965.6682739257812, -14.785484313964844, 59.82536315917969, 13.397527952451963, 296, 223.0, 380, 2, 69782.69108581543, 201.90663146972656, 285.9427185058594, 235.75233474937644
LOSS, 7481.728759765625, -53.87412071228027, 69.69518280029297, 12.047872398978463, 621, 223.0, 358, 6, 149238.83744812012, 202.8377685546875, 268.7192687988281, 240.3201891274076
LOSS, 3469.0, -16.00006103515625, 58.58650207519531, 16.598086124401913, 209, 207.0, 386, 3, 49761.80009460449, 200.16287231445312, 266.16082763671875, 238.09473729475835
WIN , 24389.768089294434, -16.814346313476562, 69.2790756225586, 33.31935531324376, 732, 155.4638214111328, 351, 16, 175647.91796875, 205.54188537597656, 282.7797546386719, 239.95617208845627
LOSS, 5644.513732910156, -13.000030517578125, 61.76788330078125, 33.59829602922712, 168, 191.0, 388, 0, 40273.95622253418, 204.91786193847656, 281.809326171875, 239.72592989603677
LOSS, 4379.0, -17.03270721435547, 60.80665588378906, 14.79391891891892, 296, 207.0, 380, 3, 68538.59260559082, 195.78375244140625, 278.5037536621094, 231.54929934321223
LOSS, 20478.603271484375, -16.501846313476562, 70.0505599975586, 27.37781186027323, 748, 207.0, 350, 14, 179339.62406921387, 198.94927978515625, 292.2527770996094, 239.75885570750518
LOSS, 9531.299072265625, -17.662269592285156, 69.1197738647461, 11.018842858110549, 865, 223.0, 342, 9, 211562.11277770996, 196.1852264404297, 280.1163330078125, 244.5804771996647
LOSS, 4914.879943847656, -13.000030517578125, 63.50799560546875, 33.89572375067349, 145, 191.0, 390, 2, 35112.96952819824, 197.72027587890625, 274.6108093261719, 242.15841053929822
LOSS, 4664.4366455078125, -16.00006103515625, 62.824249267578125, 8.542924259171818, 546, 175.0, 363, 3, 133444.36576843262, 240.1185302734375, 283.8251647949219, 244.40360030848464
LOSS, 8241.0, -16.00006103515625, 68.81795501708984, 9.00655737704918, 915, 223.0, 338, 9, 223071.70721435547, 210.5611114501953, 279.3590393066406, 243.79421553481473
LOSS, 8321.436897277832, -16.692256927490234, 71.0381088256836, 39.25206083621619, 212, 130.64549255371094, 385, 5, 49754.83493041992, 228.8856201171875, 275.58575439453125, 234.6926175963204
LOSS, 19454.17236328125, -22.48944091796875, 71.87276458740234, 23.467035420122134, 829, 175.0, 344, 21, 200064.23318481445, 220.94476318359375, 272.0256652832031, 241.3320062542997
LOSS, 12951.0, -16.803688049316406, 70.05765533447266, 16.603846153846153, 780, 223.0, 347, 11, 187737.1056060791, 225.1470947265625, 270.1941833496094, 240.68859693087063
LOSS, 10130.252563476562, -17.662269592285156, 72.0689926147461, 28.943578752790177, 350, 191.0, 376, 8, 85416.3783416748, 240.29989624023438, 274.47357177734375, 244.04679526192803
LOSS, 3310.783935546875, -15.999984741210938, 60.729156494140625, 15.327703405309606, 216, 223.0, 385, 2, 52502.504318237305, 204.57376098632812, 294.09173583984375, 243.067149621469
LOSS, 13575.814453125, -18.43968963623047, 64.08660888671875, 19.96443301930147, 680, 223.0, 354, 9, 164590.39083862305, 217.20425415039062, 296.99542236328125, 242.04469240973978
LOSS, 5231.0, -16.00006103515625, 69.50971221923828, 13.838624338624339, 378, 223.0, 374, 3, 92481.31964111328, 225.2980499267578, 281.36920166015625, 244.65957577014095
LOSS, 5416.0, -31.2774658203125, 71.65303802490234, 21.664, 250, 223.0, 383, 5, 61290.01396179199, 188.7834930419922, 277.3927917480469, 245.16005584716797
LOSS, 7543.9998779296875, -20.284095764160156, 71.4946517944336, 17.919239615034886, 421, 223.0, 371, 5, 103769.86026000977, 246.7668914794922, 273.052001953125, 246.48422864610396
LOSS, 4501.02197265625, -16.13641357421875, 66.79952239990234, 8.19858282815346, 549, 223.0, 363, 5, 132790.71589660645, 215.57762145996094, 287.7793884277344, 241.87744243462012
LOSS, 5429.3199462890625, -15.999984741210938, 65.52312469482422, 9.328728430049935, 582, 191.0, 361, 6, 146996.6300354004, 217.6920928955078, 278.09564208984375, 252.5715292704474
LOSS, 2277.0, -17.943580627441406, 61.90971374511719, 13.47337278106509, 169, 191.0, 388, 2, 42187.07460021973, 214.03369140625, 271.78240966796875, 249.62766035632976
LOSS, 17891.0, -16.10173797607422, 69.7984848022461, 22.087654320987653, 810, 223.0, 345, 14, 196206.88864135742, 210.57875061035156, 288.73822021484375, 242.23072671772522
LOSS, 5215.110046386719, -16.48968505859375, 63.3795166015625, 26.88201054838515, 194, 191.0, 387, 1, 47476.92594909668, 221.7161865234375, 267.94171142578125, 244.72642241802413
LOSS, 15971.7802734375, -16.046707153320312, 67.9662094116211, 15.416776325711872, 1036, 191.0, 330, 12, 256482.06100463867, 215.325927734375, 283.0167541503906, 247.56955695428442
LOSS, 19784.9638671875, -29.431732177734375, 71.7052230834961, 25.528985635080645, 775, 191.0, 348, 17, 191806.3943939209, 234.45062255859375, 275.7832946777344, 247.4921217986076
LOSS, 1247.890625, -47.58374786376953, 83.0548324584961, 0.3858659941249227, 3234, 175.0, 184, 19, 804749.6392669678, 233.82537841796875, 286.6952209472656, 248.84033372509825
LOSS, 4601.4873046875, -14.690025329589844, 69.11336517333984, 25.144739369877048, 183, 191.0, 387, 3, 44208.78463745117, 212.83372497558594, 267.2149963378906, 241.57805812814848
LOSS, 6707.18017578125, -16.00006103515625, 63.72344970703125, 23.700283306647528, 283, 175.0, 381, 4, 71028.64930725098, 236.38829040527344, 277.2674255371094, 250.9846265273886
LOSS, 11461.0, -16.88581085205078, 66.4876480102539, 15.30173564753004, 749, 223.0, 350, 11, 187779.4360961914, 210.90658569335938, 279.9352111816406, 250.70685727128358
LOSS, 17451.0, -20.795089721679688, 62.457275390625, 21.705223880597014, 804, 223.0, 346, 11, 199234.28953552246, 234.10675048828125, 282.6504211425781, 247.8038427058737
LOSS, 12305.000244140625, -27.71728515625, 70.05765533447266, 17.6289401778519, 698, 223.0, 353, 12, 174553.15911865234, 218.8649444580078, 291.885986328125, 250.076159195777
LOSS, 10234.252563476562, -15.999755859375, 71.86849212646484, 22.345529614577647, 458, 223.0, 369, 6, 113253.16061401367, 219.7947540283203, 286.59661865234375, 247.2776432620386
LOSS, 2739.0, -16.00006103515625, 63.86632537841797, 14.41578947368421, 190, 207.0, 387, 3, 46461.01431274414, 256.71868896484375, 277.5391845703125, 244.53165427760075
LOSS, 8409.557510375977, -25.20965576171875, 65.47843170166016, 19.60269815938456, 429, 165.88497924804688, 371, 8, 103279.02003479004, 217.54359436035156, 267.94305419921875, 240.74363644473203
LOSS, 5861.301780700684, -16.48968505859375, 62.648216247558594, 18.60730724031963, 315, 169.8000030517578, 378, 3, 78228.61665344238, 218.34169006347656, 272.3450012207031, 248.34481477283296
LOSS, 19239.57666015625, -16.00006103515625, 68.13451385498047, 25.687018237858812, 749, 223.0, 350, 14, 185859.70491027832, 217.8617706298828, 289.2030334472656, 248.1437982780752
LOSS, 19601.564697265625, -17.117263793945312, 71.9676742553711, 22.049004158903966, 889, 207.0, 340, 12, 219894.7608795166, 212.42674255371094, 284.5758972167969, 247.35068715356198
LOSS, 9586.481201171875, -19.12535858154297, 67.9662094116211, 13.5978456754211, 705, 191.0, 352, 8, 173407.26559448242, 230.51571655273438, 281.43548583984375, 245.96775261628713
LOSS, 6285.3208084106445, -17.633834838867188, 69.7997055053711, 15.713302021026612, 400, 217.26731872558594, 373, 7, 101525.0064239502, 221.62353515625, 283.0135498046875, 253.8125160598755
LOSS, 9127.432861328125, -16.48967742919922, 65.45003509521484, 18.742161932911962, 487, 175.0, 367, 7, 122978.34609985352, 223.42247009277344, 281.30145263671875, 252.52227125226594
LOSS, 2313.6542358398438, -16.00006103515625, 61.5838623046875, 7.032383695561835, 329, 207.0, 378, 1, 81711.31394958496, 229.81948852539062, 284.1087646484375, 248.36265638171722
LOSS, 10836.794921875, -19.431068420410156, 68.06693267822266, 11.766335420059718, 921, 191.0, 338, 8, 222660.07160949707, 216.0501251220703, 292.7355041503906, 241.75903540662006
LOSS, 6457.6669921875, -16.00006103515625, 59.599876403808594, 21.454043163413623, 301, 207.0, 379, 0, 73488.50852966309, 244.50445556640625, 288.2698974609375, 244.1478688693126
LOSS, 9161.779052734375, -13.330078125, 56.893768310546875, 28.90151120736396, 317, 191.0, 378, 5, 78237.7612915039, 236.09727478027344, 284.0268249511719, 246.806817954271
LOSS, 12490.669189453125, -54.30694580078125, 70.5895004272461, 10.889859799000108, 1147, 223.0, 323, 14, 275243.37409973145, 216.858154296875, 285.4711608886719, 239.96806809043719
LOSS, 7054.9107666015625, -15.204170227050781, 71.45162200927734, 31.92267315204327, 221, 186.447998046875, 385, 5, 55789.96911621094, 229.46578979492188, 289.51947021484375, 252.4432991683753
LOSS, 4526.1976318359375, -10.0, 70.9337387084961, 25.428076583347963, 178, 156.5, 388, 3, 45841.774337768555, 225.0767364501953, 308.0208435058594, 257.5380580773514
LOSS, 5421.172309875488, -12.9998779296875, 64.16259765625, 40.760694059214195, 133, 216.34007263183594, 391, 2, 33712.82940673828, 241.52565002441406, 285.8209533691406, 253.47992035141564
LOSS, 10001.0, -20.779693603515625, 69.6532211303711, 13.75653370013755, 727, 223.0, 351, 9, 186416.90649414062, 228.4109344482422, 295.82818603515625, 256.419403705833
LOSS, 4768.754211425781, -13.63800048828125, 60.05279541015625, 16.850721595144105, 283, 223.0, 381, 1, 71587.06520080566, 240.0471954345703, 286.60906982421875, 252.95782756468432
LOSS, 8276.820922851562, -19.58745574951172, 67.4077377319336, 9.84164200101256, 841, 223.0, 343, 11, 212848.40522766113, 211.7428741455078, 290.66339111328125, 253.0896613884199
LOSS, 9138.208251953125, -17.01622772216797, 61.58393859863281, 13.67995247298372, 668, 223.0, 355, 9, 172688.96855163574, 224.28604125976562, 282.7543029785156, 258.5164199874786
LOSS, 3880.9047241210938, -16.00006103515625, 61.21795654296875, 11.724787686166446, 331, 191.0, 377, 5, 86521.6950378418, 234.8316650390625, 290.1689453125, 261.3948490569239
LOSS, 5858.31884765625, -16.13641357421875, 58.71434783935547, 14.048726253372303, 417, 207.0, 372, 3, 100706.82154846191, 197.82923889160156, 284.7220458984375, 241.50316918096382
LOSS, 10209.67919921875, -12.9998779296875, 71.22212982177734, 31.707078258443325, 322, 223.0, 378, 6, 85720.5834197998, 228.18777465820312, 291.2130126953125, 266.2129919869559
LOSS, 13088.300003051758, -30.5364990234375, 67.22798919677734, 19.534776123957847, 670, 148.39999389648438, 355, 10, 171289.45390319824, 231.11431884765625, 303.79681396484375, 255.65590134805709
LOSS, 3697.475830078125, -18.669967651367188, 70.46956634521484, 5.437464455997243, 680, 223.0, 354, 4, 166059.65939331055, 205.56570434570312, 300.13519287109375, 244.2053814607508
LOSS, 7730.4012451171875, -17.01622772216797, 58.457923889160156, 10.887889077629842, 710, 223.0, 352, 6, 181970.982711792, 222.4057159423828, 297.4731750488281, 256.2971587490028
LOSS, 6340.5849609375, -15.141426086425781, 68.0498275756836, 25.161051432291668, 252, 223.0, 383, 4, 64061.147552490234, 231.22235107421875, 318.29345703125, 254.21090298607237
LOSS, 6913.5177001953125, -18.33984375, 60.54901123046875, 9.35523369444562, 739, 223.0, 350, 10, 188739.99334716797, 232.1659698486328, 300.7063903808594, 255.39917908953717
LOSS, 2603.8629455566406, -16.01122283935547, 61.23313903808594, 17.130677273398952, 152, 191.0, 389, 2, 37166.696197509766, 230.0424041748047, 298.0362243652344, 244.51773814151161
LOSS, 5798.147644042969, -57.85003662109375, 56.96044921875, 20.062794616065634, 289, 207.0, 380, 3, 72923.95945739746, 220.56106567382812, 312.97052001953125, 252.33203964497392
WIN , 22406.21075820923, -22.04345703125, 86.59830093383789, 17.342268388706835, 1292, 122.57848358154297, 313, 16, 336402.92936706543, 229.680908203125, 314.2419128417969, 260.37378433983395
LOSS, 5311.329193115234, -16.00006103515625, 61.91123962402344, 14.472286629741783, 367, 175.30426025390625, 375, 4, 96267.18963623047, 224.1300048828125, 304.783447265625, 262.308418627331
LOSS, 6842.190963745117, -18.462913513183594, 65.55196380615234, 16.21372266290312, 422, 177.10000610351562, 371, 8, 104242.41673278809, 201.9072265625, 303.7880554199219, 247.01994486442675
LOSS, 10325.3603515625, -23.7188720703125, 63.58068084716797, 20.859313841540406, 495, 223.0, 366, 11, 129338.47535705566, 225.98703002929688, 310.4870300292969, 261.2898492061731
LOSS, 8306.483032226562, -29.704055786132812, 66.59703826904297, 14.29687268885811, 581, 191.0, 361, 7, 146442.73077392578, 222.2611846923828, 314.5034484863281, 252.0528928983232
LOSS, 16608.89794921875, -31.2774658203125, 71.1675033569336, 21.050567742989543, 789, 223.0, 347, 9, 208234.59468078613, 212.8241424560547, 304.3477478027344, 263.9221732329355
LOSS, 7326.324462890625, -22.04345703125, 62.830810546875, 8.945451114640568, 819, 175.0, 345, 10, 204049.60662841797, 204.49215698242188, 317.3442077636719, 249.14481883811717
LOSS, 4286.851135253906, -16.00006103515625, 61.584014892578125, 17.011314028785343, 252, 223.0, 383, 0, 65498.98419189453, 231.28404235839844, 313.5137023925781, 259.9166039360894
LOSS, 12176.2197265625, -52.554931640625, 72.1385726928711, 19.544493943117978, 623, 223.0, 358, 10, 167533.22843933105, 219.21832275390625, 316.7449951171875, 268.9136893087176
LOSS, 13634.00048828125, -16.407981872558594, 70.05765533447266, 25.920153019546103, 526, 223.0, 364, 14, 137090.83123779297, 218.63525390625, 317.4210205078125, 260.62895672584216
LOSS, 12928.433837890625, -17.983718872070312, 66.5807113647461, 18.23474448221527, 709, 175.0, 352, 9, 193828.3886566162, 225.48385620117188, 326.0193176269531, 273.3827766665955
LOSS, 3270.5932006835938, -16.00006103515625, 62.74268341064453, 15.002721104053183, 218, 223.0, 385, 2, 55219.15837097168, 225.7867889404297, 306.73388671875, 253.29889160996183
LOSS, 10711.243774414062, -16.00006103515625, 69.1356430053711, 29.106640691342562, 368, 191.0, 375, 6, 99749.21681213379, 219.7392578125, 309.2060241699219, 271.05765438079834
LOSS, 5488.929626464844, -16.985031127929688, 66.99042510986328, 27.444648132324218, 200, 191.0, 386, 2, 51246.06677246094, 200.15733337402344, 307.6402282714844, 256.2303338623047
LOSS, 7776.3228759765625, -16.00006103515625, 68.21553802490234, 15.615106176659763, 498, 223.0, 366, 5, 133639.3584136963, 215.43817138671875, 308.202392578125, 268.3521253287074
LOSS, 1621.0, -16.07270050048828, 63.11530303955078, 13.396694214876034, 121, 223.0, 391, 1, 29698.443969726562, 222.30409240722656, 298.26788330078125, 245.44168570021952
LOSS, 4507.0, -17.633834838867188, 60.24378967285156, 10.730952380952381, 420, 191.0, 371, 6, 108554.00965881348, 228.57154846191406, 302.47088623046875, 258.4619277590797
LOSS, 7698.84912109375, -15.999755859375, 63.842063903808594, 16.38053004488032, 470, 223.0, 368, 4, 130567.1756439209, 233.56773376464844, 309.62359619140625, 277.80250137004447
LOSS, 4539.548645019531, -43.42546844482422, 58.58650207519531, 14.36566026904915, 316, 175.0, 378, 3, 83593.06632995605, 233.6203155517578, 302.9345703125, 264.5350200315065
LOSS, 14187.566162109375, -50.0244140625, 65.5821762084961, 23.182297650505514, 612, 223.0, 359, 9, 156906.78842163086, 207.9146270751953, 311.0155944824219, 256.38364121181513
LOSS, 5000.8446044921875, -19.275390625, 59.366355895996094, 11.935189986854862, 419, 191.0, 372, 2, 106870.89225769043, 217.1561737060547, 316.484130859375, 255.0617953644163
LOSS, 9512.409545898438, -15.999755859375, 71.6228256225586, 20.860547249777277, 456, 191.0, 369, 6, 123081.75157165527, 226.68699645996094, 314.9454345703125, 269.9161218676651
LOSS, 9861.0, -33.000244140625, 66.8077621459961, 17.031088082901555, 579, 223.0, 361, 7, 150099.27108764648, 199.2253875732422, 319.8462829589844, 259.23881016864675
LOSS, 12659.446044921875, -33.5113525390625, 70.3465805053711, 28.706226859233276, 441, 223.0, 370, 14, 117846.21078491211, 205.49928283691406, 323.0462646484375, 267.22496776624064
LOSS, 1829.599998474121, -10.0, 57.85003662109375, 32.671428544180735, 56, 185.8000030517578, 396, 2, 14188.899200439453, 213.38731384277344, 312.8288879394531, 253.37320000784737
LOSS, 6034.172187805176, -13.396148681640625, 61.9097900390625, 26.465667490373576, 228, 216.34007263183594, 384, 3, 58675.05751037598, 216.00753784179688, 315.3381652832031, 257.3467434665613
LOSS, 11651.0, -16.39013671875, 70.8354721069336, 17.869631901840492, 652, 223.0, 356, 13, 169946.70782470703, 204.18016052246094, 309.676513671875, 260.65445985384514
LOSS, 9696.875854492188, -17.1143798828125, 64.1087875366211, 27.864585788770654, 348, 223.0, 376, 5, 89836.89880371094, 224.65570068359375, 322.9425048828125, 258.1520080566406
LOSS, 11561.916748046875, -15.141426086425781, 69.24260711669922, 24.495586330607786, 472, 223.0, 368, 8, 128975.6468963623, 223.53431701660156, 318.18084716796875, 273.2534891872083
LOSS, 13153.032470703125, -33.000244140625, 69.00662994384766, 14.862183582715396, 885, 223.0, 340, 10, 233608.301071167, 216.21075439453125, 328.5686340332031, 263.96418200131865
LOSS, 17287.93788909912, -18.897872924804688, 72.1104965209961, 14.503303598237517, 1192, 201.8000030517578, 320, 13, 316130.93084716797, 217.86390686035156, 319.0223083496094, 265.2105124556778
LOSS, 5935.9639892578125, -16.00006103515625, 64.50003814697266, 14.23492563371178, 417, 223.0, 372, 2, 111329.5189819336, 218.3729248046875, 309.8964538574219, 266.9772637456441
LOSS, 8057.1602783203125, -17.940582275390625, 71.22212982177734, 15.230926802117793, 529, 223.0, 364, 6, 139474.40483093262, 201.11546325683594, 315.64849853515625, 263.656719907245
LOSS, 11862.521484375, -18.462913513183594, 67.9448471069336, 17.44488453584559, 680, 159.0, 354, 14, 174657.900390625, 222.37437438964844, 322.02520751953125, 256.849853515625
LOSS, 1071.0, -13.27532958984375, 57.85003662109375, 6.865384615384615, 156, 223.0, 389, 0, 38004.592376708984, 228.8487091064453, 321.6921691894531, 243.61918190198068
LOSS, 12742.00048828125, -26.092529296875, 69.8290023803711, 17.45479518942637, 730, 207.0, 351, 15, 195365.1222229004, 219.64430236816406, 319.86785888671875, 267.6234550998636
LOSS, 7171.0, -17.985244750976562, 62.527992248535156, 13.897286821705427, 516, 223.0, 365, 6, 128095.27380371094, 221.8558349609375, 311.43951416015625, 248.24665465835454
LOSS, 8566.0, -17.19554901123047, 70.6441421508789, 24.828985507246376, 345, 223.0, 376, 4, 92242.94520568848, 222.54049682617188, 329.712890625, 267.3708556686623
LOSS, 6914.050537109375, -19.463424682617188, 61.22993469238281, 24.00711992051866, 288, 223.0, 380, 4, 77763.83512878418, 229.99400329589844, 319.38494873046875, 270.0133164193895
LOSS, 6653.9998779296875, -18.20404815673828, 60.29083251953125, 14.91928223751051, 446, 223.0, 370, 6, 111453.04159545898, 227.81578063964844, 317.1065979003906, 249.89471209744167
LOSS, 4031.0277099609375, -15.999984741210938, 58.41217041015625, 9.14065240353954, 441, 191.0, 370, 0, 111979.65641784668, 224.00552368164062, 329.4515686035156, 253.92212339647773
LOSS, 5302.696960449219, -54.8568115234375, 63.444419860839844, 10.336641248439022, 513, 184.4937744140625, 365, 5, 129828.79161071777, 216.21351623535156, 316.3946533203125, 253.07756649262723
LOSS, 14017.094970703125, -36.9205322265625, 65.08032989501953, 8.804707896170305, 1592, 223.0, 293, 20, 388210.5824584961, 201.68850708007812, 317.6197204589844, 243.85086837845233
LOSS, 7484.6148681640625, -15.141426086425781, 68.2640609741211, 24.783492940940604, 302, 127.5, 379, 6, 76005.0765838623, 214.73582458496094, 318.5108947753906, 251.6724390194116
LOSS, 4181.0, -20.062301635742188, 58.71148681640625, 35.73504273504273, 117, 223.0, 392, 2, 31127.758010864258, 214.00003051757812, 317.45556640625, 266.04921376807056
LOSS, 19079.447998046875, -17.28313446044922, 71.2437973022461, 18.816023666712894, 1014, 207.0, 332, 13, 270045.97261047363, 209.8441619873047, 318.08013916015625, 266.31752722926393
LOSS, 7308.8704833984375, -15.999984741210938, 70.0322494506836, 23.129336972779864, 316, 223.0, 378, 5, 80339.36744689941, 211.16529846191406, 315.82373046875, 254.2385045787956
LOSS, 3602.5567016601562, -17.404220581054688, 54.4000244140625, 22.515979385375978, 160, 223.0, 389, 4, 41657.13317871094, 207.2980194091797, 316.82293701171875, 260.35708236694336
LOSS, 12361.999877929688, -19.936187744140625, 67.94454193115234, 20.67224059854463, 598, 207.0, 360, 12, 158588.1528930664, 213.65609741210938, 326.0593566894531, 265.1975800887398
LOSS, 8979.0, -16.00006103515625, 61.58393859863281, 9.802401746724891, 916, 207.0, 338, 14, 250594.78657531738, 210.25819396972656, 317.2088317871094, 273.57509451453865
LOSS, 9566.632568359375, -17.632308959960938, 71.3689193725586, 19.248757682815643, 497, 191.0, 366, 9, 136343.5073852539, 204.4246063232422, 320.00299072265625, 274.33301284759335
LOSS, 2731.0, -17.662269592285156, 62.14385986328125, 8.377300613496933, 326, 223.0, 378, 2, 85508.693359375, 200.674560546875, 311.78765869140625, 262.29660539685585
LOSS, 5545.980201721191, -13.606109619140625, 71.22212982177734, 41.38791195314322, 134, 193.6999969482422, 391, 3, 37607.17886352539, 204.97999572753906, 311.2236633300781, 280.65058853377155
WIN , 22070.0, -17.50006103515625, 70.1231918334961, 17.870445344129553, 1235, 175.0, 317, 23, 332855.86656188965, 209.5054168701172, 328.8988342285156, 269.51892029302803
LOSS, 11546.0, -36.49488067626953, 70.23336029052734, 23.611451942740285, 489, 223.0, 367, 9, 132658.17163085938, 205.26783752441406, 317.14239501953125, 271.2846045620846
LOSS, 7872.024169921875, -34.0, 64.7905502319336, 5.651130057373924, 1393, 223.0, 307, 14, 348174.6788330078, 192.9124298095703, 319.9488525390625, 249.94592881048658
LOSS, 7646.042747497559, -33.046417236328125, 59.18815612792969, 22.098389443634563, 346, 201.8000030517578, 376, 7, 91174.80612182617, 200.9153289794922, 319.36639404296875, 263.5110003520988
LOSS, 11991.0, -45.4351806640625, 65.4497299194336, 16.381147540983605, 732, 223.0, 351, 14, 206576.4651031494, 193.897705078125, 321.1317138671875, 282.2082856600402
LOSS, 8485.712524414062, -16.00006103515625, 64.9666519165039, 17.005435920669463, 499, 223.0, 366, 6, 137488.30508422852, 194.77291870117188, 331.2455749511719, 275.52766549945596
LOSS, 6851.0, -17.662269592285156, 59.91847229003906, 22.38888888888889, 306, 223.0, 379, 4, 80964.1649017334, 198.97854614257812, 341.39215087890625, 264.5887741886712
LOSS, 5392.708923339844, -17.209274291992188, 61.514892578125, 19.75351253970639, 273, 191.0, 381, 3, 68020.77764892578, 196.61302185058594, 321.40594482421875, 249.1603576883728
LOSS, 12450.49560546875, -16.48968505859375, 64.3923110961914, 22.803105504521522, 546, 175.0, 363, 7, 154304.4580230713, 195.0266876220703, 341.7669372558594, 282.6088974781525
LOSS, 9762.2783203125, -21.870277404785156, 66.50975799560547, 11.208126659371413, 871, 191.0, 341, 12, 225787.68319702148, 173.59625244140625, 336.66180419921875, 259.2281092962359
LOSS, 11269.265625, -16.00006103515625, 69.3468246459961, 15.187689521563343, 742, 191.0, 350, 15, 199711.31565856934, 177.91134643554688, 354.89739990234375, 269.15271652098295
LOSS, 4903.1928634643555, -16.536537170410156, 64.9709243774414, 32.25784778594971, 152, 144.33998107910156, 389, 4, 42385.90229797363, 198.3365936279297, 338.5977478027344, 278.8546203814055
LOSS, 5654.4268798828125, -24.115028381347656, 63.91790008544922, 7.65145721229068, 739, 175.0, 350, 4, 175461.21098327637, 186.9987335205078, 339.1017150878906, 237.43059672973797
LOSS, 15150.0771484375, -37.58555603027344, 69.1445083618164, 15.94744962993421, 950, 223.0, 336, 13, 242455.52529907227, 176.88441467285156, 343.8525390625, 255.21634242007607
LOSS, 16113.868896484375, -15.999755859375, 70.2458724975586, 33.36204740472955, 483, 191.0, 367, 14, 132587.5421447754, 189.00526428222656, 351.4202880859375, 274.50836882976273
LOSS, 17543.310546875, -17.27509307861328, 69.91185760498047, 21.79293235636646, 805, 175.0, 346, 17, 226375.11596679688, 192.89219665527344, 355.0819091796875, 281.21132418235635
LOSS, 4183.9998779296875, -13.27532958984375, 70.05765533447266, 30.992591688368055, 135, 223.0, 390, 4, 33402.878814697266, 199.15139770507812, 355.5493469238281, 247.42873196072048
LOSS, 2501.0, -18.77500343322754, 67.39295196533203, 23.373831775700936, 107, 223.0, 392, 0, 27849.25894165039, 195.87271118164062, 367.8282165527344, 260.2734480528074
LOSS, 5419.0, -17.58283233642578, 59.334716796875, 12.841232227488153, 422, 207.0, 371, 6, 118085.3211517334, 200.05902099609375, 353.1921081542969, 279.8230359045815
LOSS, 7455.2059326171875, -16.143577575683594, 63.269859313964844, 11.160487923079621, 668, 223.0, 355, 3, 191758.00857543945, 204.99220275878906, 361.1838684082031, 287.0628870889812
LOSS, 11936.85498046875, -32.99993896484375, 68.81970977783203, 18.086143909801137, 660, 159.0, 355, 9, 180218.48747253418, 204.31129455566406, 350.583984375, 273.0583143523245
LOSS, 7797.641845703125, -53.87413024902344, 66.2517318725586, 6.365421914859694, 1225, 223.0, 318, 4, 333237.6957702637, 193.03640747070312, 345.40948486328125, 272.0307720573581
LOSS, 5899.817077636719, -30.5364990234375, 69.32500457763672, 17.611394261602147, 335, 191.0, 377, 4, 99219.14031982422, 250.3996124267578, 352.8622131347656, 296.176538268132
LOSS, 4123.9998779296875, -35.939857482910156, 60.625831604003906, 10.711687994622565, 385, 223.0, 374, 3, 102786.51351928711, 185.0908660888672, 332.1288757324219, 266.9779571929535
LOSS, 4613.9998779296875, -36.221832275390625, 63.960792541503906, 20.0608690344769, 230, 223.0, 384, 5, 61466.53887939453, 186.85794067382812, 329.6817932128906, 267.24582121475885
LOSS, 10031.0, -17.970726013183594, 61.79283142089844, 13.854972375690608, 724, 223.0, 351, 6, 185761.3836517334, 178.669189453125, 337.97821044921875, 256.57649675653784
LOSS, 18439.0, -18.462913513183594, 70.6859359741211, 17.329887218045112, 1064, 207.0, 329, 18, 266525.42820739746, 186.80599975585938, 353.78509521484375, 250.4938235031931
LOSS, -21954.34008026123, -28.867530822753906, 56.9680061340332, -3.659666624480952, 5999, 225.01988220214844, 0, 5, 1171958.4408569336, 160.8013458251953, 340.9521179199219, 195.3589666372618
LOSS, 7568.3818359375, -16.123519897460938, 70.4655990600586, 21.810898662644092, 347, 191.0, 376, 4, 98641.96856689453, 179.47731018066406, 336.54022216796875, 284.27080278643956
LOSS, 6809.208923339844, -33.92486572265625, 69.5097885131836, 23.80842280888057, 286, 177.2279052734375, 380, 4, 76020.78819274902, 174.76071166992188, 333.46392822265625, 265.8069517228987
LOSS, 6806.017158508301, -17.01622772216797, 71.22212982177734, 29.463277742460175, 231, 185.32774353027344, 384, 2, 67260.8271484375, 180.72900390625, 338.1153564453125, 291.17241189799785
LOSS, 1890.9299545288086, -16.215728759765625, 59.59556579589844, 19.49412324256504, 97, 185.8000030517578, 393, 3, 22359.36068725586, 179.18954467773438, 326.1116943359375, 230.5088730644934
LOSS, 16341.0, -37.437744140625, 69.9645004272461, 14.62936436884512, 1117, 223.0, 325, 14, 297462.75941467285, 171.27467346191406, 337.41766357421875, 266.30506662011896
LOSS, 9276.7431640625, -16.00006103515625, 66.0625228881836, 20.707015991210938, 448, 175.0, 370, 8, 120282.111328125, 191.75881958007812, 333.9815673828125, 268.48685564313615
WIN , 22206.0, -22.069007873535156, 71.9713363647461, 16.63370786516854, 1335, 223.0, 310, 23, 332371.68365478516, 155.67381286621094, 326.0882873535156, 248.96755329946453
LOSS, 11264.907470703125, -26.885986328125, 72.11324310302734, 9.838347135985263, 1145, 223.0, 323, 12, 279340.71562194824, 151.95108032226562, 324.4891052246094, 243.9656904995181
LOSS, 10646.3466796875, -42.74658203125, 65.47795867919922, 12.999202295100732, 819, 223.0, 345, 12, 220736.9878540039, 164.65953063964844, 324.1116943359375, 269.5201316898705
LOSS, 9081.567260742188, -17.595542907714844, 70.8775863647461, 24.089037826902356, 377, 191.0, 374, 8, 106807.69288635254, 187.6504669189453, 317.81256103515625, 283.3095302025266
LOSS, 6352.300003051758, -16.00006103515625, 63.7237548828125, 26.91652543665999, 236, 180.39999389648438, 384, 3, 62845.54237365723, 165.7905731201172, 315.2296447753906, 266.2946710748188
LOSS, 6328.034423828125, -16.00006103515625, 71.14156341552734, 16.47925631205241, 384, 207.0, 374, 7, 108926.34944152832, 171.9252166748047, 316.0383605957031, 283.66236833731335
LOSS, 14439.0, -16.00006103515625, 71.6295394897461, 23.905629139072847, 604, 207.0, 359, 11, 168730.55795288086, 217.5851287841797, 315.41058349609375, 279.35522839880934
LOSS, 2441.0, -18.897872924804688, 59.876861572265625, 5.68997668997669, 429, 223.0, 371, 4, 116199.8148651123, 187.15403747558594, 317.79803466796875, 270.8620393126161
LOSS, 12452.302490234375, -17.08173370361328, 68.63858795166016, 18.895754916895864, 659, 223.0, 356, 11, 180023.37405395508, 182.1580047607422, 327.6036071777344, 273.1765918876405
LOSS, 4497.0, -17.633834838867188, 68.2317123413086, 11.158808933002481, 403, 191.0, 373, 6, 113512.26025390625, 200.97482299804688, 337.8456115722656, 281.6681395878567
LOSS, 8613.958984375, -12.9998779296875, 65.45003509521484, 20.907667437803397, 412, 223.0, 372, 4, 115740.0164642334, 226.6987762451172, 318.0633850097656, 280.92237005881896
LOSS, 6100.0472412109375, -16.524017333984375, 63.64325714111328, 22.93250842560503, 266, 223.0, 382, 5, 74259.13246154785, 228.9453582763672, 318.5917663574219, 279.16967090807464
LOSS, 20056.294921875, -18.897872924804688, 65.3709945678711, 30.069407678973015, 667, 207.0, 355, 13, 182946.23162841797, 197.8425750732422, 333.0227355957031, 274.2822063394572
LOSS, 5987.7982177734375, -17.70135498046875, 61.55731201171875, 19.069421075711585, 314, 207.0, 379, 2, 88714.61572265625, 225.66229248046875, 317.10687255859375, 282.5306233205613
