WIN , 31779.05731201172, -35.18286895751953, 77.35774993896484, 8.503895454110708, 3737, 196.8853759765625, 150, 38, 11965.503997325897, 5.406671047210693, 31.617027282714844, 3.2019009893834354
WIN , 30062.0, -48.204200744628906, 82.32489776611328, 13.110335804622766, 2293, 191.0, 247, 35, 35718.92769861221, 7.639965534210205, 63.938331604003906, 15.577377975844838
LOSS, 24449.04833984375, -38.0, 83.0548324584961, 13.620639743645544, 1795, 191.0, 280, 23, 37692.47770690918, 15.197357177734375, 64.55078125, 20.99859482279063
LOSS, 22139.0, -22.060302734375, 61.001487731933594, 25.863317757009344, 856, 207.0, 342, 18, 28719.689564704895, 12.571503639221191, 84.479736328125, 33.55103921110385
WIN , 27329.550003051758, -20.970375061035156, 83.40205383300781, 26.9256650276372, 1015, 135.89999389648438, 332, 29, 41022.25352478027, 35.63972854614258, 91.5150375366211, 40.41601332490667
LOSS, 7191.0, -10.0, 58.40446472167969, 35.25, 204, 223.0, 386, 6, 8521.884094238281, 32.92429733276367, 90.80503845214844, 41.77394163842295
WIN , 28016.53843688965, -19.710899353027344, 61.076271057128906, 26.657029911407847, 1051, 201.92312622070312, 329, 30, 45095.141845703125, 39.00360870361328, 90.10858154296875, 42.906890433590036
LOSS, 21452.3984375, -20.436798095703125, 63.759666442871094, 23.29250644679696, 921, 207.0, 338, 20, 41977.945068359375, 41.48819351196289, 92.30315399169922, 45.57865914045535
LOSS, 17134.300003051758, -22.554954528808594, 64.87691497802734, 24.65366906913922, 695, 196.39999389648438, 353, 12, 39112.013637542725, 49.300537109375, 113.75787353515625, 56.27627861516939
LOSS, 20862.6572265625, -39.999755859375, 63.084327697753906, 22.578633362080627, 924, 207.0, 338, 16, 58903.62056350708, 46.68242645263672, 121.39684295654297, 63.74850710336264
LOSS, 13604.649513244629, -19.917747497558594, 68.6253890991211, 27.263826679848957, 499, 209.6999969482422, 366, 13, 33994.46834945679, 39.45297622680664, 120.02635955810547, 68.12518707305969
LOSS, 14809.69970703125, -20.01610565185547, 69.4823226928711, 31.376482430150954, 472, 175.0, 368, 9, 34355.26376724243, 53.47093200683594, 122.876220703125, 72.786575778056
WIN , 25450.0, -18.575912475585938, 82.70491027832031, 25.733063700707785, 989, 175.0, 334, 27, 70735.14491653442, 40.42829895019531, 119.8111572265625, 71.52188565878102
LOSS, 5153.72607421875, -18.408554077148438, 60.034095764160156, 32.826280727507964, 157, 191.0, 389, 4, 9493.282264709473, 44.76268768310547, 110.24649810791016, 60.46676601725779
LOSS, 16460.985595703125, -17.372711181640625, 66.6927261352539, 31.47415983882051, 523, 191.0, 365, 14, 40813.0677986145, 56.7784538269043, 143.9446258544922, 78.03645850595507
LOSS, 20967.404052734375, -20.120040893554688, 66.0185775756836, 35.4179122512405, 592, 191.0, 360, 22, 54524.75905609131, 66.76187896728516, 153.99508666992188, 92.10263354069478
LOSS, 21264.00048828125, -17.881431579589844, 63.928733825683594, 32.66359522009409, 651, 223.0, 356, 17, 62557.53096008301, 60.93734359741211, 151.7615509033203, 96.09451760381414
WIN , 25644.0, -18.612060546875, 76.943359375, 28.11842105263158, 912, 207.0, 339, 16, 83118.15845108032, 45.4271240234375, 148.8382568359375, 91.1383316349565
LOSS, 11231.982688903809, -15.141426086425781, 69.2827377319336, 40.99263755074383, 274, 201.8000030517578, 381, 7, 26844.68533706665, 51.37016677856445, 141.24295043945312, 97.97330414987829
LOSS, 11184.614624023438, -16.842002868652344, 65.9706802368164, 34.6272898576577, 323, 207.0, 378, 4, 30878.74447631836, 56.71065139770508, 157.7106475830078, 95.59982810005684
LOSS, 6339.728065490723, -16.00006103515625, 62.272560119628906, 30.046104575785414, 211, 187.0050506591797, 385, 3, 19157.93692779541, 57.46696853637695, 131.5784149169922, 90.79590961040479
LOSS, 13389.92578125, -23.53144073486328, 67.49297332763672, 25.89927617263056, 517, 223.0, 365, 14, 49416.09638977051, 54.80374526977539, 156.83949279785156, 95.58239146957546
LOSS, 11290.920654296875, -39.0, 71.4220199584961, 34.74129432091346, 325, 223.0, 378, 11, 31086.950881958008, 67.85955810546875, 156.3770294189453, 95.65215655987079
LOSS, 3630.0548706054688, -40.9998779296875, 64.50003814697266, 13.802490002302163, 263, 164.890869140625, 382, 2, 26233.993564605713, 53.437747955322266, 152.93624877929688, 99.749024960478
LOSS, 16265.597900390625, -36.0, 67.5755844116211, 24.947236043543903, 652, 207.0, 356, 10, 78540.9719619751, 63.04631805419922, 187.39598083496094, 120.46161343861212
LOSS, 13061.0, -39.999755859375, 70.96944427490234, 17.578734858681024, 743, 223.0, 350, 14, 81635.69803237915, 56.67335891723633, 177.10745239257812, 109.87307945138512
LOSS, 18447.947021484375, -23.6490478515625, 71.8810043334961, 27.169288691435014, 679, 223.0, 354, 17, 76647.39978027344, 47.79205322265625, 185.02606201171875, 112.88276845401096
LOSS, 9307.24169921875, -22.15241241455078, 66.1864242553711, 26.070705039828432, 357, 191.0, 376, 7, 43932.39268493652, 80.16119384765625, 178.26483154296875, 123.05992348721715
LOSS, 12924.1591796875, -15.870216369628906, 67.52034759521484, 33.39576015423127, 387, 223.0, 374, 12, 48614.45255279541, 80.7929458618164, 189.26930236816406, 125.61874044649977
LOSS, 10787.0, -17.662269592285156, 65.53197479248047, 20.125, 536, 191.0, 364, 8, 62933.971282958984, 75.30438232421875, 185.96066284179688, 117.41412552790855
LOSS, 6263.366348266602, -13.753440856933594, 69.6761245727539, 33.13950448818308, 189, 185.39498901367188, 387, 4, 22779.139190673828, 59.824039459228516, 186.90802001953125, 120.52454598240121
LOSS, 8825.000244140625, -17.357872009277344, 68.9134750366211, 18.856838128505608, 468, 223.0, 368, 9, 57517.315979003906, 71.62217712402344, 203.18934631347656, 122.90024781838441
LOSS, 12185.0, -19.6136474609375, 65.35604095458984, 20.274542429284526, 601, 175.0, 359, 8, 87267.42102050781, 83.55634307861328, 193.739501953125, 145.20369554161033
LOSS, 19969.0, -20.73296356201172, 69.8915786743164, 23.576151121605665, 847, 207.0, 343, 19, 116518.1143989563, 61.867557525634766, 208.7612762451172, 137.56566044741004
LOSS, 8144.7939453125, -18.775100708007812, 64.22461700439453, 27.89312994970034, 292, 223.0, 380, 3, 44465.90143585205, 67.0739517211914, 212.9358367919922, 152.28048436935634
LOSS, 17228.945922851562, -17.633834838867188, 70.23946380615234, 30.87624717356911, 558, 170.447998046875, 362, 12, 78861.96923065186, 77.32014465332031, 208.40447998046875, 141.32969396174167
LOSS, 5254.37109375, -27.646240234375, 65.0963363647461, 10.44606579274354, 503, 207.0, 366, 4, 67708.25701141357, 89.71881866455078, 214.4225616455078, 134.60886085768107
LOSS, 11063.221069335938, -22.867469787597656, 71.6002426147461, 29.5019228515625, 375, 223.0, 374, 9, 54693.880641937256, 45.66066360473633, 210.05404663085938, 145.85034837849935
LOSS, 8571.0, -17.436920166015625, 67.94181060791016, 28.95608108108108, 296, 223.0, 380, 6, 40135.81605529785, 76.75891876220703, 202.7153778076172, 135.59397315979004
LOSS, -9740.491233825684, -37.94566345214844, 68.02289581298828, -1.6236858199409374, 5999, 225.9824676513672, 0, 6, 530724.5086402893, 42.92761993408203, 194.4339599609375, 88.46882957831127
LOSS, 12084.00048828125, -16.88550567626953, 69.5097885131836, 22.091408570898082, 547, 223.0, 363, 11, 97981.77485656738, 91.8179702758789, 260.8115539550781, 179.1257309992091
WIN , 24002.0, -42.57917022705078, 83.40864562988281, 17.010630758327427, 1411, 191.0, 305, 23, 238814.83769989014, 66.27362060546875, 266.4322509765625, 169.252188306088
LOSS, 10615.113159179688, -37.0, 69.4640121459961, 15.938608347116649, 666, 223.0, 355, 12, 107903.28008270264, 82.48371887207031, 262.3052978515625, 162.01693706111507
LOSS, 3192.829833984375, -10.687339782714844, 65.3823013305664, 39.41765227141204, 81, 138.447998046875, 394, 2, 15379.769187927246, 89.67533874511719, 265.4679260253906, 189.87369367811414
LOSS, 8600.09765625, -16.7203369140625, 61.62750244140625, 21.772399129746834, 395, 175.0, 373, 5, 73694.67630004883, 83.3469009399414, 274.3813781738281, 186.5688007596173
LOSS, 20187.0, -43.999755859375, 63.820091247558594, 12.01607142857143, 1680, 191.0, 287, 16, 258538.75037384033, 57.50310516357422, 285.1172790527344, 153.8921133177621
LOSS, 10679.479125976562, -18.98064422607422, 67.7693862915039, 32.75913842324099, 326, 207.0, 378, 3, 66756.59139251709, 83.32726287841797, 282.472900390625, 204.77482022244507
LOSS, 9216.48486328125, -21.271240234375, 67.7300033569336, 22.370108891459346, 412, 191.0, 372, 10, 82749.55121612549, 90.01818084716797, 271.61090087890625, 200.84842528185797
LOSS, 11476.494384765625, -16.00006103515625, 62.95958709716797, 17.2838770854904, 664, 223.0, 355, 12, 134033.59645080566, 98.91593933105469, 267.33245849609375, 201.857825980129
LOSS, 12433.861083984375, -38.1192626953125, 67.5954360961914, 11.428181143367992, 1088, 175.0, 327, 10, 184485.52600097656, 65.78057861328125, 289.2579345703125, 169.56390257442698
LOSS, 5909.753173828125, -23.881591796875, 61.891632080078125, 19.376239914190574, 305, 207.0, 379, 2, 62588.55696105957, 106.00465393066406, 296.2153015136719, 205.20838347888383
LOSS, 9137.532592773438, -13.000030517578125, 69.1609878540039, 28.37743041233987, 322, 223.0, 378, 8, 67381.3521194458, 120.38436889648438, 293.7510986328125, 209.25885751380684
LOSS, 19155.017333984375, -19.675148010253906, 67.7095718383789, 31.095807360364244, 616, 223.0, 358, 13, 129122.62769317627, 60.659725189208984, 306.962158203125, 209.61465534606538
LOSS, 6461.0, -21.34002685546875, 63.898536682128906, 19.88, 325, 223.0, 378, 3, 61264.354148864746, 74.75253295898438, 286.3749084472656, 188.50570507343
LOSS, 10351.686889648438, -19.136444091796875, 61.473899841308594, 12.323436773390997, 840, 191.0, 343, 9, 179432.46533966064, 93.4911880493164, 293.8592224121094, 213.6100777853103
LOSS, 6672.78955078125, -24.391464233398438, 65.88988494873047, 23.169408162434895, 288, 223.0, 380, 2, 56879.554344177246, 97.72901153564453, 280.7001647949219, 197.49845258394876
LOSS, 4031.0, -29.38140869140625, 62.627784729003906, 8.613247863247864, 468, 223.0, 368, 5, 79538.83577728271, 85.51371002197266, 295.8097839355469, 169.95477730188614
LOSS, 17676.3671875, -25.9512939453125, 70.3642807006836, 14.163755759214743, 1248, 175.0, 316, 13, 221539.59342956543, 67.75013732910156, 299.5336608886719, 177.51569986343384
LOSS, 18580.642578125, -33.365299224853516, 69.7997055053711, 12.683032476535836, 1465, 191.0, 302, 24, 255191.18172454834, 56.001739501953125, 306.8125305175781, 174.19193291778043
LOSS, 5568.197509765625, -30.322265625, 63.24897003173828, 19.606329259738118, 284, 191.0, 381, 3, 50411.03854751587, 47.29608917236328, 298.0582580566406, 177.50365685745024
LOSS, 8693.717529296875, -16.00006103515625, 66.3451156616211, 21.204189095846036, 410, 191.0, 372, 7, 83030.83406066895, 102.18124389648438, 298.7575988769531, 202.51422941626572
LOSS, 10622.075561523438, -25.06414794921875, 68.44747161865234, 24.19607189413084, 439, 207.0, 370, 9, 91591.26609039307, 69.50325012207031, 298.4237365722656, 208.6361414359751
LOSS, 12321.335693359375, -31.9720458984375, 68.8634262084961, 18.199905012347674, 677, 223.0, 354, 14, 131199.00379943848, 67.68871307373047, 310.54644775390625, 193.7946880346211
LOSS, 1919.599998474121, -14.5257568359375, 55.08026123046875, 36.218867895738136, 53, 185.8000030517578, 396, 4, 10846.365058898926, 107.69575500488281, 297.8564758300781, 204.64839733771558
LOSS, 15478.0234375, -22.04345703125, 68.4068832397461, 23.451550662878788, 660, 207.0, 355, 10, 164441.12190246582, 119.37117004394531, 318.7077331542969, 249.15321500373608
LOSS, 11811.0, -21.3397216796875, 67.6583023071289, 18.927884615384617, 624, 223.0, 358, 4, 141716.6682357788, 107.0181655883789, 319.1071472167969, 227.11004524964554
LOSS, 7516.056739807129, -13.000030517578125, 70.4872817993164, 31.186957426585597, 241, 161.6999969482422, 383, 5, 55017.98084259033, 120.55655670166016, 303.4258728027344, 228.29037694020886
LOSS, 5089.0, -41.00006103515625, 70.61498260498047, 18.240143369175627, 279, 207.0, 381, 7, 58249.332359313965, 117.4959945678711, 306.4212341308594, 208.77896902979916
LOSS, 20599.629104614258, -26.536865234375, 68.9110336303711, 25.337797176647303, 813, 180.39999389648438, 345, 16, 182211.8666152954, 76.95372009277344, 323.33001708984375, 224.12283716518502
LOSS, 8945.824951171875, -37.43743896484375, 64.5668716430664, 26.466937725360577, 338, 207.0, 377, 6, 77804.13003540039, 119.22179412841797, 314.79815673828125, 230.18973383254553
LOSS, 4718.15234375, -26.092605590820312, 61.27313232421875, 19.577395617219917, 241, 191.0, 383, 2, 52430.59118652344, 145.22494506835938, 312.47674560546875, 217.55432027603086
LOSS, 19535.329833984375, -31.057159423828125, 68.40673065185547, 21.876069242983622, 893, 223.0, 340, 22, 196638.90726470947, 74.89543151855469, 331.5237121582031, 220.20034408142158
LOSS, 16168.763671875, -30.2933349609375, 67.48433685302734, 24.277422930743242, 666, 223.0, 355, 11, 152978.41647338867, 74.36819458007812, 331.7925720214844, 229.69732203211512
LOSS, 9846.2783203125, -16.59002685546875, 66.1800308227539, 26.117449125497348, 377, 223.0, 374, 7, 91804.61773300171, 56.29783248901367, 319.8108825683594, 243.5135748885987
WIN , 26472.0, -33.673095703125, 68.4612045288086, 18.694915254237287, 1416, 191.0, 305, 25, 305575.25801086426, 56.29493713378906, 322.3701171875, 215.8017358833787
LOSS, 7127.1669921875, -22.04345703125, 64.94451141357422, 32.39621360085227, 220, 223.0, 385, 4, 53261.02372741699, 100.06822204589844, 319.7687072753906, 242.09556239734997
LOSS, 12962.00048828125, -38.0, 69.4273910522461, 19.580061160545696, 662, 207.0, 355, 10, 141967.9744644165, 97.48033905029297, 337.3625793457031, 214.4531336320491
LOSS, 7257.0914306640625, -15.669540405273438, 71.0692367553711, 36.285457153320316, 200, 207.0, 386, 4, 48408.129791259766, 135.8292694091797, 325.30621337890625, 242.04064895629884
LOSS, 17414.817138671875, -20.078506469726562, 69.92179107666016, 21.63331321574146, 805, 223.0, 346, 12, 166515.15463256836, 71.51344299316406, 335.89398193359375, 206.85112376716566
LOSS, 5552.2562255859375, -25.112770080566406, 68.66475677490234, 7.2768757871375325, 763, 207.0, 349, 5, 113173.21471786499, 52.67943572998047, 340.25201416015625, 148.32662479405636
LOSS, 13899.0, -23.66424560546875, 63.5369873046875, 23.24247491638796, 598, 207.0, 360, 8, 141766.58303833008, 91.91768646240234, 337.9259948730469, 237.0678646125921
LOSS, 19954.7216796875, -37.0, 69.5396957397461, 14.092317570400777, 1416, 175.0, 305, 25, 291591.11263275146, 78.6723403930664, 339.366455078125, 205.9259270005307
LOSS, 6309.77311706543, -18.722877502441406, 70.79732513427734, 14.438840084817917, 437, 184.63467407226562, 370, 5, 80610.04459381104, 82.93132019042969, 337.54937744140625, 184.46234460826324
LOSS, 7267.283790588379, -26.55157470703125, 68.81795501708984, 27.632257758891175, 263, 209.6999969482422, 382, 6, 55390.53172683716, 61.435787200927734, 348.6177978515625, 210.61038679405763
LOSS, 17839.0, -30.322265625, 90.98014068603516, 23.288511749347258, 766, 207.0, 348, 14, 183850.24671936035, 88.24977111816406, 353.2004699707031, 240.013376918225
LOSS, 14141.0, -24.823524475097656, 67.36119842529297, 20.46454413892909, 691, 223.0, 353, 17, 161125.22680664062, 104.87950134277344, 347.2780456542969, 233.17688394593432
LOSS, 15619.832130432129, -19.72021484375, 66.09183502197266, 24.559484481811523, 636, 165.3357391357422, 357, 11, 161038.99489593506, 89.81214904785156, 342.1346130371094, 253.20596681750794
LOSS, 19393.949996948242, -21.721656799316406, 67.36539459228516, 22.816411761115578, 850, 177.10000610351562, 343, 23, 222012.32974243164, 60.276893615722656, 346.64715576171875, 261.19097616756665
LOSS, 5771.9998779296875, -16.00006103515625, 63.672401428222656, 17.544072577293882, 329, 207.0, 378, 5, 83276.04483032227, 135.14849853515625, 346.289794921875, 253.11867729581235
LOSS, 25183.09423828125, -28.76861572265625, 71.7558822631836, 27.254430993810878, 924, 207.0, 338, 15, 236657.79875946045, 102.70425415039062, 357.2218933105469, 256.1231588305849
LOSS, 8510.327995300293, -40.22332763671875, 62.04093933105469, 27.36439869871477, 311, 208.35035705566406, 379, 8, 77829.35693359375, 73.9894790649414, 360.8617248535156, 250.25516698904744
LOSS, 14641.322265625, -34.0869140625, 67.9000015258789, 22.387342913799696, 654, 223.0, 356, 13, 155414.31461334229, 116.1535873413086, 369.7578125, 237.63656668706773
LOSS, 19115.64306640625, -34.042724609375, 65.9383316040039, 22.86560175407446, 836, 207.0, 344, 14, 210114.0760421753, 74.28349304199219, 375.1169128417969, 251.33262684470728
WIN , 26182.0, -23.16162109375, 69.1048355102539, 19.611985018726593, 1335, 191.0, 310, 22, 280596.41796875, 62.794090270996094, 349.9813537597656, 210.18458274812735
LOSS, 22970.974609375, -24.6527099609375, 69.72974395751953, 22.25869632691376, 1032, 191.0, 331, 16, 257637.10095214844, 68.55474090576172, 362.9216003417969, 249.64835363580275
LOSS, 6077.0, -28.91571044921875, 58.595802307128906, 17.412607449856733, 349, 191.0, 376, 6, 80826.05869293213, 74.0846939086914, 338.9376525878906, 231.5932913837597
LOSS, 8826.0283203125, -25.763916015625, 62.647911071777344, 22.9844487508138, 384, 191.0, 374, 5, 99762.62851715088, 99.13888549804688, 364.2892150878906, 259.7985117634137
LOSS, 6326.91796875, -18.75084686279297, 62.759315490722656, 21.37472286739865, 296, 223.0, 380, 3, 73864.63781738281, 120.52838134765625, 351.7646484375, 249.542695328996
LOSS, 14325.32861328125, -17.337875366210938, 64.5912857055664, 39.68235072931094, 361, 223.0, 375, 5, 101912.49955749512, 152.22288513183594, 347.6221618652344, 282.30609295705017
LOSS, 8091.9998779296875, -40.96221923828125, 62.1392822265625, 19.593220043413286, 413, 207.0, 372, 6, 102390.96990203857, 68.50861358642578, 349.9839782714844, 247.92002397588033
LOSS, 10956.5703125, -16.084640502929688, 68.5597915649414, 26.08707217261905, 420, 191.0, 371, 7, 102699.32972717285, 127.18875122070312, 343.03082275390625, 244.52221363612583
WIN , 20999.45249938965, -40.418701171875, 68.7505111694336, 10.298897743692814, 2039, 156.09500122070312, 264, 26, 552427.387626648, 66.19561004638672, 383.6138000488281, 270.9305481248887
LOSS, 23987.841796875, -17.283912658691406, 71.2444076538086, 31.68803407777411, 757, 175.0, 349, 22, 207176.09391784668, 80.1775894165039, 369.47381591796875, 273.6804411067988
LOSS, 4775.780822753906, -18.277236938476562, 64.10342407226562, 34.35813541549573, 139, 191.0, 390, 3, 35064.15392303467, 91.94303894042969, 358.3976745605469, 252.26010016571703
LOSS, 10080.17333984375, -20.1611328125, 67.59818267822266, 27.024593404406836, 373, 175.0, 375, 8, 100144.26997375488, 113.14324951171875, 375.8251953125, 268.48329751676914
WIN , 24622.29999923706, -30.322265625, 70.0325698852539, 17.881118372721176, 1377, 110.4000015258789, 308, 21, 307688.66442108154, 61.19789123535156, 372.09344482421875, 223.44855804000113
LOSS, 6401.225341796875, -12.9998779296875, 61.22674560546875, 30.923793921724034, 207, 207.0, 386, 6, 56264.26770019531, 142.60614013671875, 376.51422119140625, 271.80805652268265
WIN , 26068.880935668945, -37.4371337890625, 70.96123504638672, 20.559054365669514, 1268, 197.23812866210938, 315, 27, 298000.4894332886, 57.70530700683594, 371.27716064453125, 235.0161588590604
LOSS, 11151.0, -17.197662353515625, 64.18126678466797, 20.423076923076923, 546, 223.0, 363, 10, 152946.24667358398, 139.7709503173828, 370.013427734375, 280.121330904
LOSS, 21453.80702972412, -18.046875, 67.1309585571289, 18.70427814274117, 1147, 201.8000030517578, 323, 24, 312082.44916534424, 99.39286804199219, 373.1913146972656, 272.08583187911444
LOSS, 12557.816017150879, -16.358295440673828, 68.5509262084961, 37.043705065341825, 339, 209.9880828857422, 377, 8, 96686.62672424316, 162.658203125, 385.58709716796875, 285.21128827210373
LOSS, 9872.207885742188, -18.204200744628906, 68.8497085571289, 23.90365105506583, 413, 223.0, 372, 6, 104063.0346069336, 79.419189453125, 384.5873718261719, 251.9686067964494
LOSS, 8319.0, -18.0462646484375, 68.7673110961914, 16.375984251968504, 508, 207.0, 366, 5, 131835.41944122314, 79.81455993652344, 381.8407897949219, 259.51854220713216
LOSS, 3993.9998779296875, -17.662269592285156, 65.1052017211914, 26.626665852864583, 150, 223.0, 389, 2, 39532.04271697998, 104.55208587646484, 373.6165771484375, 263.5469514465332
LOSS, 19427.214599609375, -21.34002685546875, 69.76811981201172, 25.132231047360122, 773, 223.0, 348, 17, 228432.70583343506, 96.66984558105469, 389.1971130371094, 295.5144965503688
LOSS, 15682.943603515625, -15.999755859375, 69.1323013305664, 24.239480067257535, 647, 191.0, 356, 14, 183147.91234588623, 98.1034164428711, 392.2481994628906, 283.07250748977776
LOSS, 3581.3109130859375, -14.662391662597656, 60.5908203125, 25.580792236328126, 140, 191.0, 390, 1, 42306.57000732422, 201.08279418945312, 385.3546142578125, 302.1897857666016
LOSS, 16424.986328125, -26.092529296875, 67.1895523071289, 22.286277243046133, 737, 207.0, 350, 15, 183507.85680007935, 46.644893646240234, 380.8311462402344, 248.9930214383709
LOSS, 8342.937255859375, -21.34002685546875, 64.61585235595703, 32.462790878830255, 257, 223.0, 382, 3, 69471.92430496216, 59.819332122802734, 367.2675476074219, 270.31877161463876
LOSS, 11167.900756835938, -19.13629150390625, 69.8363265991211, 28.20176958796954, 396, 207.0, 373, 5, 94873.77886199951, 51.48805618286133, 386.5899353027344, 239.58024965151392
LOSS, 17367.65478515625, -16.00006103515625, 70.1399917602539, 26.637507339196702, 652, 207.0, 356, 9, 171454.59851837158, 106.1217269897461, 403.1435546875, 262.9671756416742
LOSS, 20123.346923828125, -33.000244140625, 90.9798355102539, 13.126775553703931, 1533, 207.0, 297, 18, 331060.46157836914, 70.38795471191406, 388.9752502441406, 215.95594362581159
LOSS, 6897.730865478516, -21.210182189941406, 64.50003814697266, 19.821065705398034, 348, 180.19500732421875, 376, 6, 95593.1735534668, 93.70832061767578, 377.5814514160156, 274.6930274524908
LOSS, 3031.7742614746094, -34.0869140625, 57.21281814575195, 12.632392756144206, 240, 114.062255859375, 383, 2, 41792.63484954834, 89.2264175415039, 379.96875, 174.13597853978476
LOSS, 8848.251342773438, -26.536865234375, 67.64701080322266, 22.287786757615713, 397, 175.0, 373, 8, 105764.86901855469, 132.5157928466797, 379.9196472167969, 266.4102494170143
LOSS, 9779.0, -25.498802185058594, 60.65684127807617, 15.522222222222222, 630, 207.0, 357, 10, 152287.70121002197, 84.66622161865234, 388.9980773925781, 241.72650985717775
LOSS, 5314.553825378418, -13.000030517578125, 70.66548919677734, 31.4470640554936, 169, 160.71290588378906, 388, 2, 51382.92495727539, 202.50311279296875, 384.9009094238281, 304.0409760785526
LOSS, 17478.699996948242, -35.66650390625, 67.29422760009766, 13.141879696953566, 1330, 167.60000610351562, 311, 19, 345415.62020874023, 63.404754638671875, 393.6722412109375, 259.71099263815057
LOSS, 19015.000244140625, -30.322265625, 71.0838851928711, 24.535484185987904, 775, 223.0, 348, 22, 204882.71488189697, 65.2471694946289, 392.5451965332031, 264.3647933959961
WIN , 25112.361114501953, -31.092529296875, 67.44283294677734, 21.06741704236741, 1192, 190.27777099609375, 320, 20, 336564.71797180176, 79.15843200683594, 402.86163330078125, 282.3529513186256
LOSS, 7803.9547119140625, -41.305274963378906, 62.32353210449219, 9.563669990090762, 816, 223.0, 345, 8, 209507.89209747314, 119.37914276123047, 386.6909484863281, 256.7498677665112
LOSS, 10419.482788085938, -32.41180419921875, 63.170066833496094, 20.75594180893613, 502, 207.0, 366, 8, 126114.05725097656, 66.02425384521484, 381.6142883300781, 251.22322161549116
WIN , 25920.0, -20.1611328125, 71.1955795288086, 32.23880597014925, 804, 175.0, 346, 22, 249274.36387634277, 66.60859680175781, 399.89208984375, 310.0427411397298
LOSS, 6978.2015380859375, -29.2047119140625, 58.87244415283203, 21.34006586570623, 327, 223.0, 378, 5, 83779.76166534424, 72.00263977050781, 406.5281982421875, 256.2072222181781
LOSS, 11515.687744140625, -37.900001525878906, 67.7373275756836, 19.224854330785686, 599, 191.0, 360, 11, 157286.64461135864, 45.70280456542969, 396.68743896484375, 262.58204442630824
LOSS, 16365.237964630127, -17.662269592285156, 70.1583023071289, 23.37891137804304, 700, 101.9850082397461, 353, 9, 183405.35106658936, 49.782508850097656, 405.62554931640625, 262.00764438084195
LOSS, 11663.853759765625, -21.51909637451172, 64.5271987915039, 23.23476844574826, 502, 175.0, 366, 11, 141701.86951446533, 66.34464263916016, 424.9438781738281, 282.2746404670624
LOSS, 24057.1884765625, -38.8433837890625, 64.1576156616211, 19.0778655642843, 1261, 207.0, 315, 23, 332194.1077194214, 29.866092681884766, 407.5036926269531, 263.43704022158715
LOSS, 19569.804931640625, -18.373619079589844, 69.41609954833984, 26.66185957989186, 734, 223.0, 351, 10, 184719.9868927002, 39.947566986083984, 408.54376220703125, 251.66210748324278
LOSS, 16699.23388671875, -16.363616943359375, 66.29903411865234, 30.143021456171027, 554, 191.0, 363, 7, 162203.77254486084, 82.91556549072266, 410.52069091796875, 292.78659304126506
LOSS, 7743.03076171875, -13.858749389648438, 70.4881820678711, 35.19559437144886, 220, 207.0, 385, 3, 65670.18341064453, 119.87802124023438, 382.35546875, 298.5008336847479
LOSS, 7755.753662109375, -31.369171142578125, 62.568275451660156, 19.437979103031015, 399, 186.447998046875, 373, 7, 92652.43587493896, 78.91253662109375, 396.058349609375, 232.21161873418288
LOSS, 16441.60546875, -36.9998779296875, 67.4428482055664, 23.759545475072255, 692, 223.0, 353, 14, 186496.01970672607, 64.11505889892578, 409.66998291015625, 269.50291865133823
LOSS, 21820.0, -29.334335327148438, 67.3262710571289, 20.41159962581852, 1069, 185.0, 328, 14, 252622.33094024658, 81.99235534667969, 419.1104431152344, 236.31649292820074
LOSS, 9771.931762695312, -18.56603240966797, 69.7392807006836, 20.615889794715848, 474, 170.447998046875, 368, 10, 138675.21995544434, 81.79833221435547, 429.12469482421875, 292.5637551802623
LOSS, 15533.548828125, -19.156700134277344, 65.28617095947266, 16.163942589099896, 961, 223.0, 335, 12, 241193.9077835083, 101.37422943115234, 423.9175720214844, 250.9822141347641
LOSS, 14073.713623046875, -29.4427490234375, 68.5277328491211, 20.819102992672892, 676, 223.0, 354, 15, 194073.87183380127, 65.12474060058594, 418.6956481933594, 287.0915263813628
LOSS, 21371.510986328125, -43.92681884765625, 70.01424407958984, 18.81294981190856, 1136, 207.0, 324, 24, 340592.4407348633, 77.97254180908203, 422.7842712402344, 299.8172893792811
LOSS, 18289.0, -48.37518310546875, 62.15568542480469, 17.27006610009443, 1059, 207.0, 329, 19, 306046.23037719727, 53.76750183105469, 423.1240234375, 288.9954961068907
LOSS, 23278.15771484375, -37.437744140625, 63.173439025878906, 20.990223367758116, 1109, 207.0, 326, 23, 336378.67010498047, 70.88316345214844, 426.71258544921875, 303.31710559511316
LOSS, 11092.42578125, -22.95623779296875, 67.3766098022461, 22.777054992299796, 487, 223.0, 367, 12, 150522.6206893921, 71.97005462646484, 418.9945983886719, 309.08135665172915
WIN , 24594.0, -39.808815002441406, 70.76171875, 16.190915075707704, 1519, 207.0, 298, 18, 385556.66299438477, 67.56175994873047, 410.03662109375, 253.82268794890373
LOSS, 14500.32763671875, -23.7188720703125, 62.456565856933594, 27.205117517295967, 533, 191.0, 364, 7, 160676.68803405762, 103.57217407226562, 403.0052795410156, 301.457200814367
WIN , 25717.415954589844, -19.72021484375, 71.457763671875, 21.611273911420035, 1190, 180.1680908203125, 320, 30, 326163.1390914917, 68.69316864013672, 435.2212219238281, 274.08667150545523
WIN , 26062.802505493164, -27.06439208984375, 69.4344253540039, 24.26704143900667, 1074, 169.39498901367188, 328, 23, 328784.60414123535, 55.246070861816406, 424.6375732421875, 306.1309163326214
LOSS, 15704.559997558594, -37.4371337890625, 67.9448471069336, 16.51373291015625, 951, 175.8800048828125, 336, 12, 255461.11470031738, 68.7559585571289, 424.4249267578125, 268.62367476374067
LOSS, 10094.115844726562, -21.870277404785156, 60.888671875, 29.86424806132119, 338, 223.0, 377, 8, 108038.92820739746, 108.96149444580078, 416.83978271484375, 319.64179943017
LOSS, 23892.75244140625, -40.4193115234375, 66.5584487915039, 19.778768577323056, 1208, 207.0, 319, 19, 319242.20390701294, 17.598888397216797, 410.25506591796875, 264.27334760514316
LOSS, 13749.4716796875, -36.1859130859375, 64.61829376220703, 13.874340746405146, 991, 223.0, 333, 16, 265542.93660736084, 49.33488464355469, 413.3316345214844, 267.95452735354274
LOSS, 9420.56689453125, -41.53656005859375, 61.663719177246094, 4.170237669115206, 2259, 191.0, 249, 11, 445121.0121192932, 44.628578186035156, 409.221435546875, 197.04338739233873
LOSS, 9224.70263671875, -13.000030517578125, 63.634254455566406, 25.273157908818494, 365, 191.0, 375, 4, 110787.12934875488, 116.43944549560547, 412.7406921386719, 303.5263817774106
LOSS, 8024.3846435546875, -18.859573364257812, 61.694847106933594, 24.84329611007643, 323, 186.447998046875, 378, 7, 92340.1967124939, 56.208580017089844, 428.4857482910156, 285.88296195818543
LOSS, 13917.48193359375, -19.185317993164062, 67.77213287353516, 18.807408018369934, 740, 223.0, 350, 14, 198628.13078689575, 56.21043014526367, 437.8513488769531, 268.41639295526454
LOSS, 7526.94970703125, -19.474281311035156, 68.0080337524414, 38.59974208733974, 195, 223.0, 386, 5, 63652.09503173828, 101.17205810546875, 427.42047119140625, 326.42100016276044
LOSS, 12805.650001525879, -43.999755859375, 69.22660064697266, 23.198641307112098, 552, 193.6999969482422, 363, 6, 175917.47946166992, 117.50482177734375, 429.9369201660156, 318.6910859812861
LOSS, 9628.416137695312, -18.0462646484375, 69.5152816772461, 23.08972694890962, 417, 175.0, 372, 8, 119458.68325805664, 137.55950927734375, 408.16168212890625, 286.47166248934445
LOSS, 8043.779052734375, -14.209007263183594, 63.967491149902344, 26.28685964945874, 306, 127.0, 379, 12, 91026.45483398438, 143.65098571777344, 441.0527648925781, 297.47207462086396
LOSS, 16963.00048828125, -20.55742645263672, 66.6945571899414, 26.546166648327464, 639, 185.0, 357, 14, 173723.06080245972, 50.193870544433594, 424.5776062011719, 271.86707480823117
LOSS, 9651.779052734375, -15.796192169189453, 67.6079330444336, 29.789441520785108, 324, 191.0, 378, 8, 109866.49317932129, 147.2946014404297, 431.5, 339.09411475099165
LOSS, 13032.7685546875, -34.0, 70.83182525634766, 21.721280924479167, 600, 175.0, 359, 6, 185476.34509277344, 143.43087768554688, 428.39593505859375, 309.1272418212891
LOSS, 9746.191772460938, -16.75354766845703, 69.49027252197266, 33.15031215122768, 294, 207.0, 380, 5, 89950.88297271729, 81.37418365478516, 416.3671875, 305.95538426094316
LOSS, 22292.83837890625, -37.43743896484375, 68.1087417602539, 19.452738550529013, 1146, 223.0, 323, 18, 303576.6313934326, 64.80476379394531, 435.8855895996094, 264.9010745143391
LOSS, 21314.00048828125, -20.1611328125, 70.13677215576172, 28.571046230940013, 746, 223.0, 350, 18, 239069.5592803955, 86.2430648803711, 442.3119812011719, 320.46857812385457
LOSS, 9154.391723632812, -15.204170227050781, 69.8775405883789, 27.656772578951095, 331, 223.0, 377, 4, 97498.96825408936, 81.6324462890625, 424.0389099121094, 294.55881647761134
LOSS, 9064.699951171875, -16.55261993408203, 65.3706283569336, 27.139820213089447, 334, 223.0, 377, 4, 111461.65830993652, 85.65570831298828, 417.8414611816406, 333.71753985010935
LOSS, 16303.1943359375, -37.542259216308594, 68.1432113647461, 13.011328280875897, 1253, 207.0, 316, 20, 298289.84295654297, 70.46858978271484, 442.22528076171875, 238.0605290954054
LOSS, 9671.188301086426, -34.714881896972656, 67.9796371459961, 14.370264934749517, 673, 184.03575134277344, 355, 11, 183379.8243560791, 70.94706726074219, 421.1534423828125, 272.48116546222747
LOSS, 15207.888427734375, -39.099647521972656, 63.4039306640625, 14.836964319740854, 1025, 223.0, 331, 10, 313125.72972869873, 59.678977966308594, 420.8680419921875, 305.48851680848657
LOSS, 19881.0, -37.00048828125, 67.37342071533203, 19.208695652173912, 1035, 223.0, 330, 17, 288549.0129852295, 76.30773162841797, 433.4400329589844, 278.79131689394154
LOSS, -6881.56884765625, -44.68414306640625, 63.558265686035156, -1.4451005559966925, 4762, 207.0, 82, 5, 576787.8526611328, 57.514739990234375, 414.88580322265625, 121.12302659830593
LOSS, 18843.46044921875, -37.0, 71.5660629272461, 24.25155784970238, 777, 207.0, 348, 7, 246285.14221954346, 123.12894439697266, 431.6758728027344, 316.9692950058474
LOSS, 22782.88671875, -40.11238098144531, 67.8935775756836, 24.89932974726776, 915, 207.0, 338, 11, 301315.4072418213, 84.69380187988281, 436.9010314941406, 329.30645600199045
LOSS, 11977.336669921875, -33.43994140625, 65.82808685302734, 7.150648758162314, 1675, 223.0, 288, 20, 520867.3105239868, 75.33295440673828, 437.2696533203125, 310.9655585217832
LOSS, 12467.302001953125, -25.20965576171875, 64.8946304321289, 29.613543947632127, 421, 207.0, 371, 10, 133349.89046478271, 99.4444351196289, 435.48052978515625, 316.7455830517404
LOSS, 9440.631103515625, -38.918922424316406, 68.66385650634766, 17.4826501916956, 540, 172.5, 363, 8, 161770.89559936523, 137.54901123046875, 430.32989501953125, 299.5757325914171
LOSS, 22940.995361328125, -32.5238037109375, 66.42752838134766, 22.294456133457846, 1029, 191.0, 331, 18, 298790.00762939453, 60.503116607666016, 436.331298828125, 290.3692979877498
LOSS, 12759.0, -17.662269592285156, 62.4603271484375, 22.947841726618705, 556, 207.0, 362, 17, 162540.81135559082, 77.34002685546875, 449.4299621582031, 292.33958876904825
WIN , 27427.40818786621, -17.662879943847656, 67.1834487915039, 23.46228245326451, 1169, 180.18362426757812, 322, 31, 356006.96183013916, 59.47930145263672, 441.5133056640625, 304.53974493596166
LOSS, 18348.70361328125, -24.133079528808594, 64.1335220336914, 17.116327997463852, 1072, 175.0, 328, 12, 329558.5499343872, 92.53631591796875, 436.72564697265625, 307.4240204611821
LOSS, 15819.0, -20.04663848876953, 66.8059310913086, 28.248214285714287, 560, 207.0, 362, 12, 175118.46449279785, 136.83973693847656, 423.0062255859375, 312.71154373713904
LOSS, 11312.03515625, -34.437408447265625, 66.5993423461914, 24.644956767429193, 459, 223.0, 369, 9, 142294.50175476074, 155.821044921875, 435.34881591796875, 310.0098077445768
LOSS, 10795.282470703125, -43.0731201171875, 69.7090835571289, 22.166904457295946, 487, 191.0, 367, 5, 152241.6110610962, 78.71124267578125, 430.8820495605469, 312.61111100841106
LOSS, 20904.00048828125, -26.231971740722656, 64.89691925048828, 27.68741786527318, 755, 223.0, 349, 11, 253975.7961654663, 95.62318420410156, 429.8756408691406, 336.39178300061764
LOSS, 9735.033813476562, -32.999969482421875, 69.7319564819336, 29.234335776205892, 333, 223.0, 377, 3, 112940.7767868042, 90.46548461914062, 425.8602600097656, 339.1614918522649
WIN , 24568.65000152588, -19.72021484375, 91.6951675415039, 20.023349634495418, 1227, 177.6999969482422, 318, 24, 386704.6126937866, 91.32795715332031, 435.4801025390625, 315.16268353201843
LOSS, 16133.23046875, -23.7725830078125, 61.393653869628906, 18.80329891462704, 858, 191.0, 342, 13, 242222.96572875977, 97.62239837646484, 427.9215087890625, 282.3111488680184
LOSS, 8543.784423828125, -25.624168395996094, 63.665771484375, 11.784530239762931, 725, 223.0, 351, 8, 184886.78130340576, 75.09749603271484, 436.7703857421875, 255.01625007366312
LOSS, 4249.0, -13.000030517578125, 59.16534423828125, 23.737430167597765, 179, 207.0, 388, 2, 52114.99565887451, 126.8487777709961, 432.8190612792969, 291.14522714455035
LOSS, 12797.116943359375, -18.20404815673828, 68.7471694946289, 23.057868366413288, 555, 223.0, 362, 10, 143285.24926757812, 75.50035095214844, 429.1388244628906, 258.17162030194254
LOSS, 11062.03466796875, -15.562948226928711, 65.9441146850586, 42.710558563585906, 259, 207.0, 382, 4, 88821.75662231445, 141.45620727539062, 432.93817138671875, 342.94114525990136
LOSS, 12850.985107421875, -17.662269592285156, 70.4735336303711, 22.78543458762744, 564, 175.0, 362, 8, 165486.15864562988, 132.7564697265625, 437.74578857421875, 293.4151749035991
LOSS, 12119.516845703125, -39.0, 66.8910903930664, 22.781046702449483, 532, 223.0, 364, 9, 153127.67700958252, 84.02896881103516, 436.03564453125, 287.8339793413205
LOSS, 16584.51806640625, -23.9520263671875, 90.9798355102539, 17.66189357444755, 939, 223.0, 337, 12, 282248.3740158081, 70.0974349975586, 444.2884521484375, 300.5839978869096
LOSS, 4930.28466796875, -14.284034729003906, 60.858360290527344, 25.545516414345855, 193, 172.7271728515625, 387, 3, 55546.7785949707, 116.462646484375, 427.0907287597656, 287.80714297912283
LOSS, 10251.218933105469, -16.084640502929688, 61.9268798828125, 21.04973086879973, 487, 175.8800048828125, 367, 7, 133751.89122009277, 108.77263641357422, 449.7859802246094, 274.64454049300366
LOSS, 10389.906616210938, -15.999984741210938, 68.6348648071289, 25.40319466066244, 409, 175.0, 372, 7, 126334.5340499878, 108.39195251464844, 426.3583679199219, 308.88639132026356
LOSS, 9604.75, -31.719398498535156, 63.8134765625, 27.055633802816903, 355, 223.0, 376, 6, 114849.21348571777, 178.33908081054688, 424.87518310546875, 323.518911227374
LOSS, 11393.373657226562, -21.34002685546875, 63.277809143066406, 25.374997009413278, 449, 223.0, 370, 10, 152257.7431793213, 179.48912048339844, 431.6758117675781, 339.1041050764394
LOSS, 11778.720947265625, -16.49584197998047, 64.05767059326172, 30.673752466837566, 384, 223.0, 374, 10, 130118.66796875, 169.47714233398438, 428.8385314941406, 338.85069783528644
WIN , 24375.897872924805, -18.870704650878906, 68.8497085571289, 16.85746740866169, 1446, 183.20425415039062, 303, 28, 418825.6906738281, 86.42076873779297, 443.40521240234375, 289.64432273432095
LOSS, 6357.409118652344, -21.46302032470703, 63.614723205566406, 27.88337332742256, 228, 196.1680908203125, 384, 3, 70656.38018798828, 140.784912109375, 422.4467468261719, 309.8964043332819
LOSS, 10418.74609375, -13.000030517578125, 63.94317626953125, 31.008172898065474, 336, 207.0, 377, 8, 113339.63941955566, 148.84141540527344, 420.9443664550781, 337.32035541534424
LOSS, 20788.81884765625, -23.881591796875, 71.9847640991211, 22.022053864042636, 944, 191.0, 337, 22, 276234.0442428589, 89.38700103759766, 434.1220703125, 292.62080957929965
LOSS, 9782.080322265625, -30.322265625, 58.96728515625, 26.87384703919128, 364, 223.0, 375, 5, 111813.56429290771, 102.46575164794922, 429.4576110839844, 307.1801216838124
WIN , 25182.0, -25.071807861328125, 68.9574203491211, 18.639526276831976, 1351, 191.0, 309, 21, 395339.75831985474, 54.463172912597656, 438.757568359375, 292.62750430781256
LOSS, 10041.770751953125, -21.34002685546875, 63.067626953125, 27.663280308410812, 363, 159.0, 375, 8, 114915.45216369629, 97.59098815917969, 425.9622802734375, 316.57149356390164
LOSS, 11477.642211914062, -20.35790252685547, 68.20594024658203, 27.198204293635218, 422, 175.0, 371, 8, 120265.80335235596, 86.35164642333984, 443.5189208984375, 284.9900553373364
LOSS, 16539.40062713623, -25.2093505859375, 68.8365707397461, 22.200537754545277, 745, 197.70997619628906, 350, 12, 197140.13998794556, 41.22787857055664, 430.7995910644531, 264.61763756771217
LOSS, 12765.52392578125, -15.612335205078125, 70.4002914428711, 41.44650625253652, 308, 223.0, 379, 11, 108267.73658752441, 82.35127258300781, 449.97625732421875, 351.5186252841702
LOSS, 5880.920593261719, -17.66242218017578, 60.899574279785156, 20.634809099163924, 285, 191.0, 380, 0, 78310.50479888916, 118.49605560302734, 428.9281921386719, 274.77370104873387
LOSS, 18224.958251953125, -17.332069396972656, 64.2601547241211, 26.33664487276463, 692, 207.0, 353, 12, 218328.25217437744, 106.9706039428711, 449.4038391113281, 315.50325458725064
LOSS, 11333.886352539062, -26.092605590820312, 64.8308334350586, 20.34809039953153, 557, 223.0, 362, 7, 137679.94345092773, 66.15663146972656, 439.7472839355469, 247.18122702141426
LOSS, 17007.32568359375, -18.880462646484375, 62.3846435546875, 28.01865845732084, 607, 223.0, 359, 12, 203896.0203857422, 73.6613540649414, 442.87310791015625, 335.9077765827713
LOSS, 3045.743881225586, -17.364883422851562, 57.98225402832031, 27.94260441491363, 109, 138.01663208007812, 392, 2, 30003.293518066406, 115.50733947753906, 445.9628601074219, 275.25957356024225
LOSS, 8186.0272216796875, -17.662269592285156, 67.45665740966797, 21.37343922109579, 383, 175.0, 374, 4, 122020.11432647705, 67.23332214355469, 462.98291015625, 318.59037683153275
LOSS, 16361.0, -18.328025817871094, 62.3944091796875, 26.34621578099839, 621, 223.0, 358, 11, 195169.63691711426, 83.02352142333984, 463.5351867675781, 314.28282917409706
LOSS, 9675.224853515625, -15.670013427734375, 65.6117935180664, 27.254154516945423, 355, 223.0, 376, 9, 113516.81745147705, 112.55399322509766, 458.36474609375, 319.7656829619072
LOSS, 20844.965576171875, -33.000244140625, 69.8283920288086, 25.482843002655105, 818, 207.0, 345, 8, 272381.57370758057, 80.31790924072266, 454.6357421875, 332.98480893347255
LOSS, 14268.872314453125, -19.67072296142578, 67.20572662353516, 35.58322272930954, 401, 223.0, 373, 12, 140547.96438598633, 139.01104736328125, 435.91729736328125, 350.49367677303326
LOSS, 15320.761474609375, -27.57935333251953, 71.5758285522461, 22.630371454371307, 677, 207.0, 354, 12, 213682.84295654297, 129.294677734375, 463.3908386230469, 315.63196891660704
LOSS, 6609.650245666504, -37.0, 59.9847412109375, 20.590810734163565, 321, 193.6999969482422, 378, 5, 84577.39098358154, 99.69158935546875, 448.12255859375, 263.4809687962042
LOSS, 8062.7322998046875, -22.446044921875, 69.3510971069336, 24.73230766811254, 326, 207.0, 378, 7, 103754.3235244751, 67.99906921386719, 428.9638671875, 318.26479608734695
LOSS, 10923.20654296875, -29.7039794921875, 70.12870025634766, 21.169004928234013, 516, 207.0, 365, 6, 154680.22174835205, 104.86351013183594, 441.6584167480469, 299.7678716053334
LOSS, 11475.448600769043, -18.793113708496094, 65.1756820678711, 22.412985548377037, 512, 160.71290588378906, 365, 7, 146998.55206680298, 56.42343521118164, 452.7175598144531, 287.10654700547457
LOSS, 16318.375732421875, -26.092529296875, 69.38253021240234, 25.738762984892546, 634, 191.0, 357, 12, 205134.58675384521, 34.20951461791992, 458.9613342285156, 323.55613052656975
LOSS, 1675.6052780151367, -55.83716583251953, 68.2338638305664, 0.27931409868563706, 5999, 193.78944396972656, 0, 25, 1042581.819190979, 79.98335266113281, 473.0947570800781, 173.79260196549075
LOSS, 10134.50927734375, -37.807373046875, 68.0959243774414, 19.267127903695343, 526, 175.0, 364, 7, 162264.76853179932, 103.10037231445312, 445.1259765625, 308.4881531022801
LOSS, 12799.0, -36.0001220703125, 68.6296615600586, 19.69076923076923, 650, 207.0, 356, 6, 182652.56065368652, 54.910194396972656, 446.8267517089844, 281.00393946721005
LOSS, 14881.0, -35.0, 65.89547729492188, 29.702594810379242, 501, 223.0, 366, 8, 153601.5531463623, 82.94490051269531, 451.95526123046875, 306.58992643984493
LOSS, 25827.950241088867, -39.999755859375, 67.8282699584961, 26.194675700901488, 986, 177.10000610351562, 334, 19, 300885.90798187256, 71.95411682128906, 462.80487060546875, 305.15812168546915
LOSS, 17946.498291015625, -25.20965576171875, 68.1310043334961, 35.60813152979291, 504, 191.0, 366, 15, 168633.96379089355, 106.81474304199219, 454.06817626953125, 334.59119799780467
LOSS, 13922.4208984375, -20.662452697753906, 66.3194808959961, 19.417602368811018, 717, 223.0, 352, 13, 200319.61576843262, 72.08710479736328, 440.23468017578125, 279.3857960508126
LOSS, 4551.0, -19.136444091796875, 68.97710418701172, 22.984848484848484, 198, 223.0, 386, 4, 54908.46815490723, 83.17794036865234, 443.7467956542969, 277.3154957318547
LOSS, 12348.495849609375, -19.004043579101562, 68.74625396728516, 35.79274159307065, 345, 207.0, 376, 10, 124299.78134155273, 116.61308288574219, 451.67572021484375, 360.289221279863
LOSS, 3413.7738647460938, -13.397598266601562, 53.40876770019531, 17.596772498691205, 194, 207.0, 387, 1, 61218.45980834961, 156.88375854492188, 434.50860595703125, 315.5590711770598
LOSS, 16686.85693359375, -23.576385498046875, 68.15848541259766, 15.907394598278122, 1049, 223.0, 330, 14, 308090.0831222534, 94.89295959472656, 445.1192932128906, 293.6988399640166
LOSS, 11484.29296875, -25.53253936767578, 65.28922271728516, 38.40900658444816, 299, 207.0, 380, 9, 107106.68898010254, 195.72225952148438, 438.1133728027344, 358.2163511040219
LOSS, 23633.354736328125, -18.462913513183594, 66.54035186767578, 21.582972361943494, 1095, 223.0, 326, 20, 336477.0118560791, 78.94677734375, 457.7608947753906, 307.2849423343188
LOSS, 17091.0, -19.14081573486328, 69.10819244384766, 22.13860103626943, 772, 223.0, 348, 16, 238529.57719421387, 89.25051879882812, 446.82037353515625, 308.97613626193504
WIN , 25834.0, -18.462913513183594, 84.5166015625, 27.92864864864865, 925, 207.0, 338, 11, 290264.7404785156, 90.68473052978516, 465.4683532714844, 313.7997194362331
LOSS, 6537.97078704834, -17.96697235107422, 63.01795196533203, 18.41681911844603, 355, 181.5620880126953, 376, 3, 113763.74757385254, 142.3437042236328, 452.55902099609375, 320.4612607714156
LOSS, 5690.951332092285, 0, 66.44612884521484, 47.8231204377503, 119, 202.3160858154297, 392, 4, 43227.21325683594, 195.04144287109375, 442.9399719238281, 363.2538929145877
LOSS, 14428.58935546875, -17.662269592285156, 67.2514877319336, 31.434835197099673, 459, 191.0, 369, 10, 158763.382522583, 130.58914184570312, 449.40863037109375, 345.88972227142267
LOSS, 5042.6219482421875, 0, 67.68103790283203, 40.99692640847307, 123, 191.0, 391, 5, 43299.14582824707, 153.42787170410156, 432.3848876953125, 352.02557583940705
LOSS, 13692.86279296875, -41.9998779296875, 67.0729751586914, 21.563563453494094, 635, 223.0, 357, 9, 202751.04470062256, 64.3268051147461, 449.0285949707031, 319.29298378050794
LOSS, 7036.3363037109375, -16.48139190673828, 59.30243682861328, 25.868883469525507, 272, 223.0, 381, 6, 87172.05793762207, 91.61575317382812, 429.0360412597656, 320.48550712361055
LOSS, 21721.25048828125, -21.077659606933594, 67.9796371459961, 23.281083052820204, 933, 188.5, 337, 19, 278607.02492523193, 86.12132263183594, 461.0834655761719, 298.61417462511463
LOSS, 12303.845581054688, -17.662269592285156, 67.6515884399414, 22.70082210526695, 542, 207.0, 363, 7, 150262.99155807495, 63.68584060668945, 451.1726379394531, 277.2379918045663
LOSS, 12599.801879882812, -18.462913513183594, 67.0708236694336, 31.65779366804727, 398, 223.0, 373, 5, 126137.72043609619, 77.09292602539062, 449.1583251953125, 316.9289458193372
LOSS, 7529.9124755859375, -16.909072875976562, 66.1983413696289, 28.30794163754112, 266, 207.0, 382, 1, 86408.7223815918, 147.69400024414062, 445.2933044433594, 324.8448209834278
LOSS, 10285.677734375, -15.463035583496094, 66.18033599853516, 33.50383626832247, 307, 223.0, 379, 4, 101446.48922729492, 169.28273010253906, 449.75439453125, 330.44459031692156
LOSS, 5641.0, -18.462913513183594, 68.91759490966797, 24.633187772925766, 229, 223.0, 384, 6, 64180.99624633789, 86.17078399658203, 459.5262451171875, 280.26635915431393
LOSS, 22834.5068359375, -38.009620666503906, 70.2645034790039, 20.42442471908542, 1118, 175.0, 325, 25, 332123.23083496094, 94.51005554199219, 484.478759765625, 297.06907945882017
LOSS, 3997.2451171875, -30.322265625, 63.39362335205078, 19.034500558035713, 210, 223.0, 385, 3, 54730.52300262451, 117.52977752685547, 433.7952575683594, 260.6215381077358
LOSS, 5659.538475036621, -23.283119201660156, 65.3392562866211, 30.10392805870543, 188, 215.0880889892578, 387, 3, 67987.44801330566, 243.91554260253906, 441.6250305175781, 361.63536177290246
WIN , 26137.45249938965, -42.00048828125, 69.2168197631836, 14.935687142508371, 1750, 140.09500122070312, 283, 15, 430429.46086120605, 61.20281219482422, 475.821044921875, 245.95969192068918
LOSS, 5453.9998779296875, -18.721778869628906, 65.07054901123047, 23.110168974278338, 236, 223.0, 384, 8, 69858.6358718872, 102.86908721923828, 459.5766906738281, 296.0111689486746
WIN , 25704.0, -22.8397216796875, 68.77278900146484, 21.103448275862068, 1218, 207.0, 318, 25, 367253.9561767578, 85.35874938964844, 485.2352294921875, 301.52213150801134
LOSS, 14375.364013671875, -23.013206481933594, 69.0825424194336, 18.59684865934266, 773, 223.0, 348, 12, 242492.74935150146, 107.98674774169922, 441.82354736328125, 313.7034273628738
LOSS, 10017.948486328125, -18.0462646484375, 69.7835464477539, 36.42890358664773, 275, 191.0, 381, 5, 94225.01329040527, 141.2397003173828, 446.094482421875, 342.6364119651101
LOSS, 10862.747360229492, -18.46306610107422, 70.9251937866211, 13.890981279065846, 782, 210.36709594726562, 347, 9, 232990.23292541504, 150.69984436035156, 443.93792724609375, 297.94147432917526
LOSS, 10124.701171875, -18.764259338378906, 61.9097900390625, 33.30493806537829, 304, 223.0, 379, 7, 108624.11151123047, 190.5664825439453, 442.39990234375, 357.3161562869423
LOSS, 12213.499710083008, -27.2550048828125, 64.96015167236328, 13.63113806928907, 896, 177.14364624023438, 340, 9, 242461.71983337402, 81.89323425292969, 448.3259582519531, 270.60459802831923
LOSS, 12961.0, -20.967002868652344, 65.8919448852539, 35.12466124661247, 369, 223.0, 375, 3, 122261.5640335083, 110.28520965576172, 483.0602111816406, 331.33215185232604
LOSS, 11667.0, -34.0869140625, 64.2247543334961, 16.15927977839335, 722, 191.0, 351, 12, 182890.53713989258, 68.24214172363281, 450.5126647949219, 253.31099326854928
LOSS, 15243.650001525879, -17.538436889648438, 67.8801498413086, 21.62219858372465, 705, 177.6999969482422, 352, 12, 203584.72470092773, 104.32420349121094, 467.71429443359375, 288.7726591502521
LOSS, 11086.7431640625, -28.160400390625, 57.69048309326172, 19.34859190935864, 573, 175.0, 361, 9, 164623.70328521729, 94.04896545410156, 456.5677185058594, 287.301401893922
LOSS, 4151.9998779296875, -17.28406524658203, 63.207618713378906, 20.45320136911176, 203, 207.0, 386, 1, 62563.209869384766, 175.4645233154297, 450.6423645019531, 308.1931520659348
LOSS, 24349.5048828125, -17.096099853515625, 62.476097106933594, 32.72782914356519, 744, 191.0, 350, 15, 267567.1717224121, 103.29643249511719, 448.59100341796875, 359.6332953258227
LOSS, -7401.271537780762, -33.016212463378906, 61.830055236816406, -1.2337508814437008, 5999, 215.82737731933594, 0, 4, 647507.8448486328, 55.53996276855469, 434.6222839355469, 107.93596346868358
LOSS, 8481.537353515625, -18.77500343322754, 70.4640884399414, 32.62129751352163, 260, 191.0, 382, 2, 87848.76840209961, 141.32492065429688, 451.588623046875, 337.87987846961386
LOSS, 14168.976318359375, -27.833740234375, 82.6256332397461, 7.284820729233612, 1945, 191.0, 270, 21, 635334.6245956421, 47.951568603515625, 463.7262268066406, 326.65019259416044
LOSS, 11951.0, -18.963699340820312, 62.140403747558594, 22.464285714285715, 532, 223.0, 364, 11, 148093.70072174072, 77.43727111816406, 463.3825988769531, 278.3716178980089
LOSS, 13619.24658203125, -30.322418212890625, 66.9954605102539, 26.291981818593147, 518, 207.0, 365, 10, 166265.412399292, 102.43089294433594, 474.6583251953125, 320.9756996125328
LOSS, 15780.794921875, -39.999755859375, 68.2726058959961, 18.392534873980185, 858, 223.0, 342, 9, 297948.03539276123, 110.86524200439453, 481.13165283203125, 347.2587825090457
WIN , 26715.786407470703, -25.707923889160156, 79.310302734375, 22.5640087900935, 1184, 143.42718505859375, 321, 20, 320776.8388290405, 57.36296081542969, 486.18572998046875, 270.9263841461491
LOSS, 11532.495483398438, -23.7188720703125, 70.07254791259766, 34.63211856876408, 333, 207.0, 377, 8, 111036.41899108887, 78.80865478515625, 463.87548828125, 333.44269967293957
LOSS, 17126.78955078125, -23.3878173828125, 66.9481430053711, 12.565509575041268, 1363, 175.0, 309, 13, 437858.51123809814, 79.23453521728516, 462.9971923828125, 321.24615644761417
LOSS, 9974.111083984375, -18.15350341796875, 67.25348663330078, 29.509204390486317, 338, 207.0, 377, 7, 119804.3941116333, 118.5013198852539, 440.63690185546875, 354.45087015276124
LOSS, 15065.467529296875, -28.7469482421875, 67.8374252319336, 13.226924959874342, 1139, 175.0, 324, 10, 305117.3229904175, 87.67992401123047, 466.9764709472656, 267.8817585517274
LOSS, 12725.1884765625, -26.53656005859375, 70.6816635131836, 24.566000920004825, 518, 191.0, 365, 11, 168410.21035766602, 164.7421417236328, 478.43402099609375, 325.11623621171043
LOSS, 5649.0, -16.48968505859375, 66.90999603271484, 16.762611275964392, 337, 207.0, 377, 4, 103521.05326843262, 92.7182846069336, 471.6070251464844, 307.18413432769324
WIN , 26210.0, -37.542259216308594, 74.4580078125, 10.26635330983157, 2553, 175.0, 229, 31, 576867.8476257324, 66.34747314453125, 470.1700134277344, 225.9568537507765
LOSS, 10042.347045898438, -21.813438415527344, 59.50800704956055, 21.053138461003012, 477, 223.0, 368, 6, 144331.7965774536, 86.31830596923828, 449.974365234375, 302.58238276195726
WIN , 26302.0, -34.0869140625, 65.3343734741211, 20.500389711613405, 1283, 191.0, 314, 23, 414000.54817581177, 36.52356719970703, 476.19219970703125, 322.6816431611939
WIN , 21318.65000152588, -37.89885711669922, 86.7195816040039, 4.900839080810547, 4350, 177.6999969482422, 109, 32, 810544.8750801086, 51.161415100097656, 463.6346130371094, 186.33215519082958
LOSS, 20741.0, -23.881591796875, 70.3398666381836, 19.010999083409715, 1091, 223.0, 327, 13, 320608.0956687927, 62.049373626708984, 479.5198669433594, 293.86626550760104
LOSS, 11695.96044921875, -26.616485595703125, 69.9052963256836, 22.026290864818737, 531, 207.0, 364, 10, 142377.90922546387, 69.96964263916016, 448.4410705566406, 268.131655791834
LOSS, 23033.251220703125, -18.890396118164062, 68.6818618774414, 23.384011391576777, 985, 191.0, 334, 19, 335105.4303665161, 51.966678619384766, 462.0666198730469, 340.20855874773207
LOSS, 16175.851806640625, -21.2823486328125, 66.2163314819336, 31.77966956118001, 509, 207.0, 366, 12, 165278.93747711182, 117.86222076416016, 449.49163818359375, 324.71304023008213
