LOSS, 23346.758071899414, -34.47189712524414, 43.842384338378906, 6.899160186731505, 3384, 185.39498901367188, 174, 22, 9309.977140665054, 1.4289512634277344, 38.177345275878906, 2.751175277974307
LOSS, 10740.315803527832, -43.999755859375, 46.6455078125, 1.790351025758932, 5999, 219.44407653808594, 0, 19, 77380.01703995466, -18.8990535736084, 94.51966094970703, 12.898819309877423
LOSS, 24136.793014526367, -44.999755859375, 53.918067932128906, 4.0234694139900595, 5999, 231.41397094726562, 0, 29, 186542.76463857293, -36.854835510253906, 129.4189910888672, 31.095643380325544
LOSS, 8914.830688476562, -36.0001220703125, 55.910255432128906, 13.14871782961145, 678, 207.0, 354, 9, 29696.974346280098, -6.6014404296875, 142.0548095703125, 43.800847118407226
LOSS, 18565.517333984375, -22.72179412841797, 60.161964416503906, 16.074040981804654, 1155, 207.0, 322, 15, 70936.06977880001, -14.87450885772705, 157.91937255859375, 61.41651063099568
LOSS, 18936.20263671875, -42.00048828125, 60.133506774902344, 20.582828952955165, 920, 223.0, 338, 16, 62688.10422563553, -17.961715698242188, 162.05763244628906, 68.13924372351688
LOSS, 15463.816162109375, -25.24268341064453, 55.361549377441406, 20.840722590443903, 742, 223.0, 350, 22, 50910.780334472656, -10.88503646850586, 164.66676330566406, 68.61291150198471
LOSS, 13423.822875976562, -15.825714111328125, 57.692481994628906, 24.45140778866405, 549, 223.0, 363, 8, 40750.29553604126, -5.505376815795898, 149.80238342285156, 74.2264035264868
WIN , 28086.300888061523, -39.0, 74.84085845947266, 18.824598450443382, 1492, 162.39822387695312, 300, 27, 114273.99280947447, -3.2252280712127686, 178.4839630126953, 76.59114799562632
LOSS, 22498.935302734375, -19.666748046875, 60.032569885253906, 22.911339412153133, 982, 207.0, 334, 14, 81660.18522310257, -16.298595428466797, 176.7881317138672, 83.15701142882135
LOSS, 7066.327880859375, -15.861167907714844, 57.234092712402344, 29.566225442926257, 239, 207.0, 384, 4, 20702.575205802917, 4.478486061096191, 171.8892364501953, 86.62165358076534
WIN , 23777.724082946777, -43.87060546875, 83.3576889038086, 6.4630943416544655, 3679, 199.5518341064453, 154, 29, 239349.3930080533, -25.994691848754883, 188.67764282226562, 65.05827480512457
LOSS, 5279.962951660156, -17.966819763183594, 59.949432373046875, 24.788558458498386, 213, 191.0, 385, 3, 23609.583683013916, 17.358808517456055, 191.67098999023438, 110.84311588269445
LOSS, 15660.363037109375, -18.20465850830078, 60.41679763793945, 23.26948445335717, 673, 191.0, 355, 10, 67985.86782974005, -7.2798285484313965, 199.12164306640625, 101.01912010362562
WIN , 27117.75390625, -18.109939575195312, 62.709266662597656, 20.590549663059985, 1317, 159.4921875, 312, 23, 145742.09544676542, -39.17910385131836, 209.758056640625, 110.66218333087731
LOSS, 20144.845100402832, -15.999755859375, 64.36270904541016, 31.135772952709168, 647, 218.42747497558594, 356, 15, 82837.01127934456, -15.44788932800293, 228.3212890625, 128.03247492943518
LOSS, 8411.501342773438, -18.980796813964844, 67.1819076538086, 22.733787412901183, 370, 191.0, 375, 10, 45638.85683345795, 8.101685523986816, 227.64712524414062, 123.34826171204851
LOSS, 18405.36962890625, -37.0, 61.26152038574219, 22.14845924056107, 831, 207.0, 344, 11, 93144.99297142029, -54.71541976928711, 232.66062927246094, 112.0878375107344
LOSS, 19520.68017578125, -43.350196838378906, 60.856544494628906, 17.762220360128527, 1099, 223.0, 326, 14, 123772.86138606071, -39.628997802734375, 245.37173461914062, 112.6231677762154
WIN , 27493.05731201172, -39.0, 62.842628479003906, 18.016420256888413, 1526, 148.8853759765625, 298, 17, 175489.63156306744, -38.5912971496582, 246.34420776367188, 114.99975856033252
LOSS, 11948.215209960938, -18.0462646484375, 62.649757385253906, 32.0327485521741, 373, 191.0, 375, 6, 56108.2987909317, 8.872525215148926, 248.8681640625, 150.42439354137184
LOSS, 10961.281494140625, -19.44586181640625, 66.0204086303711, 18.391411902920513, 596, 207.0, 360, 8, 71505.23074364662, -19.615015029907227, 250.9898223876953, 119.9752193685346
WIN , 25508.45140838623, -48.66460418701172, 83.09854888916016, 8.922158589851778, 2859, 178.09718322753906, 209, 29, 316391.6405427456, -83.72168731689453, 275.4510803222656, 110.66514184775991
LOSS, 2942.5244140625, -15.721900939941406, 57.892677307128906, 26.0400390625, 113, 175.0, 392, 2, 15672.572658538818, 45.52509307861328, 237.33343505859375, 138.69533326140547
WIN , 28132.0, -18.98064422607422, 71.4111328125, 25.117857142857144, 1120, 191.0, 325, 26, 174919.22327411175, -23.30999755859375, 287.65496826171875, 156.17787792331407
WIN , 24243.05731201172, -41.00048828125, 67.08309173583984, 7.438802489110684, 3259, 148.8853759765625, 182, 25, 388442.41267567873, -49.45890808105469, 289.5113220214844, 119.19067587470964
LOSS, 15533.13525390625, -18.633338928222656, 65.5968246459961, 31.00426198384481, 501, 191.0, 366, 14, 86212.09209132195, -2.0860512256622314, 288.4319152832031, 172.08002413437515
LOSS, 13262.32275390625, -31.0001220703125, 59.240142822265625, 20.033720172063823, 662, 207.0, 355, 10, 114952.4116973877, 34.96646499633789, 288.5455627441406, 173.64412643109924
LOSS, 18709.749755859375, -21.544349670410156, 62.743751525878906, 16.886055736335177, 1108, 175.0, 326, 16, 190388.69228935242, 27.90277671813965, 290.2850341796875, 171.83094971963214
LOSS, 16767.63037109375, -18.462913513183594, 56.90886688232422, 20.373791459409173, 823, 207.0, 345, 12, 135600.52179384232, 5.759914875030518, 281.8135986328125, 164.76369598279746
LOSS, 12482.309814453125, -20.306907653808594, 61.593849182128906, 29.86198520204097, 418, 223.0, 372, 9, 74687.74323952198, 1.2989951372146606, 317.3589782714844, 178.67881157780377
LOSS, 19865.29563140869, -43.87060546875, 65.3646011352539, 3.311434510986613, 5999, 214.4087371826172, 0, 27, 624302.4813693762, -32.696678161621094, 316.4507141113281, 104.06775818792735
LOSS, 15898.639846801758, -17.662269592285156, 55.685035705566406, 24.497133816335527, 649, 164.39999389648438, 356, 14, 124852.50029993057, -2.7516303062438965, 317.21832275390625, 192.3767338981981
LOSS, 25711.964111328125, -39.00048828125, 62.465721130371094, 25.81522501137362, 996, 175.0, 333, 16, 180819.77217054367, 2.1227660179138184, 306.4817810058594, 181.54595599452176
LOSS, 24077.0, -33.000244140625, 60.755226135253906, 24.950259067357514, 965, 191.0, 335, 14, 187841.92868328094, -2.173661231994629, 337.1732177734375, 194.65484837645693
WIN , 27683.525505065918, -23.7188720703125, 68.26873779296875, 20.79904245309235, 1331, 147.94898986816406, 311, 25, 253686.54250144958, 23.52643585205078, 350.3736267089844, 190.59845417088624
LOSS, 24967.888633728027, -21.3397216796875, 62.121192932128906, 26.818355138268558, 931, 216.6861114501953, 337, 30, 189624.39722251892, 21.82047462463379, 338.5939025878906, 203.67819250539088
LOSS, 12541.540893554688, -20.9521484375, 63.715736389160156, 26.458947032815797, 474, 207.0, 368, 9, 93495.02314758301, 43.216060638427734, 340.890869140625, 197.24688427760128
LOSS, 15561.0, -34.99951171875, 67.1205825805664, 25.46808510638298, 611, 223.0, 359, 15, 118620.22762227058, 3.1836445331573486, 334.4300842285156, 194.1411254046982
LOSS, -7510.0, -24.706275939941406, 58.96338653564453, -1.251875312552092, 5999, 205.0, 0, 7, 684954.9861631393, 15.606837272644043, 341.2423400878906, 114.17819405953314
LOSS, 16119.0, -18.353553771972656, 59.583351135253906, 27.506825938566553, 586, 207.0, 360, 17, 130040.623878479, 21.84900665283203, 370.03009033203125, 221.91232743767748
WIN , 27299.8978805542, -39.0, 83.68709564208984, 14.308122578906813, 1908, 135.20423889160156, 272, 30, 397000.72462558746, -31.619680404663086, 378.29888916015625, 208.07165860879846
LOSS, 15260.70703125, -26.092605590820312, 90.9798355102539, 18.23262488799283, 837, 223.0, 344, 15, 171325.36417388916, 38.002079010009766, 362.04290771484375, 204.68980188039328
LOSS, 10774.583618164062, -38.0, 61.45514678955078, 14.5210021808141, 742, 191.0, 350, 9, 142431.36880016327, 11.246814727783203, 403.01727294921875, 191.95602264172948
LOSS, 21367.27353668213, -25.299598693847656, 61.531097412109375, 27.012988036260595, 791, 193.6999969482422, 347, 14, 183548.59132766724, 55.79757308959961, 390.8666076660156, 232.04625957985743
WIN , 28316.65000152588, -20.40331268310547, 67.6155776977539, 21.40336356880263, 1323, 161.6999969482422, 311, 23, 289345.2152004242, 5.943728446960449, 377.1004333496094, 218.70386636464414
LOSS, 10461.767822265625, -20.432518005371094, 58.214942932128906, 30.589964392589547, 342, 223.0, 377, 14, 82367.06993865967, 65.90089416503906, 371.2749328613281, 240.83938578555458
LOSS, 23639.909912109375, -22.757118225097656, 60.29668426513672, 19.765810963302155, 1196, 223.0, 320, 26, 277289.9443368912, 11.57703685760498, 387.4200439453125, 231.84777954589563
LOSS, 20469.276000976562, -21.34002685546875, 62.768165588378906, 26.042335879105043, 786, 186.447998046875, 347, 22, 188567.2476272583, 54.19800567626953, 393.7473449707031, 239.90743972933626
LOSS, 9601.999877929688, -17.96697235107422, 58.641883850097656, 19.203999755859375, 500, 207.0, 366, 10, 126404.28797912598, 78.84944915771484, 411.58245849609375, 252.80857595825196
LOSS, 10122.483558654785, -21.132896423339844, 63.164283752441406, 29.597905142265454, 342, 204.2675018310547, 377, 4, 82456.97256088257, 39.212581634521484, 379.5526428222656, 241.10225894994903
WIN , 26083.13641357422, -26.092529296875, 65.4756851196289, 7.059035565243361, 3695, 188.7271728515625, 153, 28, 541804.9987325668, 5.337273597717285, 404.3617248535156, 146.63193470434825
LOSS, 18887.027587890625, -17.795211791992188, 62.410499572753906, 23.608784484863282, 800, 175.0, 346, 15, 200737.02530288696, 53.44959259033203, 391.17486572265625, 250.9212816286087
WIN , 27791.707305908203, -18.870704650878906, 72.24178314208984, 32.16632790035672, 864, 151.58538818359375, 342, 29, 223121.77836990356, 31.568805694580078, 393.79144287109375, 258.24279903924025
WIN , 28748.65000152588, -23.881591796875, 79.0035171508789, 22.690331492917032, 1267, 177.6999969482422, 315, 29, 299964.0401611328, 36.85081100463867, 411.7007141113281, 236.75141291328558
LOSS, 18347.560485839844, -26.092529296875, 61.475730895996094, 27.799334069454307, 660, 175.8800048828125, 355, 14, 157305.098487854, 31.194744110107422, 392.1554870605469, 238.3410583149303
LOSS, 13816.040000915527, -22.30865478515625, 63.688865661621094, 30.4989845494824, 453, 200.6861114501953, 369, 8, 112380.05590057373, 41.49461364746094, 404.133056640625, 248.0795935995005
LOSS, 12378.9755859375, -40.9998779296875, 61.68083190917969, 21.05267956792092, 588, 207.0, 360, 9, 141620.45392107964, 3.6938388347625732, 412.05462646484375, 240.85111211067965
WIN , 26966.0, -46.019874572753906, 87.54638671875, 7.593917206420727, 3551, 223.0, 163, 30, 555149.6386991739, -35.71681213378906, 425.90618896484375, 156.3361415655235
LOSS, 12227.604370117188, -16.858627319335938, 66.39395904541016, 22.94109637920673, 533, 175.0, 364, 8, 120093.79210758209, 2.018437385559082, 399.8579406738281, 225.31668312867185
WIN , 26776.0, -17.662879943847656, 61.037818908691406, 31.80047505938242, 842, 223.0, 343, 22, 221461.43375587463, 28.46028709411621, 418.0762634277344, 263.01832987633566
LOSS, 12123.999877929688, -20.002357482910156, 59.57420349121094, 25.740976386262606, 471, 223.0, 368, 9, 108211.41888237, 31.225263595581055, 421.6630859375, 229.74823541904456
LOSS, 20628.0498046875, -47.15564727783203, 65.4881820678711, 9.159880019843472, 2252, 191.0, 249, 21, 360063.7206325531, -10.925992965698242, 517.3803100585938, 159.88619921516568
LOSS, 9278.674072265625, -18.490028381347656, 62.37708282470703, 26.972889744958213, 344, 207.0, 377, 9, 92566.48210525513, 48.8462028503418, 429.9427490234375, 269.0886107710905
LOSS, 16867.427001953125, -40.999755859375, 63.571678161621094, 29.08177069302263, 580, 223.0, 361, 10, 155953.7508468628, 45.278987884521484, 411.7909851074219, 268.8857773221772
LOSS, 20408.835693359375, -39.00048828125, 63.850929260253906, 20.028298030774657, 1019, 223.0, 332, 14, 230024.9814605713, 16.662311553955078, 430.7970886230469, 225.73599750792079
WIN , 27986.0, -18.793113708496094, 62.09587097167969, 27.303414634146343, 1025, 223.0, 331, 37, 274999.3788032532, 13.998796463012695, 428.49127197265625, 268.2920768812226
LOSS, 25534.628662109375, -21.34033203125, 67.40155792236328, 26.793944031594307, 953, 207.0, 336, 27, 251569.42947387695, 36.618202209472656, 424.6728515625, 263.9763163419485
LOSS, 25624.42529296875, -24.132469177246094, 63.318092346191406, 25.650075368337088, 999, 223.0, 333, 22, 256805.63691711426, 19.128150939941406, 418.187744140625, 257.062699616731
WIN , 28500.08112335205, -20.662147521972656, 76.29187774658203, 25.088099580415538, 1136, 174.83775329589844, 324, 30, 311038.40832901, 37.91135025024414, 414.62628173828125, 273.8014157825792
LOSS, 7960.853363037109, -15.721900939941406, 60.018157958984375, 27.170147996713684, 293, 146.17413330078125, 380, 4, 76268.75821685791, 49.15300750732422, 404.32220458984375, 260.3029290677744
LOSS, 14306.4775390625, -17.992774963378906, 61.0308837890625, 24.4555171607906, 585, 191.0, 360, 12, 146956.80681991577, 52.22216796875, 430.4868469238281, 251.2082167861808
WIN , 27634.41293334961, -20.48089599609375, 64.9019546508789, 28.60705272603479, 966, 146.17413330078125, 335, 28, 265867.55167770386, 47.4130973815918, 414.3365173339844, 275.22520877609094
WIN , 26692.0, -19.35546875, 66.8080825805664, 27.016194331983804, 988, 191.0, 334, 20, 261060.50550079346, 37.88501739501953, 431.824462890625, 264.23128087124843
LOSS, 23662.249153137207, -18.721778869628906, 67.4025650024414, 22.492632274845253, 1052, 181.82737731933594, 329, 19, 273893.08991622925, 35.70805358886719, 431.787109375, 260.3546482093434
LOSS, 17119.028953552246, -20.1611328125, 61.790382385253906, 24.009858279876923, 713, 153.8000030517578, 352, 12, 202055.31018066406, 66.84590911865234, 466.2180480957031, 283.387531810188
LOSS, 9460.268188476562, -27.160202026367188, 66.3493881225586, 11.975023023388054, 790, 223.0, 347, 9, 172391.44830322266, 33.680076599121094, 436.015869140625, 218.21702316863627
LOSS, 17386.7734375, -35.0, 65.05957794189453, 29.320022660202362, 593, 207.0, 360, 9, 154988.62627601624, 20.265886306762695, 412.1495056152344, 261.3636193524726
WIN , 27751.415954589844, -17.469558715820312, 67.0857925415039, 32.008553580841806, 867, 212.1680908203125, 342, 18, 240525.2708759308, 5.302343368530273, 476.47052001953125, 277.4224577577056
LOSS, 14766.2431640625, -21.7828369140625, 67.8886947631836, 25.996906978983276, 568, 191.0, 362, 9, 162805.73964691162, 68.89630889892578, 439.8894958496094, 286.6298233220275
LOSS, 26628.542724609375, -17.662879943847656, 64.6297378540039, 26.18342450797382, 1017, 223.0, 332, 18, 280356.50357055664, 47.911407470703125, 424.9026184082031, 275.6701116721304
LOSS, 12241.0, -37.0, 58.752952575683594, 14.87363304981774, 823, 223.0, 345, 15, 164083.5275402069, 15.458675384521484, 419.37744140625, 199.37245144618095
WIN , 26914.83213043213, -40.9998779296875, 71.57186126708984, 9.748218808559264, 2761, 165.3357391357422, 215, 35, 546876.2932581902, -3.0814170837402344, 440.81109619140625, 198.07181936189428
WIN , 29070.753562927246, -43.999755859375, 75.52437591552734, 23.615559352499794, 1231, 173.4928741455078, 317, 34, 335014.1710281372, 34.88707733154297, 452.3290100097656, 272.14798621294653
LOSS, 10712.001525878906, -18.27295684814453, 65.9892807006836, 23.03656242124496, 465, 180.1680908203125, 368, 6, 121317.29276275635, 78.43087768554688, 427.99468994140625, 260.89740379087385
WIN , 28090.0, -33.000244140625, 71.89283752441406, 20.97834204630321, 1339, 175.0, 310, 19, 367004.9726638794, 37.579986572265625, 440.5860595703125, 274.08885187743044
WIN , 27761.415954589844, -28.30206298828125, 70.674072265625, 27.110757768154144, 1024, 212.1680908203125, 331, 26, 297613.13203811646, 58.37179183959961, 438.3302917480469, 290.6378242559731
LOSS, 22453.28955078125, -23.6212158203125, 67.0137710571289, 23.100092130433385, 972, 207.0, 335, 22, 280943.24851226807, 44.55516052246094, 427.7908630371094, 289.0362639015104
LOSS, 15125.464111328125, -39.0, 57.157508850097656, 20.71981385113442, 730, 223.0, 351, 12, 215583.81045532227, 68.55517578125, 433.1277160644531, 295.320288294962
LOSS, 25251.0, -26.092529296875, 64.25908660888672, 24.61111111111111, 1026, 223.0, 331, 17, 298332.4546890259, 78.58382415771484, 450.45111083984375, 290.7723729912533
LOSS, 10126.740661621094, -17.050537109375, 60.08094024658203, 28.526030032735477, 355, 191.8800048828125, 376, 9, 100063.7267074585, 24.845741271972656, 431.9031982421875, 281.86965269706616
LOSS, 18067.300491333008, -24.681121826171875, 61.995750427246094, 16.822439936064253, 1074, 196.39999389648438, 328, 22, 298945.34899520874, 40.603973388671875, 445.0245361328125, 278.3476247627642
LOSS, 6798.4176025390625, -18.462913513183594, 59.182960510253906, 26.452986780307636, 257, 223.0, 382, 2, 81208.45362854004, 130.34225463867188, 416.1216735839844, 315.98620088926083
LOSS, 12117.07958984375, -19.424789428710938, 65.2654037475586, 29.771694323940416, 407, 159.0, 372, 6, 124170.64962768555, 64.44966125488281, 441.89459228515625, 305.08759122281464
WIN , 27862.0, -23.881591796875, 67.955322265625, 17.848814862267776, 1561, 191.0, 295, 13, 425003.00316619873, 47.40077209472656, 442.34881591796875, 272.263294789365
LOSS, 22798.065673828125, -34.0869140625, 58.400489807128906, 21.609540923059836, 1055, 191.0, 329, 17, 304312.3685531616, 38.42704772949219, 453.3399353027344, 288.4477427044186
LOSS, 9951.398559570312, -33.777610778808594, 58.629051208496094, 15.404641733080979, 646, 223.0, 356, 6, 155927.14492416382, 19.76693344116211, 437.21478271484375, 241.37328935629074
LOSS, 8341.060287475586, -19.0604248046875, 52.171783447265625, 24.24726827754531, 344, 212.18362426757812, 377, 10, 102494.77998352051, 49.64239501953125, 457.0430603027344, 297.94994181255964
LOSS, 20688.9248046875, -24.9822998046875, 62.06291198730469, 22.46354484765201, 921, 223.0, 338, 15, 244550.94606399536, 14.412189483642578, 447.42962646484375, 265.5276287339798
LOSS, 5885.00537109375, -17.215713500976562, 61.013099670410156, 29.572891312028894, 199, 191.0, 386, 3, 56687.311698913574, 58.953399658203125, 426.87957763671875, 284.86086280861093
LOSS, 19059.135009765625, -17.662269592285156, 62.901222229003906, 26.43430653226855, 721, 191.0, 351, 14, 217428.16716766357, 91.17732238769531, 443.1161193847656, 301.5647256139578
WIN , 28334.83213043213, -41.999755859375, 90.9798355102539, 16.56039282900767, 1711, 165.3357391357422, 285, 31, 471348.16499328613, 23.805946350097656, 452.55279541015625, 275.4811016909913
LOSS, 13307.0, -37.9998779296875, 61.834617614746094, 14.527292576419214, 916, 191.0, 338, 12, 200945.98642921448, 14.447656631469727, 447.64007568359375, 219.3733476301468
WIN , 28096.65000152588, -27.401123046875, 83.5262222290039, 21.79724592825902, 1289, 161.6999969482422, 314, 35, 372317.5528125763, 27.54912757873535, 453.1466369628906, 288.84216665056346
LOSS, 18010.959716796875, -21.34002685546875, 62.66149139404297, 28.817535546875, 625, 223.0, 358, 12, 197756.19638824463, 87.40843200683594, 451.7106628417969, 316.4099142211914
LOSS, 23709.0, -40.00048828125, 64.53755950927734, 17.732984293193716, 1337, 207.0, 310, 12, 323436.3173997402, -2.603355646133423, 448.8310241699219, 241.91198010451774
LOSS, 8975.058959960938, -17.286834716796875, 62.53288269042969, 31.163399166531033, 288, 127.0, 380, 7, 94177.80291748047, 144.04132080078125, 438.1708068847656, 327.0062601301405
WIN , 27953.0, -25.2862548828125, 81.55693054199219, 23.830349531116795, 1173, 169.0, 321, 15, 373398.69080352783, 96.76863861083984, 446.7767333984375, 318.32795464921384
LOSS, 22179.986328125, -27.99993896484375, 65.60553741455078, 23.008284572743776, 964, 207.0, 335, 18, 307595.9992752075, 97.35560607910156, 444.4130859375, 319.0829868000078
LOSS, 16544.8837890625, -15.721900939941406, 63.1475830078125, 28.378874423777873, 583, 207.0, 361, 11, 181524.76390075684, 88.05101776123047, 446.58929443359375, 311.36323139066354
LOSS, 17532.28369140625, -24.9228515625, 57.699195861816406, 26.890005661666027, 652, 207.0, 356, 20, 193303.74868774414, 75.74490356445312, 446.9399108886719, 296.47814215911677
LOSS, 17361.802505493164, -18.14698028564453, 67.5948257446289, 25.23517806030983, 688, 201.39498901367188, 354, 13, 199254.9316482544, 55.39236068725586, 437.02862548828125, 289.6147262329279
LOSS, 25144.880126953125, -21.46904754638672, 60.540672302246094, 26.778360092601837, 939, 207.0, 337, 16, 287497.7078399658, 67.97461700439453, 453.56512451171875, 306.17434274756744
LOSS, 6641.0, -18.462913513183594, 64.21453094482422, 26.670682730923694, 249, 223.0, 383, 5, 70401.1238937378, 77.93183135986328, 448.0987548828125, 282.73543732424815
LOSS, 16679.333984375, -23.00238800048828, 59.75517272949219, 18.32893844436813, 910, 191.0, 339, 17, 273132.72540283203, 58.292171478271484, 465.568115234375, 300.1458520910242
LOSS, 8693.999877929688, -17.662269592285156, 58.439857482910156, 20.408450417675322, 426, 223.0, 371, 5, 110515.88233184814, 37.40013122558594, 439.372314453125, 259.42695383062943
LOSS, 17154.408935546875, -18.462913513183594, 64.39290618896484, 29.223865307575597, 587, 207.0, 360, 14, 175076.40677642822, 65.42607879638672, 455.8056945800781, 298.2562296020924
LOSS, 6155.2816162109375, -18.1741943359375, 55.24695587158203, 22.629711824304916, 272, 223.0, 381, 4, 75928.62869262695, 70.86188507080078, 447.08355712890625, 279.14937019348145
LOSS, 13413.073974609375, -19.70459747314453, 64.0804214477539, 34.21702544543208, 392, 223.0, 373, 8, 126495.80487060547, 65.09416961669922, 450.103271484375, 322.6933797719527
LOSS, 7377.0389404296875, -26.092605590820312, 62.396766662597656, 18.628886213206282, 396, 207.0, 373, 2, 103018.41926574707, 22.914417266845703, 439.2464599609375, 260.1475233983512
LOSS, 13884.00048828125, -16.366127014160156, 62.969871520996094, 23.733334168002138, 585, 223.0, 360, 10, 171831.4875793457, 89.76636505126953, 437.2983703613281, 293.7290385971721
LOSS, 12133.452514648438, -18.905136108398438, 60.536109924316406, 26.784663387744896, 453, 207.0, 369, 5, 142099.3482131958, 85.73778533935547, 516.1954345703125, 313.6850953933682
WIN , 24319.45249938965, -33.000244140625, 90.9798355102539, 9.285777968457293, 2619, 156.09500122070312, 225, 37, 605019.6029672623, 9.082436561584473, 458.089111328125, 231.01168498177253
LOSS, 19301.0, -15.775001525878906, 62.155372619628906, 33.22030981067125, 581, 223.0, 361, 16, 183801.44849395752, 51.24652099609375, 512.583740234375, 316.3536118656756
LOSS, 8047.9779052734375, -21.5875244140625, 62.67432403564453, 26.73746812383202, 301, 175.0, 379, 4, 92406.12489318848, 100.38552856445312, 452.3883056640625, 306.9970926684002
LOSS, 20267.0, -25.209617614746094, 57.292701721191406, 17.809314586994727, 1138, 191.0, 324, 17, 334916.07831192017, 61.458614349365234, 452.7699890136719, 294.30235352541314
LOSS, 17027.8759765625, -26.169761657714844, 62.486183166503906, 22.52364547164352, 756, 175.0, 349, 18, 216283.68980407715, 37.17919158935547, 446.5337829589844, 286.0895367778798
LOSS, 17377.65000152588, -26.577919006347656, 65.0783462524414, 22.222058825480662, 782, 209.6999969482422, 347, 14, 254377.97759628296, 59.58506393432617, 456.4203796386719, 325.29153145304724
LOSS, 17747.65000152588, -37.0, 60.267333984375, 19.874188131607927, 893, 209.6999969482422, 340, 13, 291897.600479126, 70.29573059082031, 448.46240234375, 326.87301285456437
WIN , 27168.300888061523, -20.3570556640625, 82.92314147949219, 21.892265018583018, 1241, 178.39822387695312, 317, 28, 389643.36795043945, 80.01271057128906, 456.6834716796875, 313.9753166401607
LOSS, 10933.807739257812, -17.907562255859375, 61.474090576171875, 22.970184326171875, 476, 207.0, 368, 9, 148927.14266204834, 69.69239807128906, 449.0325927734375, 312.8721484496814
LOSS, 16351.0, -21.133201599121094, 65.6249008178711, 19.891727493917276, 822, 223.0, 345, 13, 220805.24313354492, 34.57707595825195, 470.7668762207031, 268.6195171940936
LOSS, 19452.68310546875, -20.7525634765625, 57.319923400878906, 24.843784298172096, 783, 175.0, 347, 21, 260373.8059463501, 63.22162628173828, 453.5665283203125, 332.5335963554918
LOSS, 11588.164939880371, -21.12274169921875, 62.612205505371094, 23.69767881366129, 489, 201.8000030517578, 367, 8, 139957.51124191284, 40.84868621826172, 457.3629455566406, 286.2116794313146
WIN , 28272.0, -26.536865234375, 77.244873046875, 21.984447900466563, 1286, 191.0, 314, 21, 412883.4708061218, 56.223350524902344, 459.0492858886719, 321.0602416843871
LOSS, 16199.301025390625, -40.3751220703125, 57.832252502441406, 19.261951278704668, 841, 191.0, 343, 12, 259993.13273239136, 56.8660774230957, 473.2080383300781, 309.147601346482
LOSS, 11129.935302734375, -20.683151245117188, 58.87298583984375, 20.459439894732306, 544, 175.0, 363, 11, 161102.12453460693, 52.4926872253418, 459.00299072265625, 296.143611276851
LOSS, 17899.57373046875, -16.084640502929688, 64.6633071899414, 28.823790226197666, 621, 207.0, 358, 10, 195740.68507003784, 53.42025375366211, 446.558837890625, 315.2023914171302
LOSS, 22127.255615234375, -24.749755859375, 61.307273864746094, 18.04833247572135, 1226, 207.0, 318, 19, 326170.1795473099, 10.691781044006348, 460.87420654296875, 266.0441921266802
LOSS, 15575.58203125, -17.66242218017578, 67.0317611694336, 39.7336276307398, 392, 207.0, 373, 6, 133190.0271911621, 73.50335693359375, 458.00567626953125, 339.77047752847477
LOSS, 24084.8349609375, -20.3123779296875, 64.4747085571289, 25.567765351313696, 942, 207.0, 337, 17, 300236.2329864502, 77.29883575439453, 458.37628173828125, 318.72211569686857
LOSS, 12231.499267578125, -16.00006103515625, 63.20929718017578, 29.688105018393507, 412, 223.0, 372, 15, 128594.2206993103, 63.982479095458984, 453.8366394042969, 312.1218949012386
LOSS, 23326.208251953125, -37.0, 66.2142105102539, 23.279648954045037, 1002, 207.0, 333, 18, 309419.574672699, 22.003950119018555, 478.0084533691406, 308.8019707312365
LOSS, 23943.194709777832, -20.662147521972656, 67.4568862915039, 27.489316543946995, 871, 136.83079528808594, 341, 13, 270694.53759384155, 56.41350173950195, 466.3650817871094, 310.78592146250463
LOSS, 8877.688598632812, -16.00006103515625, 63.299171447753906, 25.292560110064993, 351, 175.0, 376, 5, 111384.41896057129, 132.47630310058594, 451.5308532714844, 317.33452695319454
LOSS, 19647.0, -22.394126892089844, 62.028419494628906, 21.927455357142858, 896, 191.0, 340, 15, 272495.2544288635, 50.24272155761719, 463.3302001953125, 304.1241678893566
LOSS, 6717.07861328125, -15.463035583496094, 61.343299865722656, 32.926855947457106, 204, 207.0, 386, 5, 68022.4839477539, 113.0679931640625, 440.8890380859375, 333.44354876349956
LOSS, 26050.007568359375, -18.963623046875, 68.0089340209961, 27.192074706011873, 958, 223.0, 336, 21, 313876.7383956909, 121.25759887695312, 459.3934631347656, 327.6375139829759
LOSS, 21244.80078125, -21.3397216796875, 62.749534606933594, 25.97163909688264, 818, 207.0, 345, 17, 265170.09774017334, 90.456298828125, 448.0662841796875, 324.1688236432437
WIN , 27256.065948486328, -21.46302032470703, 83.0361328125, 24.163179032346036, 1128, 182.86810302734375, 324, 28, 361180.05771255493, 50.91714859008789, 449.44586181640625, 320.19508662460544
LOSS, 14337.300491333008, -16.753318786621094, 67.01436614990234, 30.05723373445075, 477, 196.39999389648438, 368, 7, 155399.8877029419, 109.46197509765625, 450.67156982421875, 325.7859280984107
LOSS, 15814.411865234375, -18.463523864746094, 67.8673324584961, 24.21808861444774, 653, 223.0, 356, 11, 206259.8106842041, 53.60983657836914, 450.51446533203125, 315.86494744901086
WIN , 28489.0, -22.22850799560547, 74.87968444824219, 23.256326530612245, 1225, 137.0, 318, 28, 391760.1137390137, 53.30715560913086, 465.8995056152344, 319.8041744808275
WIN , 28094.300003051758, -28.51067352294922, 65.3045425415039, 25.470806893065962, 1103, 126.39999389648438, 326, 23, 359250.46689224243, 49.38249206542969, 454.00836181640625, 325.7030524861672
LOSS, 12038.303100585938, -17.662269592285156, 60.0823974609375, 26.991710987860845, 446, 191.0, 370, 10, 142609.99076843262, 106.33543395996094, 467.60595703125, 319.75334253011795
LOSS, 7497.797912597656, -17.40343475341797, 58.40918731689453, 27.872854693671584, 269, 186.4561767578125, 382, 6, 86051.39674377441, 109.70875549316406, 434.8862609863281, 319.89366819246993
LOSS, 14382.9775390625, -48.689857482910156, 65.0667495727539, 5.366782663829291, 2680, 223.0, 221, 9, 619384.6008300781, 31.763450622558594, 456.179931640625, 231.11365702614856
LOSS, 23475.886474609375, -26.092605590820312, 67.6991958618164, 23.785092679442123, 987, 223.0, 334, 18, 313176.66034698486, 62.95567321777344, 479.8826904296875, 317.30158089866757
WIN , 27423.550003051758, -18.462913513183594, 64.7353286743164, 28.04043967592204, 978, 167.89999389648438, 334, 16, 312072.6273574829, 81.08637237548828, 461.67181396484375, 319.09266600969625
LOSS, 6119.417907714844, -17.50006103515625, 55.863037109375, 20.81434662488042, 294, 191.0, 380, 2, 87018.06967544556, 59.800899505615234, 456.26885986328125, 295.9798288280461
WIN , 27206.0, -19.79669952392578, 67.6851577758789, 30.671927846674183, 887, 223.0, 340, 22, 294659.07860565186, 84.17124938964844, 472.1412048339844, 332.197382869957
LOSS, 23537.2666015625, -37.9998779296875, 65.9981460571289, 21.204744686092344, 1110, 207.0, 325, 16, 325871.64165496826, 38.35685729980469, 472.6036071777344, 293.57805554501647
LOSS, 14819.470458984375, -35.999969482421875, 59.787498474121094, 19.22110305964251, 771, 223.0, 348, 17, 234280.53034591675, 52.43164825439453, 458.1947937011719, 303.86579811402953
LOSS, 23450.0, -21.057373046875, 64.0767593383789, 27.267441860465116, 860, 185.0, 342, 15, 274837.3833694458, 69.69508361816406, 454.2965393066406, 319.57835275516953
LOSS, 22587.8349609375, -19.764404296875, 57.957679748535156, 23.190795647779773, 974, 191.0, 335, 24, 313611.25313568115, 70.35626983642578, 455.2718811035156, 321.9828060941285
LOSS, 22855.53271484375, -26.037979125976562, 57.990333557128906, 14.29364147269778, 1599, 191.0, 293, 22, 430382.77522468567, 18.910892486572266, 462.8385925292969, 269.1574579266327
LOSS, 12075.10595703125, -20.7525634765625, 58.98717498779297, 28.681961893185868, 421, 207.0, 371, 10, 140762.98802947998, 112.41223907470703, 510.2607421875, 334.35389080636577
LOSS, 16404.3447265625, -20.055068969726562, 64.50003814697266, 18.166494713801217, 903, 223.0, 339, 14, 286582.91510009766, 117.7975845336914, 460.3052062988281, 317.3675693245821
LOSS, 11674.790283203125, -16.23963165283203, 68.1584701538086, 27.213963364109848, 429, 223.0, 371, 8, 144918.71533203125, 185.06109619140625, 468.9536437988281, 337.80586324482806
LOSS, 7541.2052001953125, -25.380462646484375, 56.56427001953125, 20.217708311515583, 373, 207.0, 375, 4, 118917.76349639893, 109.33698272705078, 463.55963134765625, 318.814379346914
LOSS, 14735.43359375, -18.46306610107422, 57.185279846191406, 25.582349989149307, 576, 223.0, 361, 10, 181980.090133667, 46.35706329345703, 453.52655029296875, 315.93765648206073
LOSS, 8586.671508789062, -20.1611328125, 59.114891052246094, 27.346087607608478, 314, 207.0, 379, 8, 108828.71060180664, 104.6738510131836, 452.7168884277344, 346.588250324225
LOSS, 13907.5732421875, -18.462913513183594, 64.39505767822266, 24.834952218191965, 560, 175.0, 362, 8, 187930.4765472412, 87.62897491455078, 453.0674743652344, 335.59013669150215
LOSS, 11841.599998474121, -18.360992431640625, 59.580604553222656, 19.223376620899547, 616, 201.8000030517578, 358, 11, 181677.95161437988, 66.73545837402344, 471.4419250488281, 294.93173963373357
LOSS, 12329.999877929688, -24.43701171875, 62.217918395996094, 19.759615188989883, 624, 191.0, 358, 7, 206567.1015625, 74.88433837890625, 453.2987365722656, 331.03702173477564
LOSS, 16922.870361328125, -18.61236572265625, 58.699256896972656, 27.207187076090232, 622, 191.0, 358, 10, 208851.57105255127, 90.29169464111328, 465.5650939941406, 335.77422998802456
LOSS, 22171.25048828125, -18.722389221191406, 66.8419418334961, 21.236829969618057, 1044, 188.5, 330, 13, 298418.87467575073, 55.74552536010742, 464.2989501953125, 285.8418339806041
LOSS, 5216.611022949219, -21.34002685546875, 59.76081085205078, 22.104283995547537, 236, 175.0, 384, 4, 80458.8009185791, 146.9113311767578, 465.7285461425781, 340.9271225363521
LOSS, 7391.0, -16.720489501953125, 61.59522247314453, 24.15359477124183, 306, 223.0, 379, 4, 93619.21800994873, 55.243804931640625, 455.0185852050781, 305.9451568952573
LOSS, -5061.413688659668, -31.18780517578125, 64.14046478271484, -0.8437095663710065, 5999, 227.82737731933594, 0, 6, 826153.9376090169, -10.503621101379395, 437.66864013671875, 137.7152754807496
LOSS, 18746.17236328125, -32.9345703125, 56.49066162109375, 28.317480911300983, 662, 191.0, 355, 11, 216213.4933166504, 104.14339447021484, 449.7733154296875, 326.6064853725837
LOSS, 12471.0, -23.5345458984375, 69.89949798583984, 19.73259493670886, 632, 223.0, 357, 16, 180606.76941299438, 52.46242141723633, 467.9308776855469, 285.7702047673962
LOSS, 17191.205078125, -25.763916015625, 68.26468658447266, 26.4480078125, 650, 223.0, 356, 16, 197378.3879699707, 69.44871520996094, 454.71185302734375, 303.65905841533953
LOSS, 12979.007934570312, -16.720489501953125, 66.4003677368164, 34.98384888024343, 371, 207.0, 375, 12, 125973.77502441406, 129.5242462158203, 463.10211181640625, 339.5519542437037
LOSS, 10459.599998474121, -21.698265075683594, 58.6763916015625, 19.69792843403789, 531, 185.8000030517578, 364, 9, 161604.06407928467, 111.17686462402344, 475.8208312988281, 304.3391037274664
LOSS, 17212.0791015625, -24.167247772216797, 64.4847640991211, 21.75989772637484, 791, 223.0, 347, 9, 243054.01670837402, 100.9807357788086, 442.33978271484375, 307.2743574062883
LOSS, 11827.369750976562, -18.0462646484375, 59.325172424316406, 28.917774452265434, 409, 207.0, 372, 13, 136265.7972869873, 133.01727294921875, 460.307373046875, 333.1682085256413
LOSS, 21642.8037109375, -27.299072265625, 65.3646011352539, 23.024259266954786, 940, 207.0, 337, 19, 302997.80682373047, 100.42876434326172, 451.6000061035156, 322.3380923656707
LOSS, 25897.77197265625, -20.346725463867188, 60.672523498535156, 23.37344040853452, 1108, 207.0, 326, 20, 362616.80375671387, 95.41392517089844, 452.0787353515625, 327.27148353494033
WIN , 26704.0, -21.34033203125, 68.3833999633789, 22.941580756013746, 1164, 207.0, 322, 19, 361775.43434143066, 83.32233428955078, 456.9580993652344, 310.80363775037
LOSS, 6313.862976074219, -17.662269592285156, 56.8145751953125, 27.571454043992222, 229, 207.0, 384, 2, 70756.77576446533, 86.32125091552734, 447.9128723144531, 308.98155355661714
LOSS, 16552.119384765625, -16.720489501953125, 65.5385513305664, 29.244027181564707, 566, 223.0, 362, 8, 187499.70805358887, 104.3138656616211, 467.3084716796875, 331.2715689992736
LOSS, 18783.636474609375, -21.34002685546875, 63.233253479003906, 26.987983440530712, 696, 175.0, 353, 10, 233314.26441955566, 143.26576232910156, 455.7980041503906, 335.2216442809708
WIN , 27125.05731201172, -30.322265625, 70.35945892333984, 30.615188839742345, 886, 164.8853759765625, 340, 24, 291649.763381958, 91.7506332397461, 453.8945007324219, 329.17580517151015
WIN , 26592.0, -24.452293395996094, 62.18315124511719, 20.486902927580893, 1298, 191.0, 313, 26, 424329.54819488525, 75.37188720703125, 451.4928894042969, 326.9102836632398
LOSS, 21662.51025390625, -23.40066909790039, 64.79727935791016, 27.11202785219806, 799, 191.0, 346, 21, 256127.68320465088, 94.26517486572266, 461.1149597167969, 320.5603043862965
LOSS, 11682.412109375, -31.05255126953125, 68.26070404052734, 10.114642518939394, 1155, 175.0, 322, 14, 262702.0940093994, 59.704933166503906, 442.8706359863281, 227.44770044103845
LOSS, 25037.543701171875, -18.462913513183594, 60.740966796875, 24.937792531047684, 1004, 207.0, 333, 20, 314303.8094406128, 54.19298553466797, 466.9150390625, 313.0516030284988
LOSS, 3672.441650390625, -18.77500343322754, 51.72264099121094, 25.503067016601562, 144, 223.0, 390, 1, 45408.62473297119, 114.1186294555664, 432.82611083984375, 315.3376717567444
LOSS, -3782.4951553344727, -26.092529296875, 58.941375732421875, -0.6305209460467532, 5999, 229.9903106689453, 0, 7, 730191.001461029, 8.538934707641602, 455.60992431640625, 121.71878670795617
LOSS, 19064.054443359375, -17.078697204589844, 61.016136169433594, 30.356774591336585, 628, 191.0, 358, 9, 207893.3417892456, 97.41328430175781, 456.1497802734375, 331.04035316758853
LOSS, 12243.999877929688, -19.873199462890625, 66.1943588256836, 27.890660314190633, 439, 223.0, 370, 12, 136583.72301483154, 97.0062484741211, 457.92816162109375, 311.12465379232697
LOSS, 23304.354248046875, -38.00048828125, 66.0350570678711, 16.42308262723529, 1419, 175.0, 305, 15, 380340.5950164795, 31.617820739746094, 481.9693603515625, 268.03424595946404
LOSS, 14224.61767578125, -26.092529296875, 67.6204605102539, 23.357336085026684, 609, 207.0, 359, 12, 181807.42320251465, 65.44956970214844, 474.7419738769531, 298.5343566543755
LOSS, 24692.300003051758, -23.978271484375, 66.7589340209961, 31.335406095243346, 788, 180.39999389648438, 347, 23, 259155.325050354, 93.39331817626953, 459.0462951660156, 328.87731605374876
LOSS, 10697.988891601562, -20.6585693359375, 64.14664459228516, 25.171738568474264, 425, 175.0, 371, 8, 135312.2361984253, 123.79293823242188, 444.232421875, 318.3817322315889
LOSS, 10157.971435546875, -15.463035583496094, 56.55577850341797, 27.233167387525135, 373, 223.0, 375, 12, 123100.72667694092, 115.39264678955078, 448.69268798828125, 330.0287578470266
WIN , 27864.0, -23.21349334716797, 69.599609375, 25.23913043478261, 1104, 207.0, 326, 27, 356006.01374435425, 57.39533615112305, 463.5279235839844, 322.469215348147
WIN , 27534.0, -27.576454162597656, 78.739013671875, 28.35633367662204, 971, 207.0, 335, 25, 312660.8662109375, 92.45999145507812, 459.5551452636719, 321.99883234906025
LOSS, 22283.395751953125, -19.423606872558594, 67.8899154663086, 27.959091282249844, 797, 207.0, 346, 14, 263247.52253723145, 91.43046569824219, 458.64923095703125, 330.29802074934935
LOSS, 6469.0, -18.986759185791016, 62.789222717285156, 23.695970695970697, 273, 207.0, 381, 4, 85872.05089569092, 112.93720245361328, 434.4023132324219, 314.5496369805528
LOSS, 14687.224998474121, -39.25, 65.0301284790039, 2.4482788795589467, 5999, 210.5500030517578, 0, 28, 1052131.656469345, 31.036779403686523, 455.7013244628906, 175.3845068293624
LOSS, 6487.33544921875, -19.724143981933594, 59.309913635253906, 28.08370324337121, 231, 223.0, 384, 3, 72259.43895339966, 54.48074722290039, 464.3834533691406, 312.8114240406912
WIN , 27962.0, -21.3397216796875, 71.910400390625, 27.121241513094084, 1031, 191.0, 331, 33, 327996.3875198364, 62.188140869140625, 469.1037902832031, 318.13422649838645
LOSS, 14831.0, -21.973777770996094, 68.88196563720703, 23.392744479495267, 634, 223.0, 357, 11, 180352.7233428955, 71.41358184814453, 466.0912170410156, 284.4680178910024
LOSS, 15656.58251953125, -41.999755859375, 63.700172424316406, 24.812333628417196, 631, 191.0, 357, 8, 192390.8480644226, 62.06672286987305, 474.6028747558594, 304.89833290716734
LOSS, 7458.638671875, -16.00006103515625, 63.263771057128906, 33.00282598174779, 226, 207.0, 384, 6, 72513.00680923462, 59.118595123291016, 456.1506042480469, 320.85401243024165
LOSS, 12473.325561523438, -24.79669952392578, 59.228919982910156, 23.62372265440045, 528, 207.0, 364, 10, 161301.4893798828, 80.94342803955078, 442.9940185546875, 305.49524503765684
LOSS, 11677.556396484375, -19.6842041015625, 63.67247772216797, 29.563433915150316, 395, 223.0, 373, 7, 119083.50770187378, 42.05416488647461, 461.1025695800781, 301.47723468828804
WIN , 27681.74871826172, -19.425399780273438, 77.099609375, 26.74565093551857, 1035, 151.5025634765625, 330, 25, 331274.8891983032, 70.11186218261719, 472.9695129394531, 320.07235671333643
LOSS, 24465.0888671875, -17.21373748779297, 69.4481430053711, 31.36549854767628, 780, 207.0, 347, 21, 262870.6976470947, 84.18384552001953, 458.6944885253906, 337.0137149321727
LOSS, 25941.171875, -39.0, 84.26377868652344, 19.116559966838615, 1357, 175.0, 309, 30, 387647.06833076477, 20.157419204711914, 469.8611755371094, 285.6647519018163
WIN , 25232.0, -21.115150451660156, 84.32406616210938, 9.84855581576893, 2562, 191.0, 229, 33, 612906.461894989, 26.23565673828125, 460.55999755859375, 239.22968848360227
LOSS, 11903.999877929688, -17.977684020996094, 61.108909606933594, 32.97506891393265, 361, 223.0, 375, 11, 118269.97579956055, 92.1085433959961, 452.28515625, 327.61766149462755
LOSS, 21345.50146484375, -19.34698486328125, 62.703758239746094, 28.049279191647503, 761, 207.0, 349, 15, 234383.77279663086, 64.35657501220703, 456.8325500488281, 307.99444519925214
LOSS, 13881.0, -16.7203369140625, 58.21929168701172, 23.72820512820513, 585, 223.0, 360, 10, 184705.51642608643, 100.54832458496094, 456.6422119140625, 315.73592551467766
LOSS, 12641.999877929688, -18.53424835205078, 60.73838806152344, 33.26842073139392, 380, 207.0, 374, 11, 123127.5043334961, 90.56177520751953, 443.1275329589844, 324.01974824604235
LOSS, 25048.11669921875, -23.042373657226562, 65.8653793334961, 26.760808439336273, 936, 223.0, 337, 18, 312206.6299133301, 88.91893768310547, 455.771240234375, 333.5540917877458
LOSS, 14203.9248046875, -13.858749389648438, 61.877967834472656, 32.50326042262586, 437, 223.0, 370, 10, 145994.90775299072, 90.3674545288086, 447.3165283203125, 334.08445710066525
LOSS, 15583.5009765625, -20.22991180419922, 64.40108489990234, 23.46912797675075, 664, 175.0, 355, 13, 216678.1508026123, 35.5568733215332, 453.90771484375, 326.32251626899443
WIN , 27310.753562927246, -19.52875328063965, 70.00069427490234, 29.398012446638585, 929, 173.4928741455078, 338, 28, 286591.59129714966, 46.49629211425781, 447.0357971191406, 308.4947161433258
LOSS, 11151.990478515625, -14.078750610351562, 62.752296447753906, 36.56390320824795, 305, 214.52001953125, 379, 6, 105479.71195983887, 165.06439208984375, 465.7185974121094, 345.83512117979956
LOSS, 6971.0, -14.613822937011719, 62.865821838378906, 29.289915966386555, 238, 223.0, 384, 7, 72296.21376037598, 93.50763702392578, 445.32421875, 303.7656040351932
LOSS, 10169.538208007812, -18.462913513183594, 59.08447265625, 18.973019044790696, 536, 223.0, 364, 7, 161892.40571594238, 73.89446258544922, 455.0662841796875, 302.0380703655641
LOSS, 23215.25634765625, -31.01318359375, 61.136474609375, 25.967848263597595, 894, 175.0, 340, 15, 277708.06411361694, 44.402862548828125, 458.0052185058594, 310.6354184716073
LOSS, 17619.906394958496, -34.0869140625, 69.3129653930664, 24.64322572721468, 715, 185.8000030517578, 352, 9, 225073.2479171753, 65.92440032958984, 462.71014404296875, 314.7877593247207
LOSS, 7825.7291259765625, -21.2823486328125, 58.175750732421875, 20.43271312265421, 383, 207.0, 374, 7, 108059.78213500977, 97.61292266845703, 445.28155517578125, 282.1404233290072
LOSS, 11812.580322265625, -20.662147521972656, 67.46634674072266, 33.463400346361546, 353, 207.0, 376, 10, 114568.95079040527, 60.237274169921875, 439.80206298828125, 324.55793425043987
WIN , 27845.0, -18.575912475585938, 86.51664733886719, 28.21175278622087, 987, 185.0, 334, 18, 310234.46852874756, 46.152523040771484, 458.4044189453125, 314.3206368072417
LOSS, 14332.32958984375, -17.79370880126953, 64.6144790649414, 32.28002159874718, 444, 191.0, 370, 9, 138502.79685211182, 102.84701538085938, 453.77825927734375, 311.943236153405
LOSS, 22032.159423828125, -17.580352783203125, 68.8802261352539, 31.11886924269509, 708, 175.0, 352, 11, 225505.18926239014, 86.87425231933594, 456.5505676269531, 318.5101543254098
WIN , 26348.877922058105, -22.406005859375, 90.9798355102539, 21.12981389098485, 1247, 177.24415588378906, 316, 34, 389091.1471824646, 45.5115966796875, 464.7917175292969, 312.02176999395715
LOSS, 10822.592529296875, -19.48956298828125, 65.0533218383789, 23.47633954294333, 461, 207.0, 369, 8, 132394.3985900879, 73.13934326171875, 452.0856018066406, 287.1895847941169
WIN , 26660.0, -30.440673828125, 62.823097229003906, 21.781045751633986, 1224, 175.0, 318, 31, 344780.80057907104, 38.477134704589844, 467.6543273925781, 281.68366060381624
LOSS, 9130.172729492188, -17.96697235107422, 57.412940979003906, 23.6532972266637, 386, 175.0, 374, 6, 117436.04370117188, 74.6515884399414, 457.6681213378906, 304.2384551843831
LOSS, 19887.9248046875, -18.880462646484375, 61.95854187011719, 26.9119415489682, 739, 175.0, 350, 14, 232740.90658569336, 68.70117950439453, 458.9308776855469, 314.9403336748219
LOSS, 17306.9970703125, -23.529052734375, 62.520362854003906, 28.8931503678005, 599, 175.0, 360, 18, 191161.96133422852, 67.31490325927734, 453.6087951660156, 319.1351608250893
WIN , 28154.0, -20.135299682617188, 86.9970703125, 25.159964253798034, 1119, 207.0, 325, 33, 358389.8429107666, 39.200294494628906, 469.5201721191406, 320.2768926816502
LOSS, 15071.0, -17.078628540039062, 62.946388244628906, 24.54560260586319, 614, 223.0, 359, 13, 198797.55267715454, 52.71834182739258, 451.6307373046875, 323.774515760838
LOSS, 10336.690551757812, -21.046142578125, 63.00208282470703, 20.2680206897212, 510, 191.0, 365, 7, 161696.43556976318, 115.70762634277344, 455.5146179199219, 317.051834450516
LOSS, 10390.174926757812, -36.436767578125, 59.303810119628906, 25.403850676669467, 409, 207.0, 372, 13, 121366.52208709717, 71.02506256103516, 459.79278564453125, 296.73966280463856
LOSS, 7121.564842224121, -18.46306610107422, 63.93408966064453, 31.098536428926295, 229, 169.8000030517578, 384, 4, 71524.3600692749, 69.0400619506836, 440.532958984375, 312.3334500841699
WIN , 26157.45249938965, -17.662879943847656, 89.39175415039062, 28.186910020894018, 928, 140.09500122070312, 338, 25, 303012.51527404785, 87.55064392089844, 461.8580017089844, 326.5221069763447
LOSS, 11690.568481445312, -37.3541259765625, 60.294105529785156, 25.033337219368978, 467, 223.0, 368, 4, 143069.0119934082, 65.58016204833984, 453.2217712402344, 306.35762739487836
WIN , 26934.065948486328, -22.04345703125, 86.009765625, 28.027123775740197, 961, 166.86810302734375, 335, 23, 311266.8001899719, 63.40254592895508, 466.51434326171875, 323.8988555566825
LOSS, 15714.823097229004, -16.68402099609375, 62.682716369628906, 28.940742352171277, 543, 177.6999969482422, 363, 8, 173704.23362731934, 96.4893569946289, 488.09320068359375, 319.89729949782566
LOSS, 24124.507858276367, -17.966815948486328, 64.8174057006836, 33.97818008207939, 710, 177.10000610351562, 352, 24, 231023.10169792175, 28.864206314086914, 470.6483154296875, 325.38465027876305
LOSS, 5219.104309082031, -13.000030517578125, 59.946746826171875, 33.67164070375504, 155, 175.0, 389, 1, 48270.262924194336, 100.56732940673828, 457.1092529296875, 311.42105112383445
LOSS, 20775.05966949463, -19.11217498779297, 69.2488784790039, 33.5081607572494, 620, 209.6999969482422, 358, 10, 198112.6473274231, 23.65481948852539, 470.00799560546875, 319.5365279474566
LOSS, -4643.527633666992, -30.227088928222656, 56.05811309814453, -0.7740502806579417, 5999, 203.39498901367188, 0, 5, 650846.3516857773, -9.374090194702148, 444.2874755859375, 108.49247402663399
LOSS, 22559.9912109375, -16.7203369140625, 63.168556213378906, 28.484837387547348, 792, 207.0, 347, 17, 243211.07762145996, 38.30343246459961, 458.6333312988281, 307.08469396648985
LOSS, 12052.6328125, -17.573043823242188, 59.572059631347656, 27.771043346774192, 434, 207.0, 371, 14, 139356.66904830933, 47.134464263916016, 465.68109130859375, 321.09831577951456
LOSS, 14600.4384765625, -21.392066955566406, 58.322654724121094, 29.980366481647845, 487, 223.0, 367, 18, 150831.3362121582, 74.01155853271484, 455.2510070800781, 309.715269429483
LOSS, 7846.055374145508, -15.999984741210938, 59.803688049316406, 30.411067341649254, 258, 196.39999389648438, 382, 5, 76870.21630096436, 70.82991790771484, 444.752197265625, 297.94657480993936
LOSS, 22633.1796875, -19.390625, 68.4035415649414, 31.17517863292011, 726, 207.0, 351, 15, 234310.2163772583, 77.45028686523438, 470.28533935546875, 322.7413448722566
WIN , 28040.0, -19.45146942138672, 62.156883239746094, 25.583941605839417, 1096, 175.0, 326, 21, 334339.9521713257, 45.94491195678711, 465.4410095214844, 305.05470088624605
LOSS, 21178.864990234375, -22.23938751220703, 67.1944351196289, 19.980061311541863, 1060, 223.0, 329, 21, 343963.28520965576, 35.94375228881836, 455.14630126953125, 324.49366529212807
LOSS, 4849.0, -13.000030517578125, 61.877647399902344, 23.886699507389164, 203, 207.0, 386, 3, 61001.128578186035, 109.9942398071289, 448.688720703125, 300.4981703358918
LOSS, 8289.999877929688, -20.662147521972656, 67.12889862060547, 29.190140415245377, 284, 191.0, 381, 4, 91693.22428894043, 138.74252319335938, 442.784912109375, 322.86346580612826
LOSS, 15943.036865234375, -18.37615966796875, 61.90849304199219, 23.005825202358405, 693, 207.0, 353, 12, 219789.19652557373, 78.98722839355469, 447.61834716796875, 317.15612774253066
LOSS, 10321.0, -23.135177612304688, 61.357643127441406, 26.262086513994912, 393, 223.0, 373, 9, 118190.48865509033, 95.03071594238281, 449.7124938964844, 300.7391568831815
LOSS, 21902.278076171875, -19.909561157226562, 65.4466781616211, 28.407623963906453, 771, 223.0, 348, 19, 247073.2032470703, 89.86083984375, 463.60064697265625, 320.45811056688757
LOSS, 16876.826416015625, -19.455406188964844, 58.49968338012695, 26.535890591219538, 636, 223.0, 357, 10, 197920.76335906982, 53.207279205322266, 463.8443298339844, 311.1961688035689
WIN , 27192.0, -29.813064575195312, 66.0274429321289, 28.563025210084035, 952, 191.0, 336, 20, 300022.8965835571, 64.24118041992188, 460.78594970703125, 315.1501014533163
LOSS, 13314.3447265625, -18.86119842529297, 62.821197509765625, 22.79853549068921, 584, 223.0, 361, 11, 188461.97666168213, 56.99174499511719, 459.319580078125, 322.708864146716
LOSS, 21291.6025390625, -16.00006103515625, 68.4129867553711, 28.426705659629505, 749, 207.0, 350, 18, 240356.47370147705, 79.68621826171875, 443.7737121582031, 320.90316916085055
LOSS, 9872.618041992188, -27.5860595703125, 64.9632797241211, 22.90630636193083, 431, 223.0, 371, 9, 134025.6724243164, 92.07686614990234, 438.44927978515625, 310.9644371793884
LOSS, 5745.329254150391, -27.809486389160156, 58.700477600097656, 24.552689120300816, 234, 135.58538818359375, 384, 3, 72377.48805999756, 101.11579132080078, 442.06451416015625, 309.3055045299041
LOSS, 16475.689697265625, -17.682968139648438, 65.4109878540039, 26.702900643866492, 617, 175.0, 358, 11, 180746.56380462646, 45.69462966918945, 456.58154296875, 292.9441876898322
WIN , 27450.0, -18.612060546875, 77.6025390625, 31.955762514551804, 859, 175.0, 342, 26, 286229.6318054199, 63.25359344482422, 457.7597961425781, 333.21260978512214
LOSS, 18122.4736328125, -18.027809143066406, 64.5033950805664, 38.07242359834559, 476, 191.0, 368, 10, 160453.46409606934, 123.08784484863281, 466.7648620605469, 337.0871094455238
LOSS, 11013.376220703125, -18.6700439453125, 56.501075744628906, 26.927570221768033, 409, 207.0, 372, 6, 122423.32078552246, 44.64726257324219, 459.6243896484375, 299.3235227029889
LOSS, 17779.82568359375, -33.000244140625, 60.659095764160156, 21.21697575607846, 838, 223.0, 344, 21, 244155.73425674438, 59.27754592895508, 474.5540771484375, 291.3552914758286
LOSS, 12435.410522460938, -19.13629150390625, 62.383644104003906, 27.63424560546875, 450, 207.0, 369, 16, 142209.0892715454, 71.53688049316406, 473.70306396484375, 316.020198381212
LOSS, 12811.605102539062, -17.657196044921875, 64.5702133178711, 28.40710665751455, 451, 191.0, 369, 10, 144201.5833053589, 114.32951354980469, 453.8935241699219, 319.73743526687116
LOSS, 21264.00048828125, -23.71826171875, 62.921669006347656, 24.35738887546535, 873, 223.0, 341, 14, 261930.55613708496, 70.12545776367188, 456.7361755371094, 300.0350013025028
LOSS, 9728.35107421875, -17.078628540039062, 57.754737854003906, 36.84981467507102, 264, 223.0, 382, 7, 89998.5240020752, 112.4891357421875, 453.6571350097656, 340.9035000078606
LOSS, 22252.770751953125, -25.2093505859375, 63.038856506347656, 23.673160374418217, 940, 207.0, 337, 17, 300491.9245262146, 54.342620849609375, 463.9228210449219, 319.67226013427086
LOSS, 20180.539352416992, -18.14130401611328, 65.6941909790039, 26.242573930321186, 769, 177.10000610351562, 348, 24, 253931.79918670654, 72.0340805053711, 461.2774963378906, 330.2104020633375
LOSS, 26856.733154296875, -20.662147521972656, 65.6541976928711, 27.773250418093976, 967, 207.0, 335, 21, 308547.576335907, 48.02092361450195, 475.9690856933594, 319.0771213401313
LOSS, 10137.387451171875, -15.721900939941406, 66.88269805908203, 32.2846734113754, 314, 207.0, 379, 8, 99339.9642944336, 92.77909088134766, 451.0351257324219, 316.36931303959744
LOSS, 16894.00048828125, -18.463523864746094, 67.2176284790039, 30.38489296453462, 556, 223.0, 362, 17, 178735.8344039917, 111.68197631835938, 453.3680114746094, 321.4673280647333
WIN , 27349.0, -20.253074645996094, 82.67509460449219, 28.94074074074074, 945, 137.0, 336, 26, 321564.82527542114, 48.9024543762207, 469.8263854980469, 340.28023838668906
LOSS, 4873.005920410156, -16.292251586914062, 56.082069396972656, 31.038254270128384, 157, 223.0, 389, 0, 50089.80168914795, 105.0224380493164, 454.4582824707031, 319.04332286081495
LOSS, 13420.907836914062, -18.887611389160156, 60.71501922607422, 23.50421687725755, 571, 223.0, 361, 7, 185535.7052230835, 67.88372802734375, 461.29296875, 324.9311825272916
LOSS, 16813.955322265625, -18.612060546875, 65.3267593383789, 31.664699288635827, 531, 140.5, 364, 11, 174903.36405944824, 80.47643280029297, 454.1228942871094, 329.3848664019741
LOSS, 16349.32958984375, -20.306907653808594, 65.89202117919922, 30.445678938256517, 537, 207.0, 364, 16, 184031.47748565674, 70.7491683959961, 460.3874206542969, 342.70293758967733
LOSS, 8110.649879455566, -17.096099853515625, 52.66380310058594, 22.592339497090713, 359, 209.6999969482422, 376, 8, 114732.57472229004, 102.14143371582031, 465.1701354980469, 319.5893446303344
LOSS, 8751.0, -17.66242218017578, 63.483192443847656, 30.81338028169014, 284, 223.0, 381, 5, 87354.79098892212, 48.57758712768555, 459.3083801269531, 307.5872922145145
LOSS, 24449.947265625, -18.351547241210938, 59.8583984375, 30.073735874077492, 813, 207.0, 345, 18, 269303.534450531, 33.471370697021484, 459.67425537109375, 331.24665984075153
