WIN , 34485.13641357422, -34.851165771484375, 82.578125, 7.315472298170178, 4714, 204.7271728515625, 85, 38, 20075.21813584119, -1.8285315036773682, 58.119815826416016, 4.2586377038271515
LOSS, 14597.68295288086, -44.999755859375, 82.7929916381836, 2.4333527175997434, 5999, 229.63409423828125, 0, 26, 128744.78240981698, -5.104234218597412, 91.2667007446289, 21.46104057506534
LOSS, 13549.598266601562, -46.019874572753906, 56.213294982910156, 8.879160069856857, 1526, 191.0, 298, 18, 54232.30745601654, -8.518277168273926, 105.28877258300781, 35.53886465007637
LOSS, 25463.00048828125, -21.3397216796875, 56.71318054199219, 23.211486315662032, 1097, 185.0, 326, 22, 53689.82625770569, 3.08250093460083, 119.95488739013672, 48.94241226773536
LOSS, 21807.28662109375, -39.00048828125, 57.65342712402344, 17.758376727275042, 1228, 223.0, 318, 21, 64775.287878513336, 6.887545108795166, 120.64427947998047, 52.748605764261676
WIN , 29300.0, -40.999755859375, 61.62353515625, 12.93027360988526, 2266, 175.0, 248, 21, 140721.81462287903, -1.0955450534820557, 151.8592529296875, 62.10141863322111
LOSS, 25834.360595703125, -19.72021484375, 57.12672424316406, 24.74555612615242, 1044, 223.0, 330, 21, 78045.13953971863, -13.296689987182617, 157.63238525390625, 74.7558807851711
LOSS, 22661.706298828125, -23.9520263671875, 57.55614471435547, 23.65522578165775, 958, 207.0, 336, 17, 75262.08289593458, 0.6301721334457397, 150.4074249267578, 78.56167316903401
WIN , 28297.33000946045, -39.00048828125, 63.911781311035156, 14.807603353982444, 1911, 160.33998107910156, 272, 33, 164033.0564441681, 11.593976020812988, 178.6361846923828, 85.83624094409633
WIN , 29350.65000152588, -21.721656799316406, 71.1312026977539, 23.63176328625272, 1242, 193.6999969482422, 317, 30, 121545.42929506302, -8.952335357666016, 180.12066650390625, 97.86266448877859
LOSS, 13913.515502929688, -21.34002685546875, 56.339332580566406, 26.006571033513435, 535, 191.0, 364, 16, 53451.925323963165, 3.4379372596740723, 176.96014404296875, 99.91014079245451
LOSS, 18984.300003051758, -19.44647216796875, 56.65961456298828, 24.153053438997148, 786, 196.39999389648438, 347, 17, 80990.71897125244, 25.91614532470703, 178.9109649658203, 103.0416271898886
LOSS, 5150.307189941406, -13.000030517578125, 61.39655303955078, 29.26310903375799, 176, 191.0, 388, 2, 18459.571781158447, 20.457138061523438, 169.1025390625, 104.88393057476391
WIN , 28592.753562927246, -17.40404510498047, 80.14717864990234, 28.422220241478374, 1006, 189.4928741455078, 332, 16, 113798.7403178215, 2.086702823638916, 199.47259521484375, 113.12002019664165
LOSS, 26237.279541015625, -41.9998779296875, 61.215431213378906, 18.80808569248432, 1395, 191.0, 306, 22, 164806.82166862488, 23.344135284423828, 205.54953002929688, 118.14109080188163
LOSS, 7554.599876403809, -17.060317993164062, 57.73078155517578, 27.471272277832032, 275, 201.8000030517578, 381, 7, 33902.49003124237, 15.777968406677246, 198.3388671875, 123.28178193179043
LOSS, 25407.41845703125, -41.530517578125, 56.13246154785156, 21.102507024112334, 1204, 223.0, 319, 21, 149293.04217147827, 20.668344497680664, 219.55589294433594, 123.99754333179258
LOSS, 25563.49951171875, -35.0, 62.351905822753906, 23.409798087654533, 1092, 207.0, 327, 20, 145889.72171878815, 15.259089469909668, 238.06431579589844, 133.59864626262652
LOSS, 25460.275634765625, -42.999755859375, 64.60425567626953, 13.822082320719666, 1842, 207.0, 277, 21, 254478.6648287773, -13.161772727966309, 236.2960205078125, 138.1534553902157
LOSS, -9582.93547821045, -24.706275939941406, 53.392921447753906, -1.597422150060085, 5999, 230.87095642089844, 0, 7, 701668.3205566406, 17.490039825439453, 238.1008758544922, 116.96421412846152
LOSS, 22481.000244140625, -39.0, 61.01005935668945, 23.865180726263933, 942, 191.0, 337, 9, 156568.41865348816, 14.120111465454102, 269.93402099609375, 166.20851237100655
LOSS, 3606.7597045898438, -38.0, 54.94605255126953, 16.173810334483605, 223, 207.0, 385, 3, 34483.65408325195, 56.424556732177734, 253.14303588867188, 154.63522010426885
WIN , 24948.65000152588, -39.0, 91.1592788696289, 10.693806258690904, 2333, 177.6999969482422, 244, 29, 346713.84407413006, -4.172153949737549, 270.98193359375, 148.61287787146594
LOSS, 17101.0, -22.490676879882812, 62.03093719482422, 24.748191027496382, 691, 223.0, 353, 13, 122645.36123275757, 63.494258880615234, 284.80609130859375, 177.48966893307897
LOSS, 13106.955436706543, -19.8675537109375, 54.948036193847656, 25.10911003200487, 522, 176.19288635253906, 365, 6, 92162.3046951294, 55.266395568847656, 276.983154296875, 176.5561392627
LOSS, 7250.9517822265625, -16.057373046875, 56.15424346923828, 26.75627963921241, 271, 223.0, 381, 7, 46381.8597984314, 59.835330963134766, 290.7530212402344, 171.15077416395349
LOSS, 12384.552368164062, -17.662269592285156, 55.7784309387207, 26.462718735393295, 468, 207.0, 368, 12, 83365.93170547485, 50.58451843261719, 309.4468688964844, 178.1323327040061
WIN , 27534.0, -21.836326599121094, 63.047706604003906, 17.17654398003743, 1603, 207.0, 293, 25, 277397.9761981964, 25.147706985473633, 285.7742004394531, 173.04926774684742
WIN , 27794.0, -19.275390625, 75.85736846923828, 24.749777382012468, 1123, 207.0, 325, 27, 203977.96547698975, 44.9818229675293, 308.8034973144531, 181.63665670257325
LOSS, 19296.978759765625, -27.445457458496094, 59.67078399658203, 22.12956279789636, 872, 175.0, 341, 19, 166447.55263519287, 25.44994354248047, 305.1977844238281, 190.88022091191843
LOSS, 10245.235229492188, -16.720489501953125, 54.566871643066406, 29.188704357527598, 351, 223.0, 376, 4, 70165.42391777039, 20.724523544311523, 296.5116882324219, 199.90149264322048
LOSS, 12328.578369140625, -19.911216735839844, 55.55548858642578, 24.22117557787942, 509, 191.0, 366, 8, 96069.14953637123, 3.1210062503814697, 306.1462097167969, 188.74096176104368
LOSS, 20564.680419921875, -21.562110900878906, 58.018409729003906, 21.6242696318842, 951, 223.0, 336, 12, 179514.4140663147, 46.975547790527344, 305.4829406738281, 188.7638423410249
LOSS, 15297.99951171875, -18.6700439453125, 58.699562072753906, 24.63445976122182, 621, 223.0, 358, 12, 117591.90740585327, 50.37770462036133, 305.9501647949219, 189.35894912375727
WIN , 27397.415954589844, -21.506126403808594, 66.074462890625, 26.496533805212614, 1034, 180.1680908203125, 331, 22, 204333.54459381104, 45.12732696533203, 333.71160888671875, 197.61464660910158
LOSS, 7421.0, -41.9998779296875, 53.10401153564453, 13.819366852886406, 537, 223.0, 364, 7, 108682.6628112793, 70.34137725830078, 307.80126953125, 202.38857134316441
WIN , 27013.05731201172, -37.00048828125, 85.92220306396484, 28.79856856291228, 938, 148.8853759765625, 337, 25, 187107.2926979065, 35.335968017578125, 339.8207092285156, 199.47472569073187
LOSS, 12731.144775390625, -16.22850799560547, 57.292091369628906, 28.291432834201387, 450, 207.0, 369, 8, 89340.47274017334, 45.12532043457031, 303.2874755859375, 198.53438386705187
LOSS, 15373.67333984375, -34.99951171875, 62.934181213378906, 33.56697235773745, 458, 223.0, 369, 6, 97735.24518203735, 61.33293533325195, 325.6955871582031, 213.3957318385095
WIN , 27770.0, -21.027587890625, 84.752197265625, 24.772524531668154, 1121, 175.0, 325, 19, 234366.29440689087, 41.70768737792969, 334.4549255371094, 209.06895129963502
LOSS, 12245.305053710938, -17.050537109375, 62.396141052246094, 24.939521494319628, 491, 191.0, 367, 9, 101201.73966598511, 54.634422302246094, 342.2198486328125, 206.11352274131386
LOSS, 16819.809814453125, -24.373550415039062, 63.731895446777344, 20.119389730207086, 836, 223.0, 344, 16, 166445.19099617004, 19.257328033447266, 345.349609375, 199.09711841647135
LOSS, 13367.0, -38.9998779296875, 59.745704650878906, 18.31095890410959, 730, 191.0, 351, 13, 142248.40624141693, 8.567679405212402, 342.44366455078125, 194.86083046769443
LOSS, 15842.641357421875, -17.900161743164062, 62.071739196777344, 25.147049773685517, 630, 207.0, 357, 12, 140679.29196166992, 51.27831268310547, 356.9896240234375, 223.30046343122208
WIN , 27502.0, -21.575790405273438, 57.70484161376953, 19.71469534050179, 1395, 191.0, 306, 28, 298062.6619949341, 19.013431549072266, 348.6596374511719, 213.6649906773721
LOSS, 16064.00048828125, -18.462913513183594, 61.84776306152344, 21.678813074603575, 741, 223.0, 350, 10, 168652.0403022766, 38.717857360839844, 345.6077880859375, 227.6005942001034
LOSS, 21638.708740234375, -17.992469787597656, 60.562355041503906, 25.16128923283067, 860, 223.0, 342, 21, 187240.81522774696, 1.75288987159729, 354.1610412597656, 217.7218781717988
LOSS, 21470.482124328613, -21.575790405273438, 59.062400817871094, 23.698103889987433, 906, 184.03575134277344, 339, 21, 206075.23793411255, 41.11448669433594, 359.8292541503906, 227.456112510058
WIN , 28404.0, -33.673095703125, 74.31680297851562, 19.037533512064343, 1492, 207.0, 300, 32, 336339.6222457886, 46.042259216308594, 362.7333984375, 225.4287012371237
WIN , 27874.0, -18.463523864746094, 82.25137329101562, 29.005202913631635, 961, 207.0, 335, 26, 232236.6701450348, 22.760610580444336, 388.89764404296875, 241.66146737256483
LOSS, 10300.858642578125, -17.502357482910156, 58.487388610839844, 28.773348163626046, 358, 188.5, 376, 4, 79587.9927406311, 44.77798080444336, 339.3663024902344, 222.31282888444443
LOSS, 8502.709716796875, -32.969581604003906, 62.83820343017578, 30.806919263756793, 276, 207.0, 381, 5, 65252.50132369995, 35.94315719604492, 344.3603210449219, 236.42210624528968
LOSS, 20719.692626953125, -17.662269592285156, 61.087547302246094, 24.90347671508789, 832, 223.0, 344, 18, 197054.07340240479, 71.6029052734375, 354.087646484375, 236.84383822404422
WIN , 28132.802505493164, -30.322265625, 80.04117584228516, 28.10469780768548, 1001, 169.39498901367188, 333, 21, 238486.66199493408, 27.204071044921875, 358.2514953613281, 238.24841358135274
WIN , 28067.786407470703, -20.662452697753906, 61.97929382324219, 21.040319645780137, 1334, 159.42718505859375, 311, 30, 327355.42413139343, 30.457120895385742, 371.2096862792969, 245.3938711629636
LOSS, 16233.360595703125, -39.999755859375, 62.053443908691406, 23.9430097281757, 678, 175.0, 354, 8, 166768.42360305786, 42.36449432373047, 374.1094055175781, 245.97112625819744
LOSS, 16915.629638671875, -18.20404815673828, 62.026268005371094, 23.493930053710937, 720, 207.0, 351, 16, 170204.08721923828, 69.20943450927734, 381.93975830078125, 236.3945655822754
LOSS, 10821.0, -28.382568359375, 58.3795166015625, 21.512922465208746, 503, 223.0, 366, 13, 119616.15492248535, 65.97289276123047, 371.17724609375, 237.80547698307228
LOSS, 15356.1708984375, -27.945556640625, 64.59403228759766, 23.408797101276676, 656, 223.0, 356, 11, 158400.15590667725, 75.71402740478516, 380.6029052734375, 241.46365229676408
WIN , 28025.415954589844, -29.547874450683594, 73.862548828125, 20.91448951835063, 1340, 164.1680908203125, 310, 18, 336187.25130844116, 48.18046569824219, 380.1333312988281, 250.8860084391352
LOSS, 7303.954833984375, -22.692955017089844, 56.938392639160156, 24.509915550283136, 298, 207.0, 380, 5, 73916.06461715698, 53.52977752685547, 376.041015625, 248.0404852924731
LOSS, 23600.91650390625, -46.56787872314453, 62.99048614501953, 14.68632016422293, 1607, 207.0, 292, 20, 348380.03676223755, 28.769634246826172, 381.6814270019531, 216.78907079168485
LOSS, 15026.718994140625, -44.999755859375, 60.871803283691406, 23.118029221754806, 650, 223.0, 356, 12, 159172.6548728943, 29.715030670166016, 381.5225830078125, 244.88100749676045
LOSS, 11850.157348632812, -22.070770263671875, 51.15142059326172, 24.534487264250128, 483, 191.0, 367, 9, 118943.67174911499, 25.68912124633789, 388.4617004394531, 246.2601899567598
WIN , 27905.05731201172, -23.331825256347656, 65.33504486083984, 25.004531641587562, 1116, 164.8853759765625, 325, 22, 289273.0290031433, 53.281333923339844, 392.1243896484375, 259.20522312109614
LOSS, 17680.794921875, -33.000244140625, 60.449462890625, 23.44933013511273, 754, 223.0, 349, 16, 192172.8648223877, 72.27515411376953, 395.85906982421875, 254.87117350449296
LOSS, 14293.14599609375, -16.931686401367188, 57.693092346191406, 32.191770261472406, 444, 223.0, 370, 13, 115208.43420410156, 52.74657440185547, 391.41302490234375, 259.4784554146432
LOSS, 13962.273193359375, -20.1611328125, 61.386940002441406, 30.55202011676012, 457, 223.0, 369, 10, 120730.63047027588, 124.26111602783203, 374.44781494140625, 264.1808106570588
LOSS, 23142.52685546875, -23.978652954101562, 58.631202697753906, 23.004499856330764, 1006, 175.0, 332, 23, 258028.60972595215, 68.99332427978516, 382.5864562988281, 256.4896716957775
LOSS, 17317.65966796875, -30.322265625, 58.424903869628906, 20.889818658587153, 829, 207.0, 344, 14, 215187.0504951477, 56.4955940246582, 385.625244140625, 259.57424667689713
LOSS, 8277.06201171875, -16.720489501953125, 51.081459045410156, 24.930909673851655, 332, 223.0, 377, 6, 87219.95411300659, 61.70225143432617, 396.14306640625, 262.7107051596584
WIN , 21414.0, -39.795623779296875, 76.217041015625, 3.9751253016521253, 5387, 207.0, 40, 24, 1203999.9413528442, 54.19936752319336, 401.913330078125, 223.5010100896314
LOSS, 10573.351806640625, -20.662452697753906, 63.170387268066406, 21.31724154564642, 496, 207.0, 366, 6, 128297.73276901245, 54.1921501159668, 406.4468078613281, 258.66478380849287
LOSS, 22657.253623962402, -23.9520263671875, 57.862449645996094, 22.863020811263777, 991, 213.3247833251953, 333, 22, 262863.0082678795, 6.46228551864624, 399.4001159667969, 265.2502606134001
LOSS, 23538.991661071777, -36.0001220703125, 67.58032989501953, 14.43224504050998, 1631, 179.9903106689453, 291, 22, 407968.7386627197, 26.372283935546875, 411.6574401855469, 250.13411322055165
LOSS, 16317.4638671875, -19.39031982421875, 56.612159729003906, 19.778744081439395, 825, 191.0, 344, 12, 215945.5210647583, 43.62297821044922, 405.4606628417969, 261.75214674516155
WIN , 28526.65000152588, -23.802879333496094, 93.3541030883789, 24.42350171363517, 1168, 161.6999969482422, 322, 36, 317137.6813964844, 48.52906036376953, 411.5700988769531, 271.52198749699005
LOSS, 13278.713745117188, -22.840919494628906, 64.73151397705078, 19.356725575972575, 686, 207.0, 354, 11, 173902.37218475342, 21.496112823486328, 402.02264404296875, 253.50200026931986
WIN , 27539.300003051758, -21.34033203125, 83.0548324584961, 16.520275946641725, 1667, 196.39999389648438, 288, 26, 434593.76006889343, -4.215841293334961, 410.7784423828125, 260.70411521829243
LOSS, 27868.554344177246, -21.34002685546875, 59.107887268066406, 24.381937308991468, 1143, 201.8000030517578, 323, 16, 324748.92015838623, 77.83173370361328, 410.1188049316406, 284.11979016481735
LOSS, 19179.498779296875, -17.364959716796875, 60.591041564941406, 27.596401121290466, 695, 191.0, 353, 10, 192600.291847229, 79.51654052734375, 408.70330810546875, 277.1227220823439
LOSS, 18207.38427734375, -21.923133850097656, 80.64844512939453, 13.74142209610849, 1325, 223.0, 311, 23, 309562.06837654114, 28.758623123168945, 402.04638671875, 233.63174971814425
WIN , 28215.05731201172, -26.092529296875, 65.8919448852539, 21.262288856075145, 1327, 164.8853759765625, 311, 36, 354403.4754600525, 61.09022903442383, 421.72943115234375, 267.0711947701978
WIN , 28962.065948486328, -34.0869140625, 79.74267578125, 23.151131853306417, 1251, 150.86810302734375, 316, 30, 346887.8176612854, 34.95732116699219, 409.3094177246094, 277.28842339031604
WIN , 27582.0, -26.092529296875, 66.4738998413086, 17.579349904397706, 1569, 191.0, 295, 28, 444319.1293640137, 78.06480407714844, 421.9460144042969, 283.18618824984935
WIN , 28246.65000152588, -30.322265625, 68.6763687133789, 21.862732199323435, 1292, 161.6999969482422, 313, 23, 356753.5124645233, 23.117216110229492, 422.90167236328125, 276.12500964746386
LOSS, 6171.0, -18.5589599609375, 57.092506408691406, 26.830434782608695, 230, 223.0, 384, 4, 62342.94694519043, 110.40666198730469, 394.6409606933594, 271.05629106604533
LOSS, 14655.898681640625, -25.0601806640625, 60.694496154785156, 23.18971310386175, 632, 223.0, 357, 7, 178902.39289474487, 57.2139778137207, 429.4568176269531, 283.0734064790267
WIN , 27724.802505493164, -26.644813537597656, 70.25846099853516, 19.374425230952596, 1431, 185.39498901367188, 304, 25, 395610.10824775696, 31.895479202270508, 436.7699890136719, 276.4570987056303
WIN , 28813.482124328613, -23.52129364013672, 59.02091979980469, 23.91160342267935, 1205, 168.03575134277344, 319, 29, 341745.7617149353, 52.50444412231445, 417.72613525390625, 283.60644125720773
LOSS, 14805.510498046875, -38.224342346191406, 59.367286682128906, 23.918433760980413, 619, 223.0, 358, 20, 165754.7229156494, 32.83704376220703, 401.6050109863281, 267.7782276504837
LOSS, 16579.212890625, -20.610130310058594, 67.44025421142578, 26.3162109375, 630, 223.0, 357, 8, 175997.13230514526, 57.70456314086914, 408.6336669921875, 279.3605274684845
LOSS, 20922.453857421875, -21.799705505371094, 60.226356506347656, 22.257929635555186, 940, 223.0, 337, 15, 262481.11225795746, -3.8555612564086914, 412.193603515625, 279.2352258063377
LOSS, 26661.59902191162, -26.9580078125, 59.057228088378906, 17.552073088816076, 1519, 169.8000030517578, 298, 28, 403453.6659049988, 27.710411071777344, 415.5996398925781, 265.6047833475963
LOSS, 17719.586669921875, -20.966697692871094, 54.732276916503906, 23.880844568627865, 742, 200.4189453125, 350, 15, 216419.54690551758, 89.47978973388672, 409.3081359863281, 291.6705483901854
LOSS, 21720.829833984375, -32.98859405517578, 59.897361755371094, 17.02259391378086, 1276, 207.0, 314, 27, 361117.703125, 86.74767303466797, 413.121826171875, 283.0076043299373
LOSS, 17304.8203125, -17.662879943847656, 65.3743667602539, 26.54113544861963, 652, 207.0, 356, 20, 188781.09005737305, 66.56632232666016, 412.2248229980469, 289.5415491677501
LOSS, 25409.27099609375, -21.8905029296875, 66.3362808227539, 21.192052540528564, 1199, 207.0, 320, 25, 335636.39908599854, 75.85281372070312, 418.6695861816406, 279.93027446705463
WIN , 26536.0, -30.163330078125, 66.58597564697266, 14.099893730074388, 1882, 223.0, 274, 29, 546415.3513717651, 81.27499389648438, 423.8836669921875, 290.3375937150718
LOSS, 14809.257080078125, -24.440635681152344, 69.4124526977539, 30.98170937254838, 478, 191.0, 368, 4, 142878.96495056152, 129.2711639404297, 411.5989074707031, 298.90996851581906
LOSS, 7218.072265625, -25.198747634887695, 59.27056884765625, 31.938372856747787, 226, 207.0, 384, 1, 67326.05051422119, 97.68633270263672, 403.1692199707031, 297.9028783815097
WIN , 26748.65000152588, -38.349998474121094, 90.9798355102539, 9.329839554072507, 2867, 177.6999969482422, 208, 36, 698644.3514900208, 28.719823837280273, 423.45556640625, 243.68481042553915
LOSS, 16499.797607421875, -38.0, 82.32489776611328, 9.542971432864011, 1729, 223.0, 284, 18, 403431.54008865356, 36.534236907958984, 415.8498840332031, 233.33229617620216
LOSS, 15701.0, -17.68383026123047, 59.838478088378906, 26.93138936535163, 583, 223.0, 361, 13, 165282.5982093811, 48.3900260925293, 435.4208984375, 283.5035989869316
LOSS, 10043.573997497559, -17.662269592285156, 64.95047760009766, 20.087147994995117, 500, 185.8000030517578, 366, 5, 137728.05409240723, 82.94254302978516, 412.29156494140625, 275.45610818481447
LOSS, 15821.0, -40.8656005859375, 58.204566955566406, 17.796400449943757, 889, 223.0, 340, 12, 261913.62845611572, 67.76712799072266, 425.0093994140625, 294.61600501250365
LOSS, 7882.0133056640625, -18.076332092285156, 57.514984130859375, 27.368101755777996, 288, 207.0, 380, 6, 87276.57056427002, 72.9906234741211, 408.4174499511719, 303.04364779260425
LOSS, 21613.949996948242, -22.04345703125, 58.885108947753906, 20.984417472765283, 1030, 177.10000610351562, 331, 17, 303839.77851104736, 91.04723358154297, 419.2266845703125, 294.9900762243178
LOSS, 21479.276000976562, -21.186988830566406, 61.039649963378906, 21.630690836834404, 993, 186.447998046875, 333, 21, 289376.5284957886, 91.1994857788086, 423.2366638183594, 291.41644360099554
LOSS, 6325.8470458984375, -25.06048583984375, 54.659950256347656, 17.719459512320554, 357, 191.0, 376, 4, 112474.39724731445, 153.60946655273438, 430.63360595703125, 315.0543340260909
LOSS, 13418.303588867188, -15.999984741210938, 58.56559753417969, 26.31039919385723, 510, 207.0, 365, 16, 150101.91913604736, 118.3199462890625, 432.69921875, 294.31748850205366
WIN , 28101.45249938965, -36.9998779296875, 84.92153930664062, 12.42327696701576, 2262, 172.09500122070312, 249, 30, 583596.8290863037, 59.669246673583984, 420.59844970703125, 258.0003665279857
LOSS, 11701.38525390625, -18.166183471679688, 62.28202819824219, 30.472357432047527, 384, 207.0, 374, 10, 117732.54822540283, 81.62555694580078, 435.95904541015625, 306.59517767031986
LOSS, 20696.20751953125, -22.136474609375, 59.81074523925781, 25.02564391720828, 827, 223.0, 344, 16, 242620.62125396729, 54.20249557495117, 421.8979187011719, 293.3743908754139
WIN , 27153.05224609375, -39.0, 85.88387298583984, 14.321230087602189, 1896, 148.8955078125, 273, 30, 536732.3698043823, 61.46668243408203, 416.2997131347656, 283.0866929348008
LOSS, 18830.297019958496, -18.98064422607422, 56.955467224121094, 19.39268488152265, 971, 185.8000030517578, 335, 19, 290798.2096862793, 84.32823944091797, 428.1645202636719, 299.48322315785714
LOSS, 10937.846923828125, -21.982421875, 56.9140510559082, 18.729189938061857, 584, 223.0, 361, 7, 174368.27549743652, 98.54246520996094, 424.1133728027344, 298.57581420793923
WIN , 27984.0, -35.99951171875, 82.630615234375, 26.804597701149426, 1044, 207.0, 330, 27, 317543.4446029663, 55.21131134033203, 429.3979797363281, 304.160387550734
WIN , 27232.65000152588, -40.999755859375, 91.0262222290039, 17.401054314074045, 1565, 209.6999969482422, 295, 30, 449194.47632980347, 44.036354064941406, 430.9662780761719, 287.0252244918872
LOSS, 6092.681457519531, -16.47772216796875, 58.48480224609375, 19.91072371738409, 306, 191.0, 379, 4, 82133.63105010986, 55.1980094909668, 411.2203369140625, 268.4105589872871
LOSS, 23319.385986328125, -25.06048583984375, 62.808738708496094, 23.22648006606387, 1004, 175.0, 333, 23, 305954.2933578491, 71.57976531982422, 420.8799133300781, 304.73535195004894
LOSS, 24747.648193359375, -39.0, 81.5548324584961, 9.303627140360668, 2660, 191.0, 222, 24, 659939.103761673, 31.73008155822754, 425.98663330078125, 248.09740742920036
LOSS, 14060.6337890625, -24.181961059570312, 59.40618133544922, 20.407305934778666, 689, 223.0, 354, 13, 181910.75574493408, 61.36824035644531, 420.8265380859375, 264.02141617552115
LOSS, 24830.084602355957, -25.2099609375, 64.5571060180664, 19.520506762858457, 1272, 184.83079528808594, 315, 22, 379911.1331920624, -0.7438755035400391, 423.1173095703125, 298.6722745220616
LOSS, 16724.06640625, -21.063621520996094, 60.032249450683594, 28.735509289089347, 582, 223.0, 361, 11, 193656.3173828125, 103.2265396118164, 431.111083984375, 332.74281337253007
WIN , 28678.398712158203, -25.419082641601562, 63.463966369628906, 20.661670541900722, 1388, 138.20257568359375, 307, 27, 421713.6649169922, 95.73566436767578, 430.16156005859375, 303.82828884509524
LOSS, 10213.096557617188, -21.7667236328125, 56.458335876464844, 24.259136716430373, 421, 223.0, 371, 12, 123370.63777923584, 91.73119354248047, 423.2070617675781, 293.04189496255543
LOSS, 21880.084602355957, -26.346267700195312, 62.741310119628906, 25.120648223141167, 871, 184.83079528808594, 341, 18, 276039.0758666992, 80.04297637939453, 425.7071838378906, 316.9220159204354
LOSS, 14373.135009765625, -18.462913513183594, 69.01204681396484, 27.221846609404594, 528, 223.0, 364, 10, 159245.48027801514, 91.78417205810547, 414.5931701660156, 301.6012884053317
WIN , 27597.300003051758, -18.271514892578125, 91.8062515258789, 24.773159787299605, 1114, 180.39999389648438, 325, 25, 347495.73735809326, 98.8637924194336, 427.9054870605469, 311.9351322783602
LOSS, 14700.0625, -23.86474609375, 57.001953125, 23.33343253968254, 630, 223.0, 357, 23, 180320.33561706543, 64.94295501708984, 425.9213562011719, 286.2227549477229
LOSS, 17018.62939453125, -34.0869140625, 60.23596954345703, 20.703928703809307, 822, 223.0, 345, 15, 252810.63565826416, 103.57549285888672, 432.3072814941406, 307.55551783243817
LOSS, 19626.556396484375, -19.390625, 63.75457000732422, 27.604158082256504, 711, 175.0, 352, 12, 226870.70374298096, 74.5073013305664, 427.6883850097656, 319.08678444863705
LOSS, 10037.450805664062, -28.11614990234375, 60.038368225097656, 23.45198786370108, 428, 223.0, 371, 7, 134301.0272064209, 111.62173461914062, 415.2553405761719, 313.78744674397404
WIN , 27953.74871826172, -27.062232971191406, 64.0660629272461, 22.67132904968509, 1233, 167.5025634765625, 317, 22, 390288.1427078247, 82.89013671875, 427.0003356933594, 316.535395545681
LOSS, 19376.87744140625, -27.5946044921875, 65.5266342163086, 18.297334694434607, 1059, 172.5, 329, 17, 322022.2355041504, 96.06812286376953, 433.1217346191406, 304.08143107096356
LOSS, 11013.149658203125, -18.462913513183594, 59.257102966308594, 29.765269346494932, 370, 223.0, 375, 7, 113539.17893218994, 125.83863067626953, 437.6896057128906, 306.8626457626755
LOSS, 16595.16259765625, -26.092529296875, 66.7699203491211, 22.365448244819746, 742, 223.0, 350, 8, 226006.6362953186, 51.80329513549805, 440.34619140625, 304.5911540368175
LOSS, 8843.999877929688, -20.662452697753906, 60.045387268066406, 27.55140148887753, 321, 223.0, 378, 4, 103278.4727935791, 140.07476806640625, 424.10882568359375, 321.7397906342028
LOSS, 17558.65048980713, -18.462913513183594, 67.8172836303711, 32.57634599222102, 539, 193.6999969482422, 364, 12, 176563.13383483887, 85.84141540527344, 426.6069030761719, 327.57538744868066
WIN , 27768.83213043213, -17.68341827392578, 78.54329681396484, 29.23034961098119, 950, 197.3357391357422, 336, 21, 300213.0494003296, 70.91152954101562, 436.3615417480469, 316.0137362108733
LOSS, 7940.2864990234375, -16.00006103515625, 61.490325927734375, 22.493729458989907, 353, 223.0, 376, 6, 102197.79090881348, 66.45947265625, 416.1366271972656, 289.51215554904667
LOSS, 14151.653076171875, -33.57763671875, 60.4853515625, 8.147180815297567, 1737, 223.0, 284, 13, 410408.70637512207, 40.699462890625, 418.84588623046875, 236.27444235758324
LOSS, 5081.31640625, -15.775001525878906, 63.99573516845703, 32.57254106570513, 156, 191.0, 389, 3, 49046.83088684082, 142.68240356445312, 426.6230163574219, 314.4027620951335
WIN , 27222.0, -27.436912536621094, 80.023193359375, 22.856423173803528, 1191, 191.0, 320, 23, 364834.9314727783, 67.43830871582031, 416.2792663574219, 306.32655875128324
LOSS, 14371.0, -20.966697692871094, 58.401100158691406, 17.918952618453865, 802, 223.0, 346, 7, 236340.57943725586, 99.95972442626953, 418.1889343261719, 294.6890017920896
LOSS, 21294.7109375, -18.883907318115234, 62.488304138183594, 33.01505571705427, 645, 223.0, 356, 17, 200736.44354248047, 134.93695068359375, 414.7325439453125, 311.21929231392323
LOSS, 5490.4886474609375, -16.00006103515625, 63.232643127441406, 27.180636868618503, 202, 207.0, 386, 3, 61672.81611633301, 159.388916015625, 403.0211181640625, 305.3109708729357
LOSS, 17439.96728515625, -16.801963806152344, 68.09667205810547, 26.707453729182618, 653, 223.0, 356, 15, 199445.701171875, 98.55305480957031, 422.8769226074219, 305.4298639691807
LOSS, 8103.13330078125, -16.48968505859375, 53.523094177246094, 21.101909637451172, 384, 207.0, 374, 6, 125716.73986053467, 87.33688354492188, 417.4277038574219, 327.38734338680905
LOSS, 13285.175109863281, -24.19464111328125, 56.834327697753906, 22.403330708032513, 593, 191.8800048828125, 360, 18, 175602.55836486816, 95.60833740234375, 424.9143981933594, 296.1257308007895
WIN , 22307.300003051758, -36.24951171875, 74.3929214477539, 4.681490032119991, 4765, 180.39999389648438, 82, 30, 1000568.9075269699, 14.427447319030762, 440.723388671875, 209.982981642596
LOSS, 19070.833740234375, -25.0601806640625, 62.820350646972656, 27.598891085722684, 691, 175.0, 353, 12, 218349.73713684082, 110.73759460449219, 421.0970764160156, 315.9909365222009
LOSS, 11308.841430664062, -21.585693359375, 64.6047134399414, 21.458902145472603, 527, 191.0, 364, 6, 159593.39060211182, 70.66166687011719, 416.1809387207031, 302.8337582582767
WIN , 26906.55767059326, -20.682846069335938, 64.44754791259766, 20.004875591519152, 1345, 181.88465881347656, 310, 29, 405661.57235717773, 69.87173461914062, 427.77593994140625, 301.6071169941842
LOSS, 16417.0, -21.46302032470703, 57.697364807128906, 25.140888208269526, 653, 191.0, 356, 10, 196433.82747650146, 73.27852630615234, 429.3200378417969, 300.8174999640145
LOSS, 10994.143310546875, -34.0, 57.497779846191406, 20.94122535342262, 525, 223.0, 364, 7, 164317.87581634521, 118.10394287109375, 428.9884948730469, 312.98643012637183
LOSS, 6340.174217224121, -16.7203369140625, 63.66210174560547, 23.74597085102667, 267, 201.8000030517578, 382, 5, 81484.43007659912, 46.26686096191406, 431.5063781738281, 305.1851313730304
LOSS, 19089.50830078125, -39.0, 65.23474884033203, 23.02715114690139, 829, 223.0, 344, 10, 250578.1844406128, 66.16751098632812, 431.1024169921875, 302.2656024615353
LOSS, -9056.633750915527, -23.92578125, 56.448089599609375, -1.509690573581518, 5999, 218.2675018310547, 0, 3, 991691.5346775055, 29.152414321899414, 419.599365234375, 165.30947402525513
LOSS, 11573.999877929688, -38.30619812011719, 64.39534759521484, 24.417721261455036, 474, 223.0, 368, 7, 144174.56478881836, 81.20352172851562, 431.03765869140625, 304.16574849961677
WIN , 25907.786407470703, -40.999755859375, 83.44023132324219, 8.188301645850412, 3164, 159.42718505859375, 189, 34, 754236.4828367233, 6.852320671081543, 430.63812255859375, 238.38068357671406
LOSS, 17810.0576171875, -23.000732421875, 69.11229705810547, 20.447827344646957, 871, 223.0, 341, 17, 222262.05810546875, 21.64496612548828, 418.9903564453125, 255.18031929445323
LOSS, 26430.6845703125, -21.767333984375, 60.044776916503906, 21.988922271474625, 1202, 207.0, 319, 25, 345741.75417137146, 10.824724197387695, 424.0351867675781, 287.63873059182316
LOSS, 16398.55126953125, -21.34002685546875, 63.509422302246094, 32.86282819545341, 499, 223.0, 366, 12, 156884.97317504883, 80.25749206542969, 427.1319580078125, 314.3987438377732
WIN , 27230.0, -22.354736328125, 67.1633071899414, 19.27105449398443, 1413, 175.0, 305, 23, 396118.6326599121, 66.13499450683594, 418.72882080078125, 280.3387350742478
LOSS, 11156.841674804688, -16.455223083496094, 63.683982849121094, 28.03226551458464, 398, 223.0, 373, 9, 122737.84896850586, 121.29899597167969, 412.5013732910156, 308.3865551972509
LOSS, 15831.0, -27.5860595703125, 61.35978698730469, 18.757109004739338, 844, 223.0, 343, 13, 248798.50890350342, 87.35380554199219, 434.88409423828125, 294.78496315580975
LOSS, 19200.943603515625, -34.0869140625, 63.27313995361328, 26.266680716163645, 731, 175.0, 351, 18, 225488.44847106934, 119.87853240966797, 422.6956481933594, 308.4657297825846
LOSS, 23280.669921875, -17.96697235107422, 59.6688232421875, 21.49646345510157, 1083, 207.0, 327, 14, 334306.3587112427, 82.23494720458984, 428.2168884277344, 308.685465107334
LOSS, 11641.096435546875, -18.133323669433594, 58.316261291503906, 24.15165235590638, 482, 223.0, 367, 14, 146091.61730194092, 92.12273406982422, 406.6000061035156, 303.0946417052716
LOSS, 15017.109375, -16.177879333496094, 61.801597595214844, 27.106695622743683, 554, 175.0, 363, 11, 166957.82725524902, 100.53421020507812, 433.82073974609375, 301.3679192333015
LOSS, 11090.131591796875, -36.0, 61.890480041503906, 24.161506735940904, 459, 207.0, 369, 4, 141896.5699081421, 116.18745422363281, 426.4565734863281, 309.1428538303749
WIN , 28192.0, -30.8221435546875, 78.28857421875, 19.074424898511502, 1478, 191.0, 301, 21, 421994.43966674805, 82.44374084472656, 416.9166564941406, 285.5172122237808
LOSS, 12275.471435546875, -38.0, 66.32315826416016, 11.068955307075631, 1109, 223.0, 326, 8, 279748.75550460815, 53.766693115234375, 419.14031982421875, 252.2531609599713
LOSS, 16373.650001525879, -26.092529296875, 62.24296569824219, 22.678185597681274, 722, 177.6999969482422, 351, 12, 206470.53958129883, 97.57373046875, 419.0947570800781, 285.97027642839174
WIN , 27450.0, -27.170791625976562, 65.8602066040039, 25.29953917050691, 1085, 175.0, 327, 30, 322821.86821746826, 85.4482650756836, 415.7781677246094, 297.53167577646843
LOSS, 15308.493896484375, -23.9776611328125, 61.601806640625, 21.745019739324395, 704, 223.0, 353, 16, 198156.36419677734, 79.83332061767578, 416.480224609375, 281.47210823405874
WIN , 27306.802505493164, -20.474403381347656, 84.07804107666016, 32.354031404612755, 844, 201.39498901367188, 343, 14, 257408.7187347412, 85.85575866699219, 424.0044250488281, 304.98663357196824
LOSS, 12963.770751953125, -20.6585693359375, 64.76859283447266, 30.86612083798363, 420, 175.0, 371, 5, 131237.33366394043, 185.05490112304688, 420.6252136230469, 312.469842057001
LOSS, 12050.222045898438, -26.092529296875, 65.5016098022461, 28.487522567135787, 423, 191.0, 371, 6, 122617.7374420166, 84.870361328125, 421.520263671875, 289.87644785346714
LOSS, 8478.000122070312, -34.999969482421875, 66.1617202758789, 15.166368733578377, 559, 223.0, 362, 5, 142967.0217819214, 76.38746643066406, 411.093505859375, 255.75495846497566
LOSS, 8797.951904296875, -32.99993896484375, 58.828330993652344, 24.852971481064618, 354, 223.0, 376, 8, 94987.34226226807, 74.71749877929688, 410.2562255859375, 268.3258255996273
LOSS, 5264.800567626953, -11.333135604858398, 58.726417541503906, 37.605718340192524, 140, 154.20257568359375, 390, 3, 43216.108825683594, 130.90802001953125, 413.00445556640625, 308.6864916120257
LOSS, 21734.635009765625, -23.293243408203125, 68.1673355102539, 29.25253702525656, 743, 175.0, 350, 11, 231073.3191833496, 93.8999252319336, 426.27264404296875, 311.0004295872808
LOSS, 24320.758544921875, -34.0, 66.4107437133789, 14.314748996422528, 1699, 191.0, 286, 18, 409700.8508758545, 40.34109878540039, 428.1639404296875, 241.14234895577076
LOSS, 11584.28564453125, -17.452789306640625, 61.371376037597656, 32.723970747263415, 354, 207.0, 376, 13, 106116.74736022949, 97.91542053222656, 422.61602783203125, 299.76482305149574
LOSS, 19001.773681640625, -20.067344665527344, 65.21636199951172, 28.83425444862007, 659, 175.0, 356, 17, 198027.44667053223, 99.841552734375, 423.92193603515625, 300.496884173797
LOSS, 20379.959182739258, -21.046142578125, 64.7713394165039, 20.158218776201046, 1011, 196.39999389648438, 332, 24, 283375.1234588623, 98.84127044677734, 426.4705810546875, 280.29191242221793
LOSS, 19519.98291015625, -18.271514892578125, 59.419166564941406, 27.22452288724721, 717, 175.0, 352, 11, 221854.73014068604, 90.25213623046875, 429.5809326171875, 309.4208230692971
WIN , 28234.0, -33.118011474609375, 85.72265625, 22.641539695268644, 1247, 207.0, 316, 37, 371921.1139831543, 66.04608154296875, 426.35589599609375, 298.25269766090963
LOSS, 17849.828125, -17.45977783203125, 66.3805160522461, 28.333060515873015, 630, 223.0, 357, 14, 189720.80479431152, 103.97723388671875, 425.28411865234375, 301.14413459414527
WIN , 27517.40355682373, -27.401123046875, 64.0743179321289, 24.635097186055265, 1117, 160.19288635253906, 325, 29, 341807.1163787842, 78.32379150390625, 418.69403076171875, 306.0045804644442
LOSS, 17779.52685546875, -18.57758331298828, 67.2939224243164, 29.24264285438939, 608, 191.0, 359, 13, 176146.45421600342, 75.01663208007812, 422.76763916015625, 289.71456285526875
WIN , 26934.83213043213, -21.34002685546875, 77.22127532958984, 22.768243559114225, 1183, 165.3357391357422, 321, 23, 343210.3552932739, 64.08151245117188, 426.6632080078125, 290.1186435277041
LOSS, 7539.2760009765625, -16.7203369140625, 61.243797302246094, 29.799509885282855, 253, 186.447998046875, 383, 4, 73615.20617675781, 59.01533508300781, 415.4344787597656, 290.9691943745368
LOSS, 2949.599998474121, -13.858749389648438, 60.932456970214844, 40.96666664547391, 72, 185.8000030517578, 395, 2, 22053.10612487793, 102.73892211914062, 414.9505920410156, 306.29314062330457
LOSS, 7743.5556640625, -18.980796813964844, 60.672607421875, 35.5208975415711, 218, 207.0, 385, 6, 63632.123107910156, 129.04393005371094, 410.23675537109375, 291.8904729720649
LOSS, 20210.75, -19.24011993408203, 62.119041442871094, 24.117840095465393, 838, 191.0, 344, 17, 243165.2721862793, 73.99463653564453, 430.8805847167969, 290.1733558308822
LOSS, -9517.783645629883, -24.706275939941406, 61.238014221191406, -1.5865617012218507, 5999, 231.90701293945312, 0, 6, 801635.6354379654, 11.868704795837402, 423.6439514160156, 133.62821060809557
LOSS, 9267.557861328125, -19.48956298828125, 63.967811584472656, 30.385435610911884, 305, 191.0, 379, 5, 94652.54458618164, 84.77457427978516, 410.1807861328125, 310.3362117579726
LOSS, 11501.626342773438, -23.9776611328125, 58.61839294433594, 22.50807503478168, 511, 207.0, 365, 9, 151318.9747467041, 91.11908721923828, 400.3174133300781, 296.1232382518671
LOSS, 13872.19384765625, -40.9998779296875, 63.328163146972656, 15.56924113092733, 891, 223.0, 340, 14, 215701.02801895142, 43.77271270751953, 426.7225036621094, 242.08869586863233
LOSS, 10595.48876953125, -20.662376403808594, 66.6255874633789, 26.89210347596764, 394, 191.0, 373, 6, 107102.21572113037, 88.68810272216797, 407.9451599121094, 271.833034825204
WIN , 27288.65000152588, -34.0869140625, 62.409278869628906, 20.7518250962174, 1315, 177.6999969482422, 312, 26, 382082.2867126465, 68.6391372680664, 424.55181884765625, 290.55687202482625
LOSS, 15510.00048828125, -18.722389221191406, 65.2992935180664, 20.248042412899803, 766, 191.0, 348, 11, 223231.01711654663, 25.8618106842041, 418.01593017578125, 291.42430432969536
LOSS, 8515.68359375, -19.72052001953125, 54.652000427246094, 33.65882843379447, 253, 175.0, 383, 7, 74554.5097732544, 112.9447250366211, 410.2986755371094, 294.6818568112822
LOSS, 21219.276000976562, -17.35771942138672, 58.50536346435547, 26.035921473590875, 815, 186.447998046875, 345, 17, 245438.0278930664, 88.15296936035156, 410.9821472167969, 301.1509544700201
WIN , 27330.65000152588, -27.9461669921875, 94.0120620727539, 18.099768212931046, 1510, 193.6999969482422, 299, 32, 420318.62830352783, 65.36915588378906, 424.53790283203125, 278.35670748578
WIN , 27808.34999847412, -18.445167541503906, 62.31193542480469, 28.638877444360578, 971, 138.3000030517578, 335, 13, 299235.7799911499, 91.43272399902344, 426.3946228027344, 308.17279092806376
LOSS, 11484.1005859375, -17.66242218017578, 60.431434631347656, 27.021413143382354, 425, 223.0, 371, 9, 116299.21933364868, 58.31387710571289, 413.20245361328125, 273.6452219615263
LOSS, 13602.89599609375, -17.357872009277344, 59.473182678222656, 31.708382275276808, 429, 191.0, 371, 9, 133047.9506149292, 109.80148315429688, 430.5729675292969, 310.135083018483
LOSS, 16606.843505859375, -12.9998779296875, 60.952980041503906, 36.02352170468411, 461, 223.0, 369, 10, 144544.40307617188, 121.09638977050781, 411.5787353515625, 313.54534289842053
LOSS, 11392.793518066406, -19.72052001953125, 58.48048400878906, 26.37220721774631, 432, 191.8800048828125, 371, 5, 126695.89097595215, 79.53277587890625, 409.5716857910156, 293.27752540729665
LOSS, 23243.65000152588, -29.81298828125, 63.864967346191406, 26.38325766348, 881, 177.6999969482422, 341, 20, 270453.3697052002, 69.22315216064453, 429.5282897949219, 306.98452860976187
LOSS, 8026.559997558594, -15.974143981933594, 49.95191955566406, 23.33302324871684, 344, 191.8800048828125, 377, 5, 96630.05582809448, 53.34969711303711, 425.5401306152344, 280.90132508167
LOSS, 22433.1298828125, -19.95636749267578, 62.27470397949219, 27.93664991632939, 803, 175.0, 346, 15, 251654.34337615967, 73.46724700927734, 433.170654296875, 313.39270657056
WIN , 27933.44598388672, -28.140625, 66.0726089477539, 21.62031422901449, 1292, 188.1080322265625, 313, 28, 376147.4565887451, 65.86195373535156, 431.4073791503906, 291.13580231327023
LOSS, 15603.84912109375, -18.20404815673828, 62.777626037597656, 26.313404925959105, 593, 223.0, 360, 10, 172746.28764343262, 80.02379608154297, 417.92132568359375, 291.3090854020786
LOSS, -6476.132888793945, -22.867469787597656, 61.55767059326172, -1.0795354040329963, 5999, 228.60549926757812, 0, 6, 645780.2236189842, -5.17302942276001, 411.4874572753906, 107.64797859959731
WIN , 28186.0, -18.463523864746094, 87.552490234375, 24.833480176211452, 1135, 223.0, 324, 31, 328914.7185058594, 65.29293823242188, 422.4164733886719, 289.79270352939153
LOSS, 12781.0, -35.0001220703125, 57.686767578125, 23.712430426716143, 539, 223.0, 364, 13, 154547.50651168823, 56.73941421508789, 420.6361083984375, 286.7300677396813
LOSS, 17065.736328125, -36.0, 83.75191497802734, 23.282041375341063, 733, 223.0, 351, 19, 219968.02824783325, 43.655799865722656, 415.40960693359375, 300.0928079779444
LOSS, 5121.599998474121, -20.078567504882812, 55.75309753417969, 23.070270263396942, 222, 201.8000030517578, 385, 7, 64359.085105895996, 53.32223892211914, 410.2630920410156, 289.9057887652973
LOSS, 20861.0, -29.354248046875, 60.537010192871094, 25.65928659286593, 813, 223.0, 345, 13, 246810.04344177246, 75.66649627685547, 432.4219055175781, 303.5793892272724
WIN , 27701.940521240234, -39.999755859375, 65.4183120727539, 21.01816428015192, 1318, 171.11895751953125, 312, 22, 373105.2267150879, 67.60713958740234, 439.94140625, 283.0843905273808
LOSS, 25319.056640625, -21.3397216796875, 63.691917419433594, 24.895827571902654, 1017, 223.0, 332, 29, 316787.89501571655, 58.12643814086914, 437.6249084472656, 311.49252213934767
LOSS, 12508.797241210938, -24.6302490234375, 67.6183090209961, 18.20785624630413, 687, 223.0, 354, 11, 197380.25197601318, 63.443153381347656, 431.93902587890625, 287.3074992372826
LOSS, 16089.663330078125, -33.000244140625, 61.576759338378906, 19.741918196414876, 815, 223.0, 345, 16, 229485.5802230835, 68.37899780273438, 432.4328918457031, 281.5773990467282
LOSS, 22335.444091796875, -18.917251586914062, 90.9798355102539, 20.566707266847953, 1086, 207.0, 327, 22, 326852.4855957031, 69.03654479980469, 432.6011962890625, 300.96913959088687
LOSS, 11384.279418945312, -32.41180419921875, 61.666160583496094, 27.69897668843142, 411, 223.0, 372, 8, 121653.6987991333, 98.26564025878906, 416.6827392578125, 295.9944009711273
LOSS, 18877.939208984375, -23.7890625, 60.448829650878906, 25.305548537512568, 746, 207.0, 350, 12, 229484.88320159912, 85.05415344238281, 435.4006042480469, 307.62048686541436
LOSS, 22071.0, -26.306968688964844, 67.2179183959961, 26.59156626506024, 830, 223.0, 344, 22, 269047.2290496826, 93.11100006103516, 425.18463134765625, 324.1532880116658
WIN , 27852.802505493164, -20.185646057128906, 83.65811920166016, 26.704508634221632, 1043, 169.39498901367188, 330, 24, 314627.88429641724, 61.63431167602539, 441.4488220214844, 301.6566484145899
LOSS, 7518.84423828125, -21.271488189697266, 63.305885314941406, 29.142807125121124, 258, 223.0, 382, 3, 87075.72485351562, 130.90574645996094, 436.2822265625, 337.5028095097505
LOSS, 17048.376953125, -19.757240295410156, 65.6233901977539, 27.766086242874593, 614, 191.0, 359, 12, 179845.59587860107, 76.24529266357422, 435.91583251953125, 292.90813661009946
LOSS, 17561.0, -18.462913513183594, 65.0484390258789, 28.46191247974068, 617, 223.0, 358, 11, 195271.3846282959, 97.12195587158203, 443.331298828125, 316.48522630193827
LOSS, 19956.77490234375, -22.772216796875, 62.1343994140625, 31.378576890477593, 636, 175.0, 357, 20, 197281.0447998047, 82.18599700927734, 430.53497314453125, 310.1903220122715
LOSS, 6703.9998779296875, -17.35771942138672, 62.09075927734375, 30.06277972165779, 223, 223.0, 385, 6, 68816.64855194092, 72.30886840820312, 425.2615051269531, 308.59483655578885
LOSS, 16394.323486328125, -35.99951171875, 67.5450668334961, 24.80230482046615, 661, 207.0, 355, 8, 205039.0906906128, 41.724361419677734, 431.3201599121094, 310.1952960523643
WIN , 27246.0, -18.98125457763672, 72.5146484375, 30.172757475083056, 903, 223.0, 339, 24, 279317.6640548706, 76.84001159667969, 444.79052734375, 309.32188710395417
LOSS, 16553.017822265625, -28.8177490234375, 58.996849060058594, 16.960059244124615, 976, 223.0, 334, 19, 253893.59450912476, 26.286285400390625, 431.3573303222656, 260.1368796200049
LOSS, 8969.870239257812, -18.79094696044922, 59.521385192871094, 26.936547265038477, 333, 223.0, 377, 7, 100494.20837402344, 81.63558959960938, 432.79827880859375, 301.7844095316019
WIN , 27850.753562927246, -22.64892578125, 67.51778411865234, 27.76745120929935, 1003, 173.4928741455078, 333, 25, 319434.16526794434, 58.77153015136719, 443.21807861328125, 318.47872908070224
LOSS, 20509.015869140625, -20.21912384033203, 62.93147277832031, 23.931173709615663, 857, 207.0, 342, 19, 263343.1383590698, 79.3593521118164, 434.1126708984375, 307.28487556484225
WIN , 27790.0, -39.0, 74.222412109375, 13.602545276554087, 2043, 175.0, 263, 25, 556793.849319458, 51.71588134765625, 447.2021484375, 272.5373711793725
LOSS, 9393.310180664062, -20.078506469726562, 64.90636444091797, 24.915942123777356, 377, 223.0, 374, 11, 117907.42385101318, 104.27007293701172, 434.24383544921875, 312.751787403218
LOSS, 20040.12939453125, -25.2093505859375, 59.634910583496094, 17.157645029564428, 1168, 175.0, 322, 23, 333072.6262359619, 76.90656280517578, 451.81585693359375, 285.1649197225701
LOSS, 5891.9998779296875, -12.9998779296875, 56.925575256347656, 24.65271915451752, 239, 207.0, 384, 3, 74653.44924926758, 127.59574890136719, 429.06939697265625, 312.3575282396133
WIN , 27330.65000152588, -20.662147521972656, 67.8365249633789, 25.783632076911207, 1060, 193.6999969482422, 329, 29, 329911.9856643677, 82.85730743408203, 445.43817138671875, 311.23772232487516
LOSS, 14339.2861328125, -17.662269592285156, 60.492774963378906, 32.96387616738506, 435, 223.0, 370, 15, 135818.3756866455, 91.89058685302734, 442.01080322265625, 312.2261510037828
LOSS, 11799.496948242188, -20.662452697753906, 58.694679260253906, 19.5679883055426, 603, 191.0, 359, 12, 178613.36764526367, 85.47896575927734, 432.8907165527344, 296.2079065427258
LOSS, 6153.218566894531, -16.7203369140625, 66.27164459228516, 23.396268315188333, 263, 191.0, 382, 2, 85096.05476379395, 96.67997741699219, 447.2119140625, 323.5591435885701
LOSS, 15134.654197692871, -33.99951171875, 61.690284729003906, 19.279814264576906, 785, 201.8000030517578, 347, 18, 242966.4382095337, 70.41270446777344, 449.4954833984375, 309.51138625418304
WIN , 28070.320846557617, -34.0, 68.70823669433594, 14.907233588187795, 1883, 134.35830688476562, 274, 28, 523861.88079071045, 38.388004302978516, 444.869384765625, 278.20599086070655
LOSS, 16722.58088684082, -36.0001220703125, 66.2639389038086, 25.298912082966446, 661, 115.09457397460938, 355, 12, 194981.49768066406, 74.1152114868164, 436.96923828125, 294.9795728905659
LOSS, 20771.0, -18.463523864746094, 63.400489807128906, 18.91712204007286, 1098, 223.0, 326, 18, 310596.5617980957, 59.33673858642578, 440.7518310546875, 282.8748285957156
WIN , 27839.415954589844, -32.41180419921875, 65.8849105834961, 25.285573074105216, 1101, 196.1680908203125, 326, 30, 334975.0254936218, 52.52090835571289, 439.8515930175781, 304.2461630278127
LOSS, 13153.420654296875, -28.43994140625, 67.1538314819336, 21.249467939090266, 619, 223.0, 358, 9, 186864.27238464355, 73.68612670898438, 436.2330017089844, 301.88089238229975
WIN , 27760.0, -18.98064422607422, 65.2016372680664, 32.81323877068558, 846, 175.0, 343, 15, 278609.70246887207, 105.81352996826172, 453.6991271972656, 329.3258894431112
LOSS, 19743.0771484375, -20.43903350830078, 57.087013244628906, 26.080683155135404, 757, 207.0, 349, 9, 235125.9743347168, 95.70820617675781, 446.64862060546875, 310.6023439031926
LOSS, 20201.0, -38.9998779296875, 90.9798355102539, 16.278001611603546, 1241, 223.0, 317, 14, 373457.28999328613, 22.391571044921875, 449.67645263671875, 300.9325463281919
LOSS, 17106.40771484375, -40.349708557128906, 64.7215805053711, 12.550555916980008, 1363, 223.0, 309, 18, 334236.63986206055, 42.854007720947266, 446.5285339355469, 245.22130584157046
LOSS, 4531.0, -17.992393493652344, 56.6253662109375, 29.42207792207792, 154, 223.0, 389, 2, 47401.50146484375, 79.21502685546875, 427.2604675292969, 307.80195756392044
LOSS, 10430.97900390625, -18.721778869628906, 61.444313049316406, 31.89901836056957, 327, 184.4189453125, 378, 7, 102733.82074737549, 84.4669189453125, 441.7247619628906, 314.1707056494663
LOSS, 17127.656494140625, -35.99951171875, 62.848121643066406, 24.19160521771275, 708, 223.0, 352, 13, 212950.7199859619, 80.6466064453125, 435.1951599121094, 300.7778530875168
LOSS, 13051.999877929688, -23.034896850585938, 61.07659912109375, 23.348836990929673, 559, 207.0, 362, 15, 168947.47369384766, 96.50548553466797, 438.6926574707031, 302.23161662584556
LOSS, 16452.138916015625, -44.999755859375, 63.10338592529297, 18.139072674769157, 907, 223.0, 339, 13, 268784.3736038208, 102.47549438476562, 453.0843505859375, 296.3444030913129
WIN , 27954.0, -19.156700134277344, 77.135009765625, 23.431684828164293, 1193, 207.0, 320, 25, 369821.34703063965, 81.9015121459961, 436.0838928222656, 309.99274688234675
LOSS, 12399.576904296875, -16.00006103515625, 59.261695861816406, 29.244285151643574, 424, 191.0, 371, 5, 134818.0631790161, 112.34303283691406, 439.0552062988281, 317.96713013918895
LOSS, 14514.802993774414, -26.9580078125, 63.251243591308594, 30.948407236192782, 469, 201.39498901367188, 368, 19, 139913.7129058838, 77.52090454101562, 452.5042419433594, 298.3234816756584
LOSS, 17445.80274963379, -16.48200225830078, 63.123695373535156, 27.913284399414064, 625, 201.39498901367188, 358, 14, 189617.58433532715, 73.54733276367188, 434.3415832519531, 303.38813493652344
LOSS, 16674.8818359375, -20.71624755859375, 66.0103530883789, 25.380337649828768, 657, 223.0, 356, 10, 207231.96481323242, 103.1825942993164, 445.96453857421875, 315.4215598374923
LOSS, 12596.440307617188, -21.34002685546875, 58.56604766845703, 15.103645452778402, 834, 191.0, 344, 11, 227737.06394195557, 64.67338562011719, 431.0458679199219, 273.0660239112177
LOSS, 11006.781494140625, -38.9998779296875, 62.812110900878906, 5.0030824973366474, 2200, 191.0, 253, 9, 513450.33864212036, 34.37477111816406, 444.712158203125, 233.38651756460015
LOSS, 20646.37548828125, -17.662269592285156, 67.8548355102539, 24.49154862192319, 843, 207.0, 343, 22, 253527.0253381729, 11.566475868225098, 459.86724853515625, 300.7438022991375
LOSS, 12388.880004882812, -15.964698791503906, 60.775367736816406, 25.756507286658653, 481, 175.0, 367, 9, 162528.21084594727, 159.25131225585938, 441.1976623535156, 337.8964882452126
LOSS, 18697.367919921875, -25.2093505859375, 64.7096939086914, 23.548322317281958, 794, 207.0, 347, 12, 242841.89819717407, 61.41383743286133, 449.7710876464844, 305.8462193919069
LOSS, 15045.56787109375, -16.720489501953125, 64.4176254272461, 31.47608341233002, 478, 223.0, 368, 11, 157026.4287109375, 128.69558715820312, 450.4767761230469, 328.5071730354341
LOSS, -4242.495155334473, -27.65228271484375, 65.68938446044922, -0.7072003926211823, 5999, 229.9903106689453, 0, 5, 570581.7832961679, -15.42849349975586, 460.2141418457031, 95.11281601869776
LOSS, 20264.421142578125, -19.897850036621094, 59.691993713378906, 25.847475947165975, 784, 207.0, 347, 17, 249021.01860427856, 60.61481857299805, 443.021484375, 317.6288502605594
LOSS, 16139.5791015625, -26.750259399414062, 83.68709564208984, 7.227755979203986, 2233, 223.0, 251, 15, 468788.39138793945, 21.351333618164062, 453.3564147949219, 209.93658369365852
LOSS, 11911.0, -34.0, 60.38152313232422, 20.465635738831615, 582, 223.0, 361, 15, 164674.48377227783, 61.64678192138672, 443.88055419921875, 282.94584840597565
LOSS, 8031.667724609375, -21.34002685546875, 64.48445892333984, 31.01030009501689, 259, 223.0, 382, 4, 84824.05947494507, 53.30595779418945, 448.6408386230469, 327.50602113878404
LOSS, 10927.919700622559, -24.98241424560547, 58.706565856933594, 25.895544314271465, 422, 185.8000030517578, 371, 8, 136766.45162200928, 112.45464324951172, 443.3423156738281, 324.0911175876997
LOSS, 17860.90966796875, -21.7667236328125, 65.5605239868164, 27.734331782560172, 644, 223.0, 357, 15, 206750.00160980225, 56.452064514160156, 442.32232666015625, 321.0403751705004
LOSS, 21934.619384765625, -26.092529296875, 64.3712387084961, 28.375962981585545, 773, 223.0, 348, 20, 241422.8632926941, 49.285377502441406, 438.42620849609375, 312.31935742909974
LOSS, 17421.144485473633, -22.198745727539062, 62.849571228027344, 27.829304289893983, 626, 196.39999389648438, 358, 17, 200941.97618865967, 75.57735443115234, 456.1826477050781, 320.9935721863573
LOSS, 19099.0, -23.66455078125, 59.843055725097656, 25.465333333333334, 750, 207.0, 349, 12, 243746.50182724, 39.92000961303711, 441.4868469238281, 324.9953357696533
LOSS, 19768.0361328125, -19.366004943847656, 66.0695571899414, 22.161475485215806, 892, 223.0, 340, 19, 263700.7382736206, 76.02667999267578, 452.931884765625, 295.6286303515926
LOSS, 10160.870788574219, -17.992271423339844, 55.634666442871094, 23.304749515078484, 436, 148.1680908203125, 370, 5, 128511.7216796875, 80.65461730957031, 445.5063781738281, 294.751655228641
LOSS, 23133.495025634766, -36.24951171875, 64.58831024169922, 3.856225208473873, 5999, 209.35028076171875, 0, 19, 1085138.6400032043, 39.257545471191406, 447.14227294921875, 180.88658776516158
WIN , 27587.45249938965, -20.662147521972656, 93.01968383789062, 27.07306427810564, 1019, 140.09500122070312, 332, 28, 322045.281665802, 63.81245803833008, 446.22198486328125, 316.04051193896174
LOSS, 20527.959228515625, -18.462913513183594, 64.0090103149414, 28.159066157085906, 729, 223.0, 351, 11, 229617.04207611084, 65.57887268066406, 458.5428771972656, 314.9753663595485
LOSS, 23477.0, -23.453353881835938, 59.237892150878906, 20.04867634500427, 1171, 191.0, 321, 21, 360541.12591934204, 36.531646728515625, 457.61724853515625, 307.8916532189087
LOSS, 7562.9998779296875, -22.125015258789062, 60.35498809814453, 12.178743764782105, 621, 185.0, 358, 5, 157402.2321281433, 48.6685791015625, 440.7825927734375, 253.46575221923237
LOSS, 12059.484252929688, -17.35771942138672, 63.337318420410156, 30.148710632324217, 400, 175.0, 373, 5, 128599.6488609314, 59.473751068115234, 448.8364562988281, 321.4991221523285
WIN , 27404.0, -28.604515075683594, 62.466651916503906, 16.448979591836736, 1666, 207.0, 288, 30, 481328.3716773987, 37.1843376159668, 459.4768371582031, 288.91258804165585
LOSS, 5682.122253417969, -27.3223876953125, 58.663551330566406, 13.626192454239733, 417, 207.0, 372, 3, 118851.87803649902, 102.6877670288086, 447.4588928222656, 285.0164940923238
LOSS, -1542.9354782104492, -29.951278686523438, 51.74201202392578, -0.2571987794983246, 5999, 230.87095642089844, 0, 5, 499153.4356392622, -9.711101531982422, 446.1696472167969, 83.20610695770331
