LOSS, 2844.8997314453136, -13.277825736999512, 38.8, 10.270396142401854, 207.0, 276, 181, 5, 2191.359411452336, 0.0, 51.20252113342285, 7.911044806687134, 93, 0, 0
LOSS, 3438.101098632812, -1236.0997314453125, 22.282450866699218, 10.141891146409474, 191.0, 339, 177, 8, 2132.197267307738, 0.0, 1225.4112113952638, 6.289667455185068, 145, 0, 0
LOSS, 6891.248144531236, -1784.200830078125, 22.250590515136718, 6.050261759904509, 207.0, 1139, 124, 12, 3.6148362436257032E16, 0.0, 1.712887581481255E16, 3.1736929268004418E13, 442, 0, 0
WIN , 12579.451025390621, -2886.6489753723145, 23.16259765625, 9.669063047955897, 223.0, 1301, 113, 18, 6439.45482783211, 0.0, 2900.330478668213, 4.949619391108462, 681, 0, 0
LOSS, 9360.760501098614, -4054.9, 18.676005554199218, 6.22805089893454, 185.39499, 1503, 99, 20, 7908.521763878827, 0.0, 4043.7775634765626, 5.26182419419749, 950, 0, 0
WIN , 16429.23949890138, -3366.860501861572, 23.3623046875, 7.174340392533354, 223.0, 2290, 47, 32, 1.4499360067160055E15, 0.0, 1.238224460716725E15, 6.331598282602644E11, 1258, 0, 0
WIN , 16100.150712585448, -4055.50000038147, 23.95350799560547, 8.628162225394131, 221.49287, 1866, 75, 34, 6914.287790667328, 0.0, 4044.345000076294, 3.7054061043233273, 1377, 0, 0
WIN , 14911.521510314968, -4054.450714111328, 24.920668029785155, 9.267570857871329, 206.27777, 1609, 92, 30, 5808.37056878506, 0.0, 4044.450714111328, 3.6099257730174394, 1447, 0, 0
LOSS, 12771.090882873525, -4055.9722244262693, 17.16984405517578, 7.820631281612691, 181.33574, 1633, 91, 23, 5.1330414515451568E16, 0.0, 4.8354663697453064E16, 3.1433199335855215E13, 1601, 0, 0
WIN , 16549.064176940956, -3357.663105773926, 25.0908203125, 9.077928786034533, 204.72717, 1823, 78, 34, 6.732559489491629E14, 0.0, 3.222457846618777E14, 3.693120948706324E11, 1747, 0, 0
WIN , 14968.172717285162, -4055.527281951904, 23.635498046875, 9.143660792477192, 223.0, 1637, 90, 29, 6278.076422513108, 0.0, 4068.3509071350095, 3.8351108262144824, 1823, 0, 0
WIN , 13379.999999999998, -4055.50000038147, 23.425070190429686, 9.139344262295081, 223.0, 1464, 102, 34, 1.113469718493624E14, 0.0, 1.1134697184356781E14, 7.605667476049345E10, 1900, 0, 0
WIN , 13631.083190917983, -4056.1000007629395, 22.12578125, 8.765969897696452, 212.16809, 1555, 96, 33, 6106.152722427294, 0.0, 4043.944012451172, 3.926786316673501, 1988, 0, 0
LOSS, 16514.83680267335, -4055.983190917969, 16.89855499267578, 5.5049456008911175, 213.80006, 3000, 0, 29, 11593.28362480044, 0.0, 4067.026549911499, 3.8644278749334804, 2249, 0, 0
LOSS, 7078.951325988738, -3650.2199951171874, 17.896957397460938, 5.928769954764437, 180.195, 1194, 120, 12, 1.9514467114009208E15, 0.0, 1.951446711394599E15, 1.634377480235277E12, 2351, 0, 0
WIN , 16459.025105285644, -2069.771319580078, 24.579753112792968, 9.88530036353492, 184.03575, 1665, 89, 32, 6.967525109849821E14, 0.0, 4.076391705031583E14, 4.184699765675568E11, 2490, 0, 0
WIN , 12510.000000000011, -4059.996425628662, 24.430094909667968, 9.384846211552896, 184.03575, 1333, 111, 29, 6183.887070918944, 0.0, 4048.946541595459, 4.639075071957198, 2563, 0, 0
WIN , 13336.103575134292, -4058.7964248657227, 24.09375, 8.004864090716861, 223.0, 1666, 88, 15, 1.012848429600826E15, 0.0, 6.052092590909251E14, 6.07952238655958E11, 2673, 0, 0
LOSS, 6695.831103515608, -4055.50000038147, 18.46732940673828, 7.62623132518862, 191.0, 878, 141, 15, 4939.836303036155, 0.0, 4079.135498428345, 5.6262372471937985, 2714, 0, 0
WIN , 14177.968896484383, -2771.3311038970946, 24.921005249023438, 10.00562378015835, 185.0, 1417, 105, 31, 1.8078875557012088E16, 0.0, 6.907375972273398E15, 1.2758557203254826E13, 2816, 0, 0
WIN , 12611.638710021967, -4058.7, 23.83980712890625, 9.48957013545671, 168.6129, 1329, 111, 29, 5381.666776493665, 0.0, 4072.378460693359, 4.0494106670381225, 2868, 0, 0
LOSS, 8987.057714843731, -4060.3387100219725, 17.43717803955078, 7.883383960389238, 168.03575, 1140, 124, 20, 2.2911907889956625E14, 0.0, 1.4464976207540338E14, 2.0098164815751425E11, 2935, 0, 0
WIN , 12220.115037536605, -3366.7964263916015, 23.96935272216797, 9.799611096661272, 196.88538, 1247, 116, 18, 2.352667882750481E14, 0.0, 2.3526678826614294E14, 1.886662295710089E11, 2988, 0, 0
WIN , 11491.086872863769, -4057.5114624023436, 23.314865112304688, 8.887151487133618, 186.01665, 1293, 113, 26, 5.4653415363606675E14, 0.0, 4.0763917050315794E14, 4.226868937633927E11, 3041, 0, 0
WIN , 14828.462165832534, -4058.5983352661133, 24.72063751220703, 9.499335147874781, 201.39499, 1561, 95, 27, 2.3526678827198672E14, 0.0, 2.3526678826614275E14, 1.507154313081273E11, 3114, 0, 0
WIN , 13357.839498901369, -4055.8605003356934, 23.159912109375, 9.609956474029762, 223.0, 1390, 107, 31, 5269.182486302384, 0.0, 4045.560500335693, 3.790778767124017, 3162, 0, 0
WIN , 13772.160501098642, -4056.1000007629395, 26.01189727783203, 8.538227217048135, 201.39499, 1613, 92, 29, 16579.684772384997, 0.0, 5213.867333574789, 10.2787878316088, 3242, 0, 0
WIN , 14421.791482543946, -4057.060501098633, 24.679486083984376, 8.194199705990878, 183.48016, 1760, 82, 35, 2600.0881661014673, 0.0, 144.4245704738977, 1.477322821648561, 3342, 0, 0
WIN , 14226.048016357416, -4057.6519828796386, 22.90251007080078, 8.885726431203882, 223.0, 1601, 93, 35, 15522.97519582913, 0.0, 9987.40940466595, 9.695799622629064, 3388, 0, 0
WIN , 13552.16050109863, -4054.9, 24.59588165283203, 8.851835728999758, 201.39499, 1531, 97, 36, 5825.251118370182, 0.0, 4068.7843215942385, 3.804866831071314, 3449, 0, 0
WIN , 13833.34949951171, -4058.2605018615723, 26.57567443847656, 9.240714428531536, 167.9, 1497, 100, 33, 5442.3070780578055, 0.0, 4051.826388621095, 3.6354756700452944, 3505, 0, 0
WIN , 13264.878103637704, -4060.4100006103517, 21.90495147705078, 8.465142376284431, 219.11896, 1567, 95, 35, 175098.2230015786, 0.0, 106828.48094887615, 111.74104850132647, 3574, 0, 0
WIN , 13703.661288452155, -4055.2881042480467, 22.695649719238283, 9.063268047918092, 182.50607, 1512, 99, 32, 20524.699079411737, 0.0, 14923.94248885881, 13.574536428182366, 3634, 0, 0
WIN , 13907.28060760497, -4058.9493927001954, 23.84123077392578, 9.480082213772985, 209.7, 1467, 102, 36, 9358.486172968169, 0.0, 4071.3185386657715, 6.379336177892412, 3676, 0, 0
WIN , 14010.497282409679, -4056.230000305176, 24.322509765625, 9.434678304652982, 204.72717, 1485, 101, 31, 20170.636378034054, 0.0, 14921.88670176286, 13.582920119888252, 3724, 0, 0
LOSS, 9209.283605957015, -4056.1272842407225, 18.28947296142578, 7.414882130400173, 191.0, 1242, 117, 22, 19038.38567989718, 0.0, 13444.085393652906, 15.328812946777116, 3779, 0, 0
WIN , 13720.716394042951, -3144.8108879089355, 24.962158203125, 9.821557905542557, 204.72717, 1397, 106, 31, 12130.184479020967, 0.0, 4071.789114379883, 8.683023964939848, 3816, 0, 0
WIN , 12498.172717285155, -4057.927283477783, 25.14501953125, 9.082974358492118, 223.0, 1376, 108, 17, 5418.613087060412, 0.0, 4045.7712951660155, 3.9379455574566946, 3858, 0, 0
WIN , 13353.157281494163, -4054.300001525879, 24.263671875, 8.699125264817043, 191.42719, 1535, 97, 32, 5387.695124054982, 0.0, 4078.622511291504, 3.509899103618881, 3890, 0, 0
LOSS, 8796.953118896463, -4056.857280731201, 17.20329132080078, 8.632927496463653, 191.0, 1019, 132, 17, 4883.88799301774, 0.0, 4046.4562744140626, 4.792824330733798, 3912, 0, 0
WIN , 14212.4560256958, -3143.8103996276855, 25.232829284667968, 9.513022774896786, 197.33574, 1494, 100, 33, 114567.72268335822, 0.0, 37457.610020250184, 76.68522267962398, 3984, 0, 0
WIN , 12660.000000000002, -4056.266425323486, 25.207682800292968, 8.940677966101696, 197.33574, 1416, 105, 29, 10216.03358584375, 0.0, 4953.5499818817625, 7.214712984352931, 4029, 0, 0
WIN , 13962.634117126465, -4056.266425323486, 24.374168395996094, 8.66168369548788, 170.99457, 1612, 92, 30, 152841.07838531368, 0.0, 142007.91417986603, 94.81456475515738, 4091, 0, 0
WIN , 13374.799456787092, -4060.1005432128904, 22.122314453125, 9.288055178324369, 223.0, 1440, 104, 34, 5850.061976228483, 0.0, 4072.5633659362793, 4.062543039047558, 4157, 0, 0
WIN , 13130.000000000005, -4054.9, 21.265351867675783, 9.061421670117326, 223.0, 1449, 103, 33, 7.238982348940638E14, 0.0, 4.3478489441144706E14, 4.995847031705064E11, 4219, 0, 0
LOSS, 10803.216455078124, -4054.9, 17.738632202148438, 7.121434710005355, 207.0, 1517, 98, 23, 182897.63463121923, 0.0, 145805.81080420123, 120.56534913066528, 4317, 0, 0
WIN , 12520.274044799804, -3608.116455078125, 22.037774658203126, 8.987992853409766, 188.095, 1393, 107, 30, 5.7987121400306824E16, 0.0, 5.7987121400302136E16, 4.162750997868401E13, 4374, 0, 0
WIN , 12759.666781616203, -4058.39049987793, 22.956298828125, 8.668251889684921, 191.42719, 1472, 101, 36, 1605.799974114565, 0.0, 65.59249740092392, 1.0908967215452208, 4423, 0, 0
WIN , 11816.993431091298, -4058.0572814941406, 23.84999237060547, 8.911759751954222, 221.49287, 1326, 111, 25, 11677.461071162048, 0.0, 4086.9364414024403, 8.806531727874848, 4468, 0, 0
WIN , 12853.66620788577, -4054.450714111328, 24.950050354003906, 8.15070780462002, 184.8308, 1577, 94, 31, 9355.872280112526, 0.0, 4065.625919342041, 5.9327027774968455, 4536, 0, 0
WIN , 12369.862821960434, -4058.11692199707, 24.8271484375, 8.880016383316894, 186.20258, 1393, 107, 31, 4.001480051002977E15, 0.0, 1.951943035396687E15, 2.8725628506841187E12, 4583, 0, 0
WIN , 11868.590968322731, -4059.77974319458, 23.30262908935547, 8.317162556638214, 200.2929, 1427, 104, 29, 5575.454441007598, 0.0, 4049.47974319458, 3.907115936235177, 4636, 0, 0
WIN , 12087.729289245615, -4055.970709991455, 22.83708038330078, 8.920833423797502, 223.0, 1355, 109, 32, 5616.3303837406465, 0.0, 4066.9040836334225, 4.144893272133318, 4693, 0, 0
WIN , 12462.882585144023, -4054.9, 25.087570190429688, 9.300658645629868, 194.17415, 1340, 110, 33, 1268.7178540528112, 0.0, 34.44959725908548, 0.9468043686961277, 4730, 0, 0
LOSS, 9233.362278747536, -4057.782585144043, 17.713973999023438, 8.135120950438358, 180.4, 1135, 124, 22, 3.9030919523953715E15, 0.0, 3.9030919523900585E15, 3.438847535150107E12, 4765, 0, 0
LOSS, 10001.044393920873, -3361.1448638916017, 17.90348663330078, 7.693111072246825, 175.0, 1300, 113, 20, 42384.87696824852, 0.0, 36887.4897604878, 32.60375151403733, 4831, 0, 0
WIN , 13555.370742797817, -3382.7892581939695, 26.59318389892578, 6.467257033777584, 196.4, 2096, 60, 33, 30272.945074923166, 0.0, 23440.726320811853, 14.443198986127465, 4958, 0, 0
WIN , 12380.50198364258, -4058.760001373291, 24.008831787109376, 8.768060894931006, 191.38016, 1412, 105, 34, 14156.350724798996, 0.0, 4079.981056213379, 10.02574413937606, 5010, 0, 0
WIN , 12596.838015747062, -4059.261985015869, 23.173947143554688, 9.221696936857294, 223.0, 1366, 108, 24, 6581.286596654628, 0.0, 4047.2902343749997, 4.817925766218615, 5027, 0, 0
WIN , 12689.999999999995, -4056.1000007629395, 25.55224609375, 8.057142857142853, 223.0, 1575, 95, 26, 9908.696487293346, 0.0, 4080.45224609375, 6.291235864948156, 5092, 0, 0
WIN , 12044.985823059065, -4054.9, 23.494204711914062, 9.514206811263085, 173.14177, 1266, 115, 30, 1.2215769413874722E14, 0.0, 1.2215768906481008E14, 9.649106961986353E10, 5123, 0, 0
LOSS, 10697.902995300286, -4059.285824584961, 17.43986358642578, 8.497142966878702, 207.0, 1259, 116, 22, 9417.528116543344, 0.0, 4066.5132369995117, 7.480165303052696, 5161, 0, 0
WIN , 13148.93846435547, -3608.9888191223145, 23.86865234375, 8.68489991040652, 204.72717, 1514, 99, 35, 87166.4882032245, 0.0, 32142.43717696707, 57.57363817914432, 5218, 0, 0
LOSS, 11284.532971191391, -4055.527281951904, 17.86710968017578, 8.352726107469572, 207.0, 1351, 109, 25, 3.5089173914877656E16, 0.0, 3.5089173914863836E16, 2.597274160982802E13, 5284, 0, 0
WIN , 13606.299746704102, -3591.26025390625, 25.01579132080078, 9.281241300616713, 196.4, 1466, 102, 30, 1.4267892678959202E7, 0.0, 1.4258813755650027E7, 9732.532523164531, 5335, 0, 0
LOSS, 4068.9400970458946, -4056.9600021362303, 17.41953887939453, 5.573890543898486, 223.0, 730, 151, 14, 32031.083883109877, 0.0, 25444.117393876164, 43.878197100150516, 5371, 0, 0
WIN , 14583.149902343748, -2066.50009765625, 26.081591796875, 10.923707792017789, 175.5, 1335, 111, 16, 5314.227330846906, 0.0, 2076.4788279705126, 3.9806946298478696, 5397, 0, 0
WIN , 11995.250000000007, -4060.25000038147, 23.17919921875, 9.018984962406021, 223.0, 1330, 111, 32, 12612.05850270202, 0.0, 4084.624168777466, 9.482750753911294, 5432, 0, 0
LOSS, 5953.537255859361, -4053.6999992370606, 18.386943054199218, 7.662210110501108, 207.0, 777, 148, 15, 4785.04471905725, 0.0, 4067.837130737305, 6.158358711785393, 5452, 0, 0
WIN , 12490.404205322255, -2697.837257385254, 24.06310272216797, 10.048595499052498, 183.58539, 1243, 117, 32, 5443.062498963795, 0.0, 2711.238323724612, 4.378972243735958, 5496, 0, 0
WIN , 11831.447413635244, -4058.8414611816406, 23.242214965820313, 9.122164544051845, 169.11125, 1297, 113, 34, 5832.712882530286, 0.0, 4073.8694630246046, 4.497080094472079, 5527, 0, 0
WIN , 12069.361125183093, -4059.6888763427733, 24.65703125, 9.363352308132734, 175.5, 1289, 114, 25, 7056.939350172456, 0.0, 4084.0113861083983, 5.474739604478244, 5564, 0, 0
WIN , 11510.450543212868, -4059.65, 24.110496520996094, 8.753194329439443, 170.99457, 1315, 112, 25, 6206.265034121969, 0.0, 4072.529768371582, 4.719593181841801, 5622, 0, 0
WIN , 11934.950169372562, -4060.1005432128904, 21.48134002685547, 9.138552962766127, 221.49287, 1306, 112, 33, 10888.0093512117, 0.0, 4072.244847869873, 8.336913745185068, 5662, 0, 0
WIN , 12012.22886199949, -4055.050712585449, 21.780546569824217, 9.421355970195679, 199.20425, 1275, 115, 33, 1082.0536615445828, 0.0, 97.89544837558648, 0.8486695384663395, 5693, 0, 0
WIN , 11651.572409057593, -4056.0795738220213, 21.997113037109376, 8.928407976289343, 183.48016, 1305, 113, 27, 5172.394655719864, 0.0, 4078.982083892822, 3.9635208089807388, 5727, 0, 0
LOSS, 9173.068560790987, -4058.851983642578, 17.51945343017578, 8.501453717137153, 183.50256, 1079, 128, 20, 954.9082198907862, 0.0, 24.788169489331743, 0.8849937163028603, 5752, 0, 0
WIN , 12308.236955261204, -3362.5205448150637, 22.16399383544922, 9.219653150008392, 170.425, 1335, 111, 28, 5956.3781792190875, 0.0, 3352.3083497867838, 4.461706501287706, 5799, 0, 0
WIN , 12096.569783020017, -4060.1574996948243, 23.38427734375, 9.290760202012303, 204.72717, 1302, 113, 31, 2347.3854227770257, 0.0, 1200.3373228550436, 1.8029073907657647, 5832, 0, 0
LOSS, 7894.0463989257505, -4056.7272827148436, 17.311399841308592, 7.054554422632485, 207.0, 1119, 125, 22, 6828.683024166259, 0.0, 4068.819083404541, 6.102487063598087, 5875, 0, 0
WIN , 14034.126318359393, -2900.773681640625, 22.481689453125, 8.916217483074583, 223.0, 1574, 95, 36, 8837.684448313878, 0.0, 4070.0786361694336, 5.614793169195602, 5940, 0, 0
WIN , 12203.1695739746, -4054.9, 21.803495788574217, 9.012680630705022, 191.30426, 1354, 109, 32, 8169.9104738988735, 0.0, 4077.737080383301, 6.033907292392078, 5976, 0, 0
WIN , 12339.18016967774, -4056.86957321167, 25.58740234375, 9.194620096630208, 199.50256, 1342, 110, 29, 9.306538532629945E14, 0.0, 9.306538532495574E14, 6.934827520588633E11, 6023, 0, 0
WIN , 11619.477539062496, -4056.049742889404, 25.346435546875, 9.666786638155155, 204.72717, 1202, 119, 29, 4873.180952849588, 0.0, 4081.140563201904, 4.054227082237594, 6054, 0, 0
LOSS, 7687.239514160128, -4055.527281951904, 16.93595733642578, 7.868208305179251, 207.0, 977, 134, 22, 5010.439527019021, 0.0, 4065.8932804107662, 5.128392555802478, 6083, 0, 0
LOSS, 7430.812499999994, -2913.366798400879, 17.40592803955078, 8.711386283704565, 207.0, 853, 143, 6, 7214.323708945177, 0.0, 3580.069242858887, 8.457589342256949, 6112, 0, 0
WIN , 12491.450703430166, -2694.779296875, 26.49455108642578, 10.453096822954114, 209.7, 1195, 120, 34, 5175.21690078014, 0.0, 2707.497482165109, 4.330725439983381, 6141, 0, 0
LOSS, 6893.565409851066, -4056.230000305176, 17.52995147705078, 7.914541228302028, 207.0, 871, 141, 16, 703.580336065889, 0.0, 25.14501953125, 0.8077845419815028, 6159, 0, 0
WIN , 13196.931872558593, -2920.9954109191895, 22.27294921875, 9.063826835548484, 204.72717, 1456, 102, 31, 1.0348360448943812E15, 0.0, 1.0348360448816639E15, 7.107390418230641E11, 6215, 0, 0
WIN , 11122.641717529286, -4056.1272842407225, 25.436822509765626, 9.131889751666082, 178.31, 1218, 118, 31, 25139.1255257772, 0.0, 21365.18617413044, 20.63967612953793, 6244, 0, 0
WIN , 11147.880743408185, -4059.9690006256105, 25.171142578125, 9.635160538814334, 199.50256, 1157, 122, 32, 5362757.135524096, 0.0, 5069010.381487571, 4635.053703996626, 6266, 0, 0
WIN , 10687.650256347635, -4057.2497436523436, 23.67217559814453, 8.958633911439762, 223.0, 1193, 120, 26, 26427.17885119826, 0.0, 21365.18617413044, 22.151868274265095, 6294, 0, 0
WIN , 10792.160501098611, -4055.50000038147, 24.19744415283203, 9.20047783554869, 201.39499, 1173, 121, 21, 1047.1508242967202, 0.0, 68.22322566266543, 0.892711700167707, 6317, 0, 0
WIN , 11722.505500793446, -4057.060501098633, 23.62732696533203, 9.031206086897878, 176.33998, 1298, 113, 26, 5410.071964026852, 0.0, 4070.2143371582033, 4.168006135613907, 6365, 0, 0
WIN , 11100.722872924785, -4058.9660034179688, 21.937039184570313, 8.810097518194274, 169.11125, 1260, 116, 25, 286659.91176708456, 0.0, 285484.3483463765, 227.50786648181315, 6390, 0, 0
WIN , 10849.868624877921, -4060.2888748168943, 23.24187469482422, 9.61015821512659, 170.425, 1129, 124, 21, 1062.8417911913277, 0.0, 41.437609610039175, 0.9414010550853212, 6415, 0, 0
WIN , 10736.631697082512, -4060.1574996948243, 21.594013977050782, 9.434649997436303, 204.10803, 1138, 124, 21, 1027.164519712836, 0.0, 111.68066486733917, 0.9026050261096977, 6436, 0, 0
LOSS, 5665.3563110351515, -4057.9891975402834, 17.894633483886718, 7.338544444346051, 207.0, 772, 148, 17, 657.1335004303355, 0.0, 25.141218858598634, 0.8512091974486211, 6451, 0, 0
WIN , 12524.643688964818, -2722.7455081939697, 22.588642883300782, 9.568100602723314, 204.10803, 1309, 112, 30, 3913.4214220495514, 0.0, 2737.606504124471, 2.9896267548124915, 6491, 0, 0
WIN , 11291.601303100579, -4056.189198303223, 25.193536376953126, 9.232707525020915, 188.095, 1223, 118, 30, 9280.079848973179, 0.0, 4081.334217834473, 7.587963899405707, 6522, 0, 0
WIN , 10899.16950073241, -4058.39049987793, 24.52018585205078, 9.714054813486998, 196.4, 1122, 125, 27, 870.9983927983778, 0.0, 25.639907836914062, 0.776290902672351, 6539, 0, 0
WIN , 10769.99999999999, -4057.5600006103514, 22.93815460205078, 9.590382902938549, 196.4, 1123, 125, 27, 870.7897492649075, 0.0, 27.01610832267284, 0.7754138461842454, 6564, 0, 0
LOSS, 5805.967977905269, -4058.160000991821, 17.41129913330078, 7.649496677082041, 191.0, 759, 149, 14, 4626.578071448487, 0.0, 4072.263194656372, 6.095623282540826, 6582, 0, 0
WIN , 11665.841021728515, -2772.3279777526855, 26.465142822265626, 10.54777669234043, 178.31, 1106, 126, 20, 3760.630594458724, 0.0, 2788.27738212108, 3.4002084940856454, 6608, 0, 0
WIN , 10856.275816345207, -4058.7690017700197, 23.923735046386717, 9.310699670965015, 215.55183, 1166, 122, 24, 9174.516134618243, 0.0, 4081.91293258667, 7.868367182348408, 6641, 0, 0
WIN , 11101.362870788555, -4055.6448165893553, 22.164453125, 9.553668563501338, 201.92313, 1162, 122, 23, 9168.836738698177, 0.0, 4069.2481742858886, 7.890565179602562, 6666, 0, 0
WIN , 11591.833773803713, -4056.407688903809, 25.30162811279297, 9.603839083515918, 183.58539, 1207, 119, 29, 4977.762835117682, 0.0, 4068.6170338776988, 4.124078570934285, 6690, 0, 0
WIN , 10480.79618835448, -4058.8414611816406, 25.104830932617187, 9.324551768998647, 175.6235, 1124, 125, 29, 4811.221268147662, 0.0, 4047.719024658203, 4.280445968102902, 6702, 0, 0
WIN , 10280.807435607896, -4060.2376499176025, 21.722084045410156, 9.380298755116693, 167.54915, 1096, 126, 20, 4917.4091476626745, 0.0, 4072.218355178833, 4.486687178524338, 6718, 0, 0
WIN , 11377.945414733887, -4060.445085144043, 23.265802001953126, 9.001539093935037, 188.095, 1264, 115, 33, 1.2372219015745895E14, 0.0, 6.316780555670562E13, 9.78814795549517E10, 6755, 0, 0
WIN , 11000.1892425537, -4057.1904991149904, 23.192626953125, 9.734680745622745, 186.20258, 1130, 124, 20, 4806.591559685257, 0.0, 4073.3941204261005, 4.253620849278989, 6770, 0, 0
WIN , 11230.789257812497, -4058.5797424316406, 26.577691650390626, 9.706818718939065, 178.31, 1157, 122, 30, 4981.692139117222, 0.0, 4072.0900596618653, 4.305697613757323, 6789, 0, 0
WIN , 10829.021499633769, -4059.369000244141, 19.845147705078126, 9.107671572442195, 188.095, 1189, 120, 30, 5724.435738313794, 0.0, 4071.9393402099613, 4.814495995217657, 6825, 0, 0
WIN , 11112.359600830072, -4058.39049987793, 23.359333801269532, 8.117136304477773, 164.499, 1369, 108, 27, 5877.338376859097, 0.0, 4068.961464821454, 4.29316170698254, 6868, 0, 0
LOSS, 5793.891012573235, -4059.5500999450683, 17.33830108642578, 8.024779795807804, 207.0, 722, 151, 12, 432.1198103302036, 0.0, 23.18060302734375, 0.5985038924241047, 6876, 0, 0
WIN , 14054.15531158451, -2694.64111328125, 22.955485534667968, 6.760055464927615, 184.03575, 2079, 61, 34, 4894.441270563515, 0.0, 2710.253271484375, 2.354228605369656, 6932, 0, 0
WIN , 10867.186766052246, -4057.596424102783, 24.4802734375, 8.799341510973479, 212.16809, 1235, 117, 30, 5134.804793200479, 0.0, 4071.035972595215, 4.157736674656259, 6960, 0, 0
LOSS, 8930.23690643308, -4055.983190917969, 18.077067565917968, 5.882896512801765, 185.8, 1518, 98, 23, 5559.81330277068, 0.0, 4082.4777420043947, 3.662591108544585, 6998, 0, 0
WIN , 11793.665725707968, -3365.020096588135, 20.847720336914062, 7.9579390861727175, 173.14177, 1482, 101, 34, 4525.240062674578, 0.0, 3376.890884643867, 3.053468328390404, 7017, 0, 0
WIN , 11419.999999999995, -4059.885823059082, 22.450991821289062, 8.459259259259255, 173.14177, 1350, 110, 24, 1176.9747519899659, 0.0, 38.96899825484099, 0.8718331496221969, 7049, 0, 0
WIN , 12225.01417694096, -4059.885823059082, 24.092529296875, 6.750421964075627, 223.0, 1811, 79, 24, 1.611785560386081E15, 0.0, 1.6117855603798158E15, 8.899975485290342E11, 7106, 0, 0
WIN , 13764.666001891952, -4055.50000038147, 20.79871368408203, 4.846713380947871, 176.33998, 2840, 10, 25, 11311.837122749632, 0.0, 4072.8612678527834, 3.9830412404048, 7183, 0, 0
WIN , 14000.879083252139, -4058.9660034179688, 21.454261779785156, 5.117280366685724, 167.54915, 2736, 17, 20, 15100.383609491459, 0.0, 4074.2165939331053, 5.51914605610068, 7250, 0, 0
WIN , 12958.39637603769, -4059.2450843811034, 24.05651092529297, 6.951929386286315, 183.58539, 1864, 75, 31, 6756.966512353128, 0.0, 4097.879310304079, 3.6249820345242103, 7315, 0, 0
WIN , 12456.058538818344, -4058.8414611816406, 23.989501953125, 7.765622530435377, 223.0, 1604, 93, 28, 10098.239152698592, 0.0, 4072.8650131225586, 6.295660319637526, 7362, 0, 0
WIN , 13473.157281494132, -4056.1000007629395, 21.154296875, 5.639663993928059, 191.42719, 2389, 40, 32, 8.336690435111304E15, 0.0, 8.33669043510463E15, 3.4896150837636265E12, 7452, 0, 0
LOSS, 11098.16281585691, -4058.0572814941406, 18.060377502441405, 4.357347002692151, 185.8, 2547, 30, 26, 2.630369984362829E14, 0.0, 2.6303699835238728E14, 1.0327326204801056E11, 7541, 0, 0
LOSS, 11032.957827758726, -3365.020096588135, 17.48386993408203, 3.6776526092529087, 232.89409, 3000, 0, 20, 1.0864593506279732E15, 0.0, 1.0864593506208219E15, 3.621531168759911E11, 7649, 0, 0
LOSS, 12536.697904968265, -2619.1779251098633, 17.67643585205078, 9.718370468967647, 223.0, 1290, 114, 22, 8065.359683131282, 0.0, 4070.614440155029, 6.2522168086289005, 7684, 0, 0
WIN , 14010.354170227092, -3896.475830459595, 23.50089874267578, 6.5622267776239305, 209.7, 2135, 57, 36, 6588.290087586888, 0.0, 3910.820010255055, 3.0858501581203224, 7761, 0, 0
WIN , 12631.083189392102, -4056.230000305176, 21.116259765625, 8.437597320903208, 198.8681, 1497, 100, 30, 5.848629930558521E7, 0.0, 5.8480209103401184E7, 39069.00421214777, 7811, 0, 0
LOSS, 11990.198272705004, -4056.7131912231443, 18.03849639892578, 3.9967327575683345, 166.88538, 3000, 0, 27, 7938.4857559686525, 0.0, 4078.838972473144, 2.6461619186562175, 7906, 0, 0
LOSS, 9962.412170410162, -3206.311461639404, 18.21110382080078, 7.553003919947052, 175.0, 1319, 112, 16, 5301.197082827755, 0.0, 3196.049742889404, 4.019103171211339, 7961, 0, 0
WIN , 13808.656109619156, -3379.9236328125, 24.23876953125, 5.7704371540406, 186.20258, 2393, 40, 23, 10885.438002024332, 0.0, 3639.003659057617, 4.548866695371639, 8043, 0, 0
LOSS, 7208.8328552245775, -4058.5797424316406, 18.04252471923828, 6.681031376482463, 207.0, 1079, 128, 19, 5512.5746042558485, 0.0, 4071.9861595153807, 5.108966269004494, 8094, 0, 0
LOSS, 10731.12304687498, -2956.812599182129, 17.64884796142578, 9.363981716295793, 207.0, 1146, 123, 21, 4384.972402520471, 0.0, 2946.812599182129, 3.826328448970743, 8137, 0, 0
WIN , 13848.975817871165, -3609.7356452941895, 25.37438201904297, 6.312204110242099, 196.88538, 2194, 53, 27, 6037.780883106516, 0.0, 3599.4568367004395, 2.7519511773502807, 8209, 0, 0
WIN , 13961.85753784172, -4057.5114624023436, 25.616510009765626, 6.086250016495955, 178.31, 2294, 47, 33, 1.0864593506282075E15, 0.0, 1.0864593506208219E15, 4.736091327934645E11, 8317, 0, 0
WIN , 13379.330999755928, -4058.1689994812014, 26.337265014648438, 6.520141812746553, 185.0, 2052, 63, 32, 3435.997992308791, 0.0, 860.0911711676622, 1.6744629592148104, 8388, 0, 0
WIN , 12232.683000183104, -4058.7, 24.447071838378907, 8.524517770162442, 158.17, 1435, 104, 32, 10056.903048051849, 0.0, 4082.5639938354493, 7.008294807004773, 8435, 0, 0
LOSS, 9378.662055969215, -4061.3830001831057, 17.44987335205078, 6.9678024189964445, 183.50256, 1346, 110, 19, 1.8830736386708368E15, 0.0, 1.8830736386696508E15, 1.3990145903943809E12, 8469, 0, 0
LOSS, 14044.344738769512, -3359.445057678223, 17.72282257080078, 6.550533926664884, 191.0, 2144, 57, 24, 5906.5337935649395, 0.0, 3348.322499084473, 2.754913149983647, 8542, 0, 0
WIN , 13565.767704773023, -3845.5897956848144, 24.51921844482422, 5.8548846373642744, 170.425, 2317, 45, 34, 1.7556702286173992E15, 0.0, 1.755670228603666E15, 7.577342376423821E11, 8607, 0, 0
WIN , 14227.993882751449, -4060.1574996948243, 24.461099243164064, 5.32285592321416, 190.48618, 2673, 21, 30, 9706.267833754855, 0.0, 4073.4662750244142, 3.6312262752543414, 8684, 0, 0
LOSS, 9510.115043640219, -4058.151382446289, 17.784403991699218, 3.1700383478800727, 199.33574, 3000, 0, 23, 19929.839382696333, 0.0, 17104.895521989136, 6.643279794232111, 8763, 0, 0
LOSS, 11407.596989440899, -2628.8664264678955, 18.31803741455078, 5.249699488928163, 183.50256, 2173, 55, 24, 8925.988561230759, 0.0, 4073.3267086029055, 4.1076799637509245, 8818, 0, 0
LOSS, 8314.62623291012, -3365.863415527344, 17.951579284667968, 5.557905235902486, 191.0, 1496, 100, 18, 1.8472139033136478E15, 0.0, 1.8472139033086248E15, 1.2347686519476255E12, 8851, 0, 0
WIN , 15246.570852661167, -2780.4896484375, 26.10833282470703, 7.376183286241494, 201.39499, 2067, 62, 25, 5992.684001927254, 0.0, 2796.009627885381, 2.899218191546809, 8909, 0, 0
LOSS, 11949.132846069451, -4057.060501098633, 17.43522491455078, 3.9830442820231506, 174.72717, 3000, 0, 20, 1.64764058089912E15, 0.0, 1.6476405808877472E15, 5.4921352696637335E11, 9005, 0, 0
LOSS, 10620.050480651802, -3207.393347930908, 17.78898468017578, 3.540016826883934, 191.49287, 3000, 0, 19, 9707.48938495499, 0.0, 3195.2484235676316, 3.235829794984997, 9085, 0, 0
WIN , 13678.656172180214, -2766.243827819824, 22.989013671875, 7.802998386868348, 223.0, 1753, 83, 31, 7395.479856936476, 0.0, 2966.946127319336, 4.218756335959199, 9135, 0, 0
WIN , 12791.083190917974, -4054.9, 22.807666015625, 8.029556303150015, 212.16809, 1593, 93, 33, 5066.663098487415, 0.0, 2913.291259765625, 3.180579471743512, 9195, 0, 0
WIN , 12481.576809692428, -4054.7831901550294, 25.04215850830078, 7.54629795023726, 196.4, 1654, 89, 34, 2261.304256607567, 0.0, 26.14806556872051, 1.367173069291153, 9233, 0, 0
LOSS, 8480.873104858367, -4057.5600006103514, 17.52751007080078, 7.565453260355367, 207.0, 1121, 125, 14, 1464.2134988074904, 0.0, 116.59870723369804, 1.3061672603099825, 9263, 0, 0
WIN , 13297.09828338626, -3349.6331062316895, 24.759458923339842, 7.407854196872568, 216.68611, 1795, 80, 31, 1031538.9187629647, 0.0, 1017728.5282248494, 574.6734923470556, 9338, 0, 0
WIN , 11482.251196289055, -4055.5313888549804, 21.922531127929688, 7.446336703170593, 194.17415, 1542, 97, 30, 8844.448179756368, 0.0, 4067.827414703369, 5.735699208661717, 9396, 0, 0
WIN , 13509.72887725829, -4057.782585144043, 25.75157928466797, 6.460893772003009, 196.88538, 2091, 60, 37, 13599.870797052348, 0.0, 4070.408366394043, 6.504003250622835, 9460, 0, 0
LOSS, 9486.355236816382, -4057.5114624023436, 18.832182312011717, 8.454862064898736, 207.0, 1122, 125, 19, 5494.850763511012, 0.0, 4071.2061103820797, 4.897371446979512, 9497, 0, 0
WIN , 12933.599726867666, -3603.86669921875, 23.631510925292968, 9.198861825652678, 197.33574, 1406, 106, 29, 5039.713450597656, 0.0, 3592.97119140625, 3.5844334641519606, 9533, 0, 0
WIN , 12317.43357391357, -4057.4664260864256, 24.4111328125, 8.723394882375048, 223.0, 1412, 105, 30, 5761.379194982376, 0.0, 4071.0512382507322, 4.080296880299134, 9576, 0, 0
WIN , 14451.330000305148, -4054.9, 25.20524444580078, 5.303240367084458, 209.7, 2725, 18, 34, 11058.99705551698, 0.0, 4038.9610817955804, 4.058347543308984, 9697, 0, 0
WIN , 11181.886224365226, -4055.0299995422365, 21.505934143066405, 8.114576360206986, 190.83775, 1378, 108, 25, 5576.513999823545, 0.0, 4045.019007110596, 4.046817126141905, 9739, 0, 0
WIN , 10798.903775024393, -4059.3162254333497, 24.216044616699218, 8.410361195501864, 201.8, 1284, 114, 22, 8487.90180719485, 0.0, 4046.261761856079, 6.610515426164214, 9784, 0, 0
WIN , 11798.480000305217, -4057.019999694824, 18.682330322265624, 7.202979243165578, 217.0, 1638, 90, 25, 2011.7522793628325, 0.0, 94.67818438073296, 1.228175994727004, 9833, 0, 0
WIN , 12751.966426086472, -4055.5, 22.412272644042968, 6.67292853275064, 197.33574, 1911, 72, 34, 6422.38247303774, 0.0, 4080.572273635864, 3.3607443605639666, 9891, 0, 0
WIN , 12067.433573913573, -4057.4664260864256, 24.34375, 7.453634079007766, 223.0, 1619, 92, 33, 7713.2620874832255, 0.0, 4069.315955578452, 4.764213766203351, 9950, 0, 0
WIN , 12783.896424865738, -4056.1000007629395, 25.453776550292968, 7.920629755183232, 184.03575, 1614, 92, 35, 6783.481778018913, 0.0, 4071.3235458374024, 4.202900729875411, 10002, 0, 0
WIN , 11996.103575134264, -4059.996425628662, 23.147705078125, 8.342213890913953, 223.0, 1438, 104, 30, 5884.477161539266, 0.0, 4047.9624263763426, 4.092125981598933, 10056, 0, 0
WIN , 11400.000000000002, -4054.9, 22.480224609375, 9.253246753246755, 223.0, 1232, 117, 27, 1.080303815885024E12, 0.0, 1.0803038096757435E12, 8.768699804261559E8, 10074, 0, 0
LOSS, 7350.5872070312325, -4054.9, 18.295634460449218, 7.515937839500237, 191.0, 978, 134, 20, 55124.033540508346, 0.0, 49672.381900660905, 56.36404247495741, 10094, 0, 0
WIN , 11869.412792968724, -3085.48720703125, 22.308796691894532, 9.450169421153442, 223.0, 1256, 116, 24, 1.6117855603871468E15, 0.0, 1.6117855603798158E15, 1.2832687582700212E12, 10129, 0, 0
WIN , 13491.33000030525, -4055.50000038147, 23.91398468017578, 6.831053164711519, 209.7, 1975, 68, 34, 6763.175368865895, 0.0, 4076.981340408325, 3.424392591830833, 10181, 0, 0
WIN , 12111.330000305199, -4056.230000305176, 24.44450225830078, 7.808723404452095, 196.4, 1551, 96, 27, 2149.635816017673, 0.0, 109.89194144133663, 1.3859676441119748, 10229, 0, 0
WIN , 13299.689743041974, -4058.160000991821, 23.622314453125, 5.683628095317083, 199.50256, 2340, 44, 33, 3751.2430287676275, 0.0, 425.04790576366656, 1.603095311439157, 10300, 0, 0
WIN , 12347.650256347708, -4057.8497440338133, 25.8173828125, 7.626714179337682, 223.0, 1619, 92, 31, 6209.656514494537, 0.0, 4071.276174706203, 3.8354888909787133, 10363, 0, 0
LOSS, 12344.648925781265, -4054.9, 17.86564483642578, 8.35226584964903, 223.0, 1478, 101, 28, 6386.274030865569, 0.0, 4061.3376693592836, 4.3208890601255545, 10402, 0, 0
WIN , 13385.351074218835, -3899.54892578125, 23.8076171875, 7.318398619037088, 223.0, 1829, 78, 33, 5888.360264630358, 0.0, 3914.1261962890626, 3.2194424628924865, 10447, 0, 0
LOSS, 6835.661914062478, -4054.9, 18.71330108642578, 7.098298976181182, 191.0, 963, 135, 17, 5261.889454029432, 0.0, 4044.3000244140626, 5.464059661505122, 10477, 0, 0
WIN , 12636.949548339835, -2779.3619132995605, 25.40148162841797, 9.444655865724839, 196.88538, 1338, 110, 20, 12653.16474450129, 0.0, 4072.3861085549506, 9.45677484641352, 10523, 0, 0
WIN , 12027.388537597646, -4058.1114627838133, 25.9013671875, 9.022797102473852, 223.0, 1333, 111, 33, 6.353297470921303E15, 0.0, 6.353297470915724E15, 4.766164644352065E12, 10555, 0, 0
WIN , 11844.305101013164, -4054.9, 23.94647216796875, 8.82586073100832, 179.94899, 1342, 110, 34, 5807.498380141148, 0.0, 4065.8882587432863, 4.327495067169261, 10600, 0, 0
WIN , 10379.63636016844, -4058.6051025390625, 21.63854217529297, 9.234551921858044, 183.58539, 1124, 125, 18, 4961.574727065995, 0.0, 4072.201082822095, 4.414212390628109, 10622, 0, 0
WIN , 11100.005819702144, -4057.641460418701, 24.32421875, 9.113305270691416, 183.52719, 1218, 118, 33, 4725.167495770754, 0.0, 3396.0326663970945, 3.87944786188075, 10657, 0, 0
WIN , 11537.880001831054, -4058.847280883789, 23.711669921875, 9.365162339148583, 204.72717, 1232, 117, 30, 5157.93656232964, 0.0, 4081.494255065918, 4.18663682007276, 10677, 0, 0
WIN , 10961.852459716787, -4056.7272827148436, 22.736083984375, 9.059382198113047, 186.20258, 1210, 119, 29, 5378.065912109869, 0.0, 4080.4389526367186, 4.444682571991627, 10715, 0, 0
WIN , 10919.999999999995, -4057.379741668701, 23.00927734375, 9.084858569051576, 186.20258, 1202, 119, 24, 5283.7408993955105, 0.0, 4044.1937621007614, 4.395791097666814, 10746, 0, 0
LOSS, 7843.360931396463, -4057.379741668701, 17.95719757080078, 7.455666284597398, 207.0, 1052, 129, 23, 1217.5601176039233, 0.0, 106.95371612548814, 1.157376537646315, 10778, 0, 0
LOSS, 8255.379150390596, -3341.940673828125, 17.45109405517578, 7.780753204892173, 207.0, 1061, 129, 21, 4751.833569471107, 0.0, 3354.8496154698173, 4.478636729001986, 10815, 0, 0
WIN , 12977.580175781268, -2926.719825744629, 25.630615234375, 8.443448390228541, 223.0, 1537, 97, 31, 8083.949496763402, 0.0, 3356.0210403442384, 5.259563758466754, 10870, 0, 0
WIN , 11620.150712585442, -4054.9, 24.19716033935547, 7.915634000398803, 221.49287, 1468, 102, 33, 7.552879351602867E12, 0.0, 7.55287934591036E12, 5.145013182290781E9, 10913, 0, 0
WIN , 11622.41571350098, -4055.650712966919, 24.652995300292968, 8.967913359182853, 197.33574, 1296, 113, 32, 9514.464502337634, 0.0, 4077.1320529937743, 7.341407795013606, 10950, 0, 0
WIN , 10847.584286498997, -4056.266425323486, 23.45912322998047, 8.26167881683092, 221.49287, 1313, 112, 29, 5475.757894152459, 0.0, 4100.751600704907, 4.170417284198369, 10997, 0, 0
WIN , 11949.849287414549, -4055.050712585449, 23.1943359375, 8.517355158527833, 223.0, 1403, 106, 31, 5947.113799414873, 0.0, 4065.6772090911863, 4.238855167081164, 11041, 0, 0
WIN , 11401.889196777345, -4054.9, 20.667256164550782, 8.852398444702908, 204.10803, 1288, 114, 32, 5856.766248708027, 0.0, 4075.567256164551, 4.547178764524865, 11076, 0, 0
LOSS, 8722.346838378882, -4056.789196777344, 17.783546447753906, 8.403031636203162, 175.0, 1038, 130, 21, 8515.724141263549, 0.0, 4080.29009552002, 8.20397316114022, 11104, 0, 0
LOSS, 5081.563671874989, -3379.13603515625, 17.09953155517578, 6.793534320688488, 207.0, 748, 150, 13, 8614.097994379868, 0.0, 4075.812203979492, 11.516173789277898, 11130, 0, 0
WIN , 12534.945109558106, -2360.69970703125, 19.275297546386717, 10.551300597271133, 215.55183, 1188, 120, 30, 3286.8733129927414, 0.0, 2349.716552734375, 2.766728377940018, 11151, 0, 0
WIN , 11233.055183410635, -4055.6448165893553, 26.331405639648438, 8.687591015785488, 185.0, 1293, 113, 32, 1070.1873181297449, 0.0, 24.793095397949216, 0.8276777402395552, 11173, 0, 0
WIN , 11046.199999999977, -4059.3000003814695, 22.585205078125, 9.166970954356827, 223.0, 1205, 119, 34, 5900.281780371806, 0.0, 4083.8797534942623, 4.896499402798179, 11201, 0, 0
LOSS, 211.57094726562457, -4056.1000007629395, 16.786051940917968, 0.5383484663247444, 207.0, 393, 173, 5, 4480.407301377512, 0.0, 4068.5333503723145, 11.40052748442115, 11211, 0, 0
WIN , 13958.429052734396, -1175.2709465026855, 23.138427734375, 11.385341804840454, 223.0, 1226, 118, 30, 2457.09993438893, 0.0, 1164.6845207214355, 2.00415981597792, 11235, 0, 0
WIN , 10229.999999999976, -4054.9, 23.431640625, 9.191374663072756, 223.0, 1113, 125, 22, 9179.770001441175, 0.0, 4079.5316413879395, 8.247771789255323, 11259, 0, 0
WIN , 10872.160501098628, -4054.300001525879, 23.39837188720703, 9.143953323043421, 201.39499, 1189, 120, 32, 13321.6734296165, 0.0, 4071.8014877319333, 11.204098763344406, 11294, 0, 0
WIN , 10849.169499206506, -4055.8605003356934, 24.32804718017578, 8.827639950534179, 209.7, 1229, 118, 30, 5620.709897779339, 0.0, 4081.0540367126464, 4.573401055963661, 11322, 0, 0
WIN , 11002.61146087645, -4055.0299995422365, 20.71642303466797, 8.945212569818251, 183.58539, 1230, 118, 28, 9.462881332936802E11, 0.0, 9.46288124053984E11, 7.693399457672197E8, 11351, 0, 0
WIN , 10258.40828247067, -4057.641460418701, 22.558349609375, 9.159293109348813, 199.50256, 1120, 125, 24, 1169.3871441862452, 0.0, 81.80368784693931, 1.0440956644520047, 11381, 0, 0
WIN , 9939.999999999982, -4057.2497436523436, 23.101806640625, 7.826771653543293, 199.50256, 1270, 115, 13, 5275.882118736336, 0.0, 4071.070134895727, 4.154237888768769, 11418, 0, 0
WIN , 11200.310256958006, -4056.049742889404, 22.29142608642578, 8.960248205566405, 196.4, 1250, 116, 28, 1280.56264333445, 0.0, 60.22194393911725, 1.02445011466756, 11444, 0, 0
WIN , 10949.906425476074, -4057.5600006103514, 22.326091003417968, 9.35090215668324, 197.33574, 1171, 121, 26, 5267.37570133884, 0.0, 4079.3865921020506, 4.498185910622409, 11468, 0, 0
WIN , 10911.131909179678, -4057.4664260864256, 21.483810424804688, 8.77806267834246, 186.01665, 1243, 117, 28, 5903.394533464772, 0.0, 4073.407527923584, 4.749311772698932, 11504, 0, 0
WIN , 11670.770664978027, -4058.5983352661133, 23.543023681640626, 9.269873443191443, 178.31, 1259, 116, 31, 870.7120761288413, 0.0, 23.20520477294922, 0.691590211381129, 11517, 0, 0
LOSS, 8171.185491943329, -4058.7690017700197, 17.33146514892578, 8.592203461559757, 175.0, 951, 136, 18, 5015.550148192222, 0.0, 4073.623669433594, 5.273974919234724, 11542, 0, 0
LOSS, 8994.01538085935, -3381.1544925689695, 17.36826934814453, 8.749042199279524, 175.0, 1028, 131, 24, 8176.61986362969, 0.0, 3618.260498046875, 7.953910373180633, 11578, 0, 0
WIN , 12301.660127258292, -3373.3698722839354, 26.24943389892578, 8.334458080798301, 209.7, 1476, 101, 32, 178185.3353970021, 0.0, 173343.4714833383, 120.72177194918842, 11604, 0, 0
LOSS, 8765.363261413544, -4056.230000305176, 17.56217803955078, 8.161418306716522, 207.0, 1074, 128, 19, 1208.7950247410834, 0.0, 95.33778168655293, 1.1255074718259621, 11634, 0, 0
WIN , 10675.873164367655, -3601.59326171875, 23.648600769042968, 9.566194591727289, 197.33574, 1116, 125, 20, 5070.186648212019, 0.0, 3614.2543581974896, 4.543178000189981, 11656, 0, 0
WIN , 11777.433573913571, -4056.266425323486, 25.418212890625, 7.809969213470538, 223.0, 1508, 99, 33, 5780.512612565663, 0.0, 4082.1314041137693, 3.8332311754414214, 11698, 0, 0
LOSS, 9724.714990234352, -4053.6999992370606, 17.52042999267578, 8.043602142460175, 207.0, 1209, 119, 21, 5397.616524372809, 0.0, 4079.5828593241567, 4.464529796834416, 11717, 0, 0
LOSS, 4200.1814346313395, -3610.2149906158447, 17.39634552001953, 6.604058859483239, 184.03575, 636, 157, 16, 4244.977952079823, 0.0, 3623.1001998347947, 6.674493635345634, 11726, 0, 0
WIN , 12935.103575134295, -2068.596424102783, 25.56730499267578, 10.699010401269062, 223.0, 1209, 119, 29, 3242.8412703420313, 0.0, 2057.9248008728027, 2.682250843955361, 11749, 0, 0
LOSS, 8472.126855468727, -4054.9, 17.919779968261718, 8.73415139739044, 207.0, 970, 135, 14, 4822.2271253188555, 0.0, 4041.0703056151724, 4.97136817043181, 11764, 0, 0
LOSS, 8477.683642578102, -3607.02685546875, 17.938490295410155, 8.686151273133301, 175.0, 976, 134, 22, 4640.426300405088, 0.0, 3596.099365234375, 4.754535143857672, 11784, 0, 0
LOSS, 7407.993847656231, -3383.5104972839354, 17.691261291503906, 8.008641997466196, 207.0, 925, 138, 16, 4306.34378897879, 0.0, 3373.314769744873, 4.655506798895989, 11813, 0, 0
LOSS, 11893.069677734367, -2923.9043464660645, 17.71141357421875, 9.349897545388654, 223.0, 1272, 115, 26, 4338.682809999006, 0.0, 2936.4101776771677, 3.41091415880425, 11843, 0, 0
WIN , 11573.863626098624, -3915.7740234375, 22.852389526367187, 9.120459910243202, 175.6235, 1269, 115, 27, 5327.372336514952, 0.0, 3904.307548522949, 4.198086947608315, 11881, 0, 0
WIN , 10737.089633178708, -4059.0376510620117, 24.50341796875, 8.992537381221698, 204.72717, 1194, 120, 24, 5328.488924946592, 0.0, 4072.9370569997186, 4.4627210426688375, 11906, 0, 0
WIN , 11150.784179687504, -4057.927283477783, 24.85411834716797, 8.074427356761408, 196.88538, 1381, 107, 27, 5935.176733715644, 0.0, 4070.549573135376, 4.297738402400901, 11957, 0, 0
WIN , 10779.738281249995, -4057.5114624023436, 21.234375, 8.923624405008274, 199.50256, 1208, 119, 25, 5227.335717769949, 0.0, 4081.6219589233397, 4.327264667028103, 11981, 0, 0
WIN , 11390.21668243408, -4056.049742889404, 23.480632019042968, 9.018382171365067, 197.33574, 1263, 115, 29, 6275.140973943413, 0.0, 4071.4190277099606, 4.968440992829305, 12018, 0, 0
WIN , 12087.433573913588, -4057.4664260864256, 23.45361328125, 9.150214666096584, 223.0, 1321, 111, 34, 5812.29624226008, 0.0, 4076.860028165368, 4.399921455155246, 12046, 0, 0
WIN , 11292.160501098604, -4054.300001525879, 26.20110626220703, 9.263462265052178, 201.39499, 1219, 118, 22, 1258.9763016834045, 0.0, 187.37007782334734, 1.0327943410036131, 12074, 0, 0
LOSS, 9669.186813354463, -4057.060501098633, 17.837626647949218, 7.86752385138687, 207.0, 1229, 118, 23, 1519.3292761644047, 0.0, 148.36194161014743, 1.2362321205568794, 12106, 0, 0
WIN , 10973.141020202618, -3616.247314453125, 24.048507690429688, 8.885134429313862, 178.11665, 1235, 117, 26, 5011.95025969638, 0.0, 3626.594465637207, 4.058259319592211, 12147, 0, 0
WIN , 11748.171665954607, -4059.388334655762, 25.92814483642578, 8.074344787597669, 196.4, 1455, 103, 31, 1596.5141815123511, 0.0, 33.61645085927649, 1.097260605850413, 12191, 0, 0
WIN , 10921.01258392333, -4057.5600006103514, 23.636642456054688, 8.349397999941383, 186.27415, 1308, 112, 26, 5557.692284543366, 0.0, 4081.6939239501953, 4.2490002175408, 12223, 0, 0
LOSS, 7989.327513122528, -4058.5725845336915, 18.82816925048828, 8.646458347535203, 169.0, 924, 138, 13, 4374.396154900572, 0.0, 3621.046558380127, 4.734194972836116, 12238, 0, 0
WIN , 11928.329902648922, -3367.300099182129, 25.33146514892578, 9.87444528364977, 209.7, 1208, 119, 34, 14521.187728264498, 0.0, 9939.583305913244, 12.020850768430876, 12273, 0, 0
WIN , 11171.281462097151, -4056.230000305176, 25.03673553466797, 9.060244494807097, 196.88538, 1233, 117, 28, 8845.714788631354, 0.0, 4068.748681259155, 7.1741401367650885, 12301, 0, 0
LOSS, 6182.384436035141, -4058.1114627838133, 18.66569366455078, 7.632573377821162, 191.0, 810, 146, 14, 4786.733431475034, 0.0, 4071.6173234675884, 5.909547446265474, 12313, 0, 0
WIN , 12796.334101867675, -2779.8958984375, 25.92106475830078, 9.708902960445883, 209.7, 1318, 112, 30, 4391.953767196847, 0.0, 2794.547524922192, 3.332286621545408, 12354, 0, 0
WIN , 11109.999999999995, -4056.230000305176, 24.87760772705078, 9.084219133278818, 209.7, 1223, 118, 35, 9188.10826544825, 0.0, 4062.149637314542, 7.512762277553762, 12372, 0, 0
WIN , 11251.330000305159, -4055.0299995422365, 23.88517608642578, 9.399607351967552, 196.4, 1197, 120, 30, 4876.602276386694, 0.0, 4084.199025101566, 4.074020281024807, 12386, 0, 0
WIN , 10869.951461791983, -4057.5600006103514, 23.38536834716797, 8.97601276778859, 196.88538, 1211, 119, 21, 9773.759831074369, 0.0, 4071.690234375, 8.070817366700552, 12413, 0, 0
WIN , 11869.738281249987, -4056.311461639404, 24.83056640625, 9.280483409890529, 199.50256, 1279, 114, 32, 1377.9797351946902, 0.0, 37.15924731706749, 1.077388377791001, 12445, 0, 0
WIN , 10180.216682434055, -4056.6497451782225, 25.976725769042968, 9.089479180744691, 197.33574, 1120, 125, 22, 5400.069727009879, 0.0, 4070.786647033691, 4.821490827687392, 12476, 0, 0
WIN , 11059.999999999985, -4057.4664260864256, 25.376383972167968, 9.006514657980444, 197.33574, 1228, 118, 30, 1154.3349376678652, 0.0, 25.751023864746095, 0.940012164224646, 12497, 0, 0
WIN , 11421.23357391358, -4056.266425323486, 25.630722045898438, 9.240480237794158, 185.0, 1236, 117, 26, 1143.110362683766, 0.0, 24.895116402197786, 0.9248465717506197, 12520, 0, 0
WIN , 11518.860000610359, -4059.3000003814695, 23.30876007080078, 8.700045317681539, 196.4, 1324, 111, 23, 1448.8167381170178, 0.0, 25.827968848670817, 1.0942724608134575, 12556, 0, 0
WIN , 10978.66999969482, -4056.359999847412, 26.07243194580078, 9.367465870046773, 209.7, 1172, 121, 34, 934.554747502006, 0.0, 27.818888854980468, 0.7974016616911314, 12574, 0, 0
WIN , 11222.469999694822, -4055.630001831055, 23.777450561523438, 9.25946369611784, 185.0, 1212, 119, 33, 4967.6337008462415, 0.0, 3931.2720703125, 4.098707673965546, 12600, 0, 0
WIN , 10308.766426086402, -4058.7, 25.503581237792968, 8.987590606875678, 197.33574, 1147, 123, 22, 9131.776000971711, 0.0, 4085.153581237793, 7.961443767194169, 12619, 0, 0
LOSS, 10366.796659851057, -4056.8664276123045, 18.04875030517578, 8.596017130888107, 191.0, 1206, 119, 23, 1517.6180812404668, 0.0, 138.03969400983337, 1.2583897854398565, 12653, 0, 0
WIN , 11622.46419677733, -3824.2630859375, 25.465576171875, 9.335312607853277, 204.72717, 1245, 117, 33, 8464.299070542056, 0.0, 3827.8150123092346, 6.798633791600045, 12677, 0, 0
WIN , 10713.628718566875, -4056.1272842407225, 20.98865509033203, 9.324306978735313, 168.43999, 1149, 123, 27, 8725.289742101197, 0.0, 4069.1151904785443, 7.593811785988857, 12704, 0, 0
WIN , 9944.543998718245, -4059.7560028076173, 24.6455078125, 9.408272468039968, 223.0, 1057, 129, 20, 2415.5792538503847, 0.0, 634.0437001921289, 2.285316228808311, 12721, 0, 0
WIN , 10972.160501098628, -4054.300001525879, 24.50921173095703, 9.434359846172509, 201.39499, 1163, 122, 16, 1135.36695868038, 0.0, 24.45990447998047, 0.9762398612900947, 12746, 0, 0
WIN , 9920.189242553693, -4055.8605003356934, 24.100341796875, 9.236675272396363, 199.50256, 1074, 128, 24, 831.1092733911371, 0.0, 29.47225668677263, 0.7738447610718222, 12769, 0, 0
LOSS, 6121.808117675768, -4057.8497440338133, 17.43449249267578, 7.393488064825807, 207.0, 828, 144, 15, 1.5532108088394984E14, 0.0, 1.5532108088292953E14, 1.875858464782003E11, 12795, 0, 0
WIN , 12008.453601074218, -2699.057861328125, 25.31114959716797, 10.712269046453361, 196.88538, 1121, 125, 32, 7841.305686018748, 0.0, 4070.6025894165036, 6.994920326510926, 12813, 0, 0
WIN , 11939.738281250002, -4056.311461639404, 21.8720703125, 9.416197382689276, 199.50256, 1268, 115, 32, 5232.896437394309, 0.0, 4081.402281951904, 4.126889934853556, 12833, 0, 0
LOSS, 10272.607519531237, -4057.2497436523436, 19.169921875, 9.018970605383, 159.88, 1139, 124, 25, 5201.956651350476, 0.0, 4072.2054779052733, 4.567126120588653, 12851, 0, 0
LOSS, 6818.132971191385, -3840.4572635650634, 19.70402374267578, 7.542182490255957, 207.0, 904, 139, 18, 5057.9576801920175, 0.0, 3855.182948350967, 5.595085929415949, 12878, 0, 0
WIN , 12267.992956542977, -2916.7902336120605, 24.663134765625, 9.88557047263737, 212.16809, 1241, 117, 36, 8279.257467930296, 0.0, 4070.226615142822, 6.671440344826991, 12909, 0, 0
WIN , 11260.165322875975, -4054.7831901550294, 24.329129028320313, 9.169515735241022, 210.51486, 1228, 118, 32, 9230.893244680998, 0.0, 4078.6518424987794, 7.517014042899835, 12926, 0, 0
WIN , 11800.578768920896, -4056.1485137939453, 25.107421875, 8.793277771178014, 204.72717, 1342, 110, 30, 5548.299834573682, 0.0, 4067.3424949645996, 4.134351590591417, 12953, 0, 0
WIN , 11788.172717285159, -4056.7272827148436, 23.639971923828124, 8.869956897881986, 223.0, 1329, 111, 24, 5552.337660280857, 0.0, 4081.5578491210936, 4.177831196599591, 12984, 0, 0
WIN , 11552.349743652348, -4054.9, 24.955810546875, 9.492481301275554, 199.50256, 1217, 118, 32, 9242.499445270794, 0.0, 4084.5059104919433, 7.594494203180603, 13008, 0, 0
WIN , 12070.261718750007, -4057.2497436523436, 25.16417694091797, 9.08221348288187, 196.88538, 1329, 111, 33, 9466.259682892212, 0.0, 4069.449282455444, 7.122844005186014, 13034, 0, 0
WIN , 11849.954963684067, -4056.311461639404, 26.150553894042968, 9.308684181998482, 197.33574, 1273, 115, 26, 1204.2068743832388, 0.0, 24.539629627827406, 0.945959838478585, 13044, 0, 0
WIN , 12389.260856628409, -4056.8664276123045, 25.45947265625, 9.18403325176309, 204.72717, 1349, 110, 37, 233641.6879462772, 0.0, 232162.06327395816, 173.19621048649162, 13069, 0, 0
WIN , 12250.784179687507, -4057.3272830963133, 23.04528045654297, 8.948710138559173, 196.88538, 1369, 108, 33, 5412.001114348911, 0.0, 4079.6002323150633, 3.9532513618326597, 13104, 0, 0
WIN , 10990.942155456522, -4058.711463165283, 22.686314392089844, 9.001590626909518, 187.46382, 1221, 118, 26, 10076.259822461418, 0.0, 4071.144812774658, 8.252465047060948, 13143, 0, 0
WIN , 10626.446382141097, -4059.0536182403566, 23.038818359375, 9.32962807914056, 223.0, 1139, 124, 28, 1262.056694161462, 0.0, 43.843790926987495, 1.108039239825691, 13167, 0, 0
LOSS, 8274.704248046848, -4054.9, 18.22086944580078, 8.646503916454387, 207.0, 957, 136, 17, 2.233312901765345E13, 0.0, 2.233312901226893E13, 2.3336602944256477E10, 13194, 0, 0
WIN , 11405.295751953105, -3639.604248046875, 23.0263671875, 9.576234888289761, 223.0, 1191, 120, 25, 4.110965849201739E14, 0.0, 1.916272055384528E14, 3.451692568599277E11, 13225, 0, 0
LOSS, 8349.3344238281, -4054.300001525879, 17.57121124267578, 8.572211934115092, 172.5, 974, 135, 23, 7.589533428018872E14, 0.0, 7.589533427969752E14, 7.792128776200074E11, 13242, 0, 0
WIN , 11966.515676879862, -3363.6344253540037, 22.438191223144532, 9.689486378040375, 164.499, 1235, 117, 29, 3.46590675264121E12, 0.0, 3.4659067479617993E12, 2.806402228859279E9, 13268, 0, 0
WIN , 11417.829641723616, -4060.7501007080077, 22.519287109375, 8.948142352447976, 186.20258, 1276, 114, 32, 5388.282881296143, 0.0, 4074.582370147627, 4.222792226721116, 13296, 0, 0
LOSS, 3874.98890991211, -4059.1797428131104, 18.34916534423828, 5.648671880338353, 175.0, 686, 154, 13, 4618.121849779974, 0.0, 3611.9446243286134, 6.731956049241944, 13317, 0, 0
WIN , 13331.7194519043, -2072.9686538696287, 24.51579132080078, 10.001289911406078, 219.11896, 1333, 111, 33, 1.9768118249979356E14, 0.0, 1.9768118249627144E14, 1.4829796136518646E11, 13356, 0, 0
LOSS, 5026.21189575194, -4055.2881042480467, 17.47880401611328, 6.8198261814816, 207.0, 737, 150, 11, 720.6700531896022, 0.0, 26.140900591839753, 0.9778426773264616, 13369, 0, 0
LOSS, 9668.323242187489, -2370.900001525879, 20.02140655517578, 9.190421332877841, 207.0, 1052, 129, 16, 3719.0182580985816, 0.0, 2381.4999771118164, 3.5351884582686135, 13400, 0, 0
WIN , 11097.95934295653, -3341.0232429504395, 24.602462768554688, 9.501677519654564, 194.17415, 1168, 122, 28, 8677.099693411123, 0.0, 4047.428425979614, 7.429023710112262, 13432, 0, 0
LOSS, 7757.243382263159, -4056.5825843811035, 19.08708038330078, 8.314301588706494, 180.4, 933, 137, 14, 5177.196639593855, 0.0, 4077.9722335717397, 5.548978177485376, 13454, 0, 0
LOSS, 5043.635165405266, -3366.225968170166, 19.08708038330078, 7.428034116944427, 207.0, 679, 154, 12, 7297.611793986811, 0.0, 3356.1660163879396, 10.747587325459222, 13476, 0, 0
WIN , 12361.78395233154, -2357.4611320495605, 23.092445373535156, 11.17701984840103, 167.54915, 1106, 126, 28, 3623.9706987098425, 0.0, 2346.8747062683105, 3.276646201365138, 13493, 0, 0
WIN , 10165.784915161117, -4060.445085144043, 26.55094757080078, 9.183184205204261, 209.7, 1107, 126, 30, 5015.077022411606, 0.0, 4082.6509483337404, 4.530331546893953, 13506, 0, 0
WIN , 9758.669999694805, -4056.8300006866457, 22.908447265625, 9.06939591049703, 223.0, 1076, 128, 24, 5073.796724815822, 0.0, 4083.161406326294, 4.715424465442214, 13532, 0, 0
WIN , 9844.985823059065, -4054.300001525879, 23.638491821289062, 9.06536447795494, 173.14177, 1086, 127, 32, 8.782621906661162E15, 0.0, 8.782621906655081E15, 8.087128827496466E12, 13551, 0, 0
LOSS, 7659.164714050267, -4061.0858238220217, 18.730204772949218, 7.791622293031808, 207.0, 983, 134, 17, 4.8041576188720056E14, 0.0, 4.804157618860723E14, 4.8872407109582965E11, 13575, 0, 0
LOSS, 8599.895312499972, -3349.050537109375, 19.016357421875, 8.643110866834142, 175.0, 995, 133, 14, 4332.854645951216, 0.0, 3363.90625, 4.3546277848755945, 13600, 0, 0
WIN , 11049.633892822249, -3379.5458499908445, 23.99658203125, 8.545733869158738, 186.20258, 1293, 113, 15, 4417.521751725039, 0.0, 3392.4015962633616, 3.416490140545274, 13624, 0, 0
WIN , 10370.986259460424, -4058.5797424316406, 23.31775665283203, 8.73714090940221, 176.33998, 1187, 120, 28, 5084.791700784178, 0.0, 4083.314182281494, 4.283733530567968, 13648, 0, 0
WIN , 11287.90042419433, -4059.56600189209, 25.646159362792968, 8.281658418337733, 197.33574, 1363, 109, 36, 8254.375554153981, 0.0, 3912.7258834838867, 6.05603488932794, 13674, 0, 0
WIN , 10179.846763610823, -4057.4664260864256, 23.765185546875, 9.056803170472262, 198.8681, 1124, 125, 14, 9248.06412682444, 0.0, 4081.1780960083006, 8.227815059452348, 13708, 0, 0
WIN , 10719.067521667466, -4057.3131896972654, 23.77455291748047, 9.161596172365355, 208.19289, 1170, 122, 27, 1097.3890904393622, 0.0, 25.67997589111328, 0.9379393935379164, 13729, 0, 0
WIN , 10950.679789733877, -4056.3807113647463, 26.78679962158203, 9.027765696400557, 201.39499, 1213, 119, 26, 1161.8656363282605, 0.0, 33.27274174291158, 0.9578447125542131, 13754, 0, 0
WIN , 9657.839498901341, -4057.060501098633, 23.486328125, 9.376543202816837, 223.0, 1030, 131, 22, 1.61122665799345E15, 0.0, 1.6112266579924238E15, 1.564297726207233E12, 13766, 0, 0
WIN , 10584.21044921873, -4055.50000038147, 24.54884490966797, 9.000178953417288, 180.89551, 1176, 121, 24, 2.4581367366720746E11, 0.0, 2.458136683258349E11, 2.090252327102104E8, 13792, 0, 0
WIN , 9669.280050659154, -4059.71044960022, 22.870294189453126, 9.2352244991969, 188.095, 1047, 130, 15, 3.451390513845198E14, 0.0, 3.451390513795338E14, 3.296457033280992E11, 13817, 0, 0
