WIN , 9374.578394317616, -12.094819641113281, 38.8, 15.444115970869218, 114.21606, 606, 159, 10, 2326.4160599042402, 0.0, 209.88614004988992, 3.8326458977005604, 97, 0, 0
WIN , 5030.451605987549, -4064.5783935546874, 25.88468780517578, 8.219692166646322, 209.7, 612, 159, 11, 5823.903644610564, 0.0, 4084.285239046802, 9.516182425834254, 191, 0, 0
WIN , 4548.669999694821, -4055.0299995422365, 22.22770538330078, 8.598620037230285, 223.0, 529, 164, 5, 4921.40286078296, 0.0, 4076.320337265743, 9.303219018493307, 253, 0, 0
WIN , 8581.294781494133, -4053.6999992370606, 22.06071319580078, 7.772911939759178, 210.05219, 1104, 126, 26, 7088.951964558848, 0.0, 4073.4874317948043, 6.421152141810551, 489, 0, 0
WIN , 6761.054962158194, -4054.994780731201, 25.56982421875, 8.601851096893377, 199.50256, 786, 147, 22, 5595.543885067875, 0.0, 4071.8284550477156, 7.119012576422232, 592, 0, 0
WIN , 6399.999999999992, -4057.2497436523436, 21.727519226074218, 7.74818401937045, 199.50256, 826, 144, 22, 5900.163150158891, 0.0, 4068.0177444458004, 7.143054661209311, 707, 0, 0
LOSS, 8196.210217285132, -4056.049742889404, 21.48539581298828, 8.493482090450915, 207.0, 965, 135, 11, 5755.36533838168, 0.0, 4237.277399748217, 5.964109158944746, 775, 0, 0
LOSS, 7826.115234374983, -3602.2599601745605, 22.23533477783203, 9.305725605677743, 207.0, 841, 143, 9, 4392.8134030630235, 0.0, 3621.892342509359, 5.223321525639743, 813, 0, 0
WIN , 7496.609786987248, -3600.7751960754395, 21.843241882324218, 5.740130005350114, 210.15018, 1306, 112, 15, 2.7969809071939953E14, 0.0, 2.5201536179302672E14, 2.141639285753442E11, 988, 0, 0
WIN , 6198.715017700186, -4055.5849838256836, 23.974609375, 8.90619973807498, 223.0, 696, 153, 15, 4957.10811700622, 0.0, 4045.2289966583253, 7.122281777307787, 1018, 0, 0
LOSS, 1561.0000000000011, -4054.300001525879, 20.58231964111328, 3.8734491315136506, 223.0, 403, 173, 7, 4646.298907407924, 0.0, 4043.9440143585207, 11.529277685875742, 1041, 0, 0
WIN , 12769.000000000107, -2065.9, 23.41943359375, 5.6350397175640365, 223.0, 2266, 48, 25, 5387.349871921995, 0.0, 2054.9675216674805, 2.377471258571048, 1187, 0, 0
WIN , 7621.083190917946, -4056.1000007629395, 22.452685546875, 8.660321807861303, 212.16809, 880, 141, 19, 8307.394748448794, 0.0, 4068.12797164917, 9.440221305055449, 1220, 0, 0
LOSS, 3765.7256958007865, -4055.983190917969, 21.548808288574218, 6.318331704363736, 191.0, 596, 160, 12, 4629.798961330813, 0.0, 4071.1806243896485, 7.768119062635592, 1242, 0, 0
WIN , 9533.191113281197, -2761.108888244629, 24.595458984375, 7.566024693080315, 223.0, 1260, 116, 24, 5756.073204769644, 0.0, 2750.5089126586913, 4.568312067277495, 1316, 0, 0
WIN , 7582.611462402335, -4054.9, 21.84044647216797, 9.57400437172012, 196.88538, 792, 147, 27, 4810.738415921024, 0.0, 4044.1282501220703, 6.07416466656695, 1346, 0, 0
LOSS, -175.13035888672093, -4056.311461639404, 19.22221221923828, -0.5524616999581102, 207.0, 317, 178, 3, 4601.448540818314, 0.0, 4071.231271645402, 14.515610538859034, 1366, 0, 0
LOSS, 6822.118164062489, -1072.381103515625, 19.986434936523438, 12.31429271491424, 207.0, 554, 163, 10, 1727.2725738097572, 0.0, 1085.526290061852, 3.117820530342522, 1387, 0, 0
WIN , 8894.099067687976, -2894.499267578125, 21.523361206054688, 7.934075885537891, 186.01665, 1121, 125, 24, 4870.4001138520725, 0.0, 2883.4521362304686, 4.344692340635212, 1442, 0, 0
WIN , 7631.03931427, -4058.5983352661133, 23.225680541992187, 7.330489254822287, 175.6235, 1041, 130, 20, 5404.254903969128, 0.0, 4082.0177688598633, 5.191407208423754, 1481, 0, 0
WIN , 8605.26235046385, -4059.637649536133, 22.932861328125, 7.717724081133498, 223.0, 1115, 125, 15, 5439.134113354175, 0.0, 4049.082649612427, 4.87814718686473, 1529, 0, 0
WIN , 7754.305101013174, -4055.50000038147, 21.63128662109375, 9.421998907670929, 179.94899, 823, 145, 25, 8991.730126867767, 0.0, 4080.229621887207, 10.925553009559863, 1555, 0, 0
WIN , 9595.69489898679, -4059.2051010131836, 24.963134765625, 4.851210767940744, 223.0, 1978, 68, 30, 6815.548886801807, 0.0, 4080.7284622192383, 3.4456768891819047, 1638, 0, 0
WIN , 10543.69833526606, -4056.1000007629395, 22.767013549804688, 5.508724313096166, 186.01665, 1914, 72, 30, 2411.347597608535, 0.0, 33.90104675292969, 1.2598472296805303, 1731, 0, 0
WIN , 8680.351057434058, -4059.7983360290527, 20.898173522949218, 9.353826570510838, 182.50607, 928, 138, 15, 4996.107640545918, 0.0, 4047.4857456207274, 5.383736681622756, 1759, 0, 0
WIN , 8671.495692443803, -4058.9493927001954, 24.234291076660156, 6.931651232968667, 167.54915, 1251, 116, 22, 1641.1357069605513, 0.0, 26.978514099121092, 1.3118590783057964, 1812, 0, 0
LOSS, 3824.0397781372044, -4060.445085144043, 20.69108428955078, 5.656863577126042, 207.0, 676, 154, 9, 878.708530393244, 0.0, 25.033812000614773, 1.2998646899308344, 1843, 0, 0
LOSS, 8203.564941406212, -2704.48486328125, 20.55045928955078, 7.266222268738894, 207.0, 1129, 124, 17, 4091.424705732216, 0.0, 2693.5523849487304, 3.623936851844301, 1895, 0, 0
LOSS, 7462.067382812476, -3358.0498046875, 20.02018585205078, 5.462714043054522, 207.0, 1366, 108, 12, 5416.56583944894, 0.0, 3347.583418273926, 3.965275138688829, 1980, 0, 0
LOSS, 2888.992944335938, -2700.7171878814697, 20.97086944580078, 5.513345313618202, 191.0, 524, 165, 9, 3485.1390623602674, 0.0, 2713.8918994903565, 6.651028744962343, 2011, 0, 0
WIN , 9075.789868164034, -1769.1101318359374, 21.23722686767578, 10.050708602617979, 223.0, 903, 139, 15, 8619.524218108494, 0.0, 2722.159834289551, 9.545431027805641, 2069, 0, 0
LOSS, 6799.418676757791, -4054.300001525879, 20.68607940673828, 7.43918892424266, 154.448, 914, 139, 13, 5098.348668760564, 0.0, 4068.2323225748387, 5.578062000832126, 2094, 0, 0
WIN , 7490.58132324218, -3855.518677520752, 24.86767578125, 7.073259039888744, 223.0, 1059, 129, 18, 5266.745190267115, 0.0, 3870.227979397429, 4.973319348694159, 2147, 0, 0
WIN , 7514.049392700183, -4054.9, 22.994721984863283, 8.871368822550393, 182.50607, 847, 143, 14, 8905.382550524859, 0.0, 4082.793058013916, 10.51402898527138, 2166, 0, 0
LOSS, 6719.191867065416, -4058.9493927001954, 20.37199249267578, 7.27973116691811, 191.0, 923, 138, 15, 5189.300884665441, 0.0, 4070.289570617676, 5.622211142649449, 2210, 0, 0
LOSS, 1257.7813720703075, -3828.141259765625, 20.474589538574218, 2.556466203394934, 191.0, 492, 167, 9, 4373.581896674066, 0.0, 3844.674778795931, 8.889394098931028, 2226, 0, 0
WIN , 7783.455760192864, -1765.3226333618163, 24.187818908691405, 12.73888013124855, 178.21608, 611, 159, 10, 6808.186564431666, 0.0, 4079.0878189086916, 11.142694868136932, 2247, 0, 0
WIN , 5491.59249267578, -4058.1783912658693, 21.88566436767578, 8.514096887869426, 162.29115, 645, 157, 19, 8825.207105140695, 0.0, 4074.6321822217037, 13.682491635877046, 2269, 0, 0
WIN , 7193.929115295391, -4062.1708854675294, 22.9370361328125, 7.957886189486052, 223.0, 904, 139, 12, 5623.780645613739, 0.0, 4050.415884780884, 6.220996289395728, 2323, 0, 0
LOSS, 7826.649797058086, -4055.50000038147, 20.765116882324218, 8.544377507705335, 114.57576, 916, 138, 22, 5301.491687833666, 0.0, 4044.254299545288, 5.78765468104112, 2365, 0, 0
WIN , 8126.010203552231, -3860.349796295166, 25.66154327392578, 8.598952596351568, 196.4, 945, 137, 23, 7800.191661183245, 0.0, 3879.207872684344, 8.254171070035179, 2426, 0, 0
WIN , 8077.339999389632, -4058.760001373291, 24.44889678955078, 8.538414375676144, 223.0, 946, 136, 24, 15841.999108123227, 0.0, 4083.047232055664, 16.746299268629205, 2480, 0, 0
LOSS, 2811.0000000000027, -4054.9, 19.86198272705078, 4.578175895765477, 223.0, 614, 159, 7, 5264.090127944405, 0.0, 4066.838439409923, 8.5734366904632, 2520, 0, 0
LOSS, 9669.436181640614, -2065.300001525879, 19.86479034423828, 11.706339202954739, 207.0, 826, 144, 9, 2713.671418994141, 0.0, 2076.5506769152357, 3.285316487886369, 2533, 0, 0
WIN , 8897.0359146118, -3596.5361824035645, 24.221905517578126, 9.181667610538494, 148.27904, 969, 135, 25, 8308.635414713735, 0.0, 3608.200672149658, 8.574443152439356, 2584, 0, 0
WIN , 8313.61109466551, -4061.1720954895018, 23.695361328125, 9.44728533484717, 212.16809, 880, 141, 26, 8029.752783801431, 0.0, 4074.889855139021, 9.124719072501627, 2616, 0, 0
WIN , 9161.26655273436, -4055.983190917969, 23.209228515625, 8.911737891764941, 199.50256, 1028, 131, 25, 5303.355380850589, 0.0, 4045.4046016693114, 5.158906012500573, 2655, 0, 0
WIN , 9250.261718749944, -4057.8497440338133, 26.03307342529297, 6.229132470538683, 196.88538, 1485, 101, 23, 6914.34208523452, 0.0, 4046.9497436523434, 4.656122616319542, 2759, 0, 0
WIN , 9217.388537597644, -4058.1114627838133, 23.30791778564453, 8.761776176423616, 223.0, 1052, 129, 27, 5202.913621069504, 0.0, 4044.1282501220703, 4.945735381244776, 2796, 0, 0
LOSS, 5325.124560546865, -4053.6999992370606, 21.69279327392578, 5.750674471432899, 191.0, 926, 138, 17, 6040.21839444971, 0.0, 4068.5956592188622, 6.522914032883056, 2867, 0, 0
WIN , 12294.875439453128, -2780.024560546875, 24.999755859375, 7.881330409905852, 223.0, 1560, 96, 27, 4836.722436697869, 0.0, 2794.4962976256807, 3.1004631004473517, 2931, 0, 0
WIN , 11682.349743652338, -4055.50000038147, 24.343017578125, 9.155446507564529, 199.50256, 1276, 114, 15, 5455.650827463584, 0.0, 4044.72825050354, 4.275588422777104, 2977, 0, 0
WIN , 9890.31025695799, -4057.2497436523436, 25.83854522705078, 8.607754792826796, 196.4, 1149, 123, 28, 5446.96497028825, 0.0, 4067.323956298828, 4.740613551164708, 3021, 0, 0
WIN , 9680.288702392556, -4058.760001373291, 21.87003936767578, 8.674093819348169, 193.51297, 1116, 125, 26, 5545.240381660132, 0.0, 4066.2116331046345, 4.968853388584347, 3068, 0, 0
WIN , 9789.211798095688, -4056.64870223999, 25.34392852783203, 8.460857215294459, 201.39499, 1157, 122, 32, 5735.864229682587, 0.0, 4070.649439560265, 4.957531745620214, 3115, 0, 0
LOSS, 5704.680612182605, -4057.060501098633, 18.13883819580078, 6.906392992957149, 191.0, 826, 144, 19, 5099.276336537721, 0.0, 4067.5032479168067, 6.1734580345492995, 3150, 0, 0
LOSS, 8333.919387817346, -2781.141114807129, 20.091777038574218, 8.342261649466813, 185.39499, 999, 133, 22, 4186.413284660473, 0.0, 2796.5786977839257, 4.190603888549022, 3197, 0, 0
WIN , 10729.239498901345, -3365.0605026245116, 25.1044921875, 8.304364937230142, 223.0, 1292, 113, 20, 8404.027874005194, 0.0, 3375.7056365966796, 6.504665537155724, 3272, 0, 0
WIN , 9911.330000305152, -4054.300001525879, 25.11710968017578, 9.034940747771332, 209.7, 1097, 126, 20, 1006.5022501349754, 0.0, 25.186801147460937, 0.9175043301139247, 3307, 0, 0
WIN , 10748.669999694815, -4056.8300006866457, 23.54801788330078, 8.832103533027786, 223.0, 1217, 118, 30, 5514.071849110617, 0.0, 4069.2627574080902, 4.530872513648823, 3346, 0, 0
WIN , 10471.827282714825, -4056.1000007629395, 21.022216796875, 7.307625458977547, 204.72717, 1433, 104, 29, 5645.23379739386, 0.0, 4067.8165169105005, 3.939451358962917, 3386, 0, 0
WIN , 10000.522460937456, -4056.1272842407225, 23.555419921875, 7.1026437932794435, 199.50256, 1408, 106, 22, 2099.526651252882, 0.0, 482.0358244934996, 1.4911410875375581, 3436, 0, 0
WIN , 10028.980256652785, -4057.2497436523436, 26.11955108642578, 6.619788948285667, 209.7, 1515, 99, 22, 2129.5972451296534, 0.0, 23.872175709307854, 1.4056747492604973, 3509, 0, 0
WIN , 10404.215084838846, -4057.4300010681154, 24.126625061035156, 9.015784302286695, 167.54915, 1154, 123, 28, 10646.382948238608, 0.0, 4068.697907621164, 9.225635137121845, 3548, 0, 0
WIN , 10278.153250122048, -4060.445085144043, 20.394210815429688, 8.891136029517343, 186.01665, 1156, 122, 32, 2037.714681171852, 0.0, 326.4138080284441, 1.762728962951429, 3602, 0, 0
WIN , 10658.128947448695, -4057.398334503174, 24.34033203125, 6.39743634300642, 204.72717, 1666, 88, 27, 9551.068829029111, 0.0, 4077.5154441833497, 5.732934471205949, 3699, 0, 0
WIN , 7277.554618835432, -4056.7272827148436, 22.06754913330078, 7.833750935237279, 129.18098, 929, 138, 18, 5354.949220929125, 0.0, 4045.955532836914, 5.764207988083019, 3739, 0, 0
WIN , 9525.284100341774, -4063.0819007873533, 25.42810821533203, 8.746817355685744, 176.33998, 1089, 127, 24, 5428.261730980611, 0.0, 4078.704571533345, 4.98462968868743, 3777, 0, 0
LOSS, 7443.57242584226, -4059.56600189209, 18.835917663574218, 8.047105325234876, 207.0, 925, 138, 16, 917.1847849538366, 0.0, 50.29241561451023, 0.9915511188690125, 3803, 0, 0
WIN , 11341.761572265634, -3613.138427734375, 23.862548828125, 8.711030393445187, 223.0, 1302, 113, 30, 8015.707795552591, 0.0, 4080.5898315429686, 6.156457600270807, 3843, 0, 0
WIN , 8937.179573059057, -4054.9, 21.32584991455078, 7.42907695183629, 151.20427, 1203, 119, 30, 5636.355877896357, 0.0, 4044.1282501220703, 4.685250106314511, 3891, 0, 0
WIN , 11344.150427246075, -4060.8795722961427, 26.45548858642578, 8.5487192368094, 209.7, 1327, 111, 22, 6053.8926569123605, 0.0, 4078.2612333535462, 4.562089417417001, 3948, 0, 0
WIN , 10310.497282409666, -4057.4300010681154, 21.254638671875, 9.100174123927331, 204.72717, 1133, 124, 26, 6043.781925548808, 0.0, 4069.1193593084927, 5.334317674800361, 3990, 0, 0
WIN , 10339.42123107909, -4056.7272827148436, 23.238308715820313, 8.717893112208339, 210.51486, 1186, 120, 20, 7032.198557044949, 0.0, 4045.955532836914, 5.929341110493211, 4033, 0, 0
LOSS, 288.65580749511884, -4056.1485137939453, 18.55515899658203, 0.5963962964775182, 207.0, 484, 167, 4, 5039.369372765958, 0.0, 4068.663917404999, 10.411920191665203, 4070, 0, 0
WIN , 14614.845678710933, -1066.004322052002, 26.085986328125, 12.098382184363356, 175.5, 1208, 119, 30, 2311.722120676518, 0.0, 1076.8228492736816, 1.9136772522156607, 4095, 0, 0
WIN , 12136.580000305172, -4058.4499992370606, 24.31266632080078, 8.91085168891716, 209.7, 1362, 109, 27, 5434.817610496771, 0.0, 4069.35, 3.9903212999242075, 4139, 0, 0
LOSS, 5567.294218444805, -4056.8300006866457, 21.83952178955078, 7.325387129532638, 175.0, 760, 149, 11, 5263.882692925849, 0.0, 4045.5985141754154, 6.926161438060328, 4179, 0, 0
WIN , 12582.705781555182, -3382.3242179870604, 27.13883819580078, 8.450440417431285, 209.7, 1489, 100, 32, 5651.043532233042, 0.0, 3397.6015767887257, 3.795193775844891, 4266, 0, 0
WIN , 7981.653271484363, -4056.8300006866457, 21.86881866455078, 9.09072126592752, 193.16728, 878, 141, 23, 7185.631285061191, 0.0, 4115.759345842278, 8.184090301892017, 4317, 0, 0
WIN , 9920.178712463365, -4056.6832710266112, 23.102581787109376, 9.376350389851952, 191.38016, 1058, 129, 33, 5244.95307920408, 0.0, 4071.873955475563, 4.957422570136181, 4342, 0, 0
WIN , 13648.16801605226, -4058.0619842529295, 27.21452178955078, 8.567588208444608, 209.7, 1593, 93, 33, 7588.4149003681105, 0.0, 4047.5069843292235, 4.763600063005719, 4420, 0, 0
WIN , 7882.108709716779, -4055.0299995422365, 24.42330322265625, 8.690307287449592, 88.6129, 907, 139, 23, 5134.277213788467, 0.0, 4068.5267881012287, 5.660724601751341, 4457, 0, 0
WIN , 11017.644480895984, -4067.138709259033, 23.70830078125, 8.993995494608967, 212.16809, 1225, 118, 30, 5392.032305340761, 0.0, 4080.9635663880576, 4.4016590247679686, 4506, 0, 0
WIN , 11508.91680908203, -4055.3831924438477, 22.146484375, 8.765359336696138, 223.0, 1313, 112, 34, 5648.982830442604, 0.0, 4044.2733291625977, 4.302347928745319, 4555, 0, 0
WIN , 10311.33000030516, -4056.1000007629395, 24.10709991455078, 9.31466124688813, 209.7, 1107, 126, 29, 5135.0714814531275, 0.0, 4079.0947227478027, 4.638727625522247, 4580, 0, 0
WIN , 8578.669999694806, -4056.8300006866457, 21.48478546142578, 8.61312248965342, 223.0, 996, 133, 21, 5168.9936065906895, 0.0, 4070.72226600647, 5.189752617058925, 4615, 0, 0
LOSS, 9724.833398437471, -4053.6999992370606, 18.08610382080078, 8.158417280568349, 207.0, 1192, 120, 24, 6158.202873316112, 0.0, 4070.565816108771, 5.166277578285329, 4684, 0, 0
WIN , 9847.82660217283, -3639.133399963379, 23.21525421142578, 9.588925610684353, 196.4, 1027, 131, 31, 4825.774003090272, 0.0, 3628.4913284301756, 4.698903605735416, 4712, 0, 0
WIN , 9419.689743041974, -4056.9600021362303, 25.1640625, 9.65132145803481, 199.50256, 976, 134, 15, 4927.586293238275, 0.0, 4073.4789080295027, 5.048756447990036, 4721, 0, 0
LOSS, 6886.193371582011, -4057.2497436523436, 17.814067077636718, 8.007201594862805, 207.0, 860, 142, 13, 4862.318803479204, 0.0, 4071.3582534675734, 5.653859073813027, 4744, 0, 0
LOSS, 8660.86181640622, -2942.843116760254, 19.90153350830078, 8.974986338244788, 207.0, 965, 135, 13, 3877.853957706638, 0.0, 2932.043478393555, 4.018501510576827, 4772, 0, 0
WIN , 12232.42235107423, -2954.304931640625, 23.46630859375, 10.219233376001863, 204.72717, 1197, 120, 18, 2.1825070851272158E15, 0.0, 1.3051145417195058E15, 1.8233141897470474E12, 4794, 0, 0
WIN , 13778.172717285162, -4056.7272827148436, 23.62451171875, 9.234700212657616, 223.0, 1492, 100, 31, 5658.388493733525, 0.0, 4081.5949584960936, 3.7924855856122823, 4843, 0, 0
WIN , 14509.999999999998, -4054.9, 25.53955078125, 9.074421513445902, 223.0, 1599, 93, 36, 6340.989092188135, 0.0, 4030.352635761713, 3.965596680542924, 4916, 0, 0
LOSS, 3098.386108398438, -4054.300001525879, 17.52409210205078, 5.233760318240605, 223.0, 592, 160, 7, 5040.372915011157, 0.0, 4065.8214177332034, 8.514143437518845, 4934, 0, 0
WIN , 14651.764604187036, -1654.486109161377, 20.73231658935547, 10.23882921326837, 221.49287, 1431, 104, 27, 3674.7952043078017, 0.0, 1643.81762008667, 2.567991058216493, 4999, 0, 0
WIN , 11819.84928741454, -4055.050712585449, 25.377685546875, 8.231092818533801, 223.0, 1436, 104, 29, 5880.792165110723, 0.0, 4079.2726181030275, 4.095259167904403, 5056, 0, 0
WIN , 12042.160501098626, -4054.300001525879, 24.51848907470703, 9.20654472561057, 201.39499, 1308, 112, 31, 3.166238460540193E14, 0.0, 3.1662384604417806E14, 2.4206716059175787E11, 5104, 0, 0
WIN , 12430.383290100102, -4057.060501098633, 23.78533020019531, 8.885191772766335, 197.56209, 1399, 106, 35, 5933.1132260430495, 0.0, 4072.732592672399, 4.240967280945711, 5158, 0, 0
WIN , 12828.936920166007, -4057.4437911987307, 22.14613494873047, 9.667623903666923, 208.19289, 1327, 111, 25, 1137.3455541026744, 0.0, 29.69524486561761, 0.8570802969876974, 5180, 0, 0
WIN , 13510.679789733895, -4056.3807113647463, 26.00896759033203, 7.841369581969759, 201.39499, 1723, 85, 31, 2326.559673887597, 0.0, 25.538150024414065, 1.3502958060868235, 5244, 0, 0
WIN , 13381.735923767112, -4056.4605026245117, 24.237223815917968, 8.4161861155768, 184.03575, 1590, 94, 22, 6073.126527805725, 0.0, 4068.6856440645092, 3.8195764325822172, 5314, 0, 0
WIN , 12570.769577026373, -4058.7964248657227, 23.79700469970703, 9.07636792565081, 176.33998, 1385, 107, 32, 6064.008604065443, 0.0, 4047.4284240722654, 4.378345562502125, 5372, 0, 0
WIN , 12337.006221008289, -4058.9660034179688, 23.355970764160155, 8.90115888961637, 206.27777, 1386, 107, 27, 5624.441630181282, 0.0, 4072.485444366586, 4.058038694214489, 5422, 0, 0
WIN , 12208.478489685058, -4055.372222137451, 24.82997283935547, 9.298155742334393, 221.49287, 1313, 112, 29, 7963.643586049382, 0.0, 4022.911962392504, 6.065227407501434, 5452, 0, 0
WIN , 13859.849287414538, -4055.650712966919, 22.738484191894532, 8.749904853165743, 223.0, 1584, 94, 29, 2069.5837552432536, 0.0, 48.31508893325566, 1.3065554010374076, 5526, 0, 0
WIN , 13440.000000000015, -4054.300001525879, 25.17594757080078, 8.474148802017664, 223.0, 1586, 94, 34, 6061.384815126347, 0.0, 4067.8898959921985, 3.821806314707659, 5600, 0, 0
WIN , 11452.160501098622, -4054.9, 24.35418243408203, 8.968019186451544, 201.39499, 1277, 114, 32, 1408.397339745202, 0.0, 44.8241308094814, 1.1028953326117479, 5650, 0, 0
WIN , 11087.839498901378, -4056.4605026245117, 25.95458984375, 9.007180746467407, 223.0, 1231, 117, 34, 5217.278122051479, 0.0, 4069.903473954963, 4.238243803453679, 5697, 0, 0
WIN , 11492.413189697252, -4054.300001525879, 21.2400390625, 9.396903671052536, 198.8681, 1223, 118, 28, 5.966069869879803E12, 0.0, 5.966069864747302E12, 4.878225568176454E9, 5719, 0, 0
LOSS, 585.3055847167952, -4056.7131912231443, 17.28538360595703, 1.5124175315679464, 207.0, 387, 174, 6, 463.8746242538972, 0.0, 117.80297508829835, 1.1986424399325508, 5729, 0, 0
WIN , 13463.3644165039, -1212.0187759399414, 23.87578125, 11.200802343181282, 212.16809, 1202, 119, 14, 2393.230441058516, 0.0, 1225.4436233520507, 1.991040300381461, 5760, 0, 0
LOSS, 9624.611132812483, -4055.983190917969, 18.54069366455078, 8.749646484374985, 159.88, 1100, 126, 15, 5062.902667796922, 0.0, 4045.428190994263, 4.602638788906293, 5797, 0, 0
WIN , 11076.917138671866, -3839.9943252563476, 25.02135467529297, 9.682619876461422, 196.88538, 1144, 123, 30, 4783.874601282851, 0.0, 3607.25319442749, 4.1817085675549395, 5816, 0, 0
WIN , 11589.738281249993, -4056.9114639282225, 25.52197265625, 9.399625532238437, 199.50256, 1233, 117, 25, 5353.939147923316, 0.0, 4069.660983641595, 4.3422053105623, 5839, 0, 0
WIN , 12630.261718750005, -4057.8497440338133, 25.99254608154297, 8.801576110627181, 196.88538, 1435, 104, 23, 5660.8736698233915, 0.0, 3870.663018035889, 3.94485970022536, 5901, 0, 0
WIN , 11281.329998779273, -4057.5114624023436, 22.06407928466797, 9.308028051798079, 183.58539, 1212, 119, 31, 3.4028764050562418E13, 0.0, 3.4028764045257582E13, 2.8076537995513546E10, 5933, 0, 0
LOSS, 9551.100706481919, -4060.04146194458, 18.834213256835938, 9.010472364605583, 169.8, 1060, 129, 25, 9258.70754690549, 0.0, 4072.609066353262, 8.734629761231595, 5967, 0, 0
WIN , 12917.307575988769, -3851.1421684265138, 24.4482421875, 8.317648149381048, 199.50256, 1553, 96, 34, 5828.7327930074825, 0.0, 3864.5993445531744, 3.7532084951754556, 6031, 0, 0
WIN , 12239.810757446297, -4057.2497436523436, 21.92644805908203, 9.20286523116263, 201.39499, 1330, 111, 32, 5407.020804211744, 0.0, 4078.5043823242186, 4.065429176099055, 6071, 0, 0
WIN , 11831.73592376709, -4056.4605026245117, 21.982585144042968, 9.382819923685242, 184.03575, 1261, 115, 35, 5456.300838517841, 0.0, 4070.5802840167185, 4.326963392956258, 6099, 0, 0
WIN , 11828.264076232908, -4058.7964248657227, 24.85393829345703, 9.291644993113046, 201.39499, 1273, 115, 31, 1.0315251882559868E16, 0.0, 1.0315251882554944E16, 8.103104385357319E12, 6138, 0, 0
WIN , 14107.990211486822, -4056.4605026245117, 24.43251190185547, 9.178913605391557, 221.49287, 1537, 97, 26, 5985.877652946607, 0.0, 4070.3828815195593, 3.8945202686705316, 6181, 0, 0
LOSS, 7503.766181945785, -4055.050712585449, 20.10026397705078, 8.337517979939761, 207.0, 900, 140, 17, 5.356039244906262E15, 0.0, 5.356039244905416E15, 5.951154716562514E12, 6204, 0, 0
WIN , 10277.413105773907, -3338.216896057129, 27.20084991455078, 9.377201738844805, 209.7, 1096, 126, 29, 6414.527023957098, 0.0, 2799.9840545654297, 5.852670642296623, 6257, 0, 0
WIN , 7709.999999999975, -4056.230000305176, 26.33732452392578, 9.32285368802899, 209.7, 827, 144, 20, 4927.795169436069, 0.0, 4070.0258178710938, 5.958639866307218, 6280, 0, 0
LOSS, 7865.135136413554, -4055.0299995422365, 20.896464538574218, 8.877127693469022, 191.0, 886, 140, 15, 5065.193994370489, 0.0, 4069.2984870910645, 5.716923244210484, 6314, 0, 0
WIN , 8175.3621459960705, -3821.9651371002196, 21.19914093017578, 9.52839410955253, 204.72717, 858, 142, 14, 4504.100295096383, 0.0, 3841.066877471453, 5.249534143468978, 6337, 0, 0
LOSS, 179.43399658202998, -4056.7272827148436, 19.892562866210938, 0.6041548706465656, 191.0, 297, 180, 2, 253.60661698498765, 0.0, 27.72482164332343, 0.8538943332827867, 6346, 0, 0
WIN , 11320.068721008272, -1366.161279296875, 24.32780303955078, 11.928418041104607, 209.7, 949, 136, 21, 2601.776073093706, 0.0, 1379.586437127801, 2.7415975480439476, 6372, 0, 0
WIN , 8612.611460876435, -4056.230000305176, 23.56774139404297, 9.075459916624272, 183.58539, 949, 136, 21, 8790.828465996388, 0.0, 4075.636910247803, 9.263254442567321, 6407, 0, 0
WIN , 8886.058538818335, -4058.8414611816406, 20.513398742675783, 9.039734017109192, 223.0, 983, 134, 25, 1.5992120298914684E14, 0.0, 1.599212029874902E14, 1.626868799482674E11, 6437, 0, 0
WIN , 8709.999999999978, -4054.9, 24.67138671875, 9.539978094194938, 223.0, 913, 139, 22, 3.255672014679339E15, 0.0, 3.2556720146702785E15, 3.565905821116472E12, 6457, 0, 0
WIN , 8739.999999999975, -4054.9, 21.931396484375, 9.199999999999973, 223.0, 950, 136, 22, 9079.43083357888, 0.0, 4084.1022819519044, 9.557295614293556, 6478, 0, 0
WIN , 7939.99999999997, -4056.1000007629395, 20.30265655517578, 9.3411764705882, 223.0, 850, 143, 13, 12840.465729502848, 0.0, 4077.639545440674, 15.10643027000335, 6493, 0, 0
LOSS, 8412.479911804174, -4053.6999992370606, 20.26017608642578, 8.93044576624647, 169.8, 942, 137, 22, 2.7449272703465855E15, 0.0, 2.7449272703416685E15, 2.913935531153488E12, 6511, 0, 0
WIN , 9177.908192443834, -3847.3799118041993, 23.97111358642578, 9.27998806111611, 219.11896, 989, 134, 30, 9076.211538054598, 0.0, 4078.271115112305, 9.177160301369664, 6541, 0, 0
WIN , 7811.2763076782, -4054.6881057739256, 24.2535400390625, 9.072330206362603, 206.35588, 861, 142, 17, 8699.916512908267, 0.0, 4070.3127914231673, 10.104432651461401, 6568, 0, 0
WIN , 10009.665588378895, -4056.5644119262697, 21.05460968017578, 9.416430468841858, 209.7, 1063, 129, 22, 5089.851833398459, 0.0, 4080.786317443848, 4.788195515896952, 6585, 0, 0
WIN , 10300.559196472148, -4056.230000305176, 24.469258117675782, 8.526952977212042, 204.10803, 1208, 119, 31, 9974.557655613688, 0.0, 4079.369258117676, 8.257084151998086, 6647, 0, 0
LOSS, 8076.547315978987, -4056.189198303223, 20.89604034423828, 9.230339789690271, 152.03575, 875, 141, 18, 2.5067606371813905E15, 0.0, 2.5067606371768805E15, 2.864869299635875E12, 6662, 0, 0
WIN , 9395.773936462378, -3842.7365142822264, 19.90983428955078, 9.395773936462378, 180.89551, 1000, 133, 22, 4758.930568430909, 0.0, 3858.1191818237303, 4.758930568430909, 6684, 0, 0
WIN , 9335.789550781226, -4058.510450744629, 24.465087890625, 9.170716651062108, 223.0, 1018, 132, 32, 9271.80479475609, 0.0, 4074.071953880655, 9.107863256145471, 6719, 0, 0
WIN , 8803.896424865707, -4054.300001525879, 19.979899597167968, 9.038908033743025, 184.03575, 974, 135, 24, 9086.560382980626, 0.0, 4077.5383102416995, 9.329117436325078, 6746, 0, 0
WIN , 6272.878237915026, -4059.3964252471924, 21.65153350830078, 8.264661710032973, 155.25337, 759, 149, 12, 894.3417014406166, 0.0, 28.31884765625, 1.1783158121747255, 6773, 0, 0
WIN , 8225.638526916486, -4060.474662017822, 21.27262725830078, 9.190657571973727, 198.8681, 895, 140, 26, 2.0921911310783957E13, 0.0, 2.09219113031904E13, 2.3376437218753025E10, 6795, 0, 0
WIN , 9322.844309997547, -4057.913190078735, 26.30730438232422, 8.712938607474342, 170.425, 1070, 128, 18, 8942.649271814618, 0.0, 4040.3180038102864, 8.35761614188282, 6835, 0, 0
LOSS, 10236.002500915514, -4059.557501220703, 18.94413604736328, 8.608917158045008, 180.4, 1189, 120, 11, 412427.8554541382, 0.0, 407051.3695341078, 346.8695167822861, 6860, 0, 0
LOSS, 9067.256332397445, -3365.5600021362307, 20.63615264892578, 9.6460173748909, 154.448, 940, 137, 18, 43903.84162541336, 0.0, 39488.736795269004, 46.7062144951206, 6878, 0, 0
WIN , 10792.81366729736, -3852.2163322448732, 27.18913116455078, 9.525872610147713, 209.7, 1133, 124, 16, 4977.31183691809, 0.0, 3868.0303382873535, 4.393037808400786, 6904, 0, 0
LOSS, 9939.990097045884, -4056.230000305176, 18.93022003173828, 8.517557923775394, 185.8, 1167, 122, 24, 5796.805599937705, 0.0, 4082.068545532227, 4.967271293862643, 6941, 0, 0
WIN , 12391.339903259282, -3366.820097732544, 24.55631866455078, 9.330828240406086, 196.4, 1328, 111, 32, 4919.696359809025, 0.0, 3377.050500869751, 3.704590632386314, 6993, 0, 0
WIN , 12749.689743042009, -4057.5600006103514, 23.038330078125, 9.035924693863933, 199.50256, 1411, 105, 28, 9555.55960470339, 0.0, 4080.2880737304686, 6.7721896560619355, 7028, 0, 0
WIN , 12943.088966369643, -4057.2497436523436, 24.70772705078125, 8.721758063591404, 168.6129, 1484, 101, 32, 5961.662618542031, 0.0, 4046.415743255615, 4.017292869637487, 7086, 0, 0
LOSS, 10404.043498229952, -4060.3387100219725, 19.607177734375, 9.158488994920733, 148.195, 1136, 124, 17, 1631055.1795832268, 0.0, 789554.5158931332, 1435.7880101965025, 7118, 0, 0
WIN , 9111.998503112778, -3845.5822090148927, 20.545912170410155, 8.484169928410408, 208.19289, 1074, 128, 28, 5775.93174072829, 0.0, 3835.3794914245605, 5.37796251464459, 7177, 0, 0
WIN , 8330.34657135007, -4057.5807121276857, 22.137939453125, 9.14417845373224, 204.72717, 911, 139, 15, 5038.89143594066, 0.0, 4080.575434112549, 5.531165132755938, 7199, 0, 0
WIN , 8211.01861572263, -4057.3272830963133, 21.086405944824218, 9.072948746654841, 194.54102, 905, 139, 21, 4942.196139808857, 0.0, 4074.5179974481, 5.460990209733543, 7232, 0, 0
WIN , 9658.237292480459, -4056.5458976745604, 25.162890625, 9.19832123093377, 212.16809, 1050, 130, 22, 5096.378396011494, 0.0, 4075.2229033253234, 4.853693710487137, 7265, 0, 0
WIN , 13434.117352294908, -4057.1831916809083, 22.733299255371094, 9.170045974262736, 170.99457, 1465, 102, 37, 555792.984486433, 0.0, 550228.2884555296, 379.3808767825481, 7312, 0, 0
WIN , 12426.129457092284, -4060.1005432128904, 26.84318389892578, 8.984909224217125, 209.7, 1383, 107, 31, 333249.6234145969, 0.0, 327877.62055530935, 240.96140521662826, 7342, 0, 0
WIN , 9288.6699996948, -4055.630001831055, 23.436250305175783, 8.68912067324116, 223.0, 1069, 128, 28, 9370.194219108367, 0.0, 4079.5362510681152, 8.765382805527004, 7380, 0, 0
LOSS, 3247.4642822265614, -4056.1000007629395, 18.21220245361328, 5.778406196132671, 191.0, 562, 162, 10, 4578.710863988343, 0.0, 4043.787410354614, 8.147172355851144, 7389, 0, 0
WIN , 17317.285717773477, -1882.3642822265624, 25.888720703125, 10.796312791629349, 175.5, 1604, 93, 25, 3291.5929517887757, 0.0, 1872.1306396484374, 2.0521153066014812, 7425, 0, 0
WIN , 13276.333190917983, -4059.65, 23.445849609375, 9.219675827026377, 212.16809, 1440, 104, 34, 1615.1905514512935, 0.0, 294.95642667549475, 1.1216601051745094, 7465, 0, 0
LOSS, 8223.703605651832, -4055.983190917969, 19.576904296875, 8.391534291481461, 169.8, 980, 134, 22, 5577.353363772135, 0.0, 4068.58019638525, 5.6911769018083005, 7496, 0, 0
WIN , 11605.363916015607, -3858.486795806885, 23.00477752685547, 9.56748880133191, 221.49287, 1213, 119, 19, 5129.29049381384, 0.0, 3874.043903428686, 4.228598923177114, 7526, 0, 0
WIN , 11689.849287414552, -4054.450714111328, 22.59220733642578, 9.097158978532725, 223.0, 1285, 114, 30, 5201.853728204205, 0.0, 4067.5988725474936, 4.048135197046074, 7560, 0, 0
LOSS, 43.795617675780214, -4053.6999992370606, 18.19061279296875, 0.11586142242269898, 207.0, 378, 174, 3, 599.7558726489377, 0.0, 26.16102752685547, 1.5866557477485126, 7584, 0, 0
LOSS, 9691.48422241209, -859.8956184387207, 20.13896026611328, 10.626627436855362, 186.20258, 912, 139, 12, 1828.0915008451464, 0.0, 848.7427421569824, 2.0044862947863447, 7609, 0, 0
LOSS, 8845.720159912087, -2068.979839324951, 18.071546936035155, 9.360550433769404, 223.0, 945, 137, 9, 5106.489000544684, 0.0, 2058.5416816711427, 5.403692064068449, 7635, 0, 0
WIN , 14409.000000000004, -2064.6999992370606, 22.53173828125, 9.7489851150203, 223.0, 1478, 101, 31, 5923.250138834292, 0.0, 2058.3973945617677, 4.007611731281659, 7696, 0, 0
WIN , 8851.33000030516, -4053.6999992370606, 25.16374053955078, 8.585189137056412, 209.7, 1031, 131, 22, 9582.752627068143, 0.0, 4070.3654357910154, 9.294619424896355, 7738, 0, 0
WIN , 12628.669999694815, -4055.630001831055, 25.038165283203124, 8.975600568368739, 223.0, 1407, 106, 32, 1492.7372110579427, 0.0, 73.89156772349773, 1.0609361841207836, 7781, 0, 0
WIN , 11783.679742431623, -4053.6999992370606, 22.684814453125, 9.381910622955115, 186.20258, 1256, 116, 34, 6.674941262459466E15, 0.0, 6.674941262454432E15, 5.314443680302123E12, 7807, 0, 0
WIN , 11476.320257568355, -4059.1797428131104, 24.617919921875, 9.16638998208335, 223.0, 1252, 116, 32, 5409.943965087265, 0.0, 4048.4079929351806, 4.321041505660754, 7846, 0, 0
LOSS, 8820.21000976559, -4054.9, 17.66624298095703, 7.730245407331805, 191.0, 1141, 123, 15, 5410.759507911121, 0.0, 4067.2470998722074, 4.742120515259527, 7889, 0, 0
WIN , 10799.78999023437, -2765.110009765625, 21.85791015625, 10.198101973781275, 223.0, 1059, 129, 24, 9105.54341646098, 0.0, 2778.777001953125, 8.598246852182228, 7926, 0, 0
WIN , 13709.999999999995, -4053.6999992370606, 25.994873046875, 9.121756487025944, 223.0, 1503, 99, 18, 5783.4057639385055, 0.0, 4073.875349528552, 3.8479080265725254, 7969, 0, 0
WIN , 13492.611462402336, -4055.50000038147, 24.06237030029297, 8.721791507693817, 196.88538, 1547, 96, 35, 6253.599658476276, 0.0, 4044.544012832642, 4.042404433404187, 8031, 0, 0
WIN , 12970.048538208008, -4056.9114639282225, 23.58170928955078, 9.244510718608701, 196.4, 1403, 106, 32, 1857.804660761581, 0.0, 260.7525934364045, 1.32416583090633, 8087, 0, 0
WIN , 11913.604499816887, -4056.359999847412, 24.43572082519531, 9.43278266018756, 160.355, 1263, 115, 35, 5255.027341234983, 0.0, 4072.7207363909984, 4.160750072236725, 8115, 0, 0
WIN , 12498.401501464836, -4060.564501953125, 19.857528686523438, 9.096362082579939, 176.33998, 1374, 108, 38, 9.919323384106198E15, 0.0, 9.91932338410081E15, 7.219303773003056E12, 8158, 0, 0
WIN , 13676.417189025895, -4058.3660011291504, 24.724169921875, 8.915526198843478, 212.16809, 1534, 97, 36, 5879.1400338857575, 0.0, 4077.3152671706944, 3.832555432780807, 8214, 0, 0
WIN , 12108.916809082033, -4056.5831912994386, 25.312823486328124, 9.40863776929451, 223.0, 1287, 114, 35, 7312.6850307049535, 0.0, 4067.7916835784913, 5.6819619508197, 8252, 0, 0
WIN , 13461.083190917974, -4055.50000038147, 22.233935546875, 9.466303228493652, 212.16809, 1422, 105, 31, 9262.15303425008, 0.0, 4077.133935546875, 6.5134690817511105, 8295, 0, 0
WIN , 13282.858270263676, -4055.3831924438477, 22.33385467529297, 8.914669980042735, 183.58539, 1490, 100, 35, 11649.241251720128, 0.0, 4082.2263763427736, 7.8182827192752535, 8352, 0, 0
WIN , 10580.527539062492, -4058.2414627075195, 24.027642822265626, 8.701091726202707, 178.31, 1216, 118, 28, 5532.081881759133, 0.0, 4047.9414627075193, 4.549409442236128, 8398, 0, 0
WIN , 12699.02149963378, -4059.9690006256105, 25.599542236328126, 8.387728863694702, 188.095, 1514, 99, 29, 1851.9053316049349, 0.0, 26.09058380126953, 1.2231871410864827, 8447, 0, 0
WIN , 12509.679074096657, -4058.39049987793, 19.93302764892578, 9.370546122918844, 191.30426, 1335, 111, 23, 5382.003042765655, 0.0, 4072.665209158568, 4.031462953382513, 8482, 0, 0
WIN , 8268.657708740215, -4057.469575500488, 21.540283203125, 9.116491409856907, 204.72717, 907, 139, 19, 1108.421400712453, 0.0, 254.61691027083344, 1.2220743117006099, 8510, 0, 0
WIN , 11988.172717285166, -4056.1272842407225, 23.837911987304686, 9.491823212418975, 223.0, 1263, 115, 31, 4875.53385301699, 0.0, 4068.0234956817576, 3.860280168659533, 8528, 0, 0
WIN , 12971.33000030517, -4054.300001525879, 23.83244171142578, 9.530734754081683, 209.7, 1361, 109, 32, 5199.154103049695, 0.0, 4067.8956117638763, 3.82009853273306, 8551, 0, 0
WIN , 11522.349742126462, -4056.230000305176, 22.95751953125, 9.398327685258126, 186.20258, 1226, 118, 25, 872.6986812581863, 0.0, 24.80186309814453, 0.7118260042888959, 8574, 0, 0
WIN , 11966.32025756837, -4059.1797428131104, 24.658935546875, 9.297840137970761, 223.0, 1287, 114, 30, 1845.0628388208204, 0.0, 299.1438831252109, 1.4336152593790368, 8608, 0, 0
LOSS, 7740.125146484349, -4054.9, 18.96195831298828, 8.449918282188154, 207.0, 916, 138, 15, 4796.788013828678, 0.0, 4042.5862983703614, 5.236668137367553, 8626, 0, 0
WIN , 11229.874853515603, -2915.025146484375, 24.90380859375, 10.485410694225585, 223.0, 1071, 128, 23, 3965.0362640327257, 0.0, 2904.0333985082275, 3.702181385651471, 8651, 0, 0
WIN , 12481.827282714838, -4053.6999992370606, 24.755859375, 8.814849775928558, 204.72717, 1416, 105, 30, 5646.999159519752, 0.0, 4074.392871439611, 3.9879937567229886, 8687, 0, 0
WIN , 12440.78417968751, -4056.7272827148436, 23.93883514404297, 9.120809515899934, 196.88538, 1364, 109, 31, 10530.693042148103, 0.0, 4083.576484680176, 7.720449444390105, 8724, 0, 0
WIN , 9338.718537902809, -4057.5114624023436, 20.59562530517578, 9.52930463051307, 209.7, 980, 134, 28, 7813.202260463329, 0.0, 4080.5497924804686, 7.972655367819724, 8735, 0, 0
WIN , 12688.669999694832, -4055.0299995422365, 25.46818389892578, 7.364289030583187, 223.0, 1723, 85, 31, 10656.431763487451, 0.0, 4074.819555817226, 6.1848123990060655, 8811, 0, 0
WIN , 9240.150712585439, -4053.6999992370606, 21.56898651123047, 7.951936929935834, 221.49287, 1162, 122, 17, 4998.809496676541, 0.0, 4079.1681831359865, 4.301901460134717, 8835, 0, 0
WIN , 9144.890470886216, -4053.8507118225098, 20.780520629882812, 8.878534437753608, 172.58817, 1030, 131, 26, 5177.719817443535, 0.0, 4070.0834389020724, 5.0269124441199375, 8854, 0, 0
WIN , 12535.10952911377, -4058.7411827087403, 25.00502166748047, 8.717044178799561, 221.49287, 1438, 104, 30, 7626.260681446917, 0.0, 4074.7404703009292, 5.303380167904671, 8884, 0, 0
WIN , 11173.339787292483, -4055.050712585449, 26.155938720703126, 9.590849602826166, 188.095, 1165, 122, 26, 923.5951255894944, 0.0, 25.8934326171875, 0.792785515527463, 8901, 0, 0
WIN , 11246.509500122063, -4057.790501403809, 22.94140625, 9.70363201045907, 223.0, 1159, 122, 26, 4877.2721882820515, 0.0, 4070.090102533995, 4.208172725006084, 8919, 0, 0
WIN , 10979.999999999989, -4054.300001525879, 19.13065948486328, 9.27364864864864, 223.0, 1184, 121, 30, 9294.569230074472, 0.0, 4068.858196258545, 7.850142930806142, 8944, 0, 0
WIN , 10022.349743652323, -4053.6999992370606, 22.580810546875, 9.349206850421943, 199.50256, 1072, 128, 31, 4982.7372053906165, 0.0, 4072.111296194024, 4.648075751297217, 8965, 0, 0
WIN , 10797.650256347626, -4056.6497451782225, 21.76867218017578, 9.71011713700326, 223.0, 1112, 125, 20, 4818.615141724025, 0.0, 4068.216030883789, 4.33328699795326, 8978, 0, 0
WIN , 10202.660000610336, -4054.300001525879, 22.96110382080078, 9.377444853502148, 196.4, 1088, 127, 13, 5302.6030216548625, 0.0, 4070.866133155655, 4.873716012550425, 9002, 0, 0
LOSS, 6621.42681579588, -4056.9600021362303, 20.561747741699218, 8.114493646808677, 207.0, 816, 145, 12, 962.0529856450352, 0.0, 28.867873428530988, 1.1789865020159744, 9028, 0, 0
WIN , 10805.913183593751, -3618.386817932129, 20.891622924804686, 9.421022827893418, 223.0, 1147, 123, 33, 1886.7044469531897, 0.0, 857.2779296875001, 1.6449036154779335, 9056, 0, 0
WIN , 11091.330000305174, -4054.300001525879, 27.24186553955078, 9.17397022357748, 209.7, 1209, 119, 25, 7275.636735912414, 0.0, 4069.8306596038974, 6.017896390332849, 9084, 0, 0
LOSS, 6336.6364547729345, -4056.230000305176, 19.04443359375, 7.454866417379923, 207.0, 850, 143, 12, 4891.289846938998, 0.0, 4069.6590115670606, 5.754458643457645, 9104, 0, 0
WIN , 11664.383288574218, -2712.866455078125, 24.3828125, 10.642685482275747, 199.50256, 1096, 126, 14, 3568.2952539070084, 0.0, 2731.2473651021455, 3.2557438448056644, 9122, 0, 0
LOSS, 5777.736096191396, -4056.6497451782225, 18.630615234375, 7.672956303043023, 207.0, 753, 149, 9, 6677.264770697724, 0.0, 4071.397573703727, 8.867549496278517, 9133, 0, 0
WIN , 11494.664160156246, -2704.98583984375, 24.799853515625, 10.662953766378706, 175.5, 1078, 128, 30, 2769.3925553988315, 0.0, 2077.230099487305, 2.569009791650122, 9146, 0, 0
LOSS, 9093.141188049296, -4059.65, 19.19914093017578, 9.269257072425379, 152.8308, 981, 134, 23, 4913.581015443903, 0.0, 4074.30792228672, 5.008747212481043, 9160, 0, 0
WIN , 10522.108811950668, -3862.7911880493166, 23.1474609375, 9.000948513216995, 223.0, 1169, 122, 28, 7790.986510784032, 0.0, 3877.602048492432, 6.664659119575734, 9196, 0, 0
LOSS, 6283.691113281232, -4054.9, 20.88322296142578, 7.588998929083614, 175.0, 828, 144, 12, 5108.325235777494, 0.0, 4090.5599572396172, 6.169474922436587, 9225, 0, 0
WIN , 9458.875312805158, -3398.59111328125, 22.700114440917968, 10.041268909559616, 197.33574, 942, 137, 18, 4408.913415603456, 0.0, 3415.1735532536995, 4.680375175799847, 9250, 0, 0
WIN , 11287.433573913551, -4058.0664264678953, 23.52569122314453, 9.229299733371668, 223.0, 1223, 118, 12, 5227.225661110711, 0.0, 4071.843381512621, 4.27410111292781, 9279, 0, 0
WIN , 7725.829388427713, -4054.9, 21.39237823486328, 8.983522544683387, 164.70612, 860, 142, 18, 4761.504740183186, 0.0, 4067.469083956991, 5.536633418817658, 9292, 0, 0
WIN , 6954.170611572248, -4059.5293876647947, 21.156474304199218, 9.47434688225102, 223.0, 734, 151, 19, 4700.370751691046, 0.0, 4079.0480992359494, 6.403774866064095, 9300, 0, 0
LOSS, 5373.752246093738, -4053.6999992370606, 19.326029968261718, 7.665837726239284, 191.0, 701, 153, 12, 4610.090234936064, 0.0, 4072.5539853437467, 6.576448266670562, 9304, 0, 0
WIN , 11166.247753906242, -2778.65224609375, 25.784912109375, 10.387207212936039, 223.0, 1075, 128, 30, 4192.0022099163825, 0.0, 2793.4548111228196, 3.8995369394571, 9329, 0, 0
WIN , 9761.827282714825, -4053.6999992370606, 22.66748046875, 9.422613207253692, 204.72717, 1036, 130, 23, 4958.912885787529, 0.0, 4067.618973766318, 4.786595449601863, 9344, 0, 0
LOSS, 7826.772717285134, -4056.7272827148436, 18.798414611816405, 8.54451170009294, 207.0, 916, 138, 21, 4803.498724876984, 0.0, 4076.1894142939855, 5.243994241132079, 9363, 0, 0
LOSS, 5883.000097656238, -3362.2999992370605, 19.08239288330078, 7.907258195774514, 223.0, 744, 150, 9, 8269.116329496108, 0.0, 4071.2597373962403, 11.114403668677564, 9380, 0, 0
LOSS, 2107.5762207031257, -2625.3000968933106, 20.918925476074218, 7.048749902017143, 191.0, 299, 180, 6, 2854.5821067250035, 0.0, 2614.6999992370606, 9.547097346906366, 9383, 0, 0
LOSS, 7874.346337890598, -1782.8763175964355, 21.70670928955078, 11.52905759574026, 175.0, 683, 154, 16, 2544.725600593156, 0.0, 1799.4178409719925, 3.7258061502095985, 9399, 0, 0
WIN , 8617.807344055163, -3408.42265625, 25.07121124267578, 9.96278305671117, 209.7, 865, 142, 18, 4369.620327822323, 0.0, 3424.857312499644, 5.0515841940142465, 9427, 0, 0
WIN , 10089.999999999996, -4055.0299995422365, 24.80143585205078, 8.587234042553188, 209.7, 1175, 121, 30, 9354.939574481186, 0.0, 4073.2268908339015, 7.961650701686116, 9460, 0, 0
WIN , 10308.66999969481, -4055.630001831055, 25.81787109375, 9.483597055836992, 223.0, 1087, 127, 24, 965.6891749565407, 0.0, 26.872891166775347, 0.8883985050198167, 9480, 0, 0
WIN , 11276.511500549312, -4054.300001525879, 25.460865783691407, 9.01399800203782, 157.885, 1251, 116, 13, 5394.211050720804, 0.0, 4068.4190229236974, 4.3119193051325375, 9507, 0, 0
WIN , 9645.649000549296, -4061.4115005493163, 24.55193634033203, 8.322389129033043, 201.39499, 1159, 122, 32, 5640.4682297440195, 0.0, 4050.5775001525876, 4.866668015309767, 9548, 0, 0
LOSS, 9454.512338256816, -4056.4605026245117, 18.45268096923828, 9.287340214397659, 159.88, 1018, 132, 16, 5669.4683793429895, 0.0, 4070.5849196932027, 5.569222376564823, 9569, 0, 0
WIN , 10944.657160949695, -3850.9728408813476, 23.53874053955078, 9.484104992157448, 209.7, 1154, 123, 26, 1122.4546005270333, 0.0, 175.23556264505154, 0.9726642985502888, 9588, 0, 0
LOSS, 3510.2700973510723, -4055.630001831055, 19.18607940673828, 5.717052275816079, 223.0, 614, 159, 11, 512.845041078143, 0.0, 25.713314435042616, 0.8352525098992557, 9603, 0, 0
LOSS, 11336.438623046859, -2066.50009765625, 19.15592803955078, 10.735263847582253, 207.0, 1056, 129, 12, 3051.9087569093485, 0.0, 2077.171406555176, 2.8900651107096103, 9631, 0, 0
LOSS, 10655.849462890606, -3602.938720703125, 19.47550811767578, 9.084270641850475, 223.0, 1173, 121, 17, 5008.703670836141, 0.0, 3592.814453125, 4.269994604293386, 9665, 0, 0
WIN , 10676.111816406246, -3908.188185119629, 22.864990234375, 9.243386854031382, 223.0, 1155, 123, 28, 5006.932987335111, 0.0, 3922.4381339698875, 4.335006915441654, 9692, 0, 0
LOSS, 7712.835986328108, -4054.300001525879, 19.01701202392578, 8.64667711471761, 191.0, 892, 140, 15, 868.356017664991, 0.0, 121.21427465077446, 0.9734932933464024, 9704, 0, 0
WIN , 10928.247204589834, -3087.735986328125, 24.8181640625, 10.447655071309592, 212.16809, 1046, 130, 15, 9.254922495988969E14, 0.0, 9.254922495947695E14, 8.847918256203604E11, 9719, 0, 0
WIN , 10870.246809387207, -4055.3831924438477, 23.57682647705078, 9.126991443650047, 209.7, 1191, 120, 17, 5383.343871830606, 0.0, 4071.0852455740264, 4.520020043518561, 9745, 0, 0
WIN , 10764.526000976553, -4056.8300006866457, 24.03203582763672, 9.492527337721828, 164.43999, 1134, 124, 25, 1148.4693557478124, 0.0, 87.7858622503274, 1.0127595729698522, 9766, 0, 0
WIN , 9454.643626403791, -4060.7560012817385, 22.97147216796875, 9.47359080801983, 218.00372, 998, 133, 23, 4892.625915082215, 0.0, 4071.2973066024983, 4.902430776635486, 9783, 0, 0
WIN , 8211.85011596677, -4054.1996269226074, 20.17790069580078, 9.363569117407948, 199.50256, 877, 141, 26, 5109.682012879211, 0.0, 4072.6824512994494, 5.826319284924984, 9801, 0, 0
WIN , 7539.539453124982, -4056.049742889404, 20.544209289550782, 8.975642206101169, 204.10803, 840, 144, 31, 4619.60642395718, 0.0, 3620.860440826416, 5.499531457091881, 9823, 0, 0
WIN , 8480.956701660134, -4055.5891960144045, 19.830546569824218, 9.381589271747936, 194.54102, 904, 139, 29, 866.5482841046099, 0.0, 26.84819793701172, 0.958571110735188, 9841, 0, 0
LOSS, 8522.511230468726, -4056.5458976745604, 19.874267578125, 7.398013220892992, 175.0, 1152, 123, 10, 5466.78794694071, 0.0, 4073.3462722932227, 4.745475648386033, 9880, 0, 0
WIN , 9465.726062011703, -3399.0571281433104, 21.937060546875, 10.255391183111271, 212.16809, 923, 138, 30, 4238.981623180252, 0.0, 3416.1272739432834, 4.592612809512733, 9897, 0, 0
WIN , 8669.17890167234, -4054.7831901550294, 20.796856689453126, 9.453848311529269, 220.37907, 917, 138, 20, 4790.218436270426, 0.0, 4072.0234268809822, 5.2237932783756005, 9910, 0, 0
WIN , 8792.30433349608, -4053.9620918273927, 20.428691101074218, 8.890095382705844, 197.33574, 989, 134, 29, 4982.614728474963, 0.0, 4066.8457893371583, 5.0380330924923795, 9938, 0, 0
WIN , 7750.045036315903, -4056.266425323486, 24.14122772216797, 9.171650930551365, 196.88538, 845, 143, 26, 4822.844794788664, 0.0, 4075.3880442744417, 5.707508632885993, 9953, 0, 0
WIN , 9160.048538207982, -4056.311461639404, 26.20231475830078, 9.385295633409818, 196.4, 976, 134, 27, 4715.373241381495, 0.0, 4072.357375304839, 4.831325042399073, 9964, 0, 0
LOSS, 4747.99131774902, -4056.359999847412, 21.70768585205078, 8.478555924551822, 175.0, 560, 162, 8, 4690.830040824937, 0.0, 4072.2632020824267, 8.376482215758816, 9972, 0, 0
LOSS, 6415.8427246093615, -3384.3513175964354, 20.95304718017578, 9.825180282709589, 207.0, 653, 156, 10, 4010.7283552031254, 0.0, 3396.590860022804, 6.142003606742918, 9983, 0, 0
WIN , 11654.589147949224, -3631.9940433502197, 24.291552734375, 9.752794266066296, 212.16809, 1195, 120, 31, 4790.442634472933, 0.0, 3643.022681430936, 4.0087386062535, 10008, 0, 0
WIN , 9940.744091796858, -4055.3831924438477, 21.8515625, 9.273082175183637, 204.72717, 1072, 128, 30, 1.9412357517364856E14, 0.0, 1.94123575164573E14, 1.8108542460228412E11, 10038, 0, 0
WIN , 10758.172717285162, -4056.1272842407225, 23.488037109375, 9.195019416483046, 223.0, 1170, 122, 29, 5417.801790384128, 0.0, 4070.6464994188173, 4.630599820841136, 10062, 0, 0
LOSS, 5315.80947265624, -4054.9, 17.864665222167968, 6.554635601302393, 207.0, 811, 145, 12, 4810.163932695365, 0.0, 4066.1416634007865, 5.931151581621904, 10077, 0, 0
LOSS, 10029.690722656223, -2360.70947265625, 18.91404571533203, 10.715481541299384, 175.0, 936, 137, 18, 2973.107349914516, 0.0, 2374.7982156181483, 3.1763967413616623, 10085, 0, 0
WIN , 10444.499804687492, -3390.4001953125, 22.79704132080078, 9.59972408519071, 223.0, 1088, 127, 29, 4931.282221814928, 0.0, 3405.994309089239, 4.532428512697543, 10110, 0, 0
LOSS, 3754.6000000000026, -4053.6999992370606, 22.02873077392578, 5.697420333839154, 207.0, 659, 156, 7, 5859.20344824467, 0.0, 4072.592078457731, 8.891052273512397, 10122, 0, 0
WIN , 8987.749743652323, -2738.2999992370605, 24.97607421875, 10.342634917896804, 199.50256, 869, 142, 26, 7368.588984510167, 0.0, 2727.072716522217, 8.47938893499444, 10151, 0, 0
WIN , 10950.532841491684, -4057.2497436523436, 22.710128784179688, 9.30376622046872, 194.17415, 1177, 121, 28, 4538.8285121914605, 0.0, 3643.8133792877197, 3.856268914351283, 10171, 0, 0
WIN , 10907.117414855937, -4057.182586669922, 23.385498046875, 9.542534921133802, 223.0, 1143, 123, 13, 1.1757194787218132E15, 0.0, 5.878597393605276E14, 1.0286259656358821E12, 10184, 0, 0
LOSS, 9241.202294921837, -4054.300001525879, 19.01432647705078, 9.131622821069008, 207.0, 1012, 132, 13, 4802.595150827486, 0.0, 4069.9807629945726, 4.745647382240598, 10197, 0, 0
WIN , 8221.680290222152, -3635.502296447754, 20.97611846923828, 9.81107433200734, 194.17415, 838, 144, 13, 4594.370281057126, 0.0, 3624.8602249145506, 5.48254210150015, 10221, 0, 0
WIN , 9563.19741516111, -4056.5825843811035, 25.61199188232422, 9.213099629249625, 162.2, 1038, 130, 29, 5083.248839673805, 0.0, 4074.550666380461, 4.897156878298464, 10247, 0, 0
WIN , 9646.269743347155, -4060.380001831055, 25.600830078125, 9.320067384876479, 199.50256, 1035, 131, 30, 9059.119307607094, 0.0, 4072.753631865847, 8.75277227788125, 10277, 0, 0
WIN , 7603.465237426742, -4056.049742889404, 24.277418518066405, 9.624639541046509, 164.85019, 790, 147, 19, 1.3913008201137612E15, 0.0, 1.39130082010919E15, 1.7611402786250142E12, 10286, 0, 0
LOSS, 1600.018807983396, -4059.514980316162, 19.075697326660155, 3.571470553534366, 191.0, 448, 170, 5, 4396.213136327029, 0.0, 4075.589440602303, 9.812975750729976, 10293, 0, 0
WIN , 12174.16621093749, -1341.3337894439696, 23.597900390625, 12.198563337612716, 223.0, 998, 133, 19, 2105.05423539999, 0.0, 1353.2685554802222, 2.1092727809619136, 10302, 0, 0
LOSS, 8950.700830078094, -4053.6999992370606, 19.47904815673828, 8.959660490568663, 207.0, 999, 133, 23, 9033.63368414548, 0.0, 4074.2690843128075, 9.042676360505986, 10313, 0, 0
WIN , 11044.049169921838, -3596.8008308410645, 26.606494140625, 9.790823732200211, 175.5, 1128, 124, 10, 4522.671773775681, 0.0, 3608.89424392128, 4.009460792354327, 10338, 0, 0
WIN , 9845.400712585435, -4059.050001525879, 23.80165252685547, 9.107678735046656, 221.49287, 1081, 127, 33, 5130.731638797451, 0.0, 4072.97526931859, 4.7462827370929235, 10364, 0, 0
WIN , 10472.262477111815, -4054.450714111328, 24.23466796875, 8.973661077216637, 198.8681, 1167, 122, 27, 5196.911233586387, 0.0, 4068.6451407186864, 4.45322299364729, 10393, 0, 0
WIN , 10658.916810607883, -4056.7131912231443, 26.15690460205078, 9.204591373581938, 209.7, 1158, 122, 26, 5123.6418519377075, 0.0, 4070.9090755679604, 4.4245611847475885, 10422, 0, 0
WIN , 8459.842233276344, -4056.230000305176, 20.091044616699218, 9.635355618765768, 211.27766, 878, 141, 23, 600.7757832352457, 0.0, 32.18705638378765, 0.6842548784000521, 10434, 0, 0
WIN , 8208.827766418428, -4054.8722328186036, 20.350444030761718, 9.403010041716412, 223.0, 873, 141, 22, 1.391300820114002E15, 0.0, 1.3913008201091902E15, 1.5937008248728545E12, 10446, 0, 0
WIN , 12043.490499877931, -4053.6999992370606, 24.324639892578126, 9.558325793553914, 188.095, 1260, 116, 26, 5108.336253201739, 0.0, 4070.5754823389366, 4.054235121588682, 10463, 0, 0
WIN , 12276.660212707504, -4058.9905002593996, 24.42299041748047, 8.81943980797953, 221.49287, 1392, 107, 20, 2.7826016404061875E15, 0.0, 1.3913008201091898E15, 1.9989954313262842E12, 10493, 0, 0
WIN , 11211.179287719726, -4055.050712585449, 26.18253936767578, 9.366064567852737, 209.7, 1197, 120, 28, 9160.835196934537, 0.0, 4081.233251953125, 7.653162236369705, 10515, 0, 0
WIN , 11292.56642456054, -4056.230000305176, 22.815348815917968, 9.402636490058734, 184.03575, 1201, 119, 30, 1027.543344949623, 0.0, 24.15111541748047, 0.8555731431720424, 10537, 0, 0
WIN , 10338.763575744615, -4058.7964248657227, 26.99113311767578, 9.181850422508539, 196.4, 1126, 124, 29, 9223.364678774211, 0.0, 4085.470157376804, 8.191265256460223, 10564, 0, 0
WIN , 7967.339999389635, -4057.5600006103514, 24.341511535644532, 9.296779462531662, 223.0, 857, 142, 12, 4869.615654121713, 0.0, 4073.870528752397, 5.682165290690447, 10579, 0, 0
WIN , 6889.9999999999845, -4053.6999992370606, 20.561747741699218, 9.174434087882803, 223.0, 751, 149, 14, 4719.6420169822995, 0.0, 4073.3542997140216, 6.284476720349267, 10596, 0, 0
WIN , 7850.893774414049, -4053.6999992370606, 24.652831268310546, 9.258129450959965, 114.062256, 848, 143, 18, 9756.799580878267, 0.0, 4072.9306898142663, 11.505659883111164, 10614, 0, 0
WIN , 6689.106225585928, -4064.5937736511232, 21.836894226074218, 9.316303935356446, 223.0, 718, 152, 12, 4810.774433965194, 0.0, 4082.887322489096, 6.700242944241217, 10629, 0, 0
LOSS, 8349.628564453096, -4053.6999992370606, 18.91056671142578, 8.130115447374, 207.0, 1027, 131, 13, 4.173657274441349E14, 0.0, 4.1736572743901256E14, 4.063931133827993E11, 10657, 0, 0
LOSS, 4147.503906249998, -3633.3285636901855, 21.31803741455078, 7.540916193181815, 207.0, 550, 163, 9, 4148.0188641607265, 0.0, 3650.3439856884893, 7.5418524802922295, 10665, 0, 0
LOSS, 1884.8418945312524, -2700.8324699401855, 19.97184600830078, 5.945873484325717, 223.0, 317, 178, 4, 937.8561975995542, 0.0, 698.2246582031248, 2.958536900944966, 10670, 0, 0
LOSS, 5949.833886718741, -1635.6743644714356, 20.90959014892578, 8.391867259123753, 207.0, 709, 152, 7, 2723.5709744719784, 0.0, 1649.378569962977, 3.8414259160394617, 10694, 0, 0
LOSS, 8052.842919921859, -2695.5082511901855, 21.18498077392578, 10.364019201958634, 191.0, 777, 148, 14, 1654.7511978610203, 0.0, 912.6319335937501, 2.129666921314054, 10721, 0, 0
LOSS, 6563.495849609362, -3818.3511711120605, 21.131327819824218, 9.709313386996097, 191.0, 676, 154, 11, 1.7859703312794054E9, 0.0, 1.7859660195041091E9, 2641967.945679594, 10728, 0, 0
LOSS, 9043.648075866671, -3821.8470207214355, 19.43467559814453, 8.901228421128613, 169.8, 1016, 132, 21, 4781.797199168389, 0.0, 3835.433005918063, 4.706493306268099, 10748, 0, 0
WIN , 11888.204902648931, -3846.6950973510743, 22.83642578125, 9.116721551111144, 223.0, 1304, 113, 30, 5412.514355346159, 0.0, 3861.1497751734933, 4.150701192750122, 10780, 0, 0
