WIN , 8893.699999999993, -13.83754234313965, 38.8, 13.557469512195112, 223.0, 655, 156, 6, 3457.6674680690603, 0.0, 51.67873338296651, 5.270834554983324, 178, 0, 0
LOSS, 2659.600097656252, -4053.6999992370606, 22.23783721923828, 5.134363122888517, 223.0, 518, 165, 10, 5837.004221801146, 0.0, 4071.2335869307553, 11.26834791853503, 308, 0, 0
WIN , 13242.981806182868, -2513.3000968933106, 22.426493835449218, 8.683922495857619, 97.18096, 1525, 98, 26, 7312.184111290572, 0.0, 2501.828430938721, 4.794874827075785, 639, 0, 0
LOSS, 9418.815019988966, -4066.281903076172, 19.1771728515625, 6.925599279403651, 175.0, 1360, 109, 22, 7008.952260349841, 0.0, 4083.7527779028633, 5.153641367904295, 837, 0, 0
LOSS, 9244.669608306864, -3405.0969230651854, 20.153788757324218, 9.20783825528572, 121.929405, 1004, 133, 24, 4813.846365426476, 0.0, 3423.7267194140795, 4.794667694647885, 924, 0, 0
WIN , 11156.59346847528, -3869.7665313720704, 24.13493194580078, 4.34277674911455, 196.4, 2569, 28, 30, 14233.696712717798, 0.0, 3887.9763462584265, 5.540559249792837, 1217, 0, 0
LOSS, 10847.081843566915, -4056.359999847412, 19.76402130126953, 3.6156939478556382, 199.70998, 3000, 0, 29, 14043.941737808731, 0.0, 4073.5212579093954, 4.68131391260291, 1600, 0, 0
LOSS, 4352.814332580586, -3203.4418434143067, 17.5167236328125, 1.6819220759584954, 207.0, 2588, 27, 8, 6393.0080014482655, 0.0, 3207.960158254667, 2.4702503869583716, 1790, 0, 0
LOSS, 12526.140051269696, -1236.256175994873, 18.411181640625, 4.175380017089899, 182.16809, 3000, 0, 20, 9869.258526640873, 0.0, 1323.3539937320902, 3.2897528422136246, 2041, 0, 0
LOSS, 13304.47029571548, -2642.3962272644044, 16.01298370361328, 4.43482343190516, 167.33574, 3000, 0, 29, 12757.218568275683, 0.0, 3191.968105316162, 4.252406189425227, 2338, 0, 0
LOSS, 3550.0241989135757, -3206.866522979736, 16.275377655029295, 6.431203258901405, 191.0, 552, 163, 6, 5123.429906190295, 0.0, 3196.311705780029, 9.281575917011404, 2368, 0, 0
LOSS, 12147.160136413653, -1336.8907218933105, 16.275377655029295, 4.049053378804551, 223.49287, 3000, 0, 19, 8722.643677574802, 0.0, 2502.0830467224123, 2.907547892524934, 2595, 0, 0
LOSS, 8481.089570617647, -2064.050858306885, 16.04948272705078, 8.322953454973158, 223.0, 1019, 132, 13, 3715.325990130026, 0.0, 2053.662754058838, 3.6460510207360413, 2659, 0, 0
LOSS, 13988.902966308578, -2035.1404289245606, 17.44559326171875, 4.6629676554361925, 166.88538, 3000, 0, 25, 29141.031093585534, 0.0, 4071.811887359619, 9.713677031195179, 2818, 0, 0
LOSS, 9733.924455261253, -3204.043395233154, 16.79552307128906, 3.2446414850870844, 223.49287, 3000, 0, 18, 22368.873051023347, 0.0, 3193.488578033447, 7.456291017007782, 2988, 0, 0
LOSS, 17243.942837524617, -2057.967850494385, 16.549339294433594, 5.747980945841539, 216.89409, 3000, 0, 27, 6594.2226530163025, 0.0, 2047.8171379089358, 2.198074217672101, 3166, 0, 0
LOSS, 3009.6413864135743, -3361.9106880187987, 16.549339294433594, 4.180057481129964, 207.0, 720, 152, 6, 4377.799366378424, 0.0, 3351.5225837707517, 6.080276897747811, 3212, 0, 0
LOSS, 14894.241271972887, -1031.552074432373, 16.549339294433594, 4.964747090657629, 206.72717, 3000, 0, 20, 5530.36160197259, 0.0, 1055.429941249792, 1.8434538673241965, 3393, 0, 0
WIN , 24128.98984375032, -2065.7933464050293, 23.76005859375, 8.605203225303253, 212.16809, 2804, 13, 36, 6050.0871066541085, 0.0, 2055.1209129333497, 2.1576630194914794, 3573, 0, 0
WIN , 20792.596551513856, -4056.5831912994386, 23.851806640625, 7.585770358086047, 186.20258, 2741, 17, 39, 10003.40891940074, 0.0, 4045.4905841827394, 3.649547216125771, 3730, 0, 0
LOSS, 6339.056390380841, -4059.1797428131104, 15.38872833251953, 6.468424888143715, 191.0, 980, 134, 13, 9395.031926146978, 0.0, 4047.924701309204, 9.586767271578548, 3782, 0, 0
LOSS, 20804.060992431998, -1876.4361320495605, 16.37736358642578, 6.934686997477333, 113.427185, 3000, 0, 36, 5356.481366650869, 0.0, 1865.2541419982908, 1.785493788883623, 3930, 0, 0
LOSS, 7187.858074951138, -4002.8971260070803, 15.43992919921875, 6.6801654971664854, 186.448, 1076, 128, 18, 5131.6503244053365, 0.0, 3990.256298828125, 4.769191751306074, 3976, 0, 0
LOSS, 9319.999999999985, -2069.5552001953124, 15.458265686035157, 8.175438596491215, 186.448, 1140, 124, 17, 5464.140153580888, 0.0, 2075.380858612061, 4.793105397877972, 4031, 0, 0
WIN , 19575.344799804814, -2069.5552001953124, 25.09228515625, 8.910034046338104, 223.0, 2197, 53, 35, 4352.809998487584, 0.0, 2053.3776084899905, 1.9812517061846082, 4107, 0, 0
WIN , 18010.00000000017, -4054.9, 23.501953125, 7.288547146904157, 223.0, 2471, 35, 32, 12585.626048789041, 0.0, 4044.5403171539306, 5.093333083281684, 4209, 0, 0
WIN , 17993.941461181726, -4054.9, 25.02892303466797, 7.766051558559226, 183.58539, 2317, 45, 25, 8774.352522896885, 0.0, 4065.413000869751, 3.7869454134211846, 4309, 0, 0
WIN , 16899.858538818433, -4058.8414611816406, 27.035018920898438, 7.949133837638021, 185.0, 2126, 58, 36, 8.283680716529505E14, 0.0, 8.283680716423804E14, 3.89636910467051E11, 4391, 0, 0
WIN , 16558.027282714935, -4059.9000007629393, 24.12353515625, 7.255927818893486, 204.72717, 2282, 47, 35, 6644.443856474613, 0.0, 4051.065568915342, 2.911675660155396, 4493, 0, 0
WIN , 16399.50271759037, -4057.927283477783, 24.86051788330078, 8.299343480561928, 209.7, 1976, 68, 32, 8.28912452502068E14, 0.0, 8.289124524959084E14, 4.194901075415324E11, 4575, 0, 0
WIN , 16621.019743347217, -4056.230000305176, 24.835693359375, 8.541120114772465, 199.50256, 1946, 70, 37, 5964.293254583806, 0.0, 4067.4833663772624, 3.06489889752508, 4652, 0, 0
WIN , 15487.650256347646, -4057.2497436523436, 24.970703125, 9.009686013000376, 223.0, 1719, 85, 28, 9735.018070708293, 0.0, 4082.897986602783, 5.6631867776080815, 4706, 0, 0
WIN , 16421.48071136477, -4056.1000007629395, 24.89296112060547, 8.42127215967424, 208.19289, 1950, 70, 33, 6146.890689124555, 0.0, 4081.0707038879395, 3.15225163544849, 4776, 0, 0
WIN , 15659.602479553216, -4057.5807121276857, 23.795458984375, 8.16454769528322, 212.16809, 1918, 72, 30, 9900.283083220333, 0.0, 4073.002588653564, 5.161774287393292, 4846, 0, 0
LOSS, 11191.59678955077, -4055.3831924438477, 15.860273742675782, 8.589099608250782, 191.0, 1303, 113, 16, 8036.909733233454, 0.0, 4067.08575592041, 6.168004400025675, 4889, 0, 0
WIN , 15641.216444396976, -3097.57998046875, 25.104655456542968, 8.575228313814131, 184.03575, 1824, 78, 28, 4980.819230995567, 0.0, 3086.763252258301, 2.7307122976949376, 4961, 0, 0
LOSS, 12608.101280212419, -4058.7964248657227, 16.49480743408203, 8.56528619579648, 207.0, 1472, 101, 24, 5329.553239290765, 0.0, 4071.282516479492, 3.6206204071268786, 5003, 0, 0
WIN , 14378.002294921896, -3606.897705078125, 25.484130859375, 8.677128723549727, 223.0, 1657, 89, 32, 5278.178770456627, 0.0, 3621.694983561697, 3.1853824806618145, 5046, 0, 0
WIN , 13423.941461181745, -4054.9, 24.28453826904297, 6.290506776561267, 183.58539, 2134, 57, 33, 6656.382078941069, 0.0, 4066.0754203796387, 3.119204348144831, 5138, 0, 0
LOSS, 10907.419137573273, -4058.8414611816406, 17.93424835205078, 6.539220106458797, 185.39499, 1668, 88, 24, 8396.472914826983, 0.0, 4048.2864612579347, 5.033856663565338, 5207, 0, 0
WIN , 17128.6394012452, -3365.0605979919433, 23.197021484375, 8.412887721633203, 223.0, 2036, 64, 33, 3.418553324470839E14, 0.0, 3.4185533243840475E14, 1.6790536957125928E11, 5298, 0, 0
WIN , 18111.33000030522, -4054.9, 27.12638702392578, 6.429297124708989, 209.7, 2817, 12, 35, 9.65993098214495E8, 0.0, 9.659768215731125E8, 342915.54782197194, 5441, 0, 0
WIN , 16909.058103942945, -4056.8300006866457, 23.04044952392578, 7.912521340169839, 219.11896, 2137, 57, 35, 2.057817420560678E14, 0.0, 2.0578174204919744E14, 9.629468509876828E10, 5548, 0, 0
LOSS, 13951.829119873259, -4055.2881042480467, 15.983256530761718, 4.65060970662442, 182.16809, 3000, 0, 28, 9075.11183939628, 0.0, 4043.5792098999023, 3.0250372797987604, 5713, 0, 0
LOSS, 14411.582971191552, -3207.117224121094, 16.12107696533203, 6.091117063056446, 207.0, 2366, 42, 24, 6847.62787489505, 0.0, 3196.348701757899, 2.8941791525338334, 5819, 0, 0
WIN , 16678.54954833991, -3338.100196838379, 25.278076171875, 8.614953279101194, 199.50256, 1936, 70, 34, 9883.26057866308, 0.0, 4070.5971214294436, 5.104989968317707, 5936, 0, 0
LOSS, 14666.675683594, -4057.2497436523436, 16.193095397949218, 4.8888918945313335, 150.88538, 3000, 0, 27, 8962.557961955497, 0.0, 4046.8402908325193, 2.9875193206518325, 6057, 0, 0
WIN , 15352.304573059067, -3423.925427246094, 26.63908233642578, 8.227387231007002, 209.7, 1866, 75, 22, 7012.957144510086, 0.0, 3413.8458297729494, 3.7582835715488137, 6164, 0, 0
LOSS, 12069.658201599375, -4056.230000305176, 16.975936889648438, 4.023219400533125, 189.11896, 3000, 0, 19, 11578.799074103024, 0.0, 4071.319033813477, 3.859599691367675, 6303, 0, 0
LOSS, 12458.51741333005, -3205.2882034301756, 18.397998046875, 9.748448680226955, 223.0, 1278, 114, 20, 12187.130655147235, 0.0, 4067.6727554321287, 9.53609597429361, 6348, 0, 0
WIN , 12725.076287841846, -3884.405615234375, 23.18567352294922, 6.715079835272742, 177.18097, 1895, 73, 31, 10180.635836121772, 0.0, 4039.1753425598145, 5.372367195842624, 6421, 0, 0
WIN , 11967.578598022474, -4059.481903076172, 24.24041290283203, 7.941326209703035, 201.39499, 1507, 99, 31, 5821.063420880538, 0.0, 4074.252586364746, 3.862683092820529, 6479, 0, 0
WIN , 13403.68959960942, -4058.2605018615723, 24.196492004394532, 7.903118867694234, 164.499, 1696, 86, 33, 6303.64072277359, 0.0, 4050.939015764268, 3.7167692940882016, 6552, 0, 0
WIN , 13315.822122192396, -4060.7501007080077, 22.666517639160155, 8.374730894460626, 206.27777, 1590, 94, 29, 5539.126940179416, 0.0, 4053.665221482841, 3.4837276353329663, 6598, 0, 0
WIN , 13382.538226318366, -4055.9722244262693, 24.52711639404297, 8.091014647109048, 180.89551, 1654, 89, 35, 6163.3864692172165, 0.0, 4043.4503616333004, 3.7263521579306023, 6661, 0, 0
LOSS, 9673.813623046855, -4057.9104484558106, 17.40708770751953, 8.419333005262711, 207.0, 1149, 123, 18, 5180.495876956408, 0.0, 4070.6424911499025, 4.508699631815847, 6693, 0, 0
WIN , 14413.648150634792, -3344.1240730285645, 23.432630920410155, 9.215887564344497, 206.27777, 1564, 95, 28, 13052.186936020744, 0.0, 4064.718776702881, 8.345388066509427, 6747, 0, 0
WIN , 13093.872862243654, -4057.77222366333, 22.252601623535156, 8.474998616338935, 167.54915, 1545, 97, 28, 5663.835045355789, 0.0, 4080.969245147705, 3.665912650715721, 6802, 0, 0
WIN , 12985.086303710947, -4061.6450859069823, 23.810484313964842, 9.112341265762067, 216.68611, 1425, 105, 34, 5462.078362472626, 0.0, 4072.5378181457518, 3.8330374473492115, 6854, 0, 0
WIN , 12953.418003845216, -4054.331388092041, 23.471040344238283, 8.618375252059359, 182.50607, 1503, 99, 21, 9242.160457838672, 0.0, 4069.0394447326657, 6.1491420211834145, 6899, 0, 0
WIN , 13091.80070800781, -4058.9493927001954, 24.533650207519532, 8.936382735841509, 164.499, 1465, 102, 24, 350627.46704149916, 0.0, 345161.92011744285, 239.33615497713254, 6946, 0, 0
WIN , 13030.632899475098, -4060.7501007080077, 21.985646057128907, 9.381305183207415, 158.17, 1389, 107, 28, 5679.125588771492, 0.0, 4073.2551445007325, 4.0886433324488785, 6984, 0, 0
WIN , 11017.860617065417, -4061.3830001831057, 23.581578063964844, 9.18155051422118, 179.56383, 1200, 120, 18, 5068.563147182298, 0.0, 4074.0368539901115, 4.223802622651915, 7015, 0, 0
LOSS, 859.0833114624015, -4058.643618774414, 17.51310577392578, 2.2847960411234083, 191.0, 376, 174, 6, 9.420900033167494E14, 0.0, 9.420900033123248E14, 2.50555851945944E12, 7022, 0, 0
WIN , 14422.429072570816, -1338.3269287109374, 24.53691864013672, 11.285155768834754, 164.43999, 1278, 114, 33, 2521.534639985627, 0.0, 1352.1686133273406, 1.9730317996757645, 7055, 0, 0
LOSS, 7999.52832489011, -4061.356001663208, 17.84947814941406, 7.34575603754831, 191.0, 1089, 127, 18, 1096.0597022746922, 0.0, 24.42242431640625, 1.0064827385442536, 7095, 0, 0
WIN , 15798.415673828122, -2750.8843265533446, 23.053085327148438, 9.892558343035768, 185.0, 1597, 93, 29, 4400.993123809587, 0.0, 2740.389791849923, 2.7557878045144566, 7138, 0, 0
LOSS, 10378.831759643548, -4057.4999992370604, 16.997879028320312, 8.743750429354295, 172.095, 1187, 120, 23, 5019.682929875104, 0.0, 4070.7195343017574, 4.22888199652494, 7168, 0, 0
WIN , 13813.4620162964, -3366.3317588806153, 24.3447265625, 9.995269186900435, 162.06224, 1382, 107, 35, 4459.927303168565, 0.0, 3378.8567232620926, 3.2271543438267476, 7198, 0, 0
WIN , 12866.78880920411, -4059.793775177002, 24.830490112304688, 9.016670503997274, 194.17415, 1427, 104, 27, 1376.809973862862, 0.0, 80.20130330303769, 0.9648282928261122, 7231, 0, 0
LOSS, 10766.935676574683, -4058.3825855255127, 17.98961944580078, 9.171154750063614, 207.0, 1174, 121, 25, 3722.0136538473766, 0.0, 1504.9306287099616, 3.17036938147136, 7264, 0, 0
WIN , 12711.26337585448, -3604.71826171875, 23.37149658203125, 9.688462938913476, 212.18362, 1312, 112, 30, 9.420900033175755E14, 0.0, 9.420900033123244E14, 7.180564049676643E11, 7299, 0, 0
WIN , 11330.001553344735, -4055.981637573242, 20.867236328125, 8.87235830332399, 212.16809, 1277, 114, 31, 6889.221642375855, 0.0, 4079.792121887207, 5.394848584476002, 7345, 0, 0
LOSS, 2918.579089355466, -4057.1831916809083, 18.078541564941407, 4.86429848225911, 191.0, 600, 160, 8, 4668.881560134591, 0.0, 4068.5834582808598, 7.781469266890985, 7367, 0, 0
WIN , 14960.337719726576, -1775.1622806549071, 24.14982452392578, 11.016448983598362, 223.0, 1358, 109, 30, 4189.357454221856, 0.0, 1764.3538990020752, 3.0849465789557113, 7392, 0, 0
WIN , 13262.88258514403, -4056.1000007629395, 23.364181518554688, 8.901263479962436, 194.17415, 1490, 100, 30, 5552.147957810185, 0.0, 4083.2263877868654, 3.726273797188044, 7437, 0, 0
LOSS, 9263.538362121553, -4057.782585144043, 18.12938537597656, 8.125910843966274, 191.0, 1140, 124, 21, 1334.966762189379, 0.0, 182.91438804128356, 1.1710234756047184, 7475, 0, 0
WIN , 14386.190515136732, -3141.320947265625, 25.02721405029297, 9.216009298614178, 196.88538, 1561, 95, 33, 5159.263555338122, 0.0, 3130.86708984375, 3.3051015729264077, 7553, 0, 0
WIN , 14827.388537597684, -4056.9114639282225, 24.906982421875, 9.079846012001031, 223.0, 1633, 91, 33, 5580.271587436706, 0.0, 4083.5505462646483, 3.4171901943886747, 7593, 0, 0
WIN , 13570.000000000015, -4054.300001525879, 23.663818359375, 8.875081752779604, 223.0, 1529, 98, 34, 1630.406359421066, 0.0, 87.99668634576268, 1.0663220140098535, 7654, 0, 0
WIN , 15321.827282714847, -4054.9, 24.640625, 9.365420099458953, 204.72717, 1636, 90, 34, 5577.835530083218, 0.0, 4067.0697551727294, 3.409434920588764, 7698, 0, 0
LOSS, 11190.60741577147, -4056.7272827148436, 16.48844757080078, 8.555510256706016, 178.02313, 1308, 112, 22, 8524.157221788344, 0.0, 4045.9115325927733, 6.5169397720094375, 7732, 0, 0
WIN , 14307.716014099145, -3368.5346992492678, 23.16835174560547, 8.724217081767772, 221.49287, 1640, 90, 33, 5269.342261992841, 0.0, 3379.81099319458, 3.2130135743858785, 7789, 0, 0
LOSS, 8776.629463195779, -4053.8507118225098, 18.62414093017578, 8.303339132635552, 207.0, 1057, 129, 19, 992.2161071738535, 0.0, 36.243927341130274, 0.9387096567396911, 7826, 0, 0
WIN , 14449.299824523938, -2901.080177307129, 24.86785125732422, 9.822773504095132, 162.2, 1471, 101, 34, 2614.7819748329202, 0.0, 787.6343387488853, 1.7775540277586133, 7871, 0, 0
WIN , 13550.803775024411, -4060.380001831055, 23.66796875, 9.50933598247327, 154.16225, 1425, 105, 32, 9682.966373399675, 0.0, 4082.5094299316406, 6.795064121683982, 7896, 0, 0
WIN , 13796.770606994627, -4062.9837760925293, 24.646543884277342, 9.112794324302923, 186.45618, 1514, 99, 32, 4729.369234853988, 0.0, 3354.866425323486, 3.123757750894312, 7941, 0, 0
WIN , 13386.34561767578, -4057.9543838500977, 24.9599609375, 9.473705320365026, 223.0, 1413, 105, 31, 5.9850713685159984E13, 0.0, 5.985071367988369E13, 4.235719298312808E10, 7981, 0, 0
LOSS, 12321.094531249993, -4054.300001525879, 16.82871856689453, 8.876869258825643, 191.0, 1388, 107, 26, 5224.684505148923, 0.0, 4064.4780128479006, 3.7641819201361115, 8017, 0, 0
WIN , 13522.395968627932, -3817.1945320129394, 23.574151611328126, 9.377528410976375, 188.095, 1442, 103, 34, 8867.027836596346, 0.0, 4042.454298400879, 6.149117778499546, 8047, 0, 0
LOSS, 10887.6549102783, -4057.1904991149904, 17.91679229736328, 8.752134172249436, 207.0, 1244, 117, 24, 5021.624878599332, 0.0, 4081.3254310607913, 4.036675947427116, 8071, 0, 0
WIN , 13440.681872558614, -3606.04541015625, 25.343017578125, 9.458607932835056, 204.72717, 1421, 105, 32, 455041.89959797, 0.0, 447026.0395179773, 320.2265303293244, 8096, 0, 0
LOSS, 7870.822033691378, -4057.3272830963133, 17.73045959472656, 8.258994788763252, 207.0, 953, 136, 18, 4873.618234580604, 0.0, 4045.27226524353, 5.113975062518996, 8119, 0, 0
WIN , 14119.5111846924, -2916.3493156433105, 26.02410430908203, 10.321280105769297, 201.39499, 1368, 108, 33, 1171314.8134009931, 0.0, 1167542.5105632946, 856.2242788018956, 8143, 0, 0
LOSS, 575.7118377685521, -4058.2605018615723, 16.760519409179686, 1.49535542277546, 207.0, 385, 174, 5, 4319.532176578756, 0.0, 4070.82370836495, 11.219564095009755, 8147, 0, 0
WIN , 16703.79988403324, -1042.1723403930664, 24.873793029785155, 11.293982342145531, 206.27777, 1479, 101, 33, 2095.9371622962603, 0.0, 1031.8281021118164, 1.4171312794430428, 8179, 0, 0
WIN , 13271.18795471192, -4056.5722229003904, 20.718417358398437, 9.287045454661946, 194.39822, 1429, 104, 34, 5192.401745711159, 0.0, 4067.568199157715, 3.6335911446544147, 8201, 0, 0
WIN , 13631.081283569349, -4057.1601791381836, 23.35607147216797, 9.228897280683377, 183.58539, 1477, 101, 34, 5193.932887053717, 0.0, 4046.6475898742674, 3.516542239034338, 8232, 0, 0
LOSS, 5499.739105224605, -4058.8414611816406, 17.09190216064453, 7.472471610359517, 207.0, 736, 150, 9, 4521.822031968732, 0.0, 4071.612532043457, 6.143779934740125, 8245, 0, 0
WIN , 16446.31943359379, -2358.58056640625, 23.30908203125, 9.578520345715662, 223.0, 1717, 85, 28, 8072.285072663487, 0.0, 4068.666426849365, 4.701389092989801, 8293, 0, 0
WIN , 15842.34974365238, -4053.6999992370606, 24.42529296875, 7.028549132055182, 199.50256, 2254, 49, 31, 9563.97941040373, 0.0, 4043.1449993133547, 4.243114201598815, 8348, 0, 0
WIN , 14820.000000000031, -4057.2497436523436, 22.483642578125, 8.410896708286057, 199.50256, 1762, 82, 35, 9038.856572725452, 0.0, 4045.74422416687, 5.129884547517283, 8396, 0, 0
WIN , 13600.261718750027, -4058.449744415283, 24.95568084716797, 9.27712259123467, 196.88538, 1466, 102, 33, 293551.3568084329, 0.0, 292254.6539902423, 200.2396704013867, 8428, 0, 0
WIN , 13861.188537597674, -4057.5114624023436, 22.842636108398438, 8.750750339392471, 185.0, 1584, 94, 32, 13544.674154552411, 0.0, 4070.2558296203615, 8.550930653126523, 8466, 0, 0
LOSS, 8120.316503906215, -4058.7, 17.85490264892578, 7.567862538589203, 191.0, 1073, 128, 17, 6494.325588996281, 0.0, 4074.665081787109, 6.052493559176404, 8494, 0, 0
WIN , 15169.045480346687, -2768.416505432129, 22.922894287109376, 9.48065342521668, 191.38016, 1600, 93, 34, 4340.93413927898, 0.0, 2757.686036682129, 2.7130838370493624, 8541, 0, 0
WIN , 13157.582832336435, -4057.4619857788084, 22.427885437011717, 8.866295709121587, 215.55183, 1484, 101, 34, 5155.6223221019945, 0.0, 4043.813490527921, 3.4741390310660343, 8562, 0, 0
WIN , 12809.255183410653, -4055.6448165893553, 25.259521484375, 9.026959255398628, 223.0, 1419, 105, 30, 9574.42740879897, 0.0, 4086.9163078670467, 6.7473061372790495, 8597, 0, 0
WIN , 13191.82728271485, -4056.1000007629395, 25.394287109375, 8.594024288413584, 204.72717, 1535, 97, 35, 9435.567386547693, 0.0, 4083.321570587158, 6.1469494374903535, 8632, 0, 0
WIN , 12560.333218383785, -4056.1272842407225, 24.37859649658203, 8.52125727163079, 201.39499, 1474, 101, 31, 9657.32033513035, 0.0, 4082.7663665771483, 6.5517777036162475, 8669, 0, 0
LOSS, 9719.651901245099, -4057.060501098633, 18.27799835205078, 8.548506509450394, 207.0, 1137, 124, 23, 5141.038271970905, 0.0, 4070.9482338998037, 4.521581593641957, 8698, 0, 0
WIN , 12281.344879150389, -3605.5124015808105, 24.875, 9.117553733593459, 191.42719, 1347, 110, 31, 4863.538257730899, 0.0, 3594.9517768859864, 3.610644586288715, 8728, 0, 0
WIN , 11486.842718505843, -4059.25728225708, 24.659912109375, 8.31777170058352, 223.0, 1381, 107, 31, 5328.895815432201, 0.0, 4072.2952665795046, 3.8587225310877633, 8758, 0, 0
WIN , 11461.330000305159, -4053.6999992370606, 23.14420928955078, 8.390431918232181, 209.7, 1366, 108, 33, 5357.239588686097, 0.0, 4078.573792266846, 3.9218445012343315, 8798, 0, 0
WIN , 12322.349742126475, -4055.630001831055, 24.622802734375, 8.78912249795041, 186.20258, 1402, 106, 32, 5541.067787770352, 0.0, 4110.218988808815, 3.95225947772493, 8822, 0, 0
WIN , 11021.070257568355, -4059.77974319458, 23.297412109375, 9.533797800664667, 175.5, 1156, 122, 28, 1051.4319308409974, 0.0, 33.3863695995512, 0.909543192769029, 8854, 0, 0
WIN , 11449.146424865708, -4060.25000038147, 25.056559753417968, 8.979722686169183, 184.03575, 1275, 115, 28, 4975.296557493242, 0.0, 4074.4534214019777, 3.9021933784260723, 8879, 0, 0
WIN , 10708.239750671375, -4058.7964248657227, 22.589138793945313, 9.021263479925336, 201.63824, 1187, 120, 21, 5457.784120922475, 0.0, 4083.8253479003906, 4.5979647185530546, 8908, 0, 0
WIN , 11322.905007934558, -4056.4361770629885, 20.419924926757812, 8.818461844185792, 172.58817, 1284, 114, 29, 999.5735373504571, 0.0, 23.970503750306136, 0.7784840633570538, 8931, 0, 0
WIN , 11332.398815917957, -4059.94118347168, 26.153622436523438, 8.27786619132064, 148.6, 1369, 108, 28, 1274.6084067365964, 0.0, 70.59709589240036, 0.931050698857996, 8952, 0, 0
WIN , 11072.560000610352, -4062.3399993896483, 24.446533203125, 9.545310345353752, 223.0, 1160, 122, 31, 853.121021091416, 0.0, 27.437336391719384, 0.7354491561132896, 8969, 0, 0
WIN , 11504.049392700188, -4054.9, 24.651216125488283, 9.20323951416015, 182.50607, 1250, 116, 28, 1018.0646713312029, 0.0, 49.30886889315248, 0.8144517370649623, 8994, 0, 0
WIN , 11687.033798217772, -4058.3493942260743, 21.452197265625, 9.224178214852227, 212.16809, 1267, 115, 30, 5022.371659719275, 0.0, 4069.574889755249, 3.9639871031722773, 9020, 0, 0
WIN , 11205.119358825677, -4055.983190917969, 23.230535888671874, 9.511985873366449, 160.9745, 1178, 121, 30, 4395.917354697112, 0.0, 3594.8471183776855, 3.7316785693523875, 9036, 0, 0
WIN , 11513.797450256337, -4059.9025489807127, 21.810993957519532, 9.345614813519754, 223.0, 1232, 117, 32, 4932.345052776878, 0.0, 4071.92633895874, 4.003526828552661, 9054, 0, 0
LOSS, 8922.758862304665, -4054.300001525879, 17.94987335205078, 8.739234928799867, 170.448, 1021, 131, 25, 5156.97577117692, 0.0, 4067.569876098633, 5.050906729850069, 9076, 0, 0
WIN , 12238.324328613275, -3366.458861541748, 23.554736328125, 9.79849826149982, 212.16809, 1249, 116, 28, 4542.745615687765, 0.0, 3356.2545082092283, 3.637106177492206, 9099, 0, 0
WIN , 10962.078793334951, -4055.983190917969, 20.964642333984376, 9.165617720179725, 191.38016, 1196, 120, 31, 5043.727698291196, 0.0, 4066.702423095703, 4.217163627333776, 9127, 0, 0
WIN , 11719.498016357422, -4058.0619842529295, 22.17155303955078, 9.6377450792413, 196.4, 1216, 118, 32, 5400.990794501299, 0.0, 4070.3054832458492, 4.441604271793832, 9146, 0, 0
WIN , 10829.476174926758, -4056.9600021362303, 21.269558715820313, 9.474607327145021, 201.63824, 1143, 123, 23, 5081.641353640138, 0.0, 4080.0130874633787, 4.445880449378948, 9165, 0, 0
WIN , 11211.025808715809, -4057.0361755371096, 24.721966552734376, 9.257659627345838, 191.38016, 1211, 119, 30, 4952.275942865267, 0.0, 4073.5758416120107, 4.089410357444481, 9178, 0, 0
WIN , 11127.749549865712, -4058.0619842529295, 24.697889709472655, 9.568142347262006, 213.88466, 1163, 122, 31, 5162.396571807934, 0.0, 4066.146770477295, 4.438862056584639, 9195, 0, 0
WIN , 11193.826115417485, -4054.6115333557127, 25.251315307617187, 9.510472485486394, 175.6235, 1177, 121, 32, 1039.7616648526612, 0.0, 33.00489359005975, 0.8833998851764326, 9219, 0, 0
WIN , 12716.743061828616, -4060.8376502990723, 24.24696502685547, 9.096382733782987, 208.19289, 1398, 106, 31, 1.6839448860966982E15, 0.0, 1.6839448860830348E15, 1.2045385451335466E12, 9262, 0, 0
LOSS, 4166.893751525876, -4057.5807121276857, 18.141215515136718, 6.400758450884602, 175.0, 651, 156, 12, 4609.219333130033, 0.0, 4064.9708407838098, 7.080214029385612, 9272, 0, 0
LOSS, 13436.783496093753, -2092.6744644165037, 18.17613067626953, 10.809962587364241, 223.0, 1243, 117, 26, 3251.0553303253073, 0.0, 2104.9588882446287, 2.6154910139383003, 9300, 0, 0
WIN , 11504.842041015632, -3920.057958984375, 23.217529296875, 8.735643159465173, 223.0, 1317, 112, 32, 13056.27940654771, 0.0, 4077.548917388916, 9.913651789330077, 9333, 0, 0
WIN , 11340.631388854941, -4056.1000007629395, 24.554624938964842, 9.20505794549914, 216.68611, 1232, 117, 30, 1856.5122939260368, 0.0, 664.731621329808, 1.5069093294854194, 9364, 0, 0
WIN , 10882.525892639149, -4056.73138961792, 23.3505859375, 9.317231072465026, 191.42719, 1168, 122, 31, 1064.6738476717173, 0.0, 24.286746215820312, 0.9115358284860594, 9393, 0, 0
WIN , 10940.541053771965, -4058.0572814941406, 24.538009643554688, 9.546719942209394, 186.01665, 1146, 123, 31, 4876.396729859222, 0.0, 4070.275526980288, 4.255145488533353, 9411, 0, 0
WIN , 10501.039314270005, -4057.998336791992, 25.484957885742187, 9.546399376609095, 175.6235, 1100, 126, 29, 5759.049720046292, 0.0, 3616.550775909424, 5.23549974549663, 9430, 0, 0
WIN , 11806.345541381848, -4059.637649536133, 22.8220703125, 8.40309291201555, 212.16809, 1405, 106, 32, 9555.627706237881, 0.0, 4073.285063934326, 6.801158509777851, 9464, 0, 0
WIN , 11860.744091796869, -4055.3831924438477, 20.96337890625, 9.266206321716304, 204.72717, 1280, 114, 30, 5322.75558750967, 0.0, 4075.86337890625, 4.1584028027419295, 9484, 0, 0
WIN , 10878.172717285137, -4056.1272842407225, 25.579833984375, 9.592744900604178, 223.0, 1134, 124, 27, 907.913918256816, 0.0, 23.4322265625, 0.8006295575456932, 9505, 0, 0
WIN , 10619.999999999985, -4054.9, 23.75163116455078, 9.58483754512634, 223.0, 1108, 126, 27, 886.2937138878045, 0.0, 56.64131411963312, 0.7999040739059607, 9521, 0, 0
WIN , 11361.889196777342, -4056.1000007629395, 21.752217102050782, 9.133351444354776, 204.10803, 1244, 117, 30, 1115.0360504724017, 0.0, 24.643129521593366, 0.8963312302832811, 9550, 0, 0
WIN , 11013.09662628172, -4056.189198303223, 22.478335571289062, 9.215980440403113, 173.14177, 1195, 120, 24, 1244.7937399501368, 0.0, 54.90876997529802, 1.0416684016319135, 9582, 0, 0
WIN , 11355.014176940931, -4059.885823059082, 24.482177734375, 8.22827114271082, 223.0, 1380, 108, 34, 2975.265540291787, 0.0, 1787.9991947174071, 2.1559895219505703, 9610, 0, 0
WIN , 11289.99999999999, -4054.9, 22.510986328125, 9.082864038616243, 223.0, 1243, 117, 33, 5123.436177333874, 0.0, 4065.9534437718758, 4.1218311965678796, 9640, 0, 0
WIN , 11031.889196777327, -4054.300001525879, 24.770039367675782, 9.437030963881375, 204.10803, 1169, 122, 24, 910.3598113411605, 0.0, 26.002726745605468, 0.7787509079051843, 9663, 0, 0
WIN , 10008.999052429192, -4056.789196777344, 23.981565856933592, 9.559693459817757, 214.11751, 1047, 130, 26, 8976.163630790887, 0.0, 4083.4634689331056, 8.573222187956912, 9682, 0, 0
WIN , 10792.36313323973, -4055.788249206543, 24.684487915039064, 9.661918651065113, 190.48618, 1117, 125, 31, 4958.922520382345, 0.0, 4066.6971542358397, 4.439500913502547, 9708, 0, 0
WIN , 10310.959066772453, -4058.151382446289, 22.77833709716797, 9.43363135111844, 180.89551, 1093, 127, 27, 753.8872856249725, 0.0, 24.53811082467122, 0.6897413409194625, 9723, 0, 0
WIN , 11530.455552673327, -4058.510450744629, 22.99353790283203, 9.015211534537395, 176.33998, 1279, 114, 35, 5441.149458428883, 0.0, 4072.289358520508, 4.254221625042129, 9751, 0, 0
WIN , 11289.544447326649, -4060.1660022735596, 24.71241912841797, 8.938673354969636, 180.89551, 1263, 115, 31, 1267.5371131075813, 0.0, 70.01638428018104, 1.00359233025145, 9780, 0, 0
WIN , 11587.616833496097, -4059.11044921875, 24.21826171875, 9.30732275782819, 204.72717, 1245, 117, 32, 2856.7487191402297, 0.0, 1718.7378730856526, 2.294577284449984, 9809, 0, 0
WIN , 11398.804106140124, -4055.527281951904, 22.172056579589842, 8.544830664272956, 216.68611, 1334, 111, 25, 5255.831893813391, 0.0, 4068.3970344543454, 3.939903968375855, 9840, 0, 0
WIN , 13042.519392395128, -4054.9313903808593, 22.93460693359375, 5.9284179056341495, 191.49219, 2200, 53, 32, 2528.0817078217024, 0.0, 31.286476284079015, 1.1491280490098648, 9913, 0, 0
LOSS, 8788.878466796856, -4056.8507804870605, 18.04044952392578, 7.609418585971303, 175.0, 1155, 123, 20, 5399.363195446485, 0.0, 4069.652656555176, 4.674773329390897, 9946, 0, 0
WIN , 11987.970751953126, -3376.929248046875, 22.38200225830078, 9.372924747422303, 223.0, 1279, 114, 33, 8700.839745955402, 0.0, 4070.5611839294434, 6.802845774789212, 9974, 0, 0
WIN , 11449.999999999976, -4053.6999992370606, 23.12760772705078, 7.142857142857128, 223.0, 1603, 93, 32, 1660.828176760331, 0.0, 25.34110870361328, 1.0360749699066318, 10033, 0, 0
WIN , 11145.257499694797, -4053.6999992370606, 25.64470672607422, 7.380965231585958, 170.425, 1510, 99, 30, 1621.065049774639, 0.0, 71.67664279516592, 1.0735530130957873, 10067, 0, 0
WIN , 10469.04760131834, -4060.1574996948243, 24.45404052734375, 9.684595375872656, 179.94899, 1081, 127, 19, 4830.368569516153, 0.0, 4073.7739379109685, 4.468426058756848, 10081, 0, 0
LOSS, 7132.583131408686, -4059.2051010131836, 17.70683135986328, 7.3607669054785205, 191.0, 969, 135, 17, 4955.09318392983, 0.0, 4070.9994201660156, 5.11361525689353, 10101, 0, 0
WIN , 11528.369267272938, -3081.788232421875, 23.94353485107422, 9.861735900147936, 170.425, 1169, 122, 17, 8067.431298735557, 0.0, 4074.2042602539063, 6.901138835530844, 10123, 0, 0
WIN , 9897.092243957513, -4060.1574996948243, 20.616943359375, 8.576336433238746, 199.50256, 1154, 123, 31, 5454.531071461593, 0.0, 4072.52788848877, 4.726630044594101, 10153, 0, 0
WIN , 9638.980256652812, -4058.449744415283, 25.46330108642578, 8.924981719122975, 209.7, 1080, 128, 19, 1308.7135681724417, 0.0, 193.95381009945658, 1.2117718223818905, 10185, 0, 0
WIN , 9799.058103942867, -4055.0299995422365, 21.28898468017578, 9.332436289469397, 219.11896, 1050, 130, 25, 4900.977890692424, 0.0, 4069.4206092834474, 4.667597991135642, 10204, 0, 0
WIN , 10279.611895751941, -4055.2881042480467, 25.198486328125, 9.413564007098847, 223.0, 1092, 127, 30, 956.1372700354968, 0.0, 25.941942076994252, 0.8755835806185869, 10215, 0, 0
LOSS, 7995.99965820311, -4054.300001525879, 18.07292022705078, 8.524519891474531, 207.0, 938, 137, 18, 811.1711863823355, 0.0, 23.98930591481887, 0.8647880451837265, 10231, 0, 0
WIN , 10296.611804199216, -3611.4996585845947, 22.60387420654297, 9.929230283702234, 196.88538, 1037, 130, 16, 8354.538952526831, 0.0, 3899.0982421875, 8.05645029173272, 10255, 0, 0
WIN , 9688.133354187003, -4056.311461639404, 22.242094421386717, 8.080177943442036, 215.55183, 1199, 120, 27, 1156.720038026595, 0.0, 25.4954833984375, 0.9647373127828148, 10287, 0, 0
WIN , 10389.40589599604, -4055.6448165893553, 22.33436737060547, 6.803802158478088, 221.49287, 1527, 98, 28, 3124.0730083521307, 0.0, 1131.8069407215492, 2.045889330944421, 10337, 0, 0
WIN , 9961.179287719715, -4054.450714111328, 27.07609405517578, 9.596511837880264, 209.7, 1038, 130, 25, 4918.483896018157, 0.0, 4086.5579971313477, 4.7384237919250065, 10354, 0, 0
WIN , 10611.019743347155, -4057.4300010681154, 23.481201171875, 8.835153824602127, 199.50256, 1201, 119, 29, 5073.841302893225, 0.0, 4071.451663208008, 4.224680518645482, 10386, 0, 0
WIN , 9902.40025634764, -4056.6497451782225, 22.59111328125, 9.25457967882957, 175.5, 1070, 128, 27, 1295.3402441783196, 0.0, 287.078780574308, 1.2105983590451586, 10403, 0, 0
WIN , 10656.333190917947, -4060.25000038147, 24.711962890625, 7.493905197551299, 212.16809, 1422, 105, 25, 4578.170315388487, 0.0, 3196.311461639404, 3.2195290544222837, 10439, 0, 0
WIN , 10892.81323394775, -4055.983190917969, 22.904948425292968, 8.245884355751514, 184.03575, 1321, 111, 29, 1236.6490528135228, 0.0, 25.51882003833977, 0.936146141418261, 10472, 0, 0
WIN , 11207.186766052258, -4058.1964263916016, 21.9880859375, 9.089364773765011, 212.16809, 1233, 117, 31, 5469.523459473045, 0.0, 4080.4490280151367, 4.4359476556959, 10507, 0, 0
WIN , 11339.999999999985, -4055.983190917969, 21.630419921875, 9.26470588235293, 212.16809, 1224, 118, 26, 1061.9931230967595, 0.0, 32.013656515960875, 0.867641440438529, 10526, 0, 0
WIN , 11041.483235168464, -4055.983190917969, 22.841716003417968, 8.890083120103434, 197.33574, 1242, 117, 35, 5380.752199662769, 0.0, 4079.9647567749025, 4.332328663174533, 10562, 0, 0
WIN , 10278.763574218734, -4057.4664260864256, 23.74748077392578, 9.378433918082786, 209.7, 1096, 126, 27, 392755.87247193744, 0.0, 387835.6427773688, 358.3538982408188, 10583, 0, 0
WIN , 10301.281462097168, -4056.230000305176, 21.65074920654297, 8.849898163313718, 196.88538, 1164, 122, 24, 5247.773757469466, 0.0, 4069.4219512939453, 4.508396698856929, 10615, 0, 0
LOSS, 1605.662463378909, -4058.711463165283, 17.925334167480468, 3.217760447653124, 223.0, 499, 166, 9, 4698.885928875686, 0.0, 4049.492959543894, 9.416605067887145, 10642, 0, 0
WIN , 12172.637608337402, -1652.573927307129, 20.239149475097655, 11.157321364195601, 213.88466, 1091, 127, 32, 2863.536306183209, 0.0, 1664.7511838951427, 2.62468955653823, 10673, 0, 0
WIN , 9379.08846588134, -4057.0115348815916, 25.429443359375, 9.609721788812848, 223.0, 976, 134, 27, 9000.703269368467, 0.0, 4083.7788375854493, 9.222032038287363, 10692, 0, 0
WIN , 9863.161984252922, -4054.9, 23.032513427734376, 9.166507420309406, 191.38016, 1076, 128, 27, 6300.573612532625, 0.0, 4065.9625328063967, 5.855551684509875, 10721, 0, 0
WIN , 9618.6652984619, -4057.4619857788084, 24.15673828125, 8.527185548281826, 204.72717, 1128, 124, 29, 5344.975574724474, 0.0, 4079.05673828125, 4.73845352369191, 10759, 0, 0
WIN , 10658.323429870596, -4056.7272827148436, 23.16322479248047, 9.204078954983244, 221.49287, 1158, 122, 32, 5242.65495551105, 0.0, 4078.546417236328, 4.527335885588125, 10787, 0, 0
WIN , 10261.6765701294, -4054.450714111328, 24.60205078125, 7.446789963809435, 204.72717, 1378, 108, 30, 1754.9792629666813, 0.0, 25.393238351224078, 1.2735698570150082, 10834, 0, 0
WIN , 10230.784179687493, -4057.927283477783, 23.63976287841797, 9.126480088927291, 196.88538, 1121, 125, 32, 5459.863016908728, 0.0, 4071.8111878400946, 4.870529007055065, 10857, 0, 0
WIN , 11359.954963684086, -4056.9114639282225, 25.612712097167968, 7.171688739699549, 197.33574, 1584, 94, 28, 2110.5616058393066, 0.0, 36.62394753596618, 1.3324252562116834, 10927, 0, 0
WIN , 10142.171223449699, -4057.4664260864256, 23.370211791992187, 9.496415003230055, 175.6235, 1068, 128, 28, 865.4019140929423, 0.0, 42.81326426407441, 0.810301417690021, 10949, 0, 0
WIN , 10528.960685729973, -4059.637649536133, 21.886398315429688, 9.179564678055774, 186.01665, 1147, 123, 32, 942.2269167677322, 0.0, 25.539901733398438, 0.8214707208088337, 10972, 0, 0
WIN , 9741.690539550762, -4057.998336791992, 24.528836059570313, 9.295506240029352, 169.11125, 1048, 130, 28, 4771.069234207378, 0.0, 4079.558835601807, 4.5525469792055135, 10988, 0, 0
WIN , 10275.941125488274, -4061.488875579834, 26.71793975830078, 9.224363667404196, 209.7, 1114, 125, 17, 5054.640546723475, 0.0, 4081.6189253852276, 4.537379305855903, 11009, 0, 0
WIN , 10511.083189392091, -4056.230000305176, 21.36357421875, 7.757256966341027, 198.8681, 1355, 109, 23, 5625.2098603707345, 0.0, 4068.5596450805665, 4.151446391417516, 11053, 0, 0
WIN , 10022.324459838854, -4057.3131896972654, 26.141207885742187, 9.366658373681172, 175.6235, 1070, 128, 24, 1324.0747691871818, 0.0, 224.27154485519668, 1.2374530553151233, 11077, 0, 0
WIN , 9995.262350463856, -4060.2376499176025, 21.182373046875, 9.203740654202445, 223.0, 1086, 127, 31, 9288.81689349854, 0.0, 4071.778228378296, 8.553238391803445, 11106, 0, 0
WIN , 10222.107687377935, -4056.1000007629395, 23.54873046875, 9.143209022699406, 201.92313, 1118, 125, 28, 5159.170333001958, 0.0, 4047.219748091466, 4.61464251610193, 11132, 0, 0
WIN , 10291.83377380369, -4057.6076877593996, 24.67784881591797, 9.051744743890668, 183.58539, 1137, 124, 26, 9164.892116531086, 0.0, 4072.3648575942857, 8.060591131513707, 11154, 0, 0
WIN , 10369.738281249995, -4060.04146194458, 24.075439453125, 9.152460971977048, 186.20258, 1133, 124, 34, 1048.317082347658, 0.0, 27.485150917886084, 0.9252577955407396, 11173, 0, 0
WIN , 10619.999999999989, -4058.5797424316406, 25.429931640625, 8.791390728476813, 186.20258, 1208, 119, 29, 5789.423189713209, 0.0, 4069.4637951319733, 4.792568865656629, 11207, 0, 0
WIN , 9490.216682434057, -4059.77974319458, 20.986491394042968, 8.68272340570362, 184.03575, 1093, 127, 19, 5193.741701016311, 0.0, 4043.615323829651, 4.7518222333177595, 11236, 0, 0
LOSS, 6673.277452087388, -4058.7964248657227, 18.96256866455078, 7.963338248314305, 191.0, 838, 144, 20, 729.3731935581314, 0.0, 24.450463616982063, 0.8703737393295125, 11251, 0, 0
LOSS, 1225.0738281249992, -3110.8738761901855, 17.94767608642578, 3.7464031441131476, 207.0, 327, 178, 4, 663.1699506650505, 0.0, 194.5245605468749, 2.028042662584252, 11257, 0, 0
LOSS, 8173.736572265601, -1207.147705078125, 18.65055694580078, 11.915067889600001, 207.0, 686, 154, 9, 2005.2207467165772, 0.0, 1220.285295727473, 2.923062312997926, 11267, 0, 0
WIN , 11438.765722656239, -2920.284278869629, 26.40947265625, 7.221443006727424, 175.5, 1584, 94, 32, 5014.856039083768, 0.0, 2931.3023636031526, 3.1659444691185405, 11335, 0, 0
WIN , 10137.59974365235, -4060.8500007629395, 24.960693359375, 7.0694558881815555, 199.50256, 1434, 104, 27, 5841.528912447845, 0.0, 4073.86226458577, 4.073590594454564, 11385, 0, 0
WIN , 10129.477539062495, -4057.8497440338133, 22.658447265625, 8.86218507354549, 204.72717, 1143, 123, 25, 2998660.425658705, 0.0, 2985489.0602703914, 2623.4999349594973, 11412, 0, 0
WIN , 9762.92271728514, -4056.1272842407225, 24.624560546875, 9.38742568969725, 175.5, 1040, 130, 26, 4844.37404747741, 0.0, 4071.3949897766115, 4.658051968728279, 11431, 0, 0
LOSS, 8800.654101562479, -4058.4499992370606, 18.98698272705078, 8.704900199369416, 191.0, 1011, 132, 20, 3008.971172067341, 0.0, 1890.5643058776855, 2.976232613320812, 11459, 0, 0
WIN , 10366.076609802232, -3829.704103088379, 23.18495330810547, 8.829707504090488, 208.19289, 1174, 121, 31, 4827.4244282757845, 0.0, 3819.359864807129, 4.111945850320089, 11484, 0, 0
WIN , 9773.776788330058, -4057.5807121276857, 26.50139617919922, 9.425049940530432, 170.425, 1037, 130, 29, 4701.206212943702, 0.0, 4069.729446411133, 4.533467900620734, 11496, 0, 0
LOSS, 8319.363008117663, -4060.1574996948243, 18.95695343017578, 8.463238055053575, 207.0, 983, 134, 21, 8117.638137430479, 0.0, 4075.3152746412798, 8.258024554863153, 11514, 0, 0
WIN , 10506.462683105461, -3608.3205070495605, 23.2595703125, 8.032463825004175, 212.16809, 1308, 112, 33, 5029.300935020314, 0.0, 3623.8230687698883, 3.84503129588709, 11564, 0, 0
WIN , 10171.329998779285, -4055.3831924438477, 23.613818359375, 6.524265554059837, 198.8681, 1559, 96, 27, 6099.615011616773, 0.0, 4069.1748329162597, 3.912517646963934, 11615, 0, 0
WIN , 10268.331626892086, -4058.513190460205, 21.828520202636717, 8.409772012196632, 215.55183, 1221, 118, 36, 5348.79662063785, 0.0, 4069.9745918273925, 4.380668812971212, 11653, 0, 0
WIN , 10949.255183410654, -4055.6448165893553, 25.08024444580078, 7.433302907950207, 223.0, 1473, 101, 37, 6117.41567502752, 0.0, 4066.885916137695, 4.153031687051948, 11697, 0, 0
WIN , 10261.48071136473, -4054.300001525879, 21.14515838623047, 8.637610026401287, 208.19289, 1188, 120, 29, 1386.3211404688268, 0.0, 68.50710264781912, 1.166936986926622, 11730, 0, 0
LOSS, 5511.592091369623, -4056.3807113647463, 17.911529541015625, 7.428021686481971, 191.0, 742, 150, 13, 626.045219700752, 0.0, 24.29668879055551, 0.8437267111869973, 11745, 0, 0
LOSS, 9126.402441406237, -2767.972802734375, 18.026243591308592, 6.735352355281355, 207.0, 1355, 109, 12, 4349.11157234745, 0.0, 2780.355111064675, 3.20967643715679, 11779, 0, 0
WIN , 10653.136218261718, -3604.375244140625, 22.25353240966797, 9.900684217715352, 196.88538, 1076, 128, 31, 4534.945839725183, 0.0, 3593.6637130737304, 4.214633680041992, 11807, 0, 0
WIN , 10099.73828124999, -4056.9114639282225, 20.98681640625, 8.13183436493558, 199.50256, 1242, 117, 30, 5454.827821092659, 0.0, 4042.2810873994904, 4.391970870444975, 11835, 0, 0
LOSS, 506.11673583984384, -4056.049742889404, 18.397685241699218, 1.5430388287800116, 191.0, 328, 178, 4, 4274.862275812804, 0.0, 4045.9056785583493, 13.033116694551232, 11845, 0, 0
WIN , 13081.533520507814, -1343.3664794921874, 23.488037109375, 11.586832170511792, 223.0, 1129, 124, 28, 2480.8626972847346, 0.0, 1358.2815429687498, 2.197398314689756, 11878, 0, 0
WIN , 9821.48071136474, -4056.1000007629395, 23.46034393310547, 9.407548574104158, 208.19289, 1044, 130, 28, 801.1403386138873, 0.0, 29.98009013088703, 0.767375803270007, 11895, 0, 0
WIN , 10171.1792892456, -4056.980711746216, 24.63297882080078, 8.182766926183104, 196.4, 1243, 117, 26, 5579.551465465061, 0.0, 4070.1194903359215, 4.4887783310257925, 11939, 0, 0
WIN , 10087.490711975082, -4056.359999847412, 23.60023651123047, 9.178790456756216, 221.49287, 1099, 126, 31, 9181.455710167444, 0.0, 4072.3358848571775, 8.35437280270013, 11962, 0, 0
WIN , 9681.179287719711, -4056.2507133483887, 22.09489288330078, 9.417489579493882, 209.7, 1028, 131, 28, 945.9959171880957, 0.0, 25.89652862548828, 0.9202294914281087, 11976, 0, 0
WIN , 9944.180000305158, -4055.630001831055, 21.19652404785156, 9.17359778625937, 167.9, 1084, 127, 31, 9124.623077395481, 0.0, 4081.4465244293215, 8.417548964386976, 11997, 0, 0
WIN , 10048.386424255375, -4061.610001373291, 24.637614440917968, 4.540617453346306, 184.03575, 2213, 52, 11, 6461.4464058820795, 0.0, 4074.7852431997453, 2.9197679195129145, 12048, 0, 0
WIN , 11058.51676483154, -4057.596424102783, 20.785205078125, 9.230815329575575, 198.8681, 1198, 120, 33, 17665.00353978087, 0.0, 4082.471424102783, 14.745411969767005, 12087, 0, 0
WIN , 10247.586810302731, -4058.513190460205, 23.852862548828124, 9.125188611133332, 223.0, 1123, 125, 32, 1199.2104916165706, 0.0, 209.93381748025, 1.0678633050904458, 12112, 0, 0
WIN , 9983.799999999985, -4054.300001525879, 26.248886108398438, 9.092714025500896, 185.0, 1098, 126, 32, 4841.733863459536, 0.0, 3898.1724609375, 4.409593682567883, 12134, 0, 0
WIN , 9967.28319091796, -4058.7, 24.201220703125, 9.069411456704241, 212.16809, 1099, 126, 27, 5083.718464180238, 0.0, 4074.2960021972654, 4.625767483330517, 12151, 0, 0
WIN , 9721.26655273436, -4055.3831924438477, 20.38330078125, 9.438122866732389, 199.50256, 1030, 131, 24, 4989.794453957953, 0.0, 4080.8126358032227, 4.844460634910634, 12173, 0, 0
WIN , 9200.261718749978, -4056.049742889404, 22.48375701904297, 8.695899545132304, 196.88538, 1058, 129, 20, 1032.1121675004476, 0.0, 42.55190733822041, 0.9755313492442794, 12195, 0, 0
WIN , 8959.999999999985, -4057.5114624023436, 24.26793670654297, 8.145454545454532, 196.88538, 1100, 126, 30, 1352.1545510037643, 0.0, 159.09631311367568, 1.229231410003422, 12230, 0, 0
WIN , 9631.284962463362, -4057.5114624023436, 26.346110534667968, 8.716094988654627, 184.03575, 1105, 126, 24, 5049.733897864015, 0.0, 4070.304865116661, 4.569894930193678, 12254, 0, 0
WIN , 10686.103575134268, -4058.7964248657227, 25.7734375, 8.355045797603024, 223.0, 1279, 114, 33, 5424.574934272085, 0.0, 4072.5659236023735, 4.241262653848385, 12284, 0, 0
WIN , 9883.799999999977, -4054.9, 24.247177124023438, 8.700528169014065, 185.0, 1136, 124, 22, 993.346407789802, 0.0, 26.41737479861149, 0.874424654744544, 12307, 0, 0
WIN , 10416.199999999988, -4058.7, 25.58024444580078, 9.662523191094609, 223.0, 1078, 128, 32, 4906.859104301933, 0.0, 4128.954893853114, 4.551817350929437, 12322, 0, 0
WIN , 10584.66600189208, -4054.9, 25.31580352783203, 9.172154247740103, 176.33998, 1154, 123, 34, 5211.634231407592, 0.0, 4118.9833602866465, 4.516147514218018, 12344, 0, 0
WIN , 9849.802998352037, -4059.56600189209, 26.527886962890626, 8.354370651698082, 178.31, 1179, 121, 19, 5304.692287329054, 0.0, 4075.1529647827147, 4.499314917157807, 12373, 0, 0
WIN , 9639.427424621565, -4059.369000244141, 23.391764831542968, 9.620187050520524, 184.03575, 1002, 133, 28, 792.9546306199012, 0.0, 33.63071265248011, 0.7913718868462087, 12393, 0, 0
WIN , 9306.25428771971, -4058.7964248657227, 20.00380096435547, 8.673116763951267, 221.49287, 1073, 128, 32, 5046.417599658032, 0.0, 4071.3422477722165, 4.703091891573189, 12414, 0, 0
WIN , 9633.649287414539, -4055.050712585449, 26.596298217773438, 9.045680082079379, 185.0, 1065, 129, 11, 960.429983827265, 0.0, 25.3243408203125, 0.9018121913871033, 12434, 0, 0
LOSS, 4811.674999999997, -4058.7, 18.76762237548828, 6.257054616384912, 207.0, 769, 148, 14, 805.6584687778454, 0.0, 37.5443125096881, 1.0476703105043503, 12446, 0, 0
WIN , 10707.68228149412, -2700.9750003814697, 24.979248046875, 9.517939805772551, 191.42719, 1125, 125, 25, 3816.137908132154, 0.0, 2712.700517269691, 3.392122585006359, 12472, 0, 0
WIN , 9951.580368041985, -4058.0572814941406, 22.219577026367187, 9.689951672874377, 175.6235, 1027, 131, 27, 804.4988892554676, 0.0, 88.0900257741273, 0.7833484802876997, 12488, 0, 0
WIN , 10498.419631957997, -4059.637649536133, 21.0576171875, 9.407186050141574, 191.42719, 1116, 125, 24, 950.1357766411702, 0.0, 23.986188714802054, 0.8513761439437009, 12508, 0, 0
WIN , 10411.311718749996, -4058.0572814941406, 22.950494384765626, 8.712394743723845, 178.31, 1195, 120, 33, 1200.412081237381, 0.0, 31.935476760761816, 1.004528938273959, 12537, 0, 0
WIN , 10729.836100769026, -4059.369000244141, 23.26483154296875, 9.210159743149378, 179.94899, 1165, 122, 28, 4960.816723001756, 0.0, 4084.0149322509765, 4.258211779400649, 12556, 0, 0
WIN , 10825.694898986801, -4059.2051010131836, 25.468829345703124, 8.411573348086092, 223.0, 1287, 114, 34, 1401.0774490832785, 0.0, 145.5782380664573, 1.088638266575974, 12590, 0, 0
WIN , 10681.889196777345, -4056.1000007629395, 19.868916320800782, 8.464254514086644, 204.10803, 1262, 115, 33, 9116.772616444654, 0.0, 4081.0707038879395, 7.224067049480708, 12617, 0, 0
LOSS, 9646.48082275388, -4056.789196777344, 18.210917663574218, 7.506988967123641, 207.0, 1285, 114, 22, 5487.512324976443, 0.0, 4046.1907629211237, 4.270437606985559, 12658, 0, 0
LOSS, 8768.42260742185, -3633.8700199127197, 18.456968688964842, 9.29843330585562, 207.0, 943, 137, 18, 4385.075531805801, 0.0, 3623.577510488991, 4.650133119624392, 12679, 0, 0
LOSS, 8769.722167968726, -3611.692626953125, 18.84904327392578, 9.480780722128353, 207.0, 925, 138, 19, 4473.650093450441, 0.0, 3625.2130273071116, 4.836378479405882, 12700, 0, 0
WIN , 10536.367790222157, -3611.414794921875, 21.921554565429688, 10.063388529343035, 194.17415, 1047, 130, 23, 4450.104361551849, 0.0, 3624.596954345703, 4.2503384542042495, 12721, 0, 0
WIN , 10571.855064392079, -4057.782585144043, 21.391452026367187, 9.363910597335765, 175.6235, 1129, 124, 26, 987.4462738864336, 0.0, 35.892092511539985, 0.8746202603068499, 12740, 0, 0
WIN , 10865.26235046386, -4059.637649536133, 21.78515625, 8.986982920152077, 223.0, 1209, 119, 31, 1215.609401348058, 0.0, 25.48290108363858, 1.0054668332076577, 12770, 0, 0
WIN , 10771.083190917963, -4054.9, 23.69072265625, 9.013458737169843, 212.16809, 1195, 120, 30, 1294.0143871749162, 0.0, 132.3737209006117, 1.0828572277614361, 12800, 0, 0
WIN , 11602.716809082009, -4055.983190917969, 22.778182983398438, 8.994354115567448, 185.0, 1290, 114, 34, 1783.313533622216, 0.0, 155.43007847887444, 1.3824135919552063, 12839, 0, 0
LOSS, 9285.697216796852, -4057.4999992370604, 17.93961944580078, 8.885834657221869, 207.0, 1045, 130, 22, 7946.950268976531, 0.0, 4075.4798776319153, 7.604737099499073, 12859, 0, 0
WIN , 10682.85252685547, -3593.797218322754, 24.072998046875, 10.021437642453536, 199.50256, 1066, 128, 33, 4585.030695748837, 0.0, 3607.9338277054226, 4.3011544988263015, 12874, 0, 0
WIN , 10352.850799560529, -4057.2497436523436, 22.458641052246094, 9.335302794914814, 170.99457, 1109, 126, 29, 4423.354243640004, 0.0, 3622.3913394927977, 3.9885971538683536, 12886, 0, 0
WIN , 11519.539918518072, -4060.1005432128904, 21.752076721191408, 7.431961237753595, 175.59538, 1550, 96, 32, 1663.02847794981, 0.0, 178.76697137792678, 1.0729215986772966, 12923, 0, 0
WIN , 10197.420039367666, -4059.640461730957, 23.83147735595703, 9.512518693439986, 201.39499, 1072, 128, 30, 782.0446286703923, 0.0, 24.99333165019558, 0.7295192431626794, 12932, 0, 0
WIN , 10787.839498901361, -4057.060501098633, 22.79630889892578, 9.042614835625617, 223.0, 1193, 120, 30, 8503.255869252973, 0.0, 4081.4390975952147, 7.127624366515485, 12952, 0, 0
LOSS, 5492.042236328119, -4056.1000007629395, 17.75803985595703, 5.861304414437694, 223.0, 937, 137, 9, 1639.0361106159933, 0.0, 711.0723243897155, 1.7492381116499394, 12970, 0, 0
WIN , 12070.617764282222, -2616.942236328125, 22.34879913330078, 9.408119847453017, 196.4, 1283, 114, 32, 3957.7045897291714, 0.0, 2629.4974833305387, 3.0847268820960028, 12996, 0, 0
WIN , 10451.019741821276, -4056.9600021362303, 22.5146484375, 8.909650248781992, 186.20258, 1173, 121, 29, 14325.827179682525, 0.0, 5058.44265200315, 12.212981397853815, 13022, 0, 0
WIN , 11640.986259460453, -4059.77974319458, 23.62464141845703, 8.59747877360447, 176.33998, 1354, 109, 32, 5431.530918105118, 0.0, 4311.414846893746, 4.011470397418846, 13054, 0, 0
WIN , 10356.417189025875, -4058.3660011291504, 23.63310546875, 9.279943717765121, 212.16809, 1116, 125, 34, 4994.708676814204, 0.0, 4070.6679389953615, 4.475545409331724, 13075, 0, 0
WIN , 10868.916809082031, -4055.3831924438477, 22.725830078125, 8.901651768289952, 223.0, 1221, 118, 26, 1217.32177456447, 0.0, 100.21854661258801, 0.9969875303558312, 13092, 0, 0
WIN , 10492.56642608642, -4054.300001525879, 22.860514831542968, 9.427283401694897, 197.33574, 1113, 125, 30, 1014.6027102197567, 0.0, 30.421695471246615, 0.911592731554139, 13114, 0, 0
LOSS, 10060.13269500731, -4057.4664260864256, 17.967741394042967, 8.918557353729886, 207.0, 1128, 124, 24, 9091.861043957395, 0.0, 4082.4221069335936, 8.06016049996223, 13143, 0, 0
WIN , 13397.300878906264, -3616.999122619629, 25.471514892578124, 9.501631829011535, 223.0, 1410, 106, 34, 5465.241486559721, 0.0, 3630.1107364807553, 3.876057791886327, 13178, 0, 0
WIN , 11733.94146118164, -4053.6999992370606, 22.88170623779297, 9.18867772997779, 183.58539, 1277, 114, 23, 9527.868264225597, 0.0, 4069.9316688537597, 7.461134114507124, 13210, 0, 0
WIN , 11417.885821533198, -4058.8414611816406, 24.2763671875, 9.483293871705314, 204.72717, 1204, 119, 35, 5148.323347596768, 0.0, 4069.6094619750975, 4.276016069432532, 13229, 0, 0
WIN , 12160.832717895499, -4057.927283477783, 24.36222686767578, 8.812197621663405, 196.4, 1380, 108, 35, 5463.020620876253, 0.0, 4082.897986602783, 3.9587105948378642, 13259, 0, 0
WIN , 12411.139999389647, -4057.5600006103514, 23.873641967773438, 9.466926010213308, 185.0, 1311, 112, 36, 9270.501083784846, 0.0, 4081.9385971069332, 7.071320430041835, 13282, 0, 0
LOSS, 4729.821533203117, -4058.1000015258787, 17.48405303955078, 4.841168406553855, 175.0, 977, 134, 15, 5582.427613761926, 0.0, 4086.799308742191, 5.713846073451307, 13325, 0, 0
LOSS, 11675.875683593746, -2079.7215339660643, 18.65812530517578, 10.314377812361966, 207.0, 1132, 124, 17, 3137.929639087011, 0.0, 2070.262396555475, 2.7720226493701507, 13347, 0, 0
LOSS, 3861.0959960937457, -3613.797218322754, 18.49552764892578, 6.1190110873118, 175.0, 631, 157, 8, 4393.298211395954, 0.0, 3627.826111655283, 6.962437735968232, 13367, 0, 0
WIN , 13521.677497863775, -2104.2932121276854, 21.82167205810547, 10.03836488334356, 200.2929, 1347, 110, 27, 3397.5819936399434, 0.0, 1949.4067871093753, 2.5223325862211903, 13396, 0, 0
LOSS, 11077.225041198704, -4055.970709991455, 18.687846374511718, 8.026974667535294, 207.0, 1380, 108, 21, 6607636.8621278545, 0.0, 1651453.559018438, 4788.142653715837, 13443, 0, 0
WIN , 12744.304248046881, -3614.395751953125, 23.381698608398438, 7.0177886828451985, 185.0, 1816, 78, 33, 1.3450813173645616E9, 0.0, 1.3450750541132119E9, 740683.544804274, 13516, 0, 0
WIN , 11036.19999999998, -4058.7, 24.589599609375, 9.352711864406764, 223.0, 1180, 121, 22, 10599.471420763015, 0.0, 4075.0590502137106, 8.982602898951708, 13541, 0, 0
WIN , 11410.0, -4053.6999992370606, 23.90397491455078, 9.268887083671812, 223.0, 1231, 117, 35, 5207.206883655057, 0.0, 4074.4852043151855, 4.230062456259185, 13576, 0, 0
WIN , 11204.48833465576, -4054.9, 23.116622924804688, 9.337073612213134, 178.11665, 1200, 120, 30, 568522.5944978757, 0.0, 567428.589311274, 473.76882874822974, 13602, 0, 0
WIN , 11389.980665588373, -4059.9883350372315, 22.772515869140626, 9.148578847862147, 178.31, 1245, 117, 28, 5387.2849226593735, 0.0, 4071.4810695648193, 4.327136484063754, 13630, 0, 0
WIN , 11548.097425842276, -4060.5690010070803, 25.206950378417968, 8.663238879101483, 197.33574, 1333, 111, 30, 4.1958115546117016E13, 0.0, 4.19581155447036E13, 3.1476455773531143E10, 13668, 0, 0
WIN , 10560.590855407709, -4056.266425323486, 22.867919921875, 9.479884071281605, 191.42719, 1114, 125, 25, 5.180019917474242E13, 0.0, 5.180019917385087E13, 4.64992811263397E10, 13681, 0, 0
WIN , 10949.255908203113, -4058.0572814941406, 24.984912109375, 9.430883641863147, 198.8681, 1161, 122, 26, 958.381227219915, 0.0, 26.462353315468008, 0.8254790932126744, 13703, 0, 0
WIN , 10402.787353515618, -4057.3131896972654, 21.384422302246094, 9.422814631807626, 170.99457, 1104, 126, 28, 5046.321699550707, 0.0, 4083.1975922569586, 4.570943568433612, 13726, 0, 0
LOSS, 5346.698284912098, -4059.5005447387693, 18.943461608886718, 7.885985670961796, 207.0, 678, 154, 6, 5.180019917454481E13, 0.0, 5.180019917385085E13, 7.640147370876816E10, 13731, 0, 0
LOSS, 9103.141992187486, -2706.198829650879, 19.09757843017578, 10.025486775536878, 191.0, 908, 139, 15, 7569.640842613768, 0.0, 4068.9491889953615, 8.33660885750415, 13748, 0, 0
WIN , 11428.900640869131, -3129.9408203125, 21.65270233154297, 10.466026227902134, 183.58539, 1092, 127, 31, 2.690154117260619E9, 0.0, 2.690150108688591E9, 2463511.0963925086, 13762, 0, 0
