LOSS, 15629.884704589947, -15.2119140625, 38.8, 5.208225493032305, 166.88538, 3000, 0, 24, 12320.506162851823, 0.0, 51.612877655029294, 4.105466898651057, 1060, 0, 0
LOSS, 8645.26029510509, -3200.4847061157225, 15.607672119140625, 2.881753431701697, 178.55, 3000, 0, 23, 13202.124102895925, 0.0, 3210.6570715122853, 4.400708034298642, 1705, 0, 0
LOSS, 11639.754013062016, -2005.7450012207032, 15.943769836425782, 3.8799180043540056, 181.00987, 3000, 0, 20, 10102.746083463182, 0.0, 1995.412498474121, 3.3675820278210606, 2193, 0, 0
WIN , 16833.600987243677, -2005.4990142822267, 22.39013671875, 8.677113910950348, 175.0, 1940, 70, 37, 6334.285532306998, 0.0, 2015.698989868164, 3.265095635209793, 2413, 0, 0
LOSS, 10549.26059570311, -4059.1000015258787, 17.11613311767578, 7.6833653282615515, 191.0, 1373, 108, 16, 6336.5913010554395, 0.0, 4073.202066564043, 4.615142972363758, 2527, 0, 0
WIN , 15101.821041870133, -3338.360597229004, 23.739662170410156, 7.808594127130369, 164.18362, 1934, 71, 28, 11435.156596768706, 0.0, 3354.219972229004, 5.912697309601192, 2797, 0, 0
WIN , 13555.448362731928, -4060.181639099121, 26.95719757080078, 8.482758675051269, 209.7, 1598, 93, 39, 6830.334478645005, 0.0, 4070.803583660233, 4.27430192656133, 2951, 0, 0
WIN , 12140.269999694781, -4056.230000305176, 24.011474609375, 8.180774932408882, 207.0, 1484, 101, 37, 9921.94731052489, 0.0, 4070.7914573669436, 6.685948322456126, 3076, 0, 0
WIN , 12043.941461181636, -4055.2999992370605, 25.43932342529297, 8.714863575384685, 167.58539, 1382, 107, 30, 600321.5574460933, 0.0, 594339.6186027117, 434.3860762996334, 3181, 0, 0
WIN , 13589.999999999976, -4059.241460418701, 23.20958709716797, 6.965658636596605, 167.58539, 1951, 69, 31, 7567.683733964594, 0.0, 4070.1414611816404, 3.8788742870141433, 3357, 0, 0
LOSS, 3467.2765563964767, -4059.241460418701, 16.6748046875, 4.723810022338524, 207.0, 734, 151, 12, 4992.742850870034, 0.0, 4074.967765161284, 6.802101976662172, 3395, 0, 0
WIN , 16879.86517333995, -1666.5180168151855, 21.837939453125, 7.789508617138878, 196.16809, 2167, 55, 32, 5709.32325326616, 0.0, 1655.513028717041, 2.6346669373632485, 3604, 0, 0
WIN , 12532.267521667507, -4056.3831901550293, 23.04799041748047, 8.46203073711513, 173.49287, 1481, 101, 32, 2206.6882663314577, 0.0, 125.66576255072036, 1.4899988293932869, 3681, 0, 0
WIN , 13739.579287719735, -4058.65071182251, 23.72013702392578, 9.039196899815614, 177.7, 1520, 98, 33, 1529.1630252501006, 0.0, 29.091060330339122, 1.0060283060855926, 3748, 0, 0
WIN , 15982.36833496093, -4058.2299995422363, 21.798507690429688, 6.156536338582792, 154.01665, 2596, 26, 35, 8821.624812029117, 0.0, 4074.3298095184973, 3.39816055933325, 3973, 0, 0
LOSS, 12886.361801147457, -4060.5983345031736, 17.27946319580078, 8.814200958377194, 201.8, 1462, 102, 36, 1350449.583527312, 0.0, 1348751.3689798997, 923.7001255316771, 4044, 0, 0
WIN , 15471.539863586426, -3666.9601356506346, 23.055419921875, 9.515092167027323, 175.0, 1626, 91, 31, 5349.811251154639, 0.0, 3656.903238677978, 3.290166821128314, 4089, 0, 0
LOSS, 5130.38593749999, -4058.4999992370604, 16.58098907470703, 6.196118282004819, 207.0, 828, 144, 16, 5237.231517725645, 0.0, 4071.727867889404, 6.3251588378329044, 4141, 0, 0
LOSS, 11767.198553466867, -1868.8859367370605, 17.26518096923828, 3.922399517822289, 229.15509, 3000, 0, 20, 581275.1101170755, 0.0, 573937.0952089123, 193.75837003902515, 4393, 0, 0
LOSS, 3772.261671447777, -2336.0844902038575, 16.08988800048828, 1.2574205571492592, 233.1259, 3000, 0, 7, 6842.119085147048, 0.0, 1722.4155090332029, 2.2807063617156826, 4607, 0, 0
LOSS, 15690.56077117924, -608.3461616516113, 16.90812530517578, 8.746131979475608, 207.0, 1794, 80, 26, 710604.4613267201, 0.0, 573936.6070389926, 396.1005915979488, 4747, 0, 0
LOSS, 7032.887600707878, -3598.9069328308105, 16.43376007080078, 2.344295866902626, 203.39499, 3000, 0, 18, 25861.452277040076, 0.0, 17702.281566420323, 8.620484092346691, 5008, 0, 0
LOSS, 6540.078683471666, -1811.7945335388183, 17.69779815673828, 9.51976518700388, 223.0, 687, 154, 13, 600670.8931507414, 0.0, 573936.8154979834, 874.3390002194197, 5044, 0, 0
LOSS, 1450.9467819213892, -1781.8732170104981, 16.16319122314453, 5.475270875175053, 201.8, 265, 182, 10, 338.53976080384246, 0.0, 115.35520019531259, 1.2775085313352545, 5054, 0, 0
WIN , 17817.331382751527, -722.8199989318848, 20.989175415039064, 10.733332158284052, 158.48618, 1660, 89, 31, 2972.5974326003748, 0.0, 711.6975318908692, 1.7907213449399848, 5155, 0, 0
WIN , 15958.348617553751, -4060.1513816833494, 20.655572509765626, 7.347305993348872, 175.0, 2172, 55, 29, 135639.45360100485, 0.0, 131528.87271780526, 62.44910386786595, 5313, 0, 0
WIN , 13849.950000000017, -4058.4999992370604, 24.195849609375, 9.105818540433937, 175.5, 1521, 98, 38, 1870.3286769645608, 0.0, 76.79884769071946, 1.229670399056253, 5389, 0, 0
LOSS, 11691.232617187487, -4058.4499992370606, 17.26078643798828, 8.062919046336198, 175.0, 1450, 103, 21, 20797.225925097515, 0.0, 14865.311645800031, 14.342914431101734, 5465, 0, 0
WIN , 16106.947383117673, -3309.6826164245604, 24.42130889892578, 9.714684790782673, 193.7, 1658, 89, 26, 5198.36362030032, 0.0, 3324.3528107192, 3.135321845778239, 5523, 0, 0
WIN , 15208.820712280274, -4056.6299995422364, 23.60121307373047, 9.015305697854341, 205.49287, 1687, 87, 32, 1877.081730274736, 0.0, 82.46032125554247, 1.1126744103584683, 5601, 0, 0
LOSS, 6005.531562805147, -4055.4507118225097, 16.779737854003905, 4.038689685813818, 188.5, 1487, 100, 17, 6023.4369932470545, 0.0, 4071.619918823242, 4.050730997476163, 5673, 0, 0
LOSS, 18534.962724304303, -1930.9822746276855, 17.59849395751953, 6.178320908101434, 210.55, 3000, 0, 34, 13008.312116741816, 0.0, 5575.206883774657, 4.3361040389139385, 5866, 0, 0
LOSS, 9467.271797180167, -3665.9449989318846, 17.339884948730468, 8.498448650969628, 175.0, 1114, 125, 16, 5228.252894122964, 0.0, 3654.822531890869, 4.693225219140901, 5904, 0, 0
WIN , 16463.833915710486, -2773.2167961120604, 24.98329315185547, 10.038923119335662, 189.49287, 1640, 90, 37, 2977.0503719769295, 0.0, 1106.6987792968748, 1.8152746170591034, 5970, 0, 0
LOSS, 4963.695573425237, -4058.250712585449, 17.708293151855468, 1.6545651911417456, 233.87747, 3000, 0, 11, 13362.171107135599, 0.0, 4068.3166105115297, 4.454057035711866, 6257, 0, 0
LOSS, 15501.229104614245, -1440.7462852478027, 16.94376983642578, 9.987905350911241, 223.0, 1552, 96, 31, 3260.805835435397, 0.0, 832.4001235961914, 2.1010346877805395, 6372, 0, 0
WIN , 16161.510431671157, -3361.9753898620606, 22.073549652099608, 9.341913544318588, 125.14178, 1730, 84, 34, 4330.367729798987, 0.0, 1580.1021728515625, 2.5031027339878538, 6457, 0, 0
LOSS, 12689.467253875724, -4063.4858215332033, 17.104228210449218, 8.955163905346312, 207.0, 1417, 105, 23, 10109.009119805201, 0.0, 4069.8516693115234, 7.1340925333840515, 6532, 0, 0
LOSS, 5281.370507812491, -3762.9530754089355, 17.18070831298828, 6.823476108284872, 191.0, 774, 148, 11, 1884.2550594594563, 0.0, 989.7362792968752, 2.434438061317127, 6569, 0, 0
WIN , 14046.78787841797, -2104.3235832214355, 24.69249725341797, 10.459261264644804, 148.88538, 1343, 110, 31, 3605.0260709090994, 0.0, 735.0060142517091, 2.684308317877215, 6649, 0, 0
WIN , 13203.471084594734, -4061.1114616394043, 23.367611694335938, 9.331074971445041, 214.17453, 1415, 105, 31, 1759.8970788289362, 0.0, 116.58636825246094, 1.243743518607022, 6717, 0, 0
LOSS, 3966.8309539792226, -4054.582546234131, 18.90995635986328, 1.3222769846597409, 173.0, 3000, 0, 16, 9728.66218823286, 0.0, 2613.836260986328, 3.24288739607762, 6963, 0, 0
LOSS, 6721.647026061998, -2001.4135002136231, 17.337443542480468, 2.2405490086873328, 178.55, 3000, 0, 17, 12056.393916369834, 0.0, 3655.1893791198727, 4.018797972123278, 7115, 0, 0
LOSS, 9465.249873352026, -2003.0605262756349, 17.40714874267578, 9.36226495880517, 191.0, 1011, 132, 17, 3420.6146643920483, 0.0, 1992.1280479431152, 3.3833972941563286, 7162, 0, 0
WIN , 13182.269342040994, -2978.3103996276855, 22.65380859375, 8.76480674337832, 154.20258, 1504, 99, 32, 9090.579194456943, 0.0, 4071.5035659790037, 6.04426808142084, 7250, 0, 0
WIN , 13891.077539062508, -4060.579741668701, 24.3232421875, 8.263579737693341, 143.42719, 1681, 87, 27, 3628.4844241976334, 0.0, 853.5390581594454, 2.158527319570276, 7325, 0, 0
LOSS, -508.1904571533215, -4061.6572807312014, 16.660031127929688, -1.8412697722946432, 190.48618, 276, 181, 6, 4247.316394597221, 0.0, 4072.5572814941406, 15.388827516656598, 7332, 0, 0
WIN , 15531.833175659209, -853.4668235778809, 23.921875, 10.40310326567931, 207.0, 1493, 100, 33, 2821.4387016352784, 0.0, 868.0872878149291, 1.8897780988849822, 7399, 0, 0
WIN , 12710.000000000005, -4055.2999992370605, 21.4560546875, 7.120448179271712, 207.0, 1785, 81, 34, 15039.729159556264, 0.0, 8256.5027162211, 8.42561857678222, 7496, 0, 0
WIN , 10839.999999999984, -4055.2999992370605, 24.47314453125, 9.264957264957252, 207.0, 1170, 122, 18, 1237.7046402182025, 0.0, 54.56721855492698, 1.0578672138617116, 7533, 0, 0
WIN , 11051.827282714816, -4055.2999992370605, 20.5458984375, 7.125613979829024, 188.72717, 1551, 96, 31, 3.1701509594788285E15, 0.0, 3.1701509594767325E15, 2.0439400125588835E12, 7606, 0, 0
LOSS, 16028.517224121426, -4057.1272819519045, 18.032895660400392, 5.342839074707142, 213.55493, 3000, 0, 27, 4843.25946629244, 0.0, 89.51425423301565, 1.6144198220974801, 7733, 0, 0
WIN , 10985.466955566402, -3665.644506072998, 23.27794647216797, 9.192859377043014, 148.88538, 1195, 120, 26, 5114.959668026139, 0.0, 3655.336461639404, 4.280300977427731, 7783, 0, 0
WIN , 13427.949038696315, -4061.1114616394043, 23.78924102783203, 8.816775468612157, 169.39499, 1523, 98, 40, 2112.2525893359943, 0.0, 296.48993175822073, 1.3869025537334172, 7837, 0, 0
WIN , 12477.990211486835, -4059.060500335693, 21.32606658935547, 8.534877025640789, 189.49287, 1462, 102, 33, 5823.594450270772, 0.0, 4073.2350440570335, 3.9833067375313074, 7903, 0, 0
LOSS, 6509.081689453101, -4057.0507118225096, 17.939511871337892, 6.375202438249854, 185.8, 1021, 131, 17, 1367.9172895944735, 0.0, 115.80515938951176, 1.3397818703177997, 7941, 0, 0
WIN , 10984.97906036374, -2696.132401275635, 25.61901092529297, 9.968220562943502, 148.88538, 1102, 126, 25, 2.1004574543480395E15, 0.0, 2.1004574543458212E15, 1.9060412471397817E12, 7982, 0, 0
LOSS, 6141.206848144515, -4061.1114616394043, 17.56822052001953, 7.609921744912658, 207.0, 807, 146, 12, 1.1597739053956852E15, 0.0, 1.1597739053911295E15, 1.4371423858682593E12, 8000, 0, 0
WIN , 13141.381689453141, -2692.3183097839355, 24.940673828125, 9.925514871188174, 223.0, 1324, 111, 31, 2986.2392047588455, 0.0, 680.1037931348474, 2.2554676773103064, 8040, 0, 0
WIN , 11714.799999999997, -4053.6999992370606, 25.39933624267578, 9.48566801619433, 175.0, 1235, 117, 35, 5352.7972891024665, 0.0, 4074.4692260742186, 4.334248817087017, 8082, 0, 0
WIN , 11066.530000305145, -4058.4999992370604, 24.96330108642578, 9.434381926943859, 209.7, 1173, 121, 25, 2.10045745434762E15, 0.0, 2.1004574543458268E15, 1.7906713165793862E12, 8119, 0, 0
LOSS, 4683.379228210446, -4055.0299995422365, 17.78466033935547, 6.787506127841226, 223.0, 690, 154, 17, 523.7532118890138, 0.0, 27.733602905273436, 0.7590626259261068, 8134, 0, 0
WIN , 11682.772412109358, -2438.4092277526856, 24.689369201660156, 10.718139827623265, 148.1836, 1090, 127, 25, 1649.2014638770358, 0.0, 334.8075683593747, 1.5130288659422346, 8171, 0, 0
WIN , 10799.97835998535, -4061.1816398620604, 25.12882843017578, 8.80911774876456, 148.4, 1226, 118, 36, 1616.820901649486, 0.0, 158.7997196395853, 1.318777244412305, 8219, 0, 0
WIN , 10367.06999969481, -4061.159999847412, 26.81950225830078, 8.603377593107727, 177.7, 1205, 119, 28, 3350.3221247544584, 0.0, 1882.3917961120605, 2.7803503109995504, 8272, 0, 0
WIN , 10694.851901245114, -4058.2299995422363, 23.53308563232422, 8.730491347955196, 129.18098, 1225, 118, 26, 1484.6211025492528, 0.0, 35.37878494262695, 1.2119355939177574, 8318, 0, 0
WIN , 10422.445381164533, -4063.0819007873533, 23.99072265625, 9.677293761526958, 204.72717, 1077, 128, 24, 3610.701248274155, 0.0, 2707.5706733703614, 3.3525545480725674, 8342, 0, 0
WIN , 10780.160821533198, -4055.527281951904, 23.62736358642578, 8.821735533169557, 203.11896, 1222, 118, 26, 1833.3261225160984, 0.0, 88.26800917297228, 1.500266876036087, 8400, 0, 0
LOSS, 6466.811895751939, -4055.6881034851076, 18.855771636962892, 8.196212795629835, 185.0, 789, 147, 14, 4908.254115459247, 0.0, 4073.827724456787, 6.220854392217044, 8428, 0, 0
WIN , 11112.799999999987, -3012.4999992370604, 24.094197082519532, 10.280111008325612, 207.0, 1081, 127, 29, 4400.430371293969, 0.0, 3023.657470306343, 4.070703396201637, 8463, 0, 0
LOSS, 1507.9947311401388, -4055.2999992370605, 18.682065582275392, 3.466654554345147, 201.8, 435, 171, 13, 1868.536833727858, 0.0, 1494.7230189706315, 4.29548697408703, 8473, 0, 0
LOSS, 17211.39524841322, -1473.2947303771973, 17.817977905273438, 5.737131749471073, 213.00987, 3000, 0, 30, 1787953.6319331364, 0.0, 1782628.350891316, 595.9845439777122, 8591, 0, 0
WIN , 10323.810020446756, -3664.689978790283, 23.88134765625, 8.359360340442716, 175.0, 1235, 117, 28, 308608.86365772533, 0.0, 300818.3844692814, 249.8857195609112, 8632, 0, 0
WIN , 10620.749743652328, -4058.4999992370604, 23.024658203125, 9.000635375976549, 167.50256, 1180, 121, 32, 1844.7260694041402, 0.0, 577.1268136889776, 1.5633271774611357, 8671, 0, 0
LOSS, 4638.800392150843, -4059.2497428894044, 18.32218780517578, 1.5462667973836144, 233.40611, 3000, 0, 10, 5745.939750694142, 0.0, 94.57471278058978, 1.9153132502313808, 8859, 0, 0
LOSS, 19356.519422913127, -1438.0501350402833, 17.67533721923828, 6.452173140971042, 197.7175, 3000, 0, 29, 3850.37656733936, 0.0, 829.703973388672, 1.2834588557797866, 8951, 0, 0
LOSS, 12936.848626709034, -3234.569557952881, 18.01554718017578, 4.312282875569678, 235.81815, 3000, 0, 28, 6681.615875123167, 0.0, 3224.5226615905763, 2.2272052917077225, 9064, 0, 0
WIN , 11086.44824066163, -3951.4181846618653, 24.429362487792968, 7.274572336392145, 181.33574, 1524, 98, 20, 1791295.9142744103, 0.0, 1782629.2014377739, 1175.3910198650985, 9135, 0, 0
LOSS, 7339.378390502795, -4057.8664253234865, 17.823588562011718, 2.446459463500932, 217.55183, 3000, 0, 19, 8460.968060149089, 0.0, 3749.631597796768, 2.820322686716363, 9285, 0, 0
LOSS, 11365.03115081784, -2337.244815826416, 18.458798980712892, 10.174602641734861, 148.4, 1117, 125, 24, 8850.680559377126, 0.0, 5212.926103893755, 7.923617331582029, 9337, 0, 0
WIN , 9982.754032897943, -3872.275966644287, 24.87809600830078, 8.881453765923437, 209.7, 1124, 125, 29, 5808.2997664126415, 0.0, 3862.2190696716307, 5.167526482573525, 9389, 0, 0
LOSS, 6520.352494812003, -4055.0299995422365, 18.05070343017578, 8.359426275400004, 180.27905, 780, 148, 17, 860.7115502280543, 0.0, 90.8022836316327, 1.1034763464462234, 9411, 0, 0
LOSS, 4570.045730590819, -3195.382494354248, 18.059461975097655, 1.5233485768636064, 181.7175, 3000, 0, 18, 11630.108082699815, 0.0, 3184.31762008667, 3.8767026942332716, 9588, 0, 0
WIN , 12695.954360961914, -2005.4282249450685, 20.989425659179688, 10.944788242208547, 146.17413, 1160, 122, 34, 1356.4660845538126, 0.0, 176.300766906228, 1.169367314270528, 9617, 0, 0
WIN , 11216.847413635254, -4061.3825859069825, 27.27458038330078, 8.708732464002527, 177.7, 1288, 114, 19, 1204613.0393356548, 0.0, 1203274.667214414, 935.2585709127754, 9662, 0, 0
WIN , 12382.881462097152, -4058.2299995422363, 23.52574920654297, 7.092142876344302, 148.88538, 1746, 83, 27, 1891.5730369340592, 0.0, 41.36468908629443, 1.0833751643379492, 9726, 0, 0
WIN , 10825.199999999983, -4061.1114616394043, 24.55089569091797, 9.537621145374434, 196.88538, 1135, 124, 30, 5090.447140596584, 0.0, 4077.4491767014842, 4.484975454270118, 9753, 0, 0
WIN , 10551.648538207997, -4056.311461639404, 21.99943389892578, 8.949659489574213, 180.4, 1179, 121, 21, 1229.4624872974189, 0.0, 58.576742366580206, 1.0428010918553172, 9791, 0, 0
WIN , 12071.281460571287, -4057.9599998474123, 24.07677459716797, 8.518900113317775, 167.58539, 1417, 105, 30, 5447.788394721506, 0.0, 4076.980524151453, 3.8445930802551205, 9842, 0, 0
WIN , 11226.058538818357, -4059.241460418701, 24.510986328125, 9.425741846195095, 207.0, 1191, 120, 29, 5374.878888438788, 0.0, 4072.720220184326, 4.512912584751291, 9876, 0, 0
LOSS, 7622.957617187477, -4055.2999992370605, 17.57145538330078, 8.21439398403823, 223.0, 928, 138, 28, 986.1607565032059, 0.0, 36.81157295478843, 1.0626732289905236, 9903, 0, 0
WIN , 13181.34748382569, -2918.2576164245606, 20.75213623046875, 8.870354968927114, 163.94899, 1486, 100, 37, 4800.727696638429, 0.0, 2931.9824540127793, 3.2306377500931553, 9953, 0, 0
WIN , 11691.244642639167, -4059.605100250244, 23.85546875, 9.315732782979415, 151.50256, 1255, 116, 30, 1255.0749617829324, 0.0, 54.553552681905046, 1.0000597305043286, 9990, 0, 0
WIN , 11516.05025634765, -4060.8497428894043, 24.618896484375, 9.548963728314801, 191.0, 1206, 119, 25, 607483.0588757955, 0.0, 390327.5657199638, 503.71729591691167, 10022, 0, 0
WIN , 11700.1507125855, -4056.8999992370605, 19.71815643310547, 6.80241320499157, 189.49287, 1720, 85, 23, 3884.869989087762, 0.0, 1408.655794938334, 2.2586453424928847, 10095, 0, 0
WIN , 11742.199031066877, -4057.0507118225096, 24.080078125, 8.73675523144857, 167.50256, 1344, 110, 30, 2138.342317676649, 0.0, 380.3819098164471, 1.5910285101760782, 10145, 0, 0
WIN , 11339.250256347645, -4059.2497428894044, 22.290093994140626, 8.590341103293671, 175.0, 1320, 112, 30, 3333.1241686673593, 0.0, 1654.4034619603149, 2.5250940671722417, 10178, 0, 0
LOSS, 3379.281445312495, -4058.4999992370604, 17.29997100830078, 5.558028692948183, 207.0, 608, 159, 11, 636.001917934744, 0.0, 31.224517315074714, 1.0460557860768815, 10193, 0, 0
WIN , 13778.578555297816, -1857.7814445495605, 25.77799835205078, 7.313470570752556, 196.4, 1884, 74, 29, 7507.337438678863, 0.0, 2931.3271965026856, 3.984786326262666, 10271, 0, 0
LOSS, 2092.457237243688, -4056.359999847412, 17.05998077392578, 0.6974857457478959, 227.82738, 3000, 0, 4, 11190.653675462023, 0.0, 4073.7211402893063, 3.7302178918206743, 10364, 0, 0
WIN , 15607.542762756377, -608.8172370910645, 27.03288116455078, 11.682292487093097, 196.4, 1336, 110, 33, 4890.823817124335, 0.0, 3342.6009475708006, 3.6607962703026455, 10394, 0, 0
WIN , 11931.869999694827, -4056.359999847412, 24.80827178955078, 6.316500793909384, 177.7, 1889, 74, 30, 2.0811565167099662E15, 0.0, 1.8782201772362595E15, 1.1017239368501675E12, 10482, 0, 0
LOSS, 7411.550781249977, -4058.2299995422363, 17.953593444824218, 8.100055498633855, 177.7, 915, 139, 22, 4822.27983273833, 0.0, 4077.8239054409587, 5.270251183320579, 10498, 0, 0
LOSS, 10220.038299560514, -3199.7807807922363, 17.57658233642578, 8.20227792902128, 184.03575, 1246, 116, 21, 4672.68406440772, 0.0, 3218.2140090972116, 3.750147724243756, 10532, 0, 0
WIN , 12127.825735473622, -3439.819080352783, 22.408110046386717, 7.5468735130514135, 183.55183, 1607, 92, 26, 5374.047227375274, 0.0, 3429.264019012451, 3.3441488658215768, 10587, 0, 0
LOSS, 7766.782234191853, -4057.644815826416, 17.85319366455078, 6.643954007007573, 223.0, 1169, 122, 18, 5.617740785916139E14, 0.0, 5.617740785902778E14, 4.805595197533053E11, 10618, 0, 0
WIN , 11559.272949218746, -3154.4270500183106, 25.707275390625, 10.451422196400314, 223.0, 1106, 126, 25, 173702.03301526833, 0.0, 169623.39644755123, 157.0542793989768, 10634, 0, 0
WIN , 13101.750712585459, -4053.6999992370606, 22.45106658935547, 8.4636632510242, 205.49287, 1548, 96, 34, 8679.85789478999, 0.0, 5064.564612628974, 5.60714334288759, 10686, 0, 0
LOSS, 8622.984220886216, -4055.4507118225097, 17.60197296142578, 4.880013707349302, 210.15018, 1767, 82, 18, 2644.692763583754, 0.0, 117.78876088747614, 1.4967135051407776, 10746, 0, 0
LOSS, 7751.545242309548, -2988.4349327087402, 17.04643096923828, 9.066134786326955, 207.0, 855, 143, 13, 2.0104608160107352E15, 0.0, 2.0104608160067622E15, 2.3514161590768833E12, 10769, 0, 0
WIN , 13376.403015136728, -2609.9801750183105, 21.325732421875, 9.13065052227763, 196.16809, 1465, 102, 29, 2106.898276735178, 0.0, 752.19873046875, 1.43815582029705, 10793, 0, 0
LOSS, 11053.568273925748, -4056.3831901550293, 17.58463897705078, 5.636699782726032, 223.0, 1961, 69, 25, 2469.429065101151, 0.0, 100.69655067458243, 1.2592703034682056, 10843, 0, 0
WIN , 15411.208535766647, -3219.9514640808106, 23.52848663330078, 6.674408200851731, 148.4, 2309, 46, 34, 95934.16713302887, 0.0, 92557.18513702649, 41.547928598106914, 10934, 0, 0
LOSS, 9768.011825561498, -4061.159999847412, 18.23997344970703, 7.673222172475646, 207.0, 1273, 115, 15, 5514.937333944271, 0.0, 4082.073475151177, 4.332236711660857, 10976, 0, 0
LOSS, 7988.023779296846, -3319.1718254089355, 17.71171417236328, 7.622160094748899, 223.0, 1048, 130, 12, 2780.1801936018433, 0.0, 1652.65380859375, 2.652843696184965, 11008, 0, 0
LOSS, 13564.037597656255, -2847.1956047058106, 17.99748077392578, 9.246106065205355, 223.0, 1467, 102, 25, 1954.521428750664, 0.0, 348.1868896484375, 1.3323254456378077, 11051, 0, 0
WIN , 14039.92679748541, -3601.2332023620606, 26.41789093017578, 6.9573472732831565, 148.4, 2018, 65, 29, 3338.9523012952177, 0.0, 754.03759765625, 1.6545848866676005, 11103, 0, 0
LOSS, 7775.233016967748, -4061.159999847412, 18.02287139892578, 6.691250444894791, 207.0, 1162, 122, 17, 5897.154964974617, 0.0, 4080.536327778081, 5.075004272783663, 11134, 0, 0
WIN , 15568.39017333986, -2576.3930168151855, 24.14775390625, 9.327974939089192, 212.16809, 1669, 88, 32, 2349.184367543945, 0.0, 643.5584472656251, 1.4075400644361564, 11181, 0, 0
LOSS, 1475.7168090820462, -4054.7831901550294, 16.79142608642578, 0.49190560302734876, 205.0, 3000, 0, 7, 3585.0200809210905, 0.0, 28.39238230396365, 1.1950066936403636, 11257, 0, 0
WIN , 16855.8114624024, -610.4999992370606, 25.84215545654297, 11.41219462586486, 196.88538, 1477, 101, 34, 882502.0228835723, 0.0, 880172.0683355907, 597.4962917288912, 11303, 0, 0
WIN , 13161.918537902873, -4056.311461639404, 23.44865264892578, 6.321766828963916, 177.7, 2082, 61, 33, 7665.8235853147835, 0.0, 4055.811786639088, 3.6819517700839497, 11412, 0, 0
WIN , 13718.669999694826, -4058.2299995422363, 22.5888671875, 6.363019480377934, 191.0, 2156, 56, 35, 9439.729932722697, 0.0, 4078.7343022674904, 4.378353401077318, 11500, 0, 0
LOSS, 9577.599999999988, -4056.8999992370605, 17.73087921142578, 8.321112076455245, 185.0, 1151, 123, 22, 1500.616293158222, 0.0, 128.60110655556008, 1.3037500374962834, 11533, 0, 0
WIN , 13124.74974365235, -3444.4999992370604, 21.9521484375, 9.2623498543771, 167.50256, 1417, 105, 31, 2003.3936538603978, 0.0, 432.0, 1.4138275609459405, 11567, 0, 0
WIN , 12401.816682434082, -4059.2497428894044, 23.885417175292968, 8.871113506748271, 149.33574, 1398, 106, 28, 5.70451463915634E14, 0.0, 5.704514639138511E14, 4.0804825745038196E11, 11611, 0, 0
LOSS, 4338.636991882315, -4061.0664253234863, 18.95286407470703, 6.408621849161469, 223.0, 677, 154, 18, 8925.919249580282, 0.0, 4080.2562400609954, 13.184518832467182, 11628, 0, 0
LOSS, 4585.592529296869, -2149.7034172058106, 18.73332061767578, 8.116092972206847, 223.0, 565, 162, 10, 1100.137269067917, 0.0, 460.2767578124999, 1.9471456089697647, 11647, 0, 0
WIN , 15060.004052734392, -1665.2959465026856, 22.34513702392578, 10.155093764487114, 207.0, 1483, 101, 33, 2510.1263783194213, 0.0, 911.0970703124999, 1.6926003899658943, 11678, 0, 0
LOSS, 4804.8699218749925, -4055.2999992370605, 18.15067901611328, 6.423622890207209, 175.0, 748, 150, 13, 933.078906952054, 0.0, 26.41300378561743, 1.2474316937861685, 11704, 0, 0
WIN , 13816.21326904299, -2140.1699211120604, 21.0193359375, 10.514621970352351, 196.16809, 1314, 112, 43, 1488.2976923155372, 0.0, 57.65339468929574, 1.1326466455978212, 11739, 0, 0
LOSS, 16250.973342895606, -4056.3831901550293, 17.77226104736328, 5.416991114298535, 207.775, 3000, 0, 32, 4216.242217927891, 0.0, 116.10240645497811, 1.4054140726426303, 11869, 0, 0
WIN , 13471.143466186548, -3667.356533050537, 23.26750030517578, 8.713546873341881, 175.0, 1546, 96, 33, 5451.556709059465, 0.0, 3656.756435394287, 3.5262333176322542, 11899, 0, 0
WIN , 12948.55071258547, -4058.4999992370604, 20.44154510498047, 8.899347568787265, 189.49287, 1455, 103, 30, 1872.989769759522, 0.0, 37.72677437003835, 1.2872781922745855, 11941, 0, 0
LOSS, 10784.017500305163, -4057.0507118225096, 18.19743194580078, 8.398767523602151, 191.0, 1284, 114, 24, 1.6153792329107697E9, 0.0, 8.076888037367805E8, 1258083.514728014, 11988, 0, 0
WIN , 14355.831787109395, -3801.0682121276855, 22.99297637939453, 8.753555967749632, 191.0, 1640, 90, 35, 4.356922228226377E14, 0.0, 4.3569222281398275E14, 2.656659895259986E11, 12049, 0, 0
WIN , 12841.6, -4056.8999992370605, 25.75341796875, 8.426246719160105, 175.0, 1524, 98, 28, 4.356922228153041E14, 0.0, 4.356922228139799E14, 2.8588728531187933E11, 12071, 0, 0
WIN , 14648.130000305202, -4058.4999992370604, 23.59171905517578, 7.705486586167913, 193.7, 1901, 73, 33, 2085.0740756589657, 0.0, 59.88053946204305, 1.0968301292261786, 12121, 0, 0
WIN , 12797.220712280274, -4056.6299995422364, 20.89515838623047, 8.705592321279099, 221.49287, 1470, 102, 25, 1704.7175324839172, 0.0, 42.75866113022562, 1.159671790805386, 12159, 0, 0
LOSS, 2315.3225372314705, -4053.8507118225098, 15.745298767089844, 0.7717741790771568, 218.2675, 3000, 0, 7, 103216.80236613694, 0.0, 52993.21655458677, 34.40560078871231, 12221, 0, 0
WIN , 17964.52675018317, -609.173249053955, 24.18994140625, 11.741520751753706, 223.0, 1530, 98, 29, 2350.175372983457, 0.0, 598.2407707214355, 1.5360623352833052, 12256, 0, 0
LOSS, 5634.840087890615, -4053.6999992370606, 17.04954376220703, 6.913914218270693, 223.0, 815, 145, 17, 792.5182569873915, 0.0, 29.457266325452412, 0.9724150392483332, 12270, 0, 0
WIN , 16182.096087646523, -2178.5400871276856, 20.467556762695313, 10.280874261528922, 153.63824, 1574, 95, 36, 2233.148151893354, 0.0, 513.7782226562499, 1.418772650504037, 12315, 0, 0
LOSS, 10893.960249328606, -4060.63617477417, 17.46513214111328, 8.995838356175563, 184.03575, 1211, 119, 24, 1151.703361070433, 0.0, 26.125074820939457, 0.951034980239829, 12340, 0, 0
WIN , 13417.692449951199, -3444.596424102783, 25.951199340820313, 8.79272113365085, 137.11125, 1526, 98, 34, 8.084407262659391E8, 0.0, 8.0768880373675E8, 529777.6712096586, 12384, 0, 0
WIN , 12826.2111251831, -4062.288874053955, 23.86393585205078, 8.695736356056338, 175.0, 1475, 101, 27, 2047.9564548576234, 0.0, 346.3146224691025, 1.3884450541407616, 12422, 0, 0
LOSS, 228.35786132812234, -4058.4999992370604, 16.69511260986328, 0.6599938188674056, 207.0, 346, 176, 7, 328.2731124920425, 0.0, 24.587342740964758, 0.9487662210752674, 12428, 0, 0
WIN , 16032.383599853534, -1106.8578605651855, 23.94689178466797, 10.862048509385863, 167.58539, 1476, 101, 34, 224767.5949073446, 0.0, 221675.9465316672, 152.28156836540964, 12465, 0, 0
WIN , 12726.209251403789, -4059.241460418701, 22.10511932373047, 8.819271830494657, 205.49287, 1443, 103, 33, 1627.5309154220888, 0.0, 64.67074127160413, 1.1278800522675598, 12502, 0, 0
WIN , 13249.849287414561, -4055.4507118225097, 24.1484375, 9.019638725265189, 207.0, 1469, 102, 36, 1701.3254993168166, 0.0, 28.472073574763595, 1.1581521438507942, 12537, 0, 0
LOSS, 4194.946557617185, -4055.2999992370605, 17.12272491455078, 6.251783245331126, 186.448, 671, 155, 16, 2745630.953176176, 0.0, 2098582.2293948536, 4091.84940860831, 12556, 0, 0
LOSS, 19045.374154663183, -1940.246556854248, 17.28007354736328, 6.3484580515543945, 213.79288, 3000, 0, 30, 956537.638081983, 0.0, 644301.3770563499, 318.845879360661, 12664, 0, 0
WIN , 11895.039788818356, -3665.620711517334, 25.20501251220703, 9.307542870749888, 153.39499, 1278, 114, 25, 103556.26152428046, 0.0, 102192.062282508, 81.02993859489864, 12691, 0, 0
LOSS, 7833.495211791973, -4060.6605003356935, 18.65812530517578, 8.405037780892675, 207.0, 932, 137, 16, 2604.9873283893103, 0.0, 1946.206746673584, 2.7950507815335945, 12708, 0, 0
WIN , 12096.640711975097, -3114.1557121276855, 23.511393737792968, 10.055395438050788, 152.03575, 1203, 119, 29, 4257.002998058858, 0.0, 3129.8363534131718, 3.5386558587355426, 12734, 0, 0
WIN , 13169.783317565903, -4060.796424102783, 23.511962890625, 9.26796855564103, 154.20258, 1421, 105, 26, 3.98086083452052E14, 0.0, 3.980860834506829E14, 2.8014502705985364E11, 12772, 0, 0
WIN , 13171.720257568364, -4060.579741668701, 26.583602905273438, 9.217438948613271, 137.0, 1429, 104, 35, 6277327.158516736, 0.0, 6173759.492369555, 4392.811167611431, 12809, 0, 0
WIN , 12525.611462402345, -4062.2999992370605, 25.07848358154297, 9.083112010444049, 180.88538, 1379, 108, 23, 1302.9289794017836, 0.0, 46.126679909293195, 0.9448360981883855, 12845, 0, 0
LOSS, 10057.033068847626, -4057.9114616394045, 18.09367218017578, 8.814227054204755, 207.0, 1141, 123, 21, 1243.626837156979, 0.0, 24.360042229063495, 1.089944642556511, 12868, 0, 0
WIN , 14443.706181335458, -3264.9445304870605, 20.75380096435547, 9.98182873623736, 173.49287, 1447, 103, 27, 4748.406669740203, 0.0, 3277.245550529585, 3.2815526397651715, 12892, 0, 0
WIN , 13790.249830627446, -4058.65071182251, 23.396385192871094, 9.451850466502705, 170.99457, 1459, 102, 29, 1377.7314459944178, 0.0, 69.61333707889406, 0.9442984551024111, 12929, 0, 0
WIN , 13689.826739501945, -4058.900542449951, 21.77880859375, 5.195380166793907, 172.72717, 2635, 24, 34, 6.709288414997986E12, 0.0, 6.709288410070434E12, 2.5462195123332014E9, 13035, 0, 0
LOSS, 12990.808583068887, -4058.7272819519044, 17.56028594970703, 4.330269527689629, 138.8308, 3000, 0, 34, 5522.838572064363, 0.0, 68.74181736225474, 1.8409461906881208, 13168, 0, 0
WIN , 12701.37732391357, -3649.5358650207518, 24.93583984375, 9.658842071417164, 150.8681, 1315, 112, 29, 5024.4194036416875, 0.0, 3663.8835261393697, 3.820851257522196, 13205, 0, 0
WIN , 12155.986810302727, -4060.913188934326, 23.69108428955078, 9.394116545829002, 191.0, 1294, 113, 31, 1087.8413864290485, 0.0, 29.269819372809334, 0.8406811332527423, 13228, 0, 0
WIN , 13855.279742431649, -4056.8999992370605, 21.18017578125, 9.16960935965033, 138.20258, 1511, 99, 24, 1719.4203800915595, 0.0, 74.038048169342, 1.1379353938395496, 13272, 0, 0
WIN , 12623.93344726562, -4062.1797416687014, 22.484423828125, 9.330327751120192, 198.8681, 1353, 109, 26, 1.749085370281046E15, 0.0, 1.7490853702798762E15, 1.2927460238588662E12, 13307, 0, 0
WIN , 12781.75323638916, -4056.113188934326, 23.197917175292968, 8.71879484064745, 181.33574, 1466, 102, 34, 1623326.141372945, 0.0, 846798.3121661633, 1107.3166039378887, 13355, 0, 0
WIN , 12939.783317565907, -4057.8664253234865, 22.97607421875, 8.241900202271278, 183.50256, 1570, 95, 34, 3.9697502052185776E12, 0.0, 3.9697502030788574E12, 2.5285033154258456E9, 13428, 0, 0
WIN , 13087.800968933116, -4057.6497428894045, 21.03651580810547, 9.00743356430359, 205.49287, 1453, 103, 32, 1717.4765973771646, 0.0, 181.45688094611316, 1.182021058071001, 13467, 0, 0
WIN , 12649.849287414545, -4055.4507118225097, 21.345854187011717, 9.447236211661348, 207.0, 1339, 110, 38, 851559.6039705579, 0.0, 846797.6547906491, 635.9668438913801, 13496, 0, 0
LOSS, 15511.520658874779, -4055.2999992370605, 17.08341827392578, 5.170506886291593, 213.13374, 3000, 0, 35, 3375.971760040289, 0.0, 82.77746887399856, 1.1253239200134297, 13603, 0, 0
LOSS, 10396.20038604734, -3666.8206581115724, 17.54789581298828, 7.627439754987043, 223.0, 1363, 109, 18, 5272.261440267234, 0.0, 3655.6045936584474, 3.868130183614992, 13652, 0, 0
WIN , 12574.962145996107, -3493.0210441589356, 23.809130859375, 9.253099445177416, 180.16809, 1359, 109, 31, 2786.718504658257, 0.0, 1388.6974609375002, 2.0505654927580994, 13681, 0, 0
WIN , 12322.813233947789, -4057.983190155029, 22.027507019042968, 8.107113969702493, 152.03575, 1520, 98, 28, 5980.947303674894, 0.0, 4074.872097633737, 3.9348337524176933, 13742, 0, 0
WIN , 12508.763575744622, -4060.796424102783, 22.89372100830078, 9.231559834497876, 164.4, 1355, 109, 34, 1297.898357188151, 0.0, 33.159602868800064, 0.9578585661905173, 13769, 0, 0
WIN , 12811.07617492676, -4059.559999847412, 22.301785278320313, 9.157309631827562, 153.63824, 1399, 106, 33, 1378.6701737958451, 0.0, 63.159148208947805, 0.9854683157940279, 13807, 0, 0
WIN , 13084.663824462885, -4060.63617477417, 21.9443359375, 9.260200866569628, 207.0, 1413, 105, 24, 1190.749164926555, 0.0, 34.704282837561465, 0.8427099539466065, 13826, 0, 0
LOSS, 9740.81471099829, -4055.2999992370605, 16.71574249267578, 3.24693823699943, 160.83775, 3000, 0, 18, 5980.673203654574, 0.0, 129.53050266826781, 1.9935577345515245, 14032, 0, 0
LOSS, 3273.0585388183767, -2716.114710235596, 16.53593292236328, 1.0910195129394589, 218.2675, 3000, 0, 7, 70103.88508839607, 0.0, 49824.72111902975, 23.367961696132024, 14142, 0, 0
WIN , 15587.68403167728, -609.173249053955, 24.411865234375, 11.580745937353106, 191.42719, 1346, 110, 34, 1509.872828547683, 0.0, 35.13909772485323, 1.1217480152657378, 14161, 0, 0
LOSS, 7727.441079711779, -4056.857280731201, 16.82188262939453, 2.5758136932372597, 234.83133, 3000, 0, 23, 32994.8488961683, 0.0, 24156.167707590663, 10.998282965389434, 14319, 0, 0
LOSS, 9086.182279968161, -1804.2983604431151, 17.21317901611328, 3.028727426656054, 216.53392, 3000, 0, 18, 4634.9523144436625, 0.0, 366.24822540283185, 1.5449841048145543, 14464, 0, 0
LOSS, 12734.905783081067, -1810.480640411377, 17.59599151611328, 10.353581937464282, 176.13576, 1230, 118, 22, 3.6856516879474875E14, 0.0, 3.685651687888419E14, 2.9964647869491766E11, 14498, 0, 0
WIN , 13393.674076843272, -3445.3864234924317, 23.42718048095703, 8.929116051228847, 169.39499, 1500, 100, 35, 1.435362386474438E16, 0.0, 1.4353623864738622E16, 9.569082576496254E12, 14560, 0, 0
LOSS, 9396.25869140615, -4059.060500335693, 17.05509796142578, 3.1320862304687167, 203.39499, 3000, 0, 17, 7953.928151997346, 0.0, 4074.539240264892, 2.651309383999115, 14668, 0, 0
WIN , 13268.38080749511, -2595.3191917419435, 25.49333038330078, 9.635715909582506, 223.0, 1377, 108, 33, 7935684.60931631, 0.0, 7931197.497973207, 5763.024407637117, 14711, 0, 0
WIN , 12206.069000244137, -4053.6999992370606, 22.884332275390626, 8.961871512660894, 162.31, 1362, 109, 26, 1630.1151683777155, 0.0, 98.4101552930594, 1.196854014961612, 14742, 0, 0
WIN , 11918.191000366216, -4059.7689994812013, 24.28947296142578, 8.2650423026118, 180.4, 1442, 103, 33, 4.9558370382683425E14, 0.0, 2.7876594445233975E14, 3.4367801929738855E11, 14787, 0, 0
WIN , 13647.93999938966, -4057.9599998474123, 25.05318603515625, 8.246489425613088, 201.0, 1655, 89, 31, 2099.097570485358, 0.0, 47.337646484375, 1.2683369005953826, 14837, 0, 0
WIN , 12360.483190917974, -4055.8999992370605, 22.69462890625, 9.251858675836807, 196.16809, 1336, 110, 33, 1289.2435839492634, 0.0, 43.628533054851594, 0.965002682596754, 14859, 0, 0
LOSS, 12350.638636779664, -4056.3831901550293, 17.67863311767578, 4.116879545593221, 211.12206, 3000, 0, 25, 24730.66308940801, 0.0, 17835.153267486898, 8.243554363136004, 15026, 0, 0
WIN , 12263.63867340089, -3667.0218269348143, 22.82195587158203, 9.484639345244307, 153.39499, 1293, 113, 33, 5093.068740530311, 0.0, 3655.4141395568845, 3.9389549424054993, 15058, 0, 0
LOSS, 2472.2335952758776, -4060.6605003356935, 17.32975616455078, 4.638336951737107, 201.8, 533, 164, 10, 503.5986657526415, 0.0, 21.52718551888384, 0.9448380220499841, 15069, 0, 0
LOSS, 12341.79480133049, -1702.8940956115723, 17.10941925048828, 4.113931600443497, 202.00018, 3000, 0, 24, 8472.550630475866, 0.0, 2353.46590423584, 2.824183543491955, 15210, 0, 0
WIN , 16614.371603393585, -2584.688896942139, 22.09514923095703, 6.449678417466454, 169.39499, 2576, 28, 23, 6.776571412607602E14, 0.0, 6.776571412512632E14, 2.6306566042731375E11, 15281, 0, 0
LOSS, 10602.298190307603, -4059.060500335693, 17.43487091064453, 6.947770766911929, 223.0, 1526, 98, 20, 3824.0678095738235, 0.0, 2326.5598335266113, 2.5059422081086655, 15310, 0, 0
WIN , 14766.552770996097, -3281.3586906433106, 24.21398162841797, 9.087109397536059, 180.88538, 1625, 91, 29, 303290.2747999035, 0.0, 149174.81941063819, 186.64016910763291, 15353, 0, 0
LOSS, 11496.16842041006, -4057.9114616394045, 17.55345001220703, 4.734830486165593, 223.0, 2428, 38, 18, 1.1542970817478472E15, 0.0, 1.1542970817415268E15, 4.754106596984544E11, 15451, 0, 0
LOSS, 2177.5540893555026, -3154.0798820495606, 16.040495300292967, 0.7258513631185008, 205.0, 3000, 0, 7, 12739.367456716967, 0.0, 4834.7028234558065, 4.246455818905655, 15531, 0, 0
WIN , 16662.697416687057, -611.6339714050293, 22.606871032714842, 11.243385571313803, 216.68611, 1482, 101, 30, 42708.24390607385, 0.0, 20141.444011548207, 28.817978344179384, 15573, 0, 0
LOSS, 582.8293090820288, -4054.331388092041, 17.36741485595703, 1.6055903831460847, 201.8, 363, 175, 9, 234.5997901085074, 0.0, 24.5458984375, 0.6462804135220589, 15575, 0, 0
LOSS, 17170.449409484838, -1187.1606971740723, 18.014384460449218, 6.169762633663255, 175.0, 2783, 14, 32, 12040.089959696688, 0.0, 3655.558423614502, 4.326298943477071, 15709, 0, 0
WIN , 12754.786317443859, -3787.6101066589354, 24.212565612792968, 8.560259273452255, 136.03575, 1490, 100, 37, 162291.98612298514, 0.0, 153192.03887890535, 108.92079605569472, 15757, 0, 0
WIN , 12067.163575744633, -4062.3964241027834, 24.46842803955078, 8.918820085546662, 164.4, 1353, 109, 34, 9600.422916110654, 0.0, 4092.914266362762, 7.095656257287993, 15782, 0, 0
LOSS, 9795.923251342752, -4059.559999847412, 17.48748321533203, 8.386920591903042, 191.0, 1168, 122, 16, 1517.4558679118884, 0.0, 130.99336217009684, 1.299191667732781, 15813, 0, 0
WIN , 12740.377249145511, -3375.4832511901855, 26.60467071533203, 9.38172109657254, 201.39499, 1358, 109, 35, 8.240955912758258E14, 0.0, 8.240955905416245E14, 6.068450598496508E11, 15855, 0, 0
WIN , 12721.266781616221, -4055.8605003356934, 23.847900390625, 8.933473863494537, 188.72717, 1424, 105, 33, 1458609.5119467159, 0.0, 1456960.383448318, 1024.304432546851, 15893, 0, 0
WIN , 11520.000000000002, -4057.1272819519045, 21.659423828125, 8.944099378881988, 188.72717, 1288, 114, 33, 5397.374209750611, 0.0, 4071.908203125, 4.190507926825009, 15920, 0, 0
WIN , 13052.069142150898, -4057.1272819519045, 25.517008972167968, 8.909262213072285, 168.03575, 1465, 102, 30, 2109.5397550395323, 0.0, 107.61207402785926, 1.4399588771600904, 15970, 0, 0
LOSS, 3801.6543319702128, -4059.196424102783, 17.902662658691405, 6.2017199542744095, 223.0, 613, 159, 24, 556.1974239645642, 0.0, 34.98013615129956, 0.9073367438247377, 15984, 0, 0
LOSS, 17876.908032226616, -1990.8507560729981, 17.54093780517578, 5.9589693440755385, 205.0, 3000, 0, 26, 5596.246628433519, 0.0, 2004.9297473228962, 1.865415542811173, 16044, 0, 0
WIN , 12763.090954589872, -3667.7587882995604, 23.454833984375, 8.969143327188947, 151.50256, 1423, 105, 32, 6844.099729167776, 0.0, 3657.1587821960447, 4.809627357110172, 16078, 0, 0
WIN , 11367.877539062498, -4060.8497428894043, 22.53759765625, 8.83284968070124, 172.72717, 1287, 114, 37, 1826.0774214839214, 0.0, 267.67093595799645, 1.4188635753565824, 16109, 0, 0
WIN , 12402.22210998536, -4058.7272819519044, 21.994477844238283, 8.57691708850993, 150.50607, 1446, 103, 29, 1925.835898468731, 0.0, 143.19686725061112, 1.3318367209327324, 16139, 0, 0
LOSS, 11085.978781127904, -4060.9493919372558, 17.35662384033203, 8.12755042604685, 207.0, 1364, 109, 28, 1321.2621854346437, 0.0, 95.09426097594428, 0.9686672913743722, 16166, 0, 0
WIN , 13824.733810424805, -3466.9281730651855, 24.087689208984376, 9.449578817788657, 143.38016, 1463, 102, 19, 4650.554716569443, 0.0, 3482.9019558660607, 3.178779710573782, 16191, 0, 0
WIN , 14733.638015747085, -4061.6619834899902, 25.835205078125, 8.666845891615932, 207.0, 1700, 86, 23, 4431.099603741884, 0.0, 2930.489019012451, 2.606529178671696, 16225, 0, 0
WIN , 13748.39999999999, -4055.2999992370605, 24.09513702392578, 7.616842105263153, 223.0, 1805, 79, 32, 9.815721646492036E13, 0.0, 9.815721596968312E13, 5.438072934344618E10, 16281, 0, 0
WIN , 12357.149743652335, -4053.6999992370606, 21.3984375, 9.397072048404818, 151.50256, 1315, 112, 22, 1011.8749702305477, 0.0, 25.27328470535521, 0.7694866693768423, 16299, 0, 0
WIN , 12314.957943725596, -4060.8497428894043, 24.580224609375, 9.329513593731512, 201.92313, 1320, 112, 31, 22863.164092469593, 0.0, 21721.901846633566, 17.32057885793151, 16319, 0, 0
WIN , 13094.249594116207, -4055.8076866149904, 24.74658203125, 8.73532327826298, 159.42719, 1499, 100, 26, 1193.9088666385435, 0.0, 23.88806915283203, 0.7964702245754126, 16347, 0, 0
WIN , 14078.172718811045, -4060.057280731201, 23.57389678955078, 6.801049622614031, 177.7, 2070, 62, 32, 2729.4306567404674, 0.0, 50.69690685061526, 1.3185655346572307, 16422, 0, 0
WIN , 11334.319392395, -4058.2299995422363, 20.950532531738283, 9.118519221556717, 134.50607, 1243, 117, 24, 47027.763237122985, 0.0, 45378.457269063685, 37.83408144579484, 16456, 0, 0
WIN , 11546.51110839843, -4062.5493919372557, 25.32879180908203, 8.86148204788828, 169.39499, 1303, 113, 27, 1529.6391297801035, 0.0, 112.0094331987823, 1.1739364004452062, 16480, 0, 0
WIN , 12934.696998596188, -4059.060500335693, 25.59197235107422, 9.128226533942264, 122.425, 1417, 105, 21, 1431.390702309027, 0.0, 57.02208408089571, 1.0101557532173795, 16508, 0, 0
WIN , 12372.050187683108, -4063.7574989318846, 21.254296875, 8.749681886621717, 201.92313, 1414, 105, 29, 5490.552225665499, 0.0, 3801.351927947998, 3.88299308745792, 16549, 0, 0
WIN , 12079.492312622062, -4055.8076866149904, 19.96159210205078, 9.055091688622236, 207.0, 1334, 111, 31, 1376.532042686251, 0.0, 95.09426097594428, 1.0318830904694536, 16569, 0, 0
LOSS, 10129.905761718735, -4055.2999992370605, 17.80351104736328, 6.867732719809312, 207.0, 1475, 101, 20, 8952802.550939431, 0.0, 3579972.923349725, 6069.696644704699, 16603, 0, 0
WIN , 14031.177429199239, -3195.2057609558105, 24.2244140625, 10.029433473337555, 196.16809, 1399, 106, 29, 2262.450078976072, 0.0, 592.4043457031248, 1.6171909070593795, 16627, 0, 0
WIN , 12580.246809387208, -4057.5831909179688, 22.35441436767578, 8.97307190398517, 193.7, 1402, 106, 34, 8.166588866206105E13, 0.0, 8.166588865624236E13, 5.824956395296793E10, 16667, 0, 0
LOSS, 12670.322099304665, -4056.6299995422364, 17.48283233642578, 4.223440699768222, 211.81934, 3000, 0, 35, 383056.1531010572, 0.0, 378779.50980172807, 127.68538436701907, 16778, 0, 0
WIN , 13161.547900390655, -3666.9520988464355, 22.455322265625, 9.301447279428025, 175.0, 1415, 105, 31, 1.4489573375200162E14, 0.0, 1.448957337471496E14, 1.023998118388704E11, 16802, 0, 0
LOSS, 5301.171562194811, -4058.4999992370604, 17.821177673339843, 6.2074608456613705, 201.8, 854, 143, 16, 821.2117284093155, 0.0, 41.190467113636316, 0.9616062393551703, 16815, 0, 0
WIN , 16107.228437805219, -2219.6715614318846, 24.93546905517578, 7.291638043370402, 191.0, 2209, 52, 30, 5048.6621975050275, 0.0, 2228.858552094367, 2.285496694207799, 16898, 0, 0
WIN , 13732.160501098642, -4056.8999992370605, 25.76775665283203, 8.06351174462633, 169.39499, 1703, 86, 35, 2.2620139841207406E14, 0.0, 2.2620139840987378E14, 1.3282524862717209E11, 16951, 0, 0
WIN , 12299.439498901373, -4059.060500335693, 23.42822265625, 8.355597485666694, 175.0, 1472, 101, 33, 5368.300006775705, 0.0, 3334.8748725891114, 3.646942939385669, 17013, 0, 0
WIN , 12588.689196777343, -4058.4999992370604, 23.501728820800782, 9.23601555156078, 188.10803, 1363, 109, 33, 380206.5267191139, 0.0, 378779.5099089136, 278.94829546523397, 17038, 0, 0
LOSS, 8219.632141113252, -4057.1891960144044, 16.92863311767578, 8.38737973582985, 223.0, 980, 134, 13, 960.7886374257591, 0.0, 47.39295990017609, 0.980396568801795, 17062, 0, 0
LOSS, 2631.220632934586, -3056.8213371276856, 17.52617950439453, 0.8770735443115286, 203.39499, 3000, 0, 5, 4381.834572463583, 0.0, 1391.525390625, 1.4606115241545277, 17135, 0, 0
WIN , 15709.33777160649, -608.0419700622558, 22.1865234375, 10.730421975141045, 186.20258, 1464, 102, 32, 4.2672360214056075E14, 0.0, 4.267236021381725E14, 2.914778703145907E11, 17181, 0, 0
LOSS, 7706.882025146467, -4057.379741668701, 17.177104187011718, 8.129622389395006, 223.0, 948, 136, 16, 923.0314392637044, 0.0, 24.61898151166916, 0.9736618557634014, 17200, 0, 0
WIN , 15082.638232421916, -2964.2617668151856, 23.015869140625, 5.758930214746818, 191.0, 2619, 25, 32, 5405.232960630966, 0.0, 798.6913085937499, 2.063853745945386, 17317, 0, 0
LOSS, 4536.683447265614, -4056.8999992370605, 17.17057647705078, 6.163972075089149, 207.0, 736, 150, 11, 3795.435944664561, 0.0, 2930.6679756164554, 5.156842316120327, 17350, 0, 0
WIN , 13795.205749511733, -2153.5834465026855, 23.087178039550782, 10.506630426132318, 172.10803, 1313, 112, 31, 2820.0867645925127, 0.0, 1647.484765625, 2.147819318044564, 17377, 0, 0
WIN , 13121.600001525889, -4058.7891960144043, 23.829365539550782, 8.069864699585418, 156.10802, 1626, 91, 19, 1695.3676580375943, 0.0, 67.56861101450899, 1.0426615363084837, 17415, 0, 0
WIN , 14203.698905944842, -4060.389197540283, 24.44450225830078, 8.961324230880027, 219.11896, 1585, 94, 38, 1652.3856734329886, 0.0, 25.572590265450806, 1.0425146204624534, 17454, 0, 0
WIN , 13095.877897644055, -4054.0881034851072, 23.26087188720703, 8.346639832787798, 160.33998, 1569, 95, 35, 4245.310504298261, 0.0, 2326.3332817077635, 2.7057428325674064, 17494, 0, 0
WIN , 13226.663998413082, -4059.9660011291503, 25.84879913330078, 8.12948002360976, 193.7, 1627, 91, 34, 6169.637416385875, 0.0, 4074.5185523986815, 3.7920328312144287, 17541, 0, 0
WIN , 14890.559196472203, -4056.6299995422364, 22.929219055175782, 8.826650383208182, 188.10803, 1687, 87, 32, 1707.473364266331, 0.0, 55.14854906221414, 1.0121359598496331, 17589, 0, 0
WIN , 14028.11080322267, -4057.1891960144044, 19.337237548828124, 9.044558867326028, 207.0, 1551, 96, 40, 1303.254932996582, 0.0, 23.676333472296175, 0.840267526109982, 17612, 0, 0
LOSS, 9922.500341796846, -4055.2999992370605, 18.088603210449218, 8.086797344577706, 223.0, 1227, 118, 23, 5073.271436605614, 0.0, 3816.55464553833, 4.134695547355839, 17639, 0, 0
WIN , 15153.311120605504, -3227.8003410339356, 24.55529022216797, 9.578578458031291, 148.88538, 1582, 94, 35, 2571.3845364852996, 0.0, 1123.4767578125002, 1.625401097651896, 17666, 0, 0
LOSS, 6295.7637130737185, -4061.1114616394043, 16.63255157470703, 6.69050341453105, 201.8, 941, 137, 18, 3174.325085011788, 0.0, 2004.3816398620606, 3.3733529064949925, 17698, 0, 0
WIN , 16082.591250610376, -2226.8751747131346, 24.037516784667968, 9.694147830386001, 165.33574, 1659, 89, 29, 3640.4849884318637, 0.0, 1440.0849609375, 2.1943851648172776, 17754, 0, 0
LOSS, 10117.22629852294, -4059.4664253234864, 16.756407165527342, 8.313250861563633, 191.0, 1217, 118, 26, 1234.4990000359585, 0.0, 61.89487534314169, 1.014378800358224, 17778, 0, 0
LOSS, 4443.661260986323, -3166.6927238464355, 16.48844757080078, 6.320997526296335, 183.58539, 703, 153, 11, 4050.05286388407, 0.0, 3180.095427715121, 5.761099379635946, 17788, 0, 0
LOSS, 13876.48908081056, -1600.3539848327637, 17.92906036376953, 10.682439631108975, 223.0, 1299, 113, 21, 2693.5735763804714, 0.0, 1611.391397857666, 2.0735747316246895, 17804, 0, 0
WIN , 14819.270123291046, -3346.8430656433106, 20.776416015625, 7.9289834795564715, 198.8681, 1869, 75, 32, 7624.463016752772, 0.0, 3336.8430656433106, 4.079434465892334, 17867, 0, 0
LOSS, 2231.153572082542, -4056.113188934326, 15.972822570800782, 0.7437178573608473, 227.82738, 3000, 0, 6, 2698.6081157390245, 0.0, 121.15356617224268, 0.8995360385796748, 17927, 0, 0
WIN , 16956.43323822026, -609.6667625427247, 25.628662109375, 11.849359355849238, 223.0, 1431, 104, 31, 5392.154953696313, 0.0, 3275.672815704346, 3.768102693009303, 17958, 0, 0
LOSS, 10053.279345703117, -4053.6999992370606, 17.24113311767578, 7.180913818359369, 191.0, 1400, 106, 22, 1476.0468323846321, 0.0, 61.529703343176855, 1.054319165989023, 18009, 0, 0
WIN , 14503.411154174817, -3186.9793449401855, 23.505522155761717, 5.654351327163671, 156.095, 2565, 29, 34, 8005.42802782634, 0.0, 3176.7851753234863, 3.1210245722519847, 18099, 0, 0
WIN , 12249.439500427223, -4060.3904991149902, 24.37394561767578, 8.681388731698954, 161.7, 1411, 105, 22, 968350.5882739641, 0.0, 967150.7543039314, 686.2867386775082, 18129, 0, 0
WIN , 12237.069999694822, -4059.8299995422362, 24.930908203125, 9.037717872743592, 191.0, 1354, 109, 31, 1586.1145470717145, 0.0, 65.84427704176841, 1.1714287644547374, 18166, 0, 0
WIN , 13201.98810424804, -4056.8999992370605, 21.22746124267578, 7.535381338041118, 171.11896, 1752, 83, 29, 739089.6435778708, 0.0, 737241.632179844, 421.8548193937619, 18229, 0, 0
WIN , 12806.141896057128, -4058.8881034851074, 25.08048858642578, 7.968974421939719, 209.7, 1607, 92, 29, 2043.925000002718, 0.0, 67.58435925657598, 1.2718886123227866, 18289, 0, 0
WIN , 12910.269999694823, -4055.0299995422365, 24.75675811767578, 9.188804270245425, 207.0, 1405, 106, 33, 1216.7302728465288, 0.0, 41.240932511519226, 0.8660001941968176, 18318, 0, 0
WIN , 12552.413189697252, -4055.2999992370605, 23.730029296875, 9.102547635748552, 182.8681, 1379, 108, 27, 259117.91779443226, 0.0, 257720.40253271145, 187.90276852388126, 18347, 0, 0
WIN , 12098.670001220693, -4057.7131889343264, 24.845263671875, 9.46687793522746, 196.16809, 1278, 114, 25, 2.2620139841087825E14, 0.0, 2.262013984098729E14, 1.7699639938253384E11, 18365, 0, 0
LOSS, 3458.959147644039, -4056.3831901550293, 18.67240753173828, 5.346150150918144, 201.8, 647, 156, 23, 720.7132671455745, 0.0, 57.503432150706615, 1.1139308611214442, 18386, 0, 0
LOSS, 11185.959468078585, -1925.3423377990723, 18.46586456298828, 9.969660844989827, 223.0, 1122, 125, 25, 1835.1593051431626, 0.0, 770.7900634765626, 1.6356143539600378, 18414, 0, 0
LOSS, 9735.512695312487, -3231.3018058776856, 17.82951202392578, 9.667837830498994, 223.0, 1007, 132, 18, 877.8536299553112, 0.0, 74.33406929947729, 0.8717513703627718, 18428, 0, 0
WIN , 13240.085498046876, -3196.8145011901856, 25.04240264892578, 9.925101572748783, 191.0, 1334, 111, 24, 4353.535754094816, 0.0, 3186.2144035339356, 3.2635200555433403, 18450, 0, 0
WIN , 12140.150712585453, -4056.8999992370605, 24.63954315185547, 9.073356287433073, 189.49287, 1338, 110, 32, 1475.4393944547182, 0.0, 30.239603512475632, 1.1027200257509104, 18496, 0, 0
LOSS, 12510.000605773908, -4057.0507118225096, 18.01334991455078, 8.828511366107204, 223.0, 1417, 105, 32, 1.9846794237361002E15, 0.0, 1.9846794237345685E15, 1.4006206236669727E12, 18537, 0, 0
LOSS, 4919.7867675781135, -3917.0513175964356, 17.672709655761718, 7.245635887449358, 207.0, 679, 154, 19, 4602.691168374264, 0.0, 3932.954488917411, 6.77863205946136, 18550, 0, 0
LOSS, 12586.371093749993, -2406.8380851745605, 18.20695343017578, 10.299812679009815, 207.0, 1222, 118, 21, 2285.690848617576, 0.0, 912.333740234375, 1.8704507762827955, 18582, 0, 0
WIN , 11432.65132141112, -3753.2091789245605, 24.87322540283203, 8.801117260516644, 201.39499, 1299, 113, 15, 2704.8797370698826, 0.0, 1346.37109375, 2.0822784734949056, 18618, 0, 0
WIN , 11972.639498901359, -4055.8605003356934, 24.340087890625, 8.796943055768816, 175.0, 1361, 109, 23, 1580.2784297668798, 0.0, 165.8686289520779, 1.1611156721284936, 18654, 0, 0
WIN , 11337.307687377915, -4058.4999992370604, 21.15517578125, 9.113591388567457, 201.92313, 1244, 117, 29, 12995.933304380234, 0.0, 11629.80189101264, 10.446891723778323, 18683, 0, 0
WIN , 12866.481187438963, -4055.8076866149904, 24.247586059570313, 8.646828754999303, 137.11125, 1488, 100, 35, 5142.887519248065, 0.0, 3353.159242248535, 3.4562416123978927, 18716, 0, 0
WIN , 10805.370513915997, -4062.288874053955, 22.72465362548828, 9.164860486782016, 183.40611, 1179, 121, 23, 379972.1720065913, 0.0, 378779.5098381075, 322.28343681644725, 18739, 0, 0
LOSS, -1184.8393890380892, -4057.659387969971, 17.405287170410155, -5.129174844320732, 201.8, 231, 184, 7, 338.2235978872091, 1.7763568394002505E-15, 92.78695378282909, 1.4641714194251476, 18746, 0, 0
WIN , 15174.230712890643, -722.8199989318848, 21.69081268310547, 11.565724628727624, 189.49287, 1312, 112, 33, 1936.7134475287698, 0.0, 734.230833576378, 1.4761535423237575, 18773, 0, 0
LOSS, 10406.117207336418, -4057.0507118225096, 17.65238800048828, 8.010867750066526, 207.0, 1299, 113, 17, 1310.9355701033342, 0.0, 67.28038862574734, 1.0091882756761619, 18813, 0, 0
WIN , 11865.269729614256, -3633.1679191589355, 21.322360229492187, 9.212165939141503, 175.6235, 1288, 114, 29, 1814.5236943115303, 0.0, 257.6846679687501, 1.4087916881300702, 18833, 0, 0
LOSS, 7980.241293334937, -4058.4376487731934, 17.358473205566405, 5.79959396317946, 191.88, 1376, 108, 17, 2619.03602875538, 0.0, 734.8159843444824, 1.9033692069443169, 18889, 0, 0
WIN , 13077.365873718263, -2998.6789421081544, 21.488432312011717, 9.31436315791899, 199.55183, 1404, 106, 34, 4586.193461882184, 0.0, 2988.622045135498, 3.2665195597451455, 18920, 0, 0
WIN , 12923.151608276388, -4056.044815826416, 24.846842956542968, 9.178374721787208, 168.03575, 1408, 106, 29, 4779.353685952074, 0.0, 3009.1758445739747, 3.3944273337727795, 18949, 0, 0
WIN , 12138.715037536604, -4059.196424102783, 21.83800506591797, 9.031782021976639, 180.88538, 1344, 110, 31, 778358.9272748387, 0.0, 777070.4699990364, 579.1361066033026, 18979, 0, 0
LOSS, 14448.033537292802, -4057.9114616394045, 17.82926788330078, 4.8160111790976, 210.55, 3000, 0, 27, 360779.75620361057, 0.0, 351248.8938173719, 120.25991873453685, 19040, 0, 0
LOSS, 10392.405537414546, -3665.9449989318846, 17.86979522705078, 9.068416699314612, 207.0, 1146, 123, 24, 18846.188678583338, 0.0, 14198.534106444127, 16.445190819008147, 19058, 0, 0
WIN , 12062.229205322255, -3858.3505363464355, 23.6669921875, 9.497818271907288, 154.20258, 1270, 115, 31, 3091.5931798402726, 0.0, 1451.512451171875, 2.4343253384569077, 19079, 0, 0
LOSS, 11263.331488037093, -4060.579741668701, 17.73271942138672, 8.637524147267708, 191.0, 1304, 113, 24, 1647.473253244292, 0.0, 67.53416822436078, 1.263399734083046, 19113, 0, 0
LOSS, 10995.05541992186, -3843.9112297058105, 17.43595733642578, 9.193190150436338, 191.0, 1196, 120, 25, 8.16658886573484E13, 0.0, 8.16658886562436E13, 6.8282515599789635E10, 19132, 0, 0
WIN , 11501.693850707978, -3678.9666496276855, 24.07415313720703, 9.172004665636345, 153.39499, 1254, 116, 28, 1469.5981363317455, 0.0, 212.0384765624999, 1.1719283383825723, 19167, 0, 0
WIN , 11547.522084045397, -4060.6605003356935, 20.888107299804688, 9.380602830256212, 178.17415, 1231, 117, 23, 4.130929946404159E14, 0.0, 4.1309299463928575E14, 3.355751378069991E11, 19183, 0, 0
WIN , 11067.67791595457, -4058.1825843811034, 23.99334259033203, 9.339812587303435, 201.39499, 1185, 121, 29, 2705.1057147778456, 0.0, 1713.8498863220216, 2.2827896327239205, 19197, 0, 0
WIN , 12582.639498901348, -4055.8605003356934, 23.108154296875, 8.653809834182494, 175.0, 1454, 103, 20, 7.564227618481181E13, 0.0, 7.564227540576386E13, 5.202357371720207E10, 19250, 0, 0
