LOSS, 22153.810639953776, -14.129283142089843, 38.8, 7.382142832373801, 184.89409, 3000, 0, 28, 11143.234506866542, 0.0, 136.34610427200187, 3.713173777696282, 801, 0, 0
LOSS, 11581.017610169049, -3006.210640716553, 14.923139953613282, 3.860339203389683, 181.7175, 3000, 0, 23, 11761.673763022503, 0.0, 2995.4658226013185, 3.920557921007501, 1309, 0, 0
LOSS, 11080.823530578627, -2006.0282501220704, 14.681806945800782, 3.693607843526209, 230.27907, 3000, 0, 23, 10161.404968838584, 0.0, 1995.6282501220703, 3.3871349896128615, 1896, 0, 0
LOSS, 15281.708219909695, -1806.8517807006835, 14.52257843017578, 9.575005150319358, 196.4, 1596, 93, 22, 4589.486834535598, 0.0, 1795.8927139282225, 2.875618317378194, 2020, 0, 0
WIN , 19280.869999694976, -2948.5600006103514, 26.17790069580078, 9.578176850320405, 177.7, 2013, 65, 36, 5627.521231654469, 0.0, 2958.691375732422, 2.7955892854716686, 2144, 0, 0
LOSS, 8128.319120788523, -4058.8300018310547, 14.737837219238282, 6.576309968275504, 223.0, 1236, 117, 15, 6019.578729861339, 0.0, 4072.3153507439574, 4.870209328366779, 2232, 0, 0
LOSS, 13293.510986328141, -2167.74912109375, 14.807295227050782, 10.132249227384253, 223.0, 1312, 112, 27, 3211.0163676947755, 0.0, 2157.486592102051, 2.447421011962481, 2268, 0, 0
WIN , 19189.544993591404, -2942.4601081848145, 22.80023193359375, 9.91707751606791, 163.94899, 1935, 71, 35, 5009.7144211781115, 0.0, 2933.208018209716, 2.588999700867241, 2342, 0, 0
WIN , 16665.69489898687, -4062.005101776123, 22.64501953125, 7.236515370814967, 207.0, 2303, 46, 36, 12906.141297135899, 0.0, 4050.5051010131833, 5.604056142916153, 2476, 0, 0
WIN , 15141.330000305206, -4056.5, 27.22941436767578, 8.844234813262387, 193.7, 1712, 85, 35, 5981.080499293451, 0.0, 4043.19380962529, 3.4936217869704738, 2554, 0, 0
LOSS, 10196.627812194789, -4057.830000305176, 15.635176086425782, 8.310210115888173, 175.0, 1227, 118, 31, 8.749890924952929E15, 0.0, 3.0029817569476725E15, 7.131125448209396E12, 2604, 0, 0
LOSS, 18883.5752334597, -3103.8578140258787, 16.20060577392578, 6.294525077819899, 213.00987, 3000, 0, 36, 11876.587203502706, 0.0, 4051.940852355957, 3.958862401167569, 2788, 0, 0
WIN , 15274.278416442929, -3667.4330474853514, 23.46031951904297, 8.95326988068167, 148.88538, 1706, 86, 35, 6123.916099296571, 0.0, 3678.5110795775777, 3.5896342903262433, 2866, 0, 0
LOSS, 2702.236779785157, -4062.3114624023438, 21.50028839111328, 5.617955883129225, 191.0, 481, 167, 6, 5257.072914507746, 0.0, 4072.518776481435, 10.929465518727122, 2922, 0, 0
WIN , 8377.762207031234, -2254.5482421875, 21.60746612548828, 9.89110059862011, 148.89551, 847, 143, 7, 7832.162027542679, 0.0, 4074.9337585449216, 9.24694454255334, 3016, 0, 0
WIN , 6892.301051330553, -4063.5104499816894, 22.929126739501953, 8.023633354284694, 125.884995, 859, 142, 22, 5.070053043320668E15, 0.0, 2.1447530973659982E15, 5.902273624354678E12, 3115, 0, 0
LOSS, 5183.750579833982, -4064.6115005493166, 21.87821807861328, 7.280548567182558, 209.7, 712, 152, 16, 5466.781538551542, 0.0, 4079.5885414123536, 7.6780639586398065, 3178, 0, 0
WIN , 7220.245606994607, -3648.9620807647707, 20.65177764892578, 8.385883399529162, 185.92313, 861, 142, 32, 5074.32170346908, 0.0, 3639.4798425938975, 5.893521142240511, 3231, 0, 0
WIN , 6198.762533569324, -4059.8076881408692, 20.416972351074218, 5.544510316251631, 198.29779, 1118, 125, 16, 2201.8892393059377, 0.0, 66.30296050683289, 1.9694894805956509, 3330, 0, 0
WIN , 6688.179878997788, -4056.7702224731447, 20.217970275878905, 8.21643719778598, 116.499, 814, 145, 22, 2.920291612756426E15, 0.0, 1.754479813476384E15, 3.587581833853103E12, 3372, 0, 0
LOSS, 6240.877780914293, -4065.5500999450683, 19.60514678955078, 8.864883211525985, 191.0, 704, 153, 9, 4739.712663916069, 0.0, 4089.0104194641112, 6.732546397608052, 3396, 0, 0
LOSS, 622.8721435546895, -3825.827882385254, 17.74528350830078, 1.8648866573493699, 223.0, 334, 177, 8, 4120.094568013658, 0.0, 3841.856979370117, 12.33561247908281, 3406, 0, 0
LOSS, 11796.582670593272, -1489.3000244140626, 17.74455108642578, 3.932194223531091, 234.51338, 3000, 0, 24, 10250.618509691292, 0.0, 1479.0485733154662, 3.416872836563764, 3648, 0, 0
LOSS, 9715.8027542114, -3265.8826950073244, 16.258036804199218, 8.049546606637447, 191.0, 1207, 119, 20, 5826.141872128735, 0.0, 3273.383406022121, 4.826960954539134, 3695, 0, 0
LOSS, 3840.1494384765642, -2972.8854499816894, 16.324748229980468, 4.830376652171779, 175.0, 795, 147, 11, 4681.428718779659, 0.0, 2983.9401985168456, 5.88858958337064, 3755, 0, 0
LOSS, 11990.745892334066, -1743.034888458252, 16.264384460449218, 3.9969152974446884, 236.1922, 3000, 0, 20, 12378.578448300037, 0.0, 2933.5600006103514, 4.126192816100012, 4079, 0, 0
LOSS, 334.6799987792973, -2592.580780029297, 15.754313659667968, 1.4614847108266258, 223.0, 229, 184, 5, 2860.2538925166514, 0.0, 2600.7784424327006, 12.49019167037839, 4086, 0, 0
WIN , 19223.97687072762, -736.6607803344726, 23.410250854492187, 9.4420318618505, 159.6235, 2036, 64, 36, 4044.368065139878, 0.0, 750.8385948635572, 1.9864283227602544, 4213, 0, 0
WIN , 12838.942092895502, -4061.2376495361327, 21.7900390625, 9.016111020291785, 170.20258, 1424, 105, 23, 5823.6148888601, 0.0, 4051.2317497253416, 4.089617197233216, 4293, 0, 0
WIN , 15170.2166824341, -4059.5797439575194, 24.107341003417968, 8.52738430715801, 168.03575, 1779, 81, 35, 2093.53109643977, 0.0, 24.692399931069144, 1.1768021902415795, 4358, 0, 0
LOSS, 8785.046543884258, -4059.196424102783, 15.981672668457032, 8.15696057927972, 223.0, 1077, 128, 29, 5132.832264135789, 0.0, 4048.896424102783, 4.765860969485412, 4388, 0, 0
LOSS, 19491.38528137228, -2915.44296875, 15.626020812988282, 6.497128427124093, 213.7175, 3000, 0, 34, 10656.652802302386, 0.0, 4070.3199974060058, 3.5522176007674617, 4526, 0, 0
WIN , 14712.87174987794, -3666.82825012207, 23.390625, 9.553812824596065, 175.0, 1540, 97, 37, 4996.955803908964, 0.0, 3656.2261080940334, 3.244776496044782, 4573, 0, 0
WIN , 13878.550712585471, -4060.9000007629393, 22.02430877685547, 8.817376564539689, 189.49287, 1574, 95, 33, 1916.9809569327092, 0.0, 89.98659233347968, 1.2179040387120135, 4646, 0, 0
LOSS, 4768.649830627406, -4057.650714111328, 17.45701446533203, 1.5895499435424687, 172.99457, 3000, 0, 13, 7.597816111046272E13, 0.0, 7.59781610905117E13, 2.532605370348757E10, 4941, 0, 0
LOSS, 11299.271575927723, -1447.5005435943604, 18.12760772705078, 11.034444898366917, 207.0, 1024, 131, 23, 1.7821165728809128E14, 0.0, 1.782116572854497E14, 1.7403482157040164E11, 4990, 0, 0
LOSS, 11875.039160156235, -3005.572120666504, 18.021835327148438, 9.83033043059291, 223.0, 1208, 119, 23, 5.50735123361626E14, 0.0, 3.2160714459327025E14, 4.559065590741937E11, 5035, 0, 0
LOSS, 11883.365136718749, -3600.0112785339356, 17.660455322265626, 9.408840171590459, 207.0, 1263, 115, 28, 8688.339442871022, 0.0, 3660.2920810699466, 6.879128616683311, 5087, 0, 0
WIN , 11591.406774902296, -3734.576416015625, 20.85869140625, 6.071978404872863, 212.16809, 1909, 72, 31, 2.2912797877041912E14, 0.0, 2.29127978763945E14, 1.2002513293369258E11, 5211, 0, 0
LOSS, 7875.5763381956685, -4057.1831916809083, 17.69163360595703, 2.6251921127318893, 218.2675, 3000, 0, 8, 4698.63730322508, 0.0, 172.73439368136522, 1.56621243440836, 5334, 0, 0
LOSS, 13516.679240417463, -610.9595306396484, 18.349349975585938, 11.552717299502104, 207.0, 1170, 122, 21, 1981.9665450555501, 0.0, 600.4087936401367, 1.6939885000474788, 5387, 0, 0
LOSS, 12939.961738586444, -3607.0387687683105, 17.24632110595703, 4.313320579528814, 199.33574, 3000, 0, 30, 8251.394447067214, 0.0, 3596.9245109558105, 2.7504648156890714, 5569, 0, 0
LOSS, 9659.278524780444, -3268.200508117676, 16.267436218261718, 3.219759508260148, 178.55, 3000, 0, 23, 7848.629299537802, 0.0, 3257.4077911376953, 2.6162097665126005, 5749, 0, 0
LOSS, 3654.2316406250015, -2007.4790328979493, 17.26298370361328, 7.3674025012600834, 201.8, 496, 166, 11, 4.254936095749546E15, 0.0, 2.1274683019206415E15, 8.578500193043439E12, 5778, 0, 0
LOSS, 11280.291133117655, -1281.1106750488282, 15.380049133300782, 10.329936935089428, 223.0, 1092, 127, 14, 2.633604885207084E15, 0.0, 2.6336048852015215E15, 2.4117260853544727E12, 5810, 0, 0
WIN , 18601.49819335943, -2342.001806640625, 25.952743530273438, 6.793826951555673, 137.0, 2738, 17, 19, 9051.156055995449, 0.0, 2959.7, 3.30575458582741, 5935, 0, 0
WIN , 16555.098335266117, -4062.900001525879, 25.111740112304688, 9.290178639318809, 186.01665, 1782, 81, 33, 7.06622198339111E14, 0.0, 7.066221983371389E14, 3.965332201678513E11, 6014, 0, 0
WIN , 15537.90166473387, -4057.998336791992, 22.61865234375, 8.76856753088819, 207.0, 1772, 81, 36, 1826.190982662818, 0.0, 30.974650404191834, 1.0305818186584752, 6078, 0, 0
WIN , 16262.107687377917, -4056.5, 23.37490234375, 8.631691978438385, 185.92313, 1884, 74, 33, 6597.471245137668, 0.0, 4069.0038168213687, 3.501842486803433, 6188, 0, 0
WIN , 16487.892312622076, -4059.8076881408692, 22.2587890625, 8.231598758173778, 207.0, 2003, 66, 32, 2331.687989593593, 0.0, 44.42085453370511, 1.1640978480247595, 6268, 0, 0
LOSS, 998.4894409179684, -4055.2999992370605, 15.58660888671875, 2.290113396600845, 207.0, 436, 170, 5, 4440.204710485746, 0.0, 4044.3440116882325, 10.183955757994829, 6282, 0, 0
LOSS, 6879.848229980458, -974.9894409179688, 17.34606475830078, 10.868638593965969, 191.0, 633, 157, 10, 1503.2959418479688, 0.0, 986.6452955392547, 2.374875105605006, 6302, 0, 0
LOSS, 15793.261791992203, -1726.0376716613769, 16.141215515136718, 10.04021728670833, 223.0, 1573, 95, 24, 3213.9488584673722, 0.0, 1715.6418610512535, 2.0431969856753796, 6354, 0, 0
WIN , 17126.080537414593, -3487.499464416504, 24.89373016357422, 9.747342366200678, 130.2, 1757, 82, 37, 5424.959987986574, 0.0, 3476.965528869629, 3.08762662947443, 6409, 0, 0
WIN , 17844.308103942883, -4064.180000305176, 22.31217803955078, 7.268557272481826, 187.11896, 2455, 36, 34, 7296.483535991347, 0.0, 4075.4591108819386, 2.972091053356964, 6514, 0, 0
LOSS, 10359.611993408194, -4059.6881050109864, 16.09880676269531, 7.97506696952132, 207.0, 1299, 113, 20, 1489.0867894294868, 0.0, 24.860099219517835, 1.1463331712313216, 6563, 0, 0
WIN , 17955.64929504398, -2709.3000984191895, 23.300630187988283, 10.343115953366347, 134.50607, 1736, 84, 33, 5.128544205658244E13, 0.0, 5.1285442052566484E13, 2.954230533213274E10, 6597, 0, 0
WIN , 16872.750607299837, -4063.149394226074, 21.62041778564453, 9.110556483423238, 207.0, 1852, 76, 37, 8922.094284502635, 0.0, 4076.0634695994445, 4.817545509990624, 6652, 0, 0
WIN , 15583.306542968716, -4055.2999992370605, 23.48749237060547, 6.631194273603709, 173.93457, 2350, 43, 35, 359963.6811103463, 0.0, 348672.06457643816, 153.17603451504098, 6776, 0, 0
LOSS, 3249.0808670043825, -4060.4065433502196, 16.144544982910155, 1.0830269556681276, 233.1259, 3000, 0, 4, 7991.242661577019, 0.0, 4047.705657613056, 2.6637475538590065, 6886, 0, 0
WIN , 20506.012590027003, -608.8874099731445, 23.60986328125, 9.954375043702429, 223.0, 2060, 62, 38, 2.291279787667769E14, 0.0, 2.2912797876394544E14, 1.1122717415862956E11, 6959, 0, 0
LOSS, 15131.615075683596, -4054.300001525879, 16.353099060058593, 5.043871691894532, 198.88538, 3000, 0, 30, 8193.233307468334, 0.0, 4064.439926147461, 2.7310777691561112, 7062, 0, 0
LOSS, 12588.801086425749, -3265.3150749206543, 16.462626647949218, 7.597345254330566, 207.0, 1657, 89, 21, 5671.148171414439, 0.0, 3276.8075065612793, 3.4225396327184305, 7119, 0, 0
WIN , 16864.383837890684, -3425.316162109375, 23.461993408203124, 8.222517717157817, 175.0, 2051, 63, 32, 5286.665894365561, 0.0, 3439.472827236678, 2.577604044059269, 7161, 0, 0
LOSS, 10961.225979614235, -4058.4999992370604, 16.29497833251953, 7.549053704968482, 201.39499, 1452, 103, 11, 3497.9174748364676, 0.0, 2017.7856857299805, 2.4090340735788343, 7202, 0, 0
LOSS, 13871.84530487077, -3042.1259803771973, 16.017530822753905, 4.623948434956923, 234.28716, 3000, 0, 15, 12642.070079845285, 0.0, 4052.977644729614, 4.2140233599484285, 7325, 0, 0
LOSS, 10105.294555664046, -2591.571283721924, 16.599345397949218, 8.491844164423568, 165.33574, 1190, 120, 24, 9.50501101528412E14, 0.0, 9.505011015247529E14, 7.98740421452447E11, 7364, 0, 0
LOSS, 14378.97883758546, -2557.465841674805, 17.23148956298828, 6.753865118640423, 207.0, 2129, 58, 27, 155681.12593279307, 0.0, 150383.07911198732, 73.12406102996387, 7451, 0, 0
WIN , 16811.282604980486, -3226.444679260254, 23.9892578125, 9.61743856120165, 188.72717, 1748, 83, 34, 5513.812274579347, 0.0, 3239.654361080331, 3.154354848157521, 7504, 0, 0
WIN , 15108.560821533223, -4058.327282714844, 21.31584014892578, 8.638399554907503, 203.11896, 1749, 83, 20, 1.1550484499011632E15, 0.0, 1.155048449895439E15, 6.604050599777949E11, 7544, 0, 0
LOSS, 5265.66731567382, -4055.6881034851076, 16.30863800048828, 6.291119851462151, 207.0, 837, 144, 9, 4235.703915224035, 0.0, 3437.517683608444, 5.060578154389528, 7568, 0, 0
LOSS, 20096.001113891634, -1811.955421447754, 16.683573913574218, 6.698667037963878, 207.775, 3000, 0, 33, 190814.7839404226, 0.0, 185331.42535817326, 63.60492798014087, 7694, 0, 0
WIN , 15986.653466033982, -3667.356533050537, 23.65794906616211, 8.445141820408866, 119.9, 1893, 73, 36, 191059.367858429, 0.0, 185328.80142551442, 100.92940721522926, 7745, 0, 0
WIN , 13616.831461334226, -4065.2099998474123, 25.90416717529297, 9.352219410257023, 151.58539, 1456, 102, 21, 5295.938414523379, 0.0, 4078.275323555234, 3.6373203396451776, 7775, 0, 0
WIN , 15106.803355407717, -4062.64146156311, 24.648344421386717, 9.262295129005345, 183.55183, 1631, 91, 27, 380747.59384183155, 0.0, 185331.1998145168, 233.4442635449611, 7814, 0, 0
WIN , 14900.58518371581, -4057.644815826416, 25.96793975830078, 8.901185892303351, 177.7, 1674, 88, 28, 3070.0366476790405, 0.0, 357.62579729423624, 1.833952597179833, 7879, 0, 0
LOSS, 9266.124382019025, -4060.0300006866455, 16.821513366699218, 8.725164201524505, 186.45618, 1062, 129, 19, 155856.66605170074, 0.0, 150383.17384331982, 146.75768931421916, 7899, 0, 0
LOSS, 3431.6846069335925, -3286.754383087158, 17.13811798095703, 6.063047008716595, 223.0, 566, 162, 6, 3756.2387171940663, 0.0, 3275.1384468147053, 6.636464164653828, 7913, 0, 0
WIN , 18317.66101074234, -1556.6389907836915, 23.641357421875, 6.238985357882268, 223.0, 2936, 4, 32, 9063.599626061265, 0.0, 3475.978273010254, 3.0870570933451176, 8030, 0, 0
LOSS, 2425.7014053344965, -4056.1000007629395, 14.952009582519532, 0.8085671351114988, 227.82738, 3000, 0, 5, 9669.062758329666, 0.0, 4045.1340003967284, 3.223020919443222, 8096, 0, 0
WIN , 18018.50904388428, -600.0014068603516, 23.64186248779297, 11.917003335902303, 180.89551, 1512, 99, 34, 5286.705240713352, 0.0, 3454.298594665527, 3.4964981750749686, 8127, 0, 0
LOSS, 5746.6345748900585, -4059.11044921875, 16.00077667236328, 1.915544858296686, 178.55, 3000, 0, 22, 9151.965721399101, 0.0, 4070.5436828613283, 3.050655240466367, 8262, 0, 0
WIN , 15482.354975891118, -2006.9450248718263, 24.458740234375, 10.397820668832182, 191.0, 1489, 100, 19, 6508.2017316361125, 0.0, 3118.7857925415037, 4.370854084376167, 8299, 0, 0
LOSS, 11119.671264648423, -4057.500001525879, 16.214427185058593, 8.436776376819743, 186.448, 1318, 112, 21, 1304.176476739484, 0.0, 25.274516291806535, 0.9895117425944492, 8330, 0, 0
WIN , 14460.32873535155, -3437.7712646484374, 23.0595703125, 9.904334750240787, 191.0, 1460, 102, 32, 4591.96207584706, 0.0, 3447.362939529605, 3.145179504004836, 8361, 0, 0
LOSS, 12274.705419921864, -4056.8999992370605, 17.18107452392578, 8.5538016863567, 207.0, 1435, 104, 13, 1647.0819588839838, 0.0, 67.21365088802486, 1.1477923058424975, 8402, 0, 0
LOSS, 7292.634834289533, -3644.0054206848145, 16.687968444824218, 8.166444383302949, 177.7, 893, 140, 14, 4407.898515171027, 0.0, 3633.370044708252, 4.936056567940679, 8419, 0, 0
WIN , 16235.641648864745, -2565.440254211426, 23.46692352294922, 9.7805070173884, 161.18097, 1660, 89, 36, 4358.344016390414, 0.0, 2577.081401877578, 2.625508443608683, 8462, 0, 0
WIN , 14405.418096923791, -4061.081903076172, 23.731983947753907, 9.275864840260008, 207.0, 1553, 96, 33, 5804.721484630331, 0.0, 4091.549094455326, 3.7377472534644762, 8499, 0, 0
WIN , 13633.490499877911, -4057.1000003814697, 25.510919189453126, 9.42190082921763, 172.095, 1447, 103, 33, 5448.619281293492, 0.0, 4045.987410736084, 3.7654590748400087, 8528, 0, 0
LOSS, 8414.6336212158, -4059.3905014038087, 17.21354522705078, 8.465426178285513, 223.0, 994, 133, 28, 4781.5928454864625, 0.0, 4049.2143951416015, 4.810455578960224, 8543, 0, 0
LOSS, 15573.361178588808, -2933.4241203308106, 16.835673522949218, 5.191120392862936, 213.48734, 3000, 0, 28, 11336.81123225165, 0.0, 3477.243605041504, 3.7789370774172166, 8643, 0, 0
WIN , 13825.20520019531, -3667.385301208496, 23.750421142578126, 9.79816102069122, 140.095, 1411, 105, 27, 5465.609147508455, 0.0, 3656.2628646850585, 3.873571330622576, 8668, 0, 0
WIN , 13146.23950042724, -4062.5905014038085, 25.95719757080078, 9.26443939424048, 177.7, 1419, 105, 30, 8019.675295762445, 0.0, 4075.0843307495115, 5.651638686231462, 8712, 0, 0
WIN , 15110.49728240968, -4060.6300010681152, 25.013916015625, 8.580634459062852, 172.72717, 1761, 82, 32, 6168.286446232632, 0.0, 4084.3804222106933, 3.5027180273893426, 8763, 0, 0
LOSS, 10349.857629394519, -4059.3272842407227, 16.28459014892578, 8.61769994121109, 207.0, 1201, 119, 20, 1213.568680015112, 0.0, 221.23776195320437, 1.0104651790300683, 8780, 0, 0
LOSS, 11728.19345703123, -3060.9849128723145, 17.29801788330078, 9.68471796616947, 223.0, 1211, 119, 20, 338006.9596622389, 0.0, 334058.09377391636, 279.1139220992889, 8798, 0, 0
LOSS, 4669.099511718746, -3557.978369140625, 16.158216857910155, 6.387277033814974, 207.0, 731, 151, 12, 8229.935478310686, 0.0, 3747.286787414551, 11.258461666635686, 8819, 0, 0
LOSS, 2309.422094726564, -1776.477882385254, 16.151808166503905, 7.354847435434917, 223.0, 314, 179, 7, 1980.3404432106859, 0.0, 1798.913234072912, 6.306816698123203, 8819, 0, 0
WIN , 17527.141485595763, -1025.8999771118165, 24.70030975341797, 11.418333215371833, 135.58539, 1535, 97, 32, 2578.0973978643124, 0.0, 1015.300001525879, 1.6795422787389658, 8841, 0, 0
WIN , 14444.74903869629, -4063.0414627075197, 23.825128173828126, 9.559728020315216, 188.095, 1511, 99, 33, 1368.5411262919529, 0.0, 84.40228962290405, 0.905718812900035, 8866, 0, 0
WIN , 14051.039500427243, -4057.1904991149904, 24.48966827392578, 9.189692282817033, 177.7, 1529, 98, 26, 5879.540811178237, 0.0, 4046.8283699035646, 3.8453504324252696, 8904, 0, 0
LOSS, 3845.0010437010887, -4058.2299995422363, 17.29484405517578, 1.2816670145670295, 181.00987, 3000, 0, 24, 5818.429266676383, 0.0, 27.435850484903757, 1.939476422225461, 9050, 0, 0
WIN , 16205.26895599368, -2004.4310440063477, 25.649658203125, 9.803550487594483, 175.0, 1653, 89, 38, 4113.592887489351, 0.0, 1993.4310684204102, 2.488561940404931, 9103, 0, 0
WIN , 14192.869000244164, -4058.4999992370604, 24.204156494140626, 9.368230363197467, 146.31, 1515, 99, 33, 5703.766823671063, 0.0, 4071.14572102514, 3.76486258988189, 9131, 0, 0
LOSS, 11104.625970458957, -4063.1690006256104, 16.592631530761718, 8.374529389486394, 191.0, 1326, 111, 17, 1904.435628728196, 0.0, 357.2068031536112, 1.4362259643500723, 9164, 0, 0
WIN , 15029.865530395507, -3365.9949699401855, 26.76067657470703, 9.759652941815265, 201.39499, 1540, 97, 34, 4925.378981127909, 0.0, 3376.9121284484863, 3.1982980396934475, 9196, 0, 0
WIN , 14469.439498901356, -4056.4605026245117, 24.23406524658203, 9.4633351856778, 207.0, 1529, 98, 33, 11988.455284783708, 0.0, 4067.4711367904897, 7.840716340604125, 9226, 0, 0
WIN , 14021.827282714836, -4056.5, 25.2138671875, 9.643622615347205, 188.72717, 1454, 103, 34, 9432.762887607774, 0.0, 4074.1019194129008, 6.487457281710986, 9252, 0, 0
WIN , 13450.522460937502, -4058.327282714844, 25.34619140625, 9.452229417384048, 183.50256, 1423, 105, 36, 1309.8643649153685, 0.0, 34.74039792913, 0.9204949858857122, 9281, 0, 0
LOSS, 4492.144396972649, -4060.0497444152834, 16.01042022705078, 6.371836024074679, 207.0, 705, 153, 19, 6457.86813401156, 0.0, 4047.7106315612796, 9.160096643988028, 9301, 0, 0
WIN , 16971.015859985382, -1820.394142150879, 25.86742248535156, 10.830259004457806, 151.9, 1567, 95, 27, 539823.1518348776, 0.0, 324380.20844584954, 344.4946725174713, 9331, 0, 0
WIN , 13931.369741821316, -4061.4100021362306, 23.6044921875, 9.588003951700838, 138.20258, 1453, 103, 36, 1107.4252866093761, 0.0, 34.44350357055664, 0.76216468452125, 9362, 0, 0
WIN , 13548.930706787105, -4062.1797416687014, 22.35597381591797, 9.286450107462032, 148.89551, 1459, 102, 35, 5341.610671364307, 0.0, 4051.6247417449954, 3.6611450797562073, 9388, 0, 0
LOSS, 11641.905712890608, -4061.710450744629, 16.340509033203126, 8.934693563231471, 223.0, 1303, 113, 20, 1502.494752454179, 0.0, 280.8397983352114, 1.153104184538894, 9410, 0, 0
LOSS, 17143.610624695506, -3573.0161613464356, 16.583476257324218, 5.714536874898502, 194.55, 3000, 0, 35, 10504.580199675396, 0.0, 4070.32166595459, 3.501526733225132, 9463, 0, 0
WIN , 14365.030494689945, -3239.026787567139, 23.756591796875, 9.67993968644875, 143.42719, 1484, 101, 34, 4434.366784094633, 0.0, 3227.7252937134253, 2.98811777903951, 9487, 0, 0
WIN , 13104.972718811014, -4061.6572807312014, 24.74088897705078, 9.2877198574139, 193.7, 1411, 105, 32, 1597.596657235764, 0.0, 221.12103374275515, 1.1322442645186137, 9520, 0, 0
WIN , 13300.966424560549, -4057.830000305176, 21.561686706542968, 9.460146816899394, 184.03575, 1406, 106, 29, 9349.425881677638, 0.0, 4081.5916873931883, 6.649662789244409, 9549, 0, 0
LOSS, 2430.0909851074366, -4058.7964248657227, 16.14201202392578, 0.8100303283691456, 233.1259, 3000, 0, 6, 4176.139960945878, 0.0, 599.6863052368163, 1.3920466536486258, 9633, 0, 0
LOSS, 15323.351847839362, -607.687409210205, 16.19254913330078, 10.318755453090478, 207.0, 1485, 101, 24, 5524.79159433296, 0.0, 3448.0006942749023, 3.7203983800221954, 9671, 0, 0
LOSS, 5002.055105590807, -3582.2392578125, 16.463758850097655, 1.6673517018636024, 181.7175, 3000, 0, 22, 13141.038564361355, 0.0, 3572.2392578125, 4.380346188120452, 9833, 0, 0
LOSS, 8282.404624939581, -2004.2943634033204, 16.31315460205078, 2.760801541646527, 181.00987, 3000, 0, 22, 8158.596574068345, 0.0, 1993.0107896721374, 2.719532191356115, 9962, 0, 0
WIN , 16563.001011657732, -2005.4989875793458, 24.142169189453124, 10.281192434300268, 175.0, 1611, 92, 33, 4162.946136386846, 0.0, 1994.7548957824708, 2.5840758140203883, 10001, 0, 0
LOSS, 9784.339326477044, -4059.1000015258787, 16.74956817626953, 7.667977528587025, 209.7, 1276, 114, 15, 1588.7115850737912, 0.0, 182.29361178599476, 1.2450717751362, 10043, 0, 0
LOSS, 9959.060673522921, -3044.039326477051, 16.13163604736328, 7.948172923801214, 191.0, 1253, 116, 17, 4328.108532100795, 0.0, 3056.789505004883, 3.4541967534723024, 10085, 0, 0
WIN , 15172.188104248065, -2773.1, 24.85880889892578, 10.135062193886483, 219.11896, 1497, 100, 39, 3875.162603205568, 0.0, 2762.697742690689, 2.588618973417213, 10110, 0, 0
WIN , 14771.362608337418, -4056.488105010986, 23.50282440185547, 9.22633517072918, 205.49287, 1601, 93, 34, 1457.0663099066803, 0.0, 37.53708792714268, 0.9100976326712557, 10141, 0, 0
WIN , 13849.84928741454, -4055.4507118225097, 25.032794189453124, 9.03447442101405, 207.0, 1533, 97, 30, 1711.6016731707691, 0.0, 293.29285815053527, 1.1165046791720608, 10172, 0, 0
WIN , 14012.566426086429, -4056.5, 25.718913269042968, 8.601943785197317, 181.33574, 1629, 91, 23, 5523.809685220939, 0.0, 4068.2077080685503, 3.3909206170785384, 10206, 0, 0
LOSS, 4892.416952514637, -4058.466427612305, 16.24095001220703, 6.795023545159219, 201.8, 720, 152, 21, 470.0466682230688, 0.0, 24.8917807637987, 0.6528425947542622, 10213, 0, 0
WIN , 16965.01662139902, -1930.8833801269532, 25.55338897705078, 9.584755153332779, 207.0, 1770, 82, 35, 3406.560614035907, 0.0, 1945.115185546875, 1.9246105164044671, 10242, 0, 0
LOSS, 7275.655029296844, -4056.5, 16.31645050048828, 8.048290961611553, 207.0, 904, 139, 16, 4723.769217802006, 0.0, 4067.6017581939695, 5.22540842677213, 10258, 0, 0
WIN , 16308.511396789609, -2590.9550285339355, 24.312663269042968, 9.426885200456422, 165.33574, 1730, 84, 37, 4090.252857038266, 0.0, 2606.93572854511, 2.364308009848709, 10291, 0, 0
WIN , 15528.32182312013, -4060.666426086426, 21.666868591308592, 9.096849339847761, 182.11751, 1707, 86, 32, 6000.328340366017, 0.0, 4050.404707336426, 3.515130837941428, 10353, 0, 0
LOSS, 8940.886653137166, -4057.7882484436036, 16.540873718261718, 7.316601189146617, 191.0, 1222, 118, 17, 2892.859951078695, 0.0, 1756.0102745056154, 2.3673158355799466, 10392, 0, 0
WIN , 15020.213201904304, -2659.87490234375, 22.57902374267578, 10.107815075305723, 171.11896, 1486, 100, 36, 7977.203551590966, 0.0, 4071.596912384033, 5.3682392675578505, 10423, 0, 0
WIN , 13129.569177246081, -4060.088104248047, 23.04443359375, 9.07364836022535, 175.42719, 1447, 103, 27, 638434.7972691223, 0.0, 499502.3363325516, 441.21271407679495, 10461, 0, 0
LOSS, -258.7297302246112, -4059.0572830200194, 16.267225646972655, -0.8136155038509787, 207.0, 318, 178, 4, 4268.454202204483, 0.0, 4048.7572830200193, 13.422811956617872, 10466, 0, 0
LOSS, 4289.215719604449, -939.7275505065918, 15.980329895019532, 1.4297385732014831, 231.90701, 3000, 0, 7, 4923.313083543506, 0.0, 946.8690590748394, 1.6411043611811686, 10531, 0, 0
WIN , 16868.653153991734, -610.7432712554931, 22.831217956542968, 11.601549624478496, 184.03575, 1454, 103, 30, 5927.003742294455, 0.0, 4051.477462005615, 4.076343701715581, 10562, 0, 0
LOSS, 13972.506608581558, -4058.7964248657227, 16.17936553955078, 4.6575022028605195, 180.31, 3000, 0, 30, 12454.6384078321, 0.0, 4075.229954910278, 4.1515461359440335, 10694, 0, 0
LOSS, 13163.326333618152, -3270.103032684326, 16.07926788330078, 4.3877754445393835, 174.095, 3000, 0, 31, 8269.191076712257, 0.0, 3281.3252491884705, 2.7563970255707524, 10817, 0, 0
LOSS, 8212.12297668451, -3455.2293674468992, 16.266554260253905, 7.378367454343675, 191.0, 1113, 125, 20, 692177.6545817385, 0.0, 578115.184063418, 621.9026546107265, 10853, 0, 0
WIN , 14091.347656250027, -2656.75234375, 21.158038330078124, 10.02942893683276, 191.0, 1405, 106, 29, 16120.93040823509, 0.0, 3656.7655005491674, 11.473971820807893, 10884, 0, 0
WIN , 14385.496424865729, -4058.1, 23.479899597167968, 7.93026263774296, 136.03575, 1814, 79, 31, 5218.92911407657, 0.0, 1708.1179015623507, 2.8770281775504793, 10945, 0, 0
LOSS, 3099.5505233764625, -4062.3964241027834, 15.983076477050782, 5.399913803791747, 223.0, 574, 161, 12, 4480.512414732404, 0.0, 4076.825447845459, 7.805770757373526, 10957, 0, 0
WIN , 15313.353051757847, -1702.5469497680665, 22.213702392578124, 9.841486537119438, 207.0, 1556, 96, 34, 3915.811697295162, 0.0, 1691.8975258853961, 2.516588494405631, 11016, 0, 0
WIN , 13472.660000610349, -4055.900001525879, 24.66959991455078, 8.975789474090838, 180.4, 1501, 99, 36, 1518.2950839264438, 0.0, 24.85908660888672, 1.0115223743680506, 11057, 0, 0
WIN , 13690.99438171389, -4057.9599998474123, 23.978819274902342, 9.319941716619395, 170.45618, 1469, 102, 29, 5432.832219339163, 0.0, 4083.405326101962, 3.6983200948530723, 11093, 0, 0
WIN , 12796.733721923822, -4059.5543838500976, 22.79704132080078, 9.340681548849505, 203.11896, 1370, 108, 33, 1098.3284979532991, 0.0, 26.733358764648436, 0.8016996335425541, 11115, 0, 0
LOSS, 16489.871022034135, -4056.888104248047, 16.180278015136718, 5.496623674011378, 214.40874, 3000, 0, 30, 7111.213784065416, 0.0, 4046.811185836792, 2.370404594688472, 11174, 0, 0
LOSS, 12135.740971374515, -3666.159127807617, 16.267070007324218, 9.221687668217717, 223.0, 1316, 112, 22, 4835.349355333222, 0.0, 3654.9420776367188, 3.6742776256331475, 11194, 0, 0
LOSS, 3293.5199020385753, -3761.900099182129, 16.37412872314453, 5.58223712209928, 201.8, 590, 160, 8, 4153.1767275119555, 0.0, 3751.300001525879, 7.039282589003315, 11199, 0, 0
WIN , 16842.08000030521, -1714.8199989318848, 24.007568359375, 10.170338164435513, 191.0, 1656, 89, 30, 6659.2434744332195, 0.0, 3380.5076652526855, 4.0212822913244075, 11245, 0, 0
LOSS, 16739.2000000007, -4057.500001525879, 18.27873077392578, 5.579733333333566, 189.0, 3000, 0, 18, 5983.866789056421, 0.0, 4069.3096916958025, 1.994622263018807, 11291, 0, 0
WIN , 13502.400000000007, -3237.3, 24.244140625, 9.062013422818797, 175.0, 1490, 100, 32, 4823.777397816457, 0.0, 3227.2672080922466, 3.2374344951788303, 11330, 0, 0
WIN , 12516.799999999992, -4059.7, 21.02001953125, 8.953361945636617, 207.0, 1398, 106, 24, 2113.0952809517057, 0.0, 929.0088005065918, 1.511513076503366, 11358, 0, 0
WIN , 13961.561984252947, -4056.5, 22.994915771484376, 6.404386231308691, 191.38016, 2180, 54, 32, 7399.802658584825, 0.0, 4070.3034088134764, 3.394404889259094, 11453, 0, 0
LOSS, -566.8300018310083, -4058.0619842529295, 16.509780883789062, -0.18894333394366944, 205.0, 3000, 0, 7, 358660.4416899568, 0.0, 351127.5687478401, 119.55348056331894, 11510, 0, 0
WIN , 15338.405667114255, -610.0319816589356, 23.961276245117187, 11.844328700474328, 175.6235, 1295, 113, 32, 2055.5289635804797, 0.0, 599.1941917419434, 1.5872810529578993, 11550, 0, 0
LOSS, 7008.6801895141425, -4059.0376510620117, 17.44975128173828, 2.3362267298380477, 152.11751, 3000, 0, 24, 22207.28597340761, 0.0, 4071.698661804199, 7.4024286578025364, 11737, 0, 0
WIN , 15861.942662048341, -2428.317839050293, 26.21648712158203, 5.650852391182166, 169.39499, 2807, 12, 27, 9808.397884836688, 0.0, 3442.04150390625, 3.4942635856204802, 11849, 0, 0
WIN , 11789.439498901354, -4059.060500335693, 22.028399658203124, 9.117895977495246, 175.0, 1293, 113, 27, 393859.5240999926, 0.0, 315030.97776654625, 304.60906736271664, 11882, 0, 0
WIN , 11878.399999999994, -4058.4999992370604, 24.38140411376953, 9.236702954898908, 191.0, 1286, 114, 23, 1058.7382632715041, 0.0, 38.4434191430164, 0.8232801425128337, 11909, 0, 0
LOSS, 13040.831385803276, -4056.8999992370605, 17.826121520996093, 4.346943795267759, 132.52501, 3000, 0, 20, 4.6815809007448725E14, 0.0, 4.681580900463366E14, 1.5605269669149576E11, 12029, 0, 0
LOSS, 244.6467926025387, -3398.3313873291017, 16.06719970703125, 0.858409798605399, 194.17415, 285, 181, 8, 6190.8413943306, 0.0, 3387.893132019043, 21.72225050642316, 12033, 0, 0
WIN , 15962.921821594242, -852.9781799316406, 24.268153381347656, 10.963545207138903, 207.0, 1456, 102, 32, 2300.0371085783154, 0.0, 866.6721878051758, 1.5796958163312607, 12069, 0, 0
WIN , 13034.21044921874, -4055.900001525879, 22.60939178466797, 8.872845778909966, 164.89551, 1469, 102, 31, 1382.6563027859168, 0.0, 45.51284033095977, 0.9412228065254709, 12102, 0, 0
LOSS, 9121.823730468737, -4059.5104484558105, 17.900390625, 8.830419874606715, 207.0, 1033, 131, 21, 9007.789166056386, 0.0, 7964.306369118752, 8.720028234323703, 12120, 0, 0
LOSS, 4116.263856506348, -3391.934181213379, 17.88427734375, 6.953148406260723, 168.03575, 592, 160, 13, 3873.19047580698, 0.0, 3406.2061116427, 6.5425514794036825, 12133, 0, 0
LOSS, 18539.758497619707, -1888.7980361938476, 18.36479034423828, 6.179919499206569, 207.775, 3000, 0, 31, 356287.2215768712, 0.0, 351127.5715052328, 118.7624071922904, 12193, 0, 0
WIN , 11991.531570434565, -3668.5565338134766, 24.06803741455078, 10.043158769208178, 171.11896, 1194, 120, 25, 4549.867261056386, 0.0, 3657.339483642578, 3.8106090963621324, 12210, 0, 0
WIN , 11138.011895751955, -4059.488105773926, 24.349853515625, 9.114576019436951, 191.0, 1222, 118, 18, 1109.6981083745438, 0.0, 25.593364066629178, 0.908099925020085, 12231, 0, 0
WIN , 13834.305101013184, -4058.7000003814696, 23.91766357421875, 7.613816786468456, 147.94899, 1817, 78, 27, 6023.797978097571, 0.0, 4070.9779384018516, 3.315243796421338, 12276, 0, 0
LOSS, 8048.3683364867875, -4061.8051025390623, 18.289042663574218, 8.263211844442287, 207.0, 974, 135, 20, 1157.4095553195534, 0.0, 104.73215429088836, 1.1883054982746954, 12304, 0, 0
WIN , 11902.41706237792, -3050.7734375, 25.140313720703126, 9.684635526751764, 140.095, 1229, 118, 31, 4197.49138242386, 0.0, 3043.1115776223114, 3.415371344527144, 12319, 0, 0
WIN , 11213.309500122063, -4063.1904998779296, 21.72607421875, 9.438812710540457, 207.0, 1188, 120, 30, 2.8514422294892165E15, 0.0, 8.534310403650706E14, 2.400203896876445E12, 12339, 0, 0
LOSS, 9885.23236846919, -4055.2999992370605, 18.907484436035155, 3.2950774561563962, 156.01665, 3000, 0, 21, 3.652738121867752E14, 0.0, 3.652738121740211E14, 1.2175793739559174E11, 12446, 0, 0
LOSS, 2050.222506713912, -2681.132369995117, 16.807174682617188, 0.6834075022379706, 210.55, 3000, 0, 7, 356596.436895081, 0.0, 351127.41667053197, 118.86547896502701, 12496, 0, 0
WIN , 14508.644752502436, -611.9548751831055, 22.665216064453126, 11.872868046237672, 166.00372, 1222, 118, 33, 1821.0783845550848, 0.0, 601.1527794263307, 1.4902441772136537, 12521, 0, 0
WIN , 9858.830372619612, -4060.5996276855467, 24.87785186767578, 8.411971307695914, 177.7, 1172, 121, 21, 1.3071358366914468E15, 0.0, 1.3071358366863372E15, 1.1153036149244426E12, 12548, 0, 0
LOSS, 4688.069975280604, -4059.430000305176, 17.849685668945312, 1.5626899917602013, 173.0, 3000, 0, 16, 11494.818850824979, 0.0, 4075.2148414611815, 3.831606283608326, 12710, 0, 0
LOSS, 10745.087091064439, -2007.4999755859376, 18.41947784423828, 11.020602144681476, 186.20258, 975, 135, 18, 2816.9471671202523, 0.0, 1997.4999755859376, 2.8891765816617974, 12727, 0, 0
LOSS, 8903.130218505832, -3441.387065887451, 17.78153839111328, 8.929919978441156, 207.0, 997, 133, 19, 2.1094031887201862E15, 0.0, 2.1094031887117855E15, 2.1157504400403071E12, 12752, 0, 0
LOSS, 2555.4144042968755, -3054.5172843933105, 17.45860595703125, 5.616295394059067, 223.0, 455, 169, 9, 4.303610433775164E14, 0.0, 4.3036104337404394E14, 9.458484469835525E11, 12760, 0, 0
WIN , 14225.098310852056, -1379.9316886901856, 24.71256866455078, 10.883778355663393, 209.7, 1307, 112, 25, 309828.22514031915, 0.0, 306986.1436082626, 237.0529649122564, 12796, 0, 0
WIN , 11550.658103942858, -4056.8300006866457, 21.35587921142578, 8.562385547770836, 203.11896, 1349, 110, 31, 5780.252286429547, 0.0, 4069.406172943115, 4.284842317590472, 12839, 0, 0
WIN , 11663.102395629858, -4055.6881034851076, 21.157891845703126, 9.271146578402112, 172.095, 1258, 116, 34, 5287.9723691712115, 0.0, 4070.80848115643, 4.203475651169485, 12866, 0, 0
WIN , 11708.670001220707, -4058.7904991149903, 24.76311798095703, 8.74433905991091, 185.39499, 1339, 110, 30, 5870.198697652009, 0.0, 4083.82361831665, 4.384016951196422, 12898, 0, 0
LOSS, 3210.4969665527346, -4058.6605010986327, 18.013041687011718, 5.4880290026542475, 188.095, 585, 161, 10, 4633.068966083416, 0.0, 4073.2944982158215, 7.919776010399001, 12912, 0, 0
LOSS, 16927.60165863059, -1937.9574668884277, 17.871368408203125, 5.642533886210196, 214.40874, 3000, 0, 28, 5027.544890852575, 0.0, 1952.7126781039435, 1.6758482969508584, 12998, 0, 0
WIN , 11827.69087371827, -3665.5591255187987, 25.9236328125, 9.50015331222351, 127.5, 1245, 117, 27, 1.216077913907564E9, 0.0, 1.2160698615330803E9, 976769.4087610955, 13027, 0, 0
WIN , 11083.649999999994, -4065.0500003814695, 23.88037109375, 9.12234567901234, 191.0, 1215, 119, 35, 5673.281720593261, 0.0, 4077.258234668866, 4.669367671270173, 13051, 0, 0
WIN , 12532.413189697265, -4056.8999992370605, 21.870166015625, 8.349375875880922, 166.8681, 1501, 99, 30, 5412.5807740389155, 0.0, 4070.607157897949, 3.6059831938966793, 13091, 0, 0
LOSS, 4951.059954833978, -4061.713190460205, 18.29801788330078, 5.588103786494331, 191.0, 886, 140, 12, 5034.4435392485, 0.0, 4074.593617544995, 5.682216184253386, 13118, 0, 0
WIN , 13461.926855468764, -2151.57314453125, 26.868270874023438, 9.935001369349642, 137.0, 1355, 109, 32, 3078.352097057655, 0.0, 2141.280342102051, 2.27184656609421, 13137, 0, 0
WIN , 11926.799999999987, -4062.2999992370605, 26.335311889648438, 8.880714817572589, 169.0, 1343, 110, 31, 8423.049494102692, 0.0, 4077.40491984933, 6.271816451305058, 13179, 0, 0
LOSS, 9234.359277343709, -4059.0999992370607, 18.839213562011718, 5.144489848102345, 223.0, 1795, 80, 21, 1876.0698832554772, 0.0, 27.9527337345771, 1.0451642803651684, 13245, 0, 0
LOSS, 1845.4839935302987, -3184.65927734375, 17.830963134765625, 0.6151613311767662, 231.90701, 3000, 0, 6, 5762.876546787506, 0.0, 3198.129787623959, 1.920958848929169, 13301, 0, 0
WIN , 15428.698190307607, -609.5432723999023, 25.74987030029297, 11.378096010551332, 183.58539, 1356, 109, 30, 2350.794228299216, 0.0, 632.9181747436523, 1.7336240621675632, 13342, 0, 0
LOSS, 7841.195906066875, -4058.2414627075195, 18.524394226074218, 8.48614275548363, 183.40611, 924, 138, 23, 5108.651340824259, 0.0, 4071.7275463104247, 5.528843442450497, 13363, 0, 0
LOSS, 5625.99088287353, -3199.437368774414, 18.201185607910155, 1.8753302942911765, 181.7175, 3000, 0, 14, 10679.011463315761, 0.0, 3211.304217941422, 3.5596704877719203, 13516, 0, 0
WIN , 14113.671749877942, -2004.828249359131, 23.216876220703124, 9.614217813268352, 175.0, 1468, 102, 38, 7971.447311765973, 0.0, 4072.264284515381, 5.430141220549028, 13557, 0, 0
LOSS, 6878.222363281233, -4058.4999992370604, 18.544413757324218, 7.789606300431747, 207.0, 883, 141, 12, 870.5218642353346, 0.0, 25.473793006527202, 0.9858684759177063, 13584, 0, 0
WIN , 12912.16574096681, -3067.92236328125, 23.06242218017578, 9.947739399820346, 171.11896, 1298, 113, 21, 4352.79311164436, 0.0, 3057.0166015625, 3.3534615652113713, 13620, 0, 0
WIN , 11164.811895751938, -4058.8881034851074, 25.603515625, 9.518168709080935, 223.0, 1173, 121, 35, 4951.156109155871, 0.0, 4060.9553706932697, 4.220934449408245, 13635, 0, 0
WIN , 11011.98810424803, -4054.300001525879, 24.80192413330078, 9.215052806902117, 203.11896, 1195, 120, 29, 1258.812133371332, 0.0, 130.5736119940027, 1.0533992747877257, 13663, 0, 0
WIN , 11252.769177246077, -4056.888104248047, 20.35595703125, 8.81187876056858, 175.42719, 1277, 114, 26, 5660.305414214985, 0.0, 4070.1869131165454, 4.43250228207908, 13697, 0, 0
LOSS, 7464.129583740212, -4058.457280731201, 18.16428985595703, 8.293477315266902, 207.0, 900, 140, 17, 5.5312273378936275E14, 0.0, 4.303622594439044E14, 6.145808153215142E11, 13712, 0, 0
WIN , 11905.324597167948, -3222.5868644714355, 23.34777069091797, 10.06367252507857, 180.88538, 1183, 121, 31, 4187.979011329997, 0.0, 3212.5868644714355, 3.540134413634824, 13730, 0, 0
LOSS, 13983.311494445637, -4057.9114616394045, 18.17716827392578, 4.66110383148188, 217.1259, 3000, 0, 17, 9286.496410782405, 0.0, 4071.270065307617, 3.0954988035941353, 13820, 0, 0
WIN , 10768.360234069822, -3662.4229568481446, 24.453173828125, 9.745122383773595, 164.16809, 1105, 126, 24, 4639.833733830085, 0.0, 3650.972222576739, 4.198944555502339, 13841, 0, 0
WIN , 10258.646809387197, -4061.983191680908, 21.40275421142578, 9.143178974498394, 177.7, 1122, 125, 31, 119348.04726044828, 0.0, 117890.01398031328, 106.37080861002521, 13867, 0, 0
LOSS, 5103.164039611801, -4058.2299995422363, 18.807139587402343, 1.7010546798706003, 193.38016, 3000, 0, 7, 7292.467697080239, 0.0, 3227.552407073975, 2.430822565693413, 13974, 0, 0
LOSS, 16015.306057740094, -1441.994041442871, 19.93370132446289, 5.338435352580031, 189.0, 3000, 0, 32, 9440.387810263606, 0.0, 4066.3246601773935, 3.1467959367545353, 14061, 0, 0
WIN , 10838.064402008045, -3238.50009803772, 25.36052551269531, 10.063198144854267, 112.355, 1077, 128, 28, 4073.270803050041, 0.0, 3227.910161447572, 3.782052741922044, 14084, 0, 0
WIN , 10622.016211700426, -4064.764498901367, 22.89637908935547, 9.492418419750157, 192.19289, 1119, 125, 29, 7921.361441956322, 0.0, 4079.3753568936945, 7.078964648754533, 14101, 0, 0
LOSS, 8039.87309570305, -4057.380712890625, 18.56200408935547, 2.6799576985676836, 210.19289, 3000, 0, 18, 8896.207337107082, 0.0, 4075.905575561523, 2.9654024457023604, 14228, 0, 0
WIN , 11741.846192932122, -2337.25380859375, 19.187823486328124, 11.311990551957729, 175.0, 1038, 130, 16, 357337.26433375676, 0.0, 354116.36001282185, 344.2555533080508, 14243, 0, 0
WIN , 10567.766426086428, -4059.7, 22.862956237792968, 9.040005497079921, 197.33574, 1169, 122, 31, 5338.131640842031, 0.0, 4049.9889047851802, 4.566408589257511, 14275, 0, 0
LOSS, 8432.274443054117, -4056.8664276123045, 18.983680725097656, 2.8107581476847057, 216.52002, 3000, 0, 21, 4635.6402660993745, 0.0, 109.87081683336682, 1.5452134220331248, 14426, 0, 0
LOSS, 10061.56216430663, -2629.140870666504, 19.69059600830078, 3.3538540547688767, 180.31, 3000, 0, 24, 1.1324037836388667E14, 0.0, 1.1324037835138361E14, 3.774679278796223E10, 14589, 0, 0
WIN , 11193.303509521485, -3270.7030349731444, 24.93060760498047, 10.04784875181462, 125.93457, 1114, 125, 33, 4190.559134278996, 0.0, 3260.3035522460937, 3.7617227417226173, 14607, 0, 0
WIN , 9747.434918212868, -4063.4065422058106, 24.31652069091797, 9.528284377529685, 151.58539, 1023, 131, 28, 945.4564142365973, 0.0, 26.42218933105469, 0.9241998184130961, 14626, 0, 0
WIN , 11842.399000549296, -4062.0414611816404, 23.662965393066408, 8.001620946317091, 127.59538, 1480, 101, 27, 6222.709666262839, 0.0, 4071.493765258789, 4.204533558285702, 14677, 0, 0
WIN , 11060.459538269035, -4064.440461730957, 23.732017517089844, 9.118268374500442, 223.0, 1213, 119, 33, 5701.948340425335, 0.0, 4087.049853515625, 4.700699373804893, 14711, 0, 0
WIN , 10095.541461181621, -4054.9, 25.17516326904297, 9.304646508001495, 167.58539, 1085, 127, 26, 1.1324037835632222E14, 0.0, 1.1324037835138312E14, 1.043690123099744E11, 14733, 0, 0
WIN , 10637.885821533195, -4059.241460418701, 21.82421875, 8.551355162004176, 188.72717, 1244, 117, 32, 5283.727529913568, 0.0, 4086.392394177658, 4.24736939703663, 14773, 0, 0
WIN , 10678.172717285142, -4057.1272819519045, 22.97265625, 8.839546951394986, 207.0, 1208, 119, 29, 5379.659831307918, 0.0, 4070.824056861532, 4.453360787506554, 14806, 0, 0
LOSS, 8813.715478515607, -4055.900001525879, 18.39933624267578, 8.893759312326546, 191.0, 991, 133, 32, 4879.40500921454, 0.0, 3573.5973876953126, 4.923718475493986, 14834, 0, 0
LOSS, 15204.065126037638, -3779.615480041504, 18.26994171142578, 5.068021708679213, 213.00987, 3000, 0, 17, 147379.2145024009, 0.0, 137846.89676359238, 49.12640483413363, 14902, 0, 0
LOSS, 5701.225283813465, -3664.2806045532225, 18.31803741455078, 7.756769093623761, 169.8, 735, 151, 15, 4450.104039244219, 0.0, 3652.9324165827093, 6.054563318699618, 14925, 0, 0
WIN , 11986.394111633299, -2734.905889892578, 26.015975952148438, 10.532859500556501, 153.0, 1138, 124, 30, 4190.332148188986, 0.0, 2749.2499321306373, 3.682189936897176, 14956, 0, 0
WIN , 12196.199999999999, -4060.6999992370606, 24.73876953125, 8.308038147138964, 191.0, 1468, 102, 27, 3552.068215223087, 0.0, 1902.25616607666, 2.419664996745972, 15002, 0, 0
WIN , 10992.160501098626, -4058.7000003814696, 23.27874298095703, 8.929456134117487, 169.39499, 1231, 117, 20, 1164.2834184683916, 0.0, 25.35856609208325, 0.9458029394544204, 15033, 0, 0
WIN , 11081.328697204577, -4059.060500335693, 22.375263977050782, 9.068190423244335, 156.10802, 1222, 118, 30, 158874.65764294425, 0.0, 154230.39611118304, 130.01199479782673, 15056, 0, 0
LOSS, 9909.840899658186, -4060.9891998291014, 18.70378875732422, 8.777538440795558, 193.7, 1129, 124, 21, 3366.905924475114, 0.0, 1948.384872767031, 2.9822018817317217, 15082, 0, 0
LOSS, 2203.3074050903306, -3780.2300971984864, 18.667582702636718, 4.533554331461586, 218.99875, 486, 167, 9, 4370.107088597859, 0.0, 3791.7428020566495, 8.991989894234278, 15093, 0, 0
LOSS, 3246.235722351098, -1744.7375030517578, 17.43137969970703, 1.0820785741170327, 218.2675, 3000, 0, 7, 4348.98720373376, 0.0, 1733.5444747924805, 1.4496624012445867, 15142, 0, 0
LOSS, 10134.828776550277, -610.973225402832, 19.72752227783203, 11.361915668778337, 207.0, 892, 140, 15, 3410.6963416264157, 0.0, 1756.5540977478029, 3.823650607204502, 15169, 0, 0
LOSS, 10207.64287109373, -2925.802001953125, 18.994609069824218, 9.557718044095253, 175.0, 1068, 128, 22, 4179.114117055158, 0.0, 2915.514483642578, 3.9130281994898484, 15200, 0, 0
WIN , 11988.145626831032, -3634.0448734283445, 22.388116455078126, 6.780625354542439, 156.095, 1768, 82, 29, 5922.319042394719, 0.0, 3646.887749558831, 3.349727965155384, 15247, 0, 0
WIN , 11054.373999786361, -4061.5904998779297, 22.18327941894531, 9.17375435666918, 112.355, 1205, 119, 33, 9333.273420938722, 0.0, 4077.7112712860107, 7.745455121110973, 15272, 0, 0
WIN , 11376.440601348873, -4064.764498901367, 24.65472412109375, 9.000348577016513, 147.94899, 1264, 115, 33, 1653.6060720268833, 0.0, 274.9230880014204, 1.3082326519200027, 15303, 0, 0
WIN , 11627.683003234853, -4061.8051025390623, 21.46208038330078, 8.543484939922743, 171.11896, 1361, 109, 26, 9622.47421819082, 0.0, 4074.7124050102007, 7.070150050103468, 15345, 0, 0
WIN , 10869.561895751942, -4060.088104248047, 22.535693359375, 9.282290261103281, 175.5, 1171, 121, 30, 308409.742152247, 0.0, 298848.32754424313, 263.37296511720496, 15362, 0, 0
WIN , 10878.47315063474, -4058.4499992370606, 23.832553100585937, 8.266316983765, 190.7685, 1316, 112, 22, 58774.156836426184, 0.0, 49238.29929518119, 44.661213401539655, 15395, 0, 0
WIN , 11992.056591796862, -4058.7231510162355, 24.308349609375, 9.078014074032446, 170.20258, 1321, 111, 33, 6057.582921027444, 0.0, 4069.395718633658, 4.585604028029859, 15427, 0, 0
WIN , 10502.400257873498, -4058.979741668701, 25.26726531982422, 8.665346747420378, 146.2, 1212, 119, 17, 1634252.799881288, 0.0, 1628370.8675158797, 1348.3933992419868, 15457, 0, 0
LOSS, 836.1127243041963, -4063.7800010681153, 18.38078155517578, 2.2536731113320654, 223.0, 371, 175, 10, 285.3742908778802, 0.0, 24.73909149169922, 0.7692029403716447, 15463, 0, 0
LOSS, 9479.322802734354, -1467.4927238464356, 18.47355499267578, 11.61681716021367, 191.0, 816, 145, 14, 2085.5830565289957, 0.0, 1482.3535506418268, 2.555861588883573, 15474, 0, 0
LOSS, 3133.5860351562533, -2946.8155265808105, 18.18864288330078, 6.782653755749466, 207.0, 462, 169, 7, 3377.8600135877946, 0.0, 2936.369815826416, 7.311385310796092, 15482, 0, 0
WIN , 13076.498437499997, -1702.2015628814697, 24.55908203125, 11.119471460459181, 191.0, 1176, 121, 39, 2840.4059367247287, 0.0, 1713.2952823638916, 2.415311170684293, 15511, 0, 0
WIN , 12061.330000305203, -4056.8999992370605, 24.75919952392578, 7.145337677905926, 177.7, 1688, 87, 30, 7200.298486118965, 0.0, 4071.157215118408, 4.265579671871425, 15563, 0, 0
WIN , 11893.711183166484, -4059.430000305176, 23.698245239257812, 8.816687311465147, 140.58817, 1349, 110, 40, 1675.414157120402, 0.0, 222.52589183444232, 1.2419674997186079, 15596, 0, 0
WIN , 10849.218817138657, -4062.5411849975585, 23.29142608642578, 8.900097470991515, 148.4, 1219, 118, 29, 1237.7085205809517, 0.0, 88.00166434196, 1.0153474327981555, 15624, 0, 0
LOSS, 9218.112899780252, -4061.159999847412, 18.36222686767578, 8.598985913974115, 207.0, 1072, 128, 21, 1261.766698333595, 0.0, 32.62620596398509, 1.177021173818652, 15650, 0, 0
LOSS, 6558.975927734359, -3620.472900390625, 18.39860382080078, 8.067621067323936, 223.0, 813, 145, 10, 7967.592291244988, 0.0, 3650.1387897491454, 9.800236520596542, 15662, 0, 0
LOSS, 2096.648786926298, -3088.2488273620606, 17.93241729736328, 0.6988829289754326, 233.1259, 3000, 0, 6, 8172.205718824732, 0.0, 3105.3959663391115, 2.7240685729415772, 15724, 0, 0
WIN , 14361.462385559069, -606.0976150512695, 25.88908233642578, 11.839622741598573, 196.4, 1213, 119, 27, 1638.60813510994, 0.0, 592.6612687106859, 1.3508723290271558, 15747, 0, 0
WIN , 11922.953189086897, -4056.9600021362303, 22.336962890625, 7.69222786392703, 166.8681, 1550, 96, 30, 9576.257570417993, 0.0, 4078.2615287780764, 6.178230690592254, 15784, 0, 0
LOSS, 5554.605072021474, -4061.1131900787354, 19.51469268798828, 6.057366490754061, 223.0, 917, 138, 21, 1018.216124542881, 0.0, 72.25632912616614, 1.110377453154723, 15813, 0, 0
WIN , 11934.732450866699, -2563.9182609558106, 21.84071502685547, 10.36001080804401, 173.49287, 1152, 123, 28, 3828.245635101667, 0.0, 2581.998582969699, 3.323129891581308, 15845, 0, 0
LOSS, 3695.2153030395493, -4058.65071182251, 18.808573913574218, 6.634138784631148, 223.0, 557, 162, 9, 732.7763750427015, 0.0, 133.81883297148204, 1.3155769749420134, 15857, 0, 0
WIN , 12286.114695739747, -2484.466017150879, 19.89564666748047, 9.148261128622298, 160.19289, 1343, 110, 21, 4399.558354692062, 0.0, 2473.932081604004, 3.2759183579240965, 15919, 0, 0
WIN , 10087.399031066878, -4060.580712890625, 20.271240234375, 9.145420699063353, 186.20258, 1103, 126, 24, 5659.574863544606, 0.0, 4074.88505859375, 5.131074218988764, 15940, 0, 0
WIN , 11869.747540283193, -4057.9797439575195, 23.283203125, 9.324232160473835, 188.72717, 1273, 115, 30, 1416.2875846957563, 0.0, 278.44878795531275, 1.1125589824789917, 15968, 0, 0
WIN , 12208.172717285144, -4058.327282714844, 20.86491241455078, 9.158419142749546, 207.0, 1333, 111, 34, 5691.200498715127, 0.0, 4069.3228500786918, 4.269467740971588, 15998, 0, 0
LOSS, 2452.49465332031, -4055.2999992370605, 16.684375, 4.627348402491151, 191.0, 530, 164, 9, 509.77789189904144, 0.0, 24.867313406408954, 0.9618450790547952, 16011, 0, 0
LOSS, 5680.0409667968615, -1608.9946533203124, 16.45487823486328, 9.610898420976078, 223.0, 591, 160, 17, 2369.980878771615, 0.0, 1598.5434036254883, 4.01011993023962, 16032, 0, 0
LOSS, 13869.205639648972, -1778.4356216430665, 16.77403564453125, 4.623068546549657, 205.0, 3000, 0, 22, 9393.439235395648, 0.0, 4066.5759418233088, 3.1311464117985492, 16127, 0, 0
WIN , 12713.43340301515, -3668.241259765625, 23.956207275390625, 9.146354966197949, 155.25337, 1390, 107, 35, 3.8700356418370055E15, 0.0, 3.8700356418276575E15, 2.78419830347986E12, 16161, 0, 0
WIN , 11518.775080871585, -4060.474662017822, 24.83203125, 8.874248906680728, 167.50256, 1298, 113, 32, 5660.070358240522, 0.0, 4081.7320304870605, 4.360608904653715, 16191, 0, 0
WIN , 12028.733447265631, -4059.2497428894044, 20.867236328125, 7.877363095786268, 180.16809, 1527, 98, 30, 3.2280530431028835E15, 0.0, 3.2280530430929805E15, 2.1139836562559814E12, 16235, 0, 0
LOSS, 5270.923059082022, -4058.5831924438476, 17.02776336669922, 6.899113951678038, 175.0, 764, 149, 14, 3.702685956969748E15, 0.0, 1.8513429784844328E15, 4.846447587656738E12, 16250, 0, 0
WIN , 12899.98185424802, -2390.7062503814695, 24.73551788330078, 10.530597432039201, 171.11896, 1225, 118, 32, 7613.732482424311, 0.0, 4073.5229888916015, 6.215291822387193, 16278, 0, 0
WIN , 10828.30109252928, -4060.088104248047, 21.733418273925782, 9.65950142063272, 188.10803, 1121, 125, 20, 5032.689358323195, 0.0, 4068.069696474144, 4.489464191189291, 16296, 0, 0
WIN , 11089.672787475563, -4058.389196777344, 23.888714599609376, 9.264555378007989, 191.38016, 1197, 120, 28, 4932.2994095213935, 0.0, 4050.44689496277, 4.120550885147363, 16313, 0, 0
WIN , 11954.204441833499, -4057.4619857788084, 23.956462097167968, 9.00844343770422, 149.33574, 1327, 111, 26, 1194.0681686744397, 0.0, 24.5831408255021, 0.8998252966649884, 16333, 0, 0
WIN , 11772.633573913552, -4062.8664264678955, 25.751708984375, 9.388065050967745, 223.0, 1254, 116, 34, 7014.409892971962, 0.0, 4074.180246494746, 5.593628303805392, 16359, 0, 0
LOSS, 4971.8578262329065, -4054.300001525879, 16.6921875, 1.6572859420776356, 181.00987, 3000, 0, 21, 11494.308157785514, 0.0, 4066.346844891596, 3.8314360525951714, 16507, 0, 0
LOSS, 10640.47521972716, -2005.5578254699708, 16.8376953125, 3.5468250732423865, 181.00987, 3000, 0, 21, 1.2498484405394461E14, 0.0, 1.249848440476423E14, 4.16616146846482E10, 16594, 0, 0
WIN , 13076.772056579579, -2007.2330459594727, 22.33392333984375, 11.08201021744032, 131.94897, 1180, 121, 38, 3124.0543250496903, 0.0, 1996.4889541625978, 2.6475036652963477, 16630, 0, 0
WIN , 11654.245610046379, -4062.805101776123, 23.47963104248047, 9.308502883423625, 189.49287, 1252, 116, 33, 1059.8529017051533, 0.0, 25.568778689281103, 0.8465278767613045, 16655, 0, 0
WIN , 12912.779287719717, -4057.0507118225096, 23.44547882080078, 8.48966422598272, 161.7, 1521, 98, 27, 3225.8396473233115, 0.0, 1479.7706611633303, 2.120867618227029, 16701, 0, 0
LOSS, 7986.088993835425, -4061.0300003051757, 17.80009307861328, 8.633609723065325, 223.0, 925, 138, 20, 4835.58021784008, 0.0, 4072.1617173344566, 5.227654289556844, 16717, 0, 0
LOSS, 9549.302636718729, -3315.9189933776856, 17.74711456298828, 8.579786735596342, 207.0, 1113, 125, 16, 7908.303275099938, 0.0, 3355.0294548034667, 7.10539377816706, 16739, 0, 0
WIN , 13103.87836914062, -3157.6216316223145, 24.750839233398438, 10.002960587130245, 169.0, 1310, 112, 32, 6609.870741670207, 0.0, 3146.8386726379395, 5.045702856236799, 16763, 0, 0
WIN , 11126.199999999997, -4059.0999992370607, 21.61572265625, 9.23336099585062, 207.0, 1205, 119, 29, 4.294385089032547E13, 0.0, 4.294385088663982E13, 3.5638050531390434E10, 16780, 0, 0
LOSS, 2536.2311767578167, -4055.2999992370605, 16.663066101074218, 5.002428356524293, 223.0, 507, 166, 9, 554.6349532277504, 0.0, 89.66638477522011, 1.0939545428555235, 16790, 0, 0
LOSS, 17304.02794952402, -1742.1311782836915, 17.62516632080078, 5.768009316508007, 214.40874, 3000, 0, 33, 8025.454507021929, 0.0, 3255.087821960449, 2.675151502340643, 16854, 0, 0
LOSS, 5047.407719421382, -3666.759126281738, 16.70177001953125, 7.813324643067156, 223.0, 646, 156, 18, 4204.113271471312, 0.0, 3656.1996905288474, 6.507915280915344, 16861, 0, 0
WIN , 13047.733154296857, -2372.9668449401856, 24.102401733398438, 10.404890872645021, 153.0, 1254, 116, 29, 3624.6627129327467, 0.0, 2362.301407623291, 2.8904806323227645, 16889, 0, 0
WIN , 11550.505101013177, -4060.6999992370606, 23.63055419921875, 9.130834071947175, 147.94899, 1265, 115, 27, 11972.92172620454, 0.0, 3794.2149673461913, 9.464760257869202, 16919, 0, 0
WIN , 12048.30636138915, -4061.8051025390623, 22.62584686279297, 9.148296401965945, 164.88538, 1317, 112, 33, 2277.2523844684174, 0.0, 751.1700576782226, 1.7291210208568089, 16952, 0, 0
WIN , 10990.0717285156, -4060.711462402344, 22.479296875, 8.942287818157528, 164.16809, 1229, 118, 32, 1106.3153155976, 0.0, 24.88233184814453, 0.9001751957669649, 16974, 0, 0
LOSS, 6215.762951660142, -4060.7831909179686, 17.67350616455078, 7.9282690709950785, 207.0, 784, 147, 12, 3113625.7736930284, 0.0, 3108964.6137335557, 3971.461446037026, 16986, 0, 0
WIN , 12152.25028228759, -2735.3461418151855, 26.380290222167968, 10.118443199240291, 184.03575, 1201, 119, 23, 2854.305385382864, 0.0, 1795.6185913085938, 2.3766073150565066, 17006, 0, 0
LOSS, 353.0640762329382, -4058.7964248657227, 17.51737060546875, 0.11768802541097939, 203.39499, 3000, 0, 7, 11027.704888140368, 0.0, 4070.836707687378, 3.6759016293801228, 17068, 0, 0
