LOSS, 11769.036585998705, -15.8, 38.8, 3.9217049603461196, 230.70348, 3000, 0, 20, 5.172062325646571E14, 0.0, 2.0998598671013716E14, 1.7234462931178177E11, 936, 0, 0
LOSS, 11340.439778137246, -2060.2365859985352, 14.204570007324218, 3.7801465927124154, 231.29715, 3000, 0, 21, 2.0994327191309888E14, 0.0, 2.0994327190407422E14, 6.998109063769963E10, 1318, 0, 0
LOSS, 10810.456028747776, -1799.4763633728028, 15.140242004394532, 3.6034853429159255, 199.33574, 3000, 0, 17, 6.723694700566741E15, 0.0, 4.602401472760928E15, 2.2412315668555806E12, 1740, 0, 0
LOSS, 6105.9589614868, -1811.1323928833008, 15.637129211425782, 4.876964026746645, 211.72488, 1252, 116, 6, 6776.931323182033, 0.0, 1801.0042602539063, 5.412884443436129, 1918, 0, 0
LOSS, 11970.670335388322, -1277.691354751587, 24.195030212402344, 3.9902234451294407, 216.89409, 3000, 0, 19, 11826.70619912952, 0.0, 1821.5383178710938, 3.94223539970984, 2272, 0, 0
LOSS, 12995.862382507543, -1948.3616901397704, 15.037977600097657, 4.331954127502514, 234.41895, 3000, 0, 16, 45262.866303187184, 0.0, 37101.73442071836, 15.087622101062395, 2555, 0, 0
LOSS, 13577.225671386897, -1823.624072265625, 16.220439147949218, 4.5257418904622995, 153.50256, 3000, 0, 20, 7682.105052439452, 0.0, 1812.4500297546388, 2.5607016841464842, 2808, 0, 0
LOSS, 13990.670124817196, -1960.8497436523437, 15.28173828125, 4.663556708272399, 216.89409, 3000, 0, 13, 11095.333113167713, 0.0, 4372.846428855829, 3.6984443710559045, 2988, 0, 0
LOSS, 5472.171049499509, -1971.5198684692382, 15.32470703125, 7.9537369905516115, 207.0, 688, 154, 9, 8305.839437381705, 0.0, 5300.728117969168, 12.072441042705966, 3033, 0, 0
LOSS, 11567.892272949239, -1544.2909183502197, 16.360209655761718, 3.8559640909830795, 166.16809, 3000, 0, 16, 2.305565890713021E14, 0.0, 2.3055658905920844E14, 7.68521963571007E10, 3236, 0, 0
LOSS, 4856.315118408162, -1912.1831912994385, 15.719467163085938, 1.6187717061360538, 229.84796, 3000, 0, 3, 8597.490803989298, 0.0, 1900.636598638517, 2.8658302679964325, 3438, 0, 0
LOSS, 4423.628973388578, -427.8983093261719, 14.861395263671875, 1.474542991129526, 206.72717, 3000, 0, 4, 5231.788567863526, 0.0, 417.86299558848344, 1.7439295226211753, 3630, 0, 0
LOSS, 5396.827339172215, -451.52728271484375, 16.121073913574218, 1.7989424463907384, 209.7935, 3000, 0, 6, 6489.478188800304, 0.0, 440.78319091796874, 2.163159396266768, 3806, 0, 0
LOSS, 10272.027238464261, -628.354621887207, 15.709455871582032, 4.060089817574807, 186.448, 2530, 31, 13, 5569.250552632688, 0.0, 616.9934048013979, 2.2012848034121295, 3968, 0, 0
LOSS, 8922.029449462798, -1719.7818618774413, 16.006694030761718, 2.9740098164875994, 206.02289, 3000, 0, 5, 1.0871634239108682E16, 0.0, 2.421747877665147E15, 3.623878079702894E12, 4158, 0, 0
LOSS, 10778.173435973998, -1442.411309814453, 15.414427185058594, 3.5927244786579995, 207.49287, 3000, 0, 15, 6301.029905324852, 0.0, 1430.5903869628905, 2.1003433017749504, 4343, 0, 0
LOSS, 12249.228242492665, -1941.184746170044, 15.908183288574218, 6.224201342730013, 207.0, 1968, 68, 19, 7259.461570195144, 0.0, 1931.184746170044, 3.688750797863386, 4485, 0, 0
LOSS, 6620.725195312458, -2488.6129875183105, 16.95756378173828, 2.808962747268756, 223.0, 2357, 42, 13, 5371.4481701175, 0.0, 2502.1158088684083, 2.278934310614128, 4605, 0, 0
LOSS, 11802.419316101126, -1740.53818359375, 16.47117462158203, 3.9341397720337086, 172.425, 3000, 0, 21, 8929.11997357763, 0.0, 1729.6507751464844, 2.9763733245258766, 4884, 0, 0
LOSS, 2068.903001403842, -2342.957499694824, 16.43272247314453, 0.6896343338012807, 203.39499, 3000, 0, 6, 8874.75656994764, 0.0, 2332.945121198931, 2.9582521899825465, 5048, 0, 0
LOSS, 13140.203219604502, -611.2605026245117, 16.824964904785155, 5.964685982571267, 207.0, 2203, 53, 21, 3283.8056223030317, 0.0, 622.2664337158203, 1.4906062743091384, 5146, 0, 0
LOSS, 8651.39353637692, -2902.063720703125, 16.85392608642578, 2.883797845458973, 193.42719, 3000, 0, 22, 55921.550761404236, 0.0, 42876.381787309314, 18.64051692046808, 5344, 0, 0
LOSS, 11019.922485351697, -1812.857258605957, 15.850141906738282, 3.6733074951172324, 188.20258, 3000, 0, 19, 14456.996602845613, 0.0, 1931.184746170044, 4.818998867615204, 5525, 0, 0
LOSS, 15464.296673584016, -1813.3797424316406, 24.261009216308594, 6.987933426834169, 191.0, 2213, 52, 18, 1.5036922012811065E15, 0.0, 8.43356575266408E14, 6.794813381297363E11, 5623, 0, 0
LOSS, 9414.22138671873, -2968.8764167785644, 15.901591491699218, 8.881340930866726, 223.0, 1060, 129, 14, 4018.7799403076765, 0.0, 2981.799617767334, 3.79130183047894, 5648, 0, 0
LOSS, 6020.862173461904, -2342.497803115845, 16.89518585205078, 7.92218707034461, 180.4, 760, 149, 10, 3364.3419077860644, 0.0, 2331.935103225708, 4.426765668139558, 5684, 0, 0
LOSS, 10257.251156616201, -1542.759976196289, 16.47550811767578, 9.56833130281362, 191.0, 1072, 128, 18, 2854.239127717769, 0.0, 1532.624610900879, 2.6625364997367247, 5734, 0, 0
WIN , 19348.838610839943, -2238.8111320495605, 23.689208984375, 8.018582101467029, 183.50256, 2413, 39, 33, 6639.715268386772, 0.0, 2252.685611131681, 2.7516432939854005, 5880, 0, 0
WIN , 18812.31625823981, -4060.0497444152834, 24.96057891845703, 6.939253507281376, 160.33998, 2711, 19, 34, 8984.777672775299, 0.0, 4049.6320198059084, 3.3141931659075246, 6058, 0, 0
WIN , 19795.33399810803, -4059.9660011291503, 25.6728515625, 7.054645045655036, 207.0, 2806, 12, 36, 246936.4960446375, 0.0, 235131.2685675036, 88.0030278134845, 6250, 0, 0
LOSS, 1421.5735473632812, -4056.5, 14.938459777832032, 2.7390627116826227, 207.0, 519, 165, 6, 4582.663132782943, 0.0, 4044.9101371655947, 8.829794090140545, 6268, 0, 0
WIN , 23100.99287872337, -949.2735481262207, 25.767008972167968, 8.521207258842999, 181.33574, 2711, 19, 41, 5386.227977840648, 0.0, 939.2735481262207, 1.986804860878144, 6423, 0, 0
WIN , 19611.963574218906, -4059.6664264678957, 24.85929718017578, 7.320628433825646, 161.7, 2679, 21, 35, 10213.330135600227, 0.0, 4052.3483496434765, 3.81236660530057, 6545, 0, 0
WIN , 19009.73000030528, -4061.0300003051757, 25.96671905517578, 8.225759411642267, 164.4, 2311, 45, 32, 7848.371559957852, 0.0, 4073.674830627441, 3.396093275620014, 6658, 0, 0
LOSS, 7313.621163940256, -4060.7600006103517, 16.231352233886717, 2.437873721313419, 166.16809, 3000, 0, 14, 406096.4112869456, 0.0, 394774.6372889254, 135.36547042898187, 6834, 0, 0
LOSS, 16377.56944580085, -1594.3811645507812, 16.053155517578126, 5.459189815266949, 133.94897, 3000, 0, 33, 6270.636428662306, 0.0, 1583.5251606519164, 2.0902121428874354, 6961, 0, 0
WIN , 18661.645814514242, -2851.350611877441, 24.889567565917968, 8.765451298503637, 136.03575, 2129, 58, 37, 6018.996818614132, 0.0, 2862.199626159668, 2.8271474018854543, 7043, 0, 0
WIN , 17625.515037536672, -4062.3964241027834, 24.86925506591797, 7.767966080888793, 180.88538, 2269, 48, 37, 7547.8823962059105, 0.0, 4072.8523321151733, 3.3265237532859895, 7144, 0, 0
LOSS, 15242.567677307221, -4059.111462402344, 18.773240661621095, 5.08085589243574, 232.10313, 3000, 0, 28, 9947.674829630001, 0.0, 4070.39817122888, 3.315891609876667, 7286, 0, 0
LOSS, 843.3853637695316, -3141.6791397094726, 15.462232971191407, 0.28112845458984387, 230.87096, 3000, 0, 7, 9847.93100904342, 0.0, 3151.502342871479, 3.2826436696811396, 7422, 0, 0
WIN , 21360.918687439116, -605.0645034790039, 24.234423828125, 9.275257788727362, 212.16809, 2303, 46, 37, 8165.801435670806, 0.0, 2536.614636230469, 3.5457235934306586, 7501, 0, 0
WIN , 18383.44680938728, -4055.3831924438477, 26.31828155517578, 6.9792888418326795, 177.7, 2634, 24, 39, 11591.098919010346, 0.0, 4066.279441833496, 4.400569065683503, 7634, 0, 0
WIN , 18368.669999694877, -4058.2299995422363, 26.19596710205078, 7.58096161770321, 191.0, 2423, 38, 39, 7736.887995486328, 0.0, 4050.1060316947332, 3.193102763304304, 7730, 0, 0
LOSS, -523.480024719241, -4058.1, 15.704450988769532, -1.7163279498991508, 201.8, 305, 179, 9, 4371.488530115376, 0.0, 4068.999237060547, 14.332749279066807, 7742, 0, 0
WIN , 20467.421485900988, -723.4199745178223, 24.13121795654297, 9.668125406660835, 151.58539, 2117, 58, 36, 4661.310401875717, 0.0, 845.1772882429061, 2.2018471430683593, 7826, 0, 0
WIN , 17078.988539123588, -4062.64146156311, 24.65983428955078, 7.12812543369098, 161.7, 2396, 40, 26, 7936.941853716651, 0.0, 4051.2074607849117, 3.312580072502776, 7917, 0, 0
LOSS, 4523.695605468743, -4059.8299995422362, 16.77018585205078, 5.852128855716356, 209.7, 773, 148, 17, 819.875047299063, 0.0, 31.190807127003154, 1.060640423414053, 7938, 0, 0
WIN , 18934.931675720338, -1715.3256061553955, 23.7666015625, 8.40431942996908, 175.42719, 2253, 49, 37, 9408.610188853036, 0.0, 4048.2774620056152, 4.176036479739475, 8012, 0, 0
WIN , 16736.842718505864, -4059.6572814941405, 25.280517578125, 8.368421359252933, 207.0, 2000, 66, 35, 8460.75900604646, 0.0, 4070.8686029434202, 4.23037950302323, 8076, 0, 0
WIN , 16296.080000305188, -4057.7000007629395, 26.24821319580078, 7.534017568333421, 146.2, 2163, 55, 26, 10736.831664849882, 0.0, 4046.4790004730226, 4.963861148797911, 8135, 0, 0
WIN , 16666.080500793498, -4062.580000305176, 24.23577423095703, 7.634484883551763, 185.39499, 2183, 54, 43, 7145.363791584194, 0.0, 4076.282054138184, 3.2731854290353612, 8214, 0, 0
LOSS, 15968.052403259378, -4058.6605010986327, 17.15910186767578, 5.322684134419793, 214.87096, 3000, 0, 34, 5884.59808956373, 0.0, 69.0864074529903, 1.9615326965212434, 8365, 0, 0
LOSS, 7836.546070861785, -3667.9129051208497, 16.529295349121092, 4.213196812291282, 196.4, 1860, 76, 13, 7190.303140605798, 0.0, 3655.3838890182037, 3.8657543766697837, 8403, 0, 0
WIN , 17794.841024780322, -2202.058974456787, 25.92724609375, 9.853178862004608, 191.0, 1806, 79, 38, 6323.617508355827, 0.0, 2354.2759815216064, 3.5014493401748767, 8462, 0, 0
WIN , 16060.00000000004, -4059.3000007629394, 23.6318359375, 8.426023084994775, 191.0, 1906, 72, 30, 6408.374268861357, 0.0, 4048.775151262721, 3.362211053967134, 8533, 0, 0
LOSS, 12539.05925903345, -4056.8999992370605, 16.502426147460938, 4.179686419677817, 196.40839, 3000, 0, 35, 7932.021967680264, 0.0, 4069.185936355591, 2.644007322560088, 8626, 0, 0
LOSS, 4959.264007568352, -3235.9592582702635, 16.45719757080078, 5.635527281327673, 175.0, 880, 141, 11, 4633.882108345787, 0.0, 3222.3592094421383, 5.265775123120212, 8660, 0, 0
LOSS, 17633.6601516724, -1657.623267364502, 16.51182403564453, 9.96251985970192, 193.7, 1770, 82, 24, 3993.48721317121, 0.0, 1668.267310333252, 2.25620746506848, 8709, 0, 0
WIN , 15627.428044128445, -3769.483419799805, 26.19596710205078, 8.224962128488656, 196.88538, 1900, 73, 34, 6265.0923389768805, 0.0, 3782.6404288208278, 3.2974170205141475, 8787, 0, 0
LOSS, -3087.481335449179, -4057.5114624023436, 16.28825225830078, -1.0291604451497263, 233.03845, 3000, 0, 7, 8789.71851744958, 0.0, 4068.7355309588465, 2.9299061724831934, 8839, 0, 0
WIN , 19935.781407165596, -608.8301261901855, 23.331678771972655, 10.135120186662734, 213.88466, 1967, 68, 36, 2852.1894031994484, 0.0, 619.521993026574, 1.450020032129867, 8890, 0, 0
LOSS, 11584.177381896965, -4054.6115333557127, 16.46867218017578, 6.982626511089189, 191.0, 1659, 89, 25, 6008.90346325646, 0.0, 4064.6989444732662, 3.622003293102146, 8939, 0, 0
WIN , 16731.790826416036, -3168.7889152526855, 23.349609375, 8.365895413208017, 154.20258, 2000, 66, 40, 6550.650629406763, 0.0, 3180.522924041748, 3.2753253147033816, 9030, 0, 0
WIN , 15319.003448486328, -4062.37974281311, 23.73564453125, 8.625565004778338, 164.16809, 1776, 81, 37, 7951.350324993091, 0.0, 4050.534041595459, 4.4771116694780915, 9073, 0, 0
WIN , 15541.621910095228, -4060.7831909179686, 26.14372100830078, 8.810443259691173, 147.94899, 1764, 82, 33, 5810.12226676057, 0.0, 4049.738026242793, 3.293720105873339, 9111, 0, 0
LOSS, 7523.585768127424, -4063.605101776123, 16.21800079345703, 7.318663198567533, 191.0, 1028, 131, 13, 1100.62778301508, 0.0, 22.75048828125, 1.070649594372646, 9136, 0, 0
LOSS, 12183.61518554687, -2306.5908695220946, 16.869140625, 8.5259728380314, 223.0, 1429, 104, 25, 8352.329629228625, 0.0, 4072.746776199341, 5.844877277276854, 9180, 0, 0
LOSS, 9054.614013671846, -3140.20605506897, 16.51829376220703, 7.615318766755127, 223.0, 1189, 120, 14, 4680.084457943755, 0.0, 3129.606048965454, 3.936151772871115, 9214, 0, 0
LOSS, 13998.54002990724, -2484.220068359375, 16.63249053955078, 8.782020094044693, 180.4, 1594, 93, 25, 4288.203268868878, 0.0, 2471.9346298217774, 2.690215350607828, 9243, 0, 0
WIN , 16567.230401611334, -3302.7600982666017, 25.298028564453126, 9.2709739236773, 172.095, 1787, 80, 24, 431514.30006003845, 0.0, 372983.5948861715, 241.47414664803495, 9282, 0, 0
LOSS, 4328.946267700194, -4059.99049987793, 16.71684112548828, 5.681031847375582, 207.0, 762, 149, 10, 5117.67476909973, 0.0, 4072.3342598977965, 6.716108620865787, 9304, 0, 0
LOSS, 18538.76323242195, -1668.936767578125, 16.732679748535155, 6.179587744140649, 205.0, 3000, 0, 36, 8.47611498717337E13, 0.0, 8.476114986533889E13, 2.8253716623911236E10, 9401, 0, 0
LOSS, 15464.059277343777, -3668.3000003814695, 16.89860382080078, 9.343842463651828, 207.0, 1655, 89, 33, 5874.787279851542, 0.0, 3657.259373332989, 3.54972041078643, 9449, 0, 0
WIN , 16300.39011535645, -3861.75927734375, 24.614595031738283, 9.188494991745461, 150.50607, 1774, 81, 27, 7256.103103623173, 0.0, 3850.796142578125, 4.0902497765632315, 9489, 0, 0
WIN , 14945.950607299803, -4062.149392700195, 25.532470703125, 8.634286890410054, 191.0, 1731, 84, 32, 436801.71447960235, 0.0, 430259.0642579227, 252.3406784977483, 9529, 0, 0
LOSS, 11996.11159210204, -4057.500001525879, 17.07890167236328, 6.974483483780255, 193.7, 1720, 85, 30, 6592.182301850979, 0.0, 4068.8680007934568, 3.832664128983127, 9585, 0, 0
LOSS, 9772.679277038598, -3153.0115913391114, 16.624496459960938, 5.432284200688493, 207.0, 1799, 80, 19, 5710.392365733306, 0.0, 3142.801290130615, 3.1742036496572017, 9646, 0, 0
LOSS, 7069.781860351534, -2398.0908699035645, 16.88554229736328, 6.196127835540346, 207.0, 1141, 123, 15, 8.476114986937595E13, 0.0, 8.476114986534E13, 7.428672205904991E10, 9666, 0, 0
WIN , 17818.22727050784, -1777.872730255127, 23.15283203125, 8.310740331393582, 223.0, 2144, 57, 28, 4397.074365959665, 0.0, 1789.8040908489286, 2.050874237854321, 9714, 0, 0
LOSS, 854.6046722412102, -4054.9, 16.25681915283203, 0.2848682240804034, 226.95328, 3000, 0, 7, 13194.91531895629, 0.0, 4045.448742024124, 4.398305106318763, 9792, 0, 0
LOSS, 15634.763687133787, -610.7046730041504, 16.71037139892578, 9.515985202150814, 175.0, 1643, 90, 22, 7242.446186608154, 0.0, 3449.345071411133, 4.4080621951358205, 9859, 0, 0
LOSS, 13795.992675781226, -3374.8683597564695, 26.20670928955078, 8.129636226152755, 175.0, 1697, 86, 24, 5935.849451322553, 0.0, 3386.7498150659017, 3.4978488222289648, 9926, 0, 0
LOSS, 941.4776809692396, -3760.26103515625, 16.901347351074218, 2.2851400023525232, 149.33574, 412, 172, 7, 4229.422364641208, 0.0, 3750.2303955078123, 10.265588263692253, 9934, 0, 0
LOSS, 7270.775932311993, -1161.7387161254883, 16.59965362548828, 10.583371080512363, 207.0, 687, 154, 17, 1841.2163308822942, 0.0, 1149.4532775878906, 2.6800819954618547, 9949, 0, 0
WIN , 15325.973455810561, -2101.3146476745605, 24.67814483642578, 10.08951511244935, 187.11896, 1519, 98, 34, 14804.28547613831, 0.0, 10991.352783216022, 9.746073387846154, 9991, 0, 0
LOSS, 8082.615313720679, -4058.488104248047, 16.551162719726562, 7.415243407083192, 191.0, 1090, 127, 15, 9550.24257700416, 0.0, 4071.081903076172, 8.761690437618494, 10022, 0, 0
LOSS, 5144.265234374994, -2761.10341796875, 16.80839385986328, 7.68948465526905, 207.0, 669, 155, 18, 3480.3603839006996, 0.0, 2750.810205078125, 5.202332412407623, 10039, 0, 0
LOSS, 12037.756083679198, -1875.36865234375, 16.352064514160155, 8.799529300935086, 201.8, 1368, 108, 24, 3982.683835800848, 0.0, 1864.7759399414062, 2.9113185934216728, 10088, 0, 0
WIN , 14883.375263977057, -2992.524737548828, 23.6513671875, 8.848617873945932, 207.0, 1682, 87, 35, 8.476115066803186E13, 0.0, 8.47611498653392E13, 5.0393074118925E10, 10151, 0, 0
LOSS, 10999.865234374984, -4056.5, 16.963603210449218, 8.778823012270538, 207.0, 1253, 116, 18, 4846.43463806778, 0.0, 3451.435496520996, 3.8678648348505824, 10182, 0, 0
LOSS, 4918.410380554195, -3465.765235900879, 16.92167510986328, 6.917595471946829, 201.8, 711, 152, 26, 4209.067043256365, 0.0, 3455.765235900879, 5.919925517941441, 10201, 0, 0
LOSS, 12304.185176086396, -1933.5756141662598, 16.94627227783203, 7.3589624258889925, 223.0, 1672, 88, 27, 4924.906406281397, 0.0, 1946.6433629644835, 2.945518185574998, 10269, 0, 0
WIN , 14661.127313232435, -3220.1607917785645, 21.93034210205078, 5.979252574727747, 171.11896, 2452, 36, 37, 9.950066651901336E14, 0.0, 9.950066651831924E14, 4.0579390913137585E11, 10345, 0, 0
LOSS, -1006.897604370108, -4059.488105773926, 16.95243682861328, -0.33563253479003596, 190.095, 3000, 0, 10, 5547.10375643831, 0.0, 4071.1192523956297, 1.8490345854794366, 10368, 0, 0
LOSS, 9021.581593322628, -1013.7905002593994, 16.57127227783203, 3.0071938644408758, 214.27907, 3000, 0, 21, 9410.786808950688, 0.0, 3150.2145389556886, 3.136928936316896, 10411, 0, 0
LOSS, -741.1423019409197, -2354.7720932006837, 15.842451477050782, -0.24704743398030654, 156.20258, 3000, 0, 6, 942255.8169010968, 0.0, 938248.4927233797, 314.0852723003656, 10435, 0, 0
LOSS, 13416.78220825195, -793.6297912597656, 16.78141632080078, 4.4722607360839834, 177.88, 3000, 0, 36, 8.97939227142461E13, 0.0, 8.979392209864566E13, 2.9931307571415363E10, 10485, 0, 0
LOSS, 5211.8762084960845, -3431.6120002746584, 16.49088897705078, 5.909156698975153, 207.0, 882, 141, 16, 4519.326753185562, 0.0, 3421.2595990292634, 5.123953234904265, 10516, 0, 0
WIN , 17132.99989624026, -1862.2882080078125, 22.68791046142578, 9.42409235216736, 219.11896, 1818, 78, 34, 8.608220293660436E13, 0.0, 8.60822029326335E13, 4.734994660979338E10, 10573, 0, 0
LOSS, -622.0976043701041, -4055.2881042480467, 15.944549560546875, -0.20736586812336805, 190.095, 3000, 0, 8, 9.099942580129559E14, 0.0, 9.099832989403946E14, 3.03331419337652E11, 10635, 0, 0
WIN , 17355.200000000077, -613.7905002593994, 23.939141845703126, 7.3946314443971355, 188.095, 2347, 43, 31, 1.826936780156613E10, 0.0, 1.8269363601657692E10, 7784136.259721402, 10721, 0, 0
WIN , 14830.792691040044, -4058.39049987793, 26.14359893798828, 7.609436988732706, 180.16809, 1949, 70, 33, 7262.065925029898, 0.0, 4071.3147342681887, 3.7260471652282696, 10801, 0, 0
WIN , 15562.074090576183, -4058.5831924438476, 26.24833526611328, 7.164859157723841, 159.42719, 2172, 55, 37, 82455.21012604538, 0.0, 74707.3020967199, 37.96280392543526, 10888, 0, 0
WIN , 14712.141055297874, -4061.85728187561, 24.826828002929688, 7.166167099511872, 138.01663, 2053, 63, 29, 451669.5684888487, 0.0, 448249.84407794074, 220.0046607349482, 10968, 0, 0
WIN , 14156.52894592287, -4064.5983375549317, 24.2900390625, 8.695656600689723, 172.72717, 1628, 91, 32, 1777.8229962325258, 0.0, 24.50865936279297, 1.0920288674646965, 11013, 0, 0
LOSS, 2961.0538452148435, -4060.5272830963136, 16.95121612548828, 4.838323276494842, 175.0, 612, 159, 8, 4728.271546511902, 0.0, 4050.476755142212, 7.7259338995292515, 11031, 0, 0
LOSS, 4914.608935546873, -1561.5811283111573, 16.624862670898438, 8.713845630402258, 223.0, 564, 162, 6, 2072.77255473407, 0.0, 1551.5811283111573, 3.6751286431455146, 11044, 0, 0
LOSS, 8207.985717773417, -1454.9900650024415, 16.72617950439453, 9.109862061901683, 223.0, 901, 139, 15, 8.476114986812845E13, 0.0, 8.47611498653389E13, 9.407452815552548E10, 11076, 0, 0
WIN , 16156.973611450208, -2132.3757804870606, 23.441987609863283, 9.36636151388418, 166.50607, 1725, 85, 33, 4336.100500907695, 0.0, 2145.2452891886114, 2.5136814498015623, 11124, 0, 0
WIN , 14749.892068481444, -4059.949394226074, 24.87047576904297, 8.171685356499415, 167.58539, 1805, 79, 34, 5299.064295824584, 0.0, 3150.3365283966064, 2.935769692977609, 11173, 0, 0
LOSS, 3651.27045288086, -4060.4414611816405, 17.8751220703125, 5.5322279589103935, 207.0, 660, 156, 15, 4895.638714260207, 0.0, 4071.977655029297, 7.417634415545768, 11189, 0, 0
LOSS, 16554.775495910744, -1652.9119148254395, 17.27805938720703, 5.518258498636914, 217.1259, 3000, 0, 35, 5.4808097679474884E10, 0.0, 1.8269363600268414E10, 1.8269365893158294E7, 11290, 0, 0
LOSS, 2027.012638854984, -3666.4874099731446, 16.714247131347655, 3.8245521487829888, 175.0, 530, 164, 7, 4392.425230603158, 0.0, 3655.5635090126743, 8.287594774722939, 11311, 0, 0
WIN , 16888.90505218507, -1334.7000495910645, 22.25970458984375, 10.052919673919684, 147.94899, 1680, 88, 31, 1.8269584959397125E10, 0.0, 1.8269363601498253E10, 1.0874752952022098E7, 11350, 0, 0
LOSS, 6107.362086486808, -4063.005101394653, 16.74308624267578, 5.7999639947643, 223.0, 1053, 129, 15, 635354.156751446, 0.0, 627850.3664857202, 603.3752675702241, 11390, 0, 0
WIN , 16689.416003417966, -2220.9671882629395, 22.974658203125, 9.045753931391852, 180.16809, 1845, 77, 31, 3.350174486350693E14, 0.0, 3.3501744862795725E14, 1.815812729729373E11, 11467, 0, 0
LOSS, 10546.490173339826, -4060.383191680908, 17.096998596191405, 4.979457116779899, 186.448, 2118, 58, 26, 9.910615985124035E12, 0.0, 9.89234661467433E12, 4.679233231881037E9, 11539, 0, 0
WIN , 15130.977348327657, -3285.6733642578124, 22.34193572998047, 7.0180785474618075, 205.49287, 2156, 56, 30, 12067.638660779938, 0.0, 4076.953469085693, 5.597235000361752, 11606, 0, 0
WIN , 14998.249287414521, -4057.8507133483886, 24.634765625, 5.914136154343265, 223.0, 2536, 30, 33, 2.7723092284551797E14, 0.0, 1.8741874139933853E14, 1.093181872419235E11, 11690, 0, 0
LOSS, 156.96050109866462, -4053.6999992370606, 16.67002716064453, 0.05232016703288821, 203.39499, 3000, 0, 5, 1.748340336319252E14, 0.0, 1.6864175238989778E14, 5.827801121064173E10, 11774, 0, 0
WIN , 18223.039498901457, -610.6605003356933, 22.448974609375, 8.620170056244776, 223.0, 2114, 59, 29, 3652.380226955217, 0.0, 621.9309201785688, 1.7277106087773022, 11843, 0, 0
WIN , 15033.199999999952, -4054.9, 24.61096649169922, 5.865470152165412, 191.0, 2563, 29, 35, 3908.781719360837, 0.0, 70.32673169229165, 1.5250806552324765, 11929, 0, 0
LOSS, 7684.42036132811, -4058.1, 24.619709777832032, 8.227430793713179, 223.0, 934, 137, 22, 4922.145097561025, 0.0, 4069.248087479702, 5.269962631221654, 11947, 0, 0
LOSS, 11559.956298828092, -2882.520361328125, 17.20750274658203, 8.044506818947871, 223.0, 1437, 104, 21, 4792.929198332704, 0.0, 2871.5595458984376, 3.335371745534241, 12000, 0, 0
LOSS, 2450.010083007812, -3413.07666053772, 17.246168518066405, 4.9098398457070385, 175.0, 499, 166, 7, 4002.373951295797, 0.0, 3424.529319028227, 8.020789481554703, 12012, 0, 0
LOSS, 15185.377514648448, -1332.4867431640625, 17.30210723876953, 7.727927488370711, 207.0, 1965, 69, 24, 3.6538730983409004E10, 0.0, 1.826936360165091E10, 1.8594774037358273E7, 12057, 0, 0
LOSS, 4883.168334960931, -3648.4642581939697, 17.44145050048828, 6.537039270362692, 207.0, 747, 150, 17, 4639.743354489905, 0.0, 3637.9954166412354, 6.211169149250208, 12085, 0, 0
WIN , 16726.79740753177, -1881.0325927734375, 25.72746124267578, 10.010052308516917, 193.7, 1671, 88, 36, 1.1877700041972744E10, 0.0, 1.187769224871732E10, 7108138.8641368905, 12120, 0, 0
WIN , 14621.831983947755, -4056.6299995422364, 24.921185302734376, 8.345794511385705, 175.38016, 1752, 83, 35, 2108.0054884558263, 0.0, 26.26554718017578, 1.2031994797122296, 12164, 0, 0
WIN , 15060.638015747092, -4060.2619846343996, 27.000106811523438, 8.385655910772323, 169.0, 1796, 80, 37, 2.7430167037724137E9, 0.0, 2.7430104482173343E9, 1527292.1513209431, 12200, 0, 0
LOSS, 12527.91596679686, -4061.5000007629396, 17.01164093017578, 8.69994164360893, 191.0, 1440, 104, 37, 7316.163807252767, 0.0, 2896.569844055176, 5.080669310592199, 12231, 0, 0
LOSS, 13697.40652923598, -3748.215966796875, 16.85227813720703, 4.565802176411993, 162.33998, 3000, 0, 31, 2.7605921937019184E13, 0.0, 1.767704660978322E13, 9.201973979006395E9, 12306, 0, 0
LOSS, 13655.571107482907, -3606.2224964141847, 17.02921905517578, 9.121957987630532, 207.0, 1497, 100, 31, 9.899848193823296E14, 0.0, 9.899848193756336E14, 6.613125045974146E11, 12334, 0, 0
LOSS, 4022.706396484379, -3829.9936027526855, 16.687362670898438, 5.697884414283823, 223.0, 706, 152, 9, 4757.934590004798, 0.0, 3819.037181854248, 6.739284121819828, 12357, 0, 0
WIN , 16064.200000000012, -1712.6999992370606, 22.13134765625, 9.00459641255606, 191.0, 1784, 81, 30, 2.743014554613333E9, 0.0, 2.7430104482173185E9, 1537564.2122272048, 12413, 0, 0
LOSS, 2381.066003417991, -4058.7000003814696, 16.86186065673828, 0.793688667805997, 130.33997, 3000, 0, 15, 2594.4705363907374, 0.0, 99.22093590006386, 0.8648235121302458, 12471, 0, 0
WIN , 16456.079081726082, -1578.5660049438477, 22.78067855834961, 5.568893090262634, 119.54915, 2955, 3, 35, 8646.355467016625, 0.0, 2317.9208698272705, 2.9260086182797376, 12535, 0, 0
WIN , 14251.254914855961, -4065.245085144043, 21.93017578125, 7.695062049058294, 207.0, 1852, 76, 22, 1.7767245543108697E14, 0.0, 1.7767245542452678E14, 9.593545109669923E10, 12598, 0, 0
WIN , 14730.536175537061, -4056.5, 21.782986450195313, 5.904022515245315, 201.63824, 2495, 33, 33, 5.481418295274784E10, 0.0, 1.8269363601046017E10, 2.1969612405910958E7, 12674, 0, 0
LOSS, -1987.5592056274047, -4056.4361770629885, 16.125013732910155, -0.6625197352091349, 210.55, 3000, 0, 8, 3216.070155453607, 0.0, 24.286408921658037, 1.0720233851512024, 12753, 0, 0
WIN , 17099.077412414557, -609.476969909668, 23.928770446777342, 10.600791948180134, 186.45618, 1613, 92, 26, 1950991.2805620886, 0.0, 1948412.9494274913, 1209.5420214272092, 12806, 0, 0
LOSS, 2682.0062622070323, -4058.5543823242188, 16.64305191040039, 3.9674648849216454, 223.0, 676, 154, 10, 867.2795655156058, 0.0, 25.04851531982422, 1.282957937153263, 12823, 0, 0
LOSS, 4150.608760070812, -1540.56064453125, 16.78697052001953, 1.3835362533569375, 216.89409, 3000, 0, 20, 3764.334073008711, 0.0, 1529.8283447265626, 1.254778024336237, 12840, 0, 0
LOSS, 12826.162983703609, -1650.5694061279296, 17.174845886230468, 6.543960705971229, 183.52719, 1960, 69, 22, 1250237.5849573964, 0.0, 1246470.7118477116, 637.8763188558145, 12885, 0, 0
WIN , 13971.155715942392, -3437.932388687134, 22.46427764892578, 8.503442310372728, 187.11896, 1643, 90, 33, 8.9805789781572E13, 0.0, 8.980578976817027E13, 5.465964076784662E10, 12919, 0, 0
LOSS, 5518.707305908192, -4059.6881050109864, 17.28935089111328, 4.786389684222196, 223.0, 1153, 123, 10, 1828.5272058126995, 0.0, 23.309627568771848, 1.585886561849696, 12959, 0, 0
WIN , 15327.704589843743, -2147.19541015625, 24.996337890625, 9.334777460318966, 223.0, 1642, 90, 34, 4034.082152095489, 0.0, 2136.5954345703126, 2.456810080447923, 13002, 0, 0
LOSS, 6637.562988281233, -4053.6999992370606, 17.30412139892578, 7.35871728190824, 223.0, 902, 139, 16, 1.9499450318053166E14, 0.0, 1.949945019292409E14, 2.1618015873673132E11, 13016, 0, 0
WIN , 15138.08640441895, -2572.46298828125, 24.320893859863283, 9.31574547964243, 166.50607, 1625, 91, 33, 1.8269368687522938E10, 0.0, 1.8269363600433018E10, 1.1242688423091039E7, 13050, 0, 0
LOSS, 7447.5507049560365, -4060.5493927001953, 16.99064483642578, 7.3447245611006275, 207.0, 1014, 132, 17, 5152.209032834704, 0.0, 4083.237303161621, 5.081073996878406, 13074, 0, 0
LOSS, 5651.675234985341, -2628.10009765625, 17.062025451660155, 8.668213550591014, 196.4, 652, 156, 15, 3149.28698590209, 0.0, 2617.5001220703125, 4.830194763653512, 13080, 0, 0
LOSS, 17567.195573425397, -1920.975333404541, 16.805522155761718, 5.855731857808466, 212.29094, 3000, 0, 36, 7683.196725707976, 0.0, 2296.5908695220946, 2.561065575235992, 13156, 0, 0
LOSS, 5701.789546203606, -3666.3709075927736, 16.98368682861328, 6.117799942278547, 201.39499, 932, 137, 9, 4743.7883449078045, 0.0, 3656.1991333007813, 5.0899016576264, 13187, 0, 0
LOSS, 4952.8570159912115, -2207.5604515075684, 17.26835479736328, 6.032712565153729, 191.88, 821, 145, 11, 2492236.479675852, 0.0, 2489029.379620851, 3035.610815683133, 13212, 0, 0
WIN , 16709.973031616235, -1711.6174682617188, 24.578790283203126, 10.251517197310573, 156.095, 1630, 91, 33, 6122.586891532352, 0.0, 2296.5908695220946, 3.7561882770137127, 13258, 0, 0
LOSS, 11816.292300415565, -4061.5904998779297, 16.510252380371092, 3.938764100138522, 194.51233, 3000, 0, 33, 1.0048532472620346E15, 0.0, 7.948371116156726E14, 3.349510824206782E11, 13335, 0, 0
WIN , 15746.803022003181, -3237.8828002929686, 25.340151214599608, 9.112733230325915, 125.14178, 1728, 84, 36, 2494315.2098799217, 0.0, 2489028.1796378423, 1443.4694501619917, 13387, 0, 0
WIN , 14345.493920135488, -4064.6858222961428, 24.312255859375, 8.127758594977614, 170.20258, 1765, 82, 28, 7962414.718066798, 0.0, 7955580.629210772, 4511.283126383455, 13421, 0, 0
LOSS, 9826.84501342772, -4060.1797424316405, 17.42716827392578, 7.461537595617099, 223.0, 1317, 112, 26, 6123.449701154951, 0.0, 2317.9208698272705, 4.64954419222092, 13441, 0, 0
LOSS, 7835.153466796861, -3177.624756240845, 17.10868682861328, 8.127752558917905, 207.0, 964, 135, 14, 4109.735723607676, 0.0, 3189.3738161380807, 4.263211331543232, 13459, 0, 0
LOSS, 9912.336669921846, -2451.578224182129, 17.23698272705078, 5.946212759401227, 207.0, 1667, 88, 22, 1.826996841843236E10, 0.0, 1.8269363600497684E10, 1.095978909324077E7, 13491, 0, 0
LOSS, 6740.760351562488, -2934.514892578125, 16.54838409423828, 7.350883698541426, 223.0, 917, 138, 20, 600726.0451703467, 0.0, 596757.7278857527, 655.099285900051, 13511, 0, 0
LOSS, 8590.546081542752, -2144.675245666504, 16.81541290283203, 2.863515360514251, 163.78674, 3000, 0, 20, 4.9835170033419744E14, 0.0, 4.9835170030657875E14, 1.6611723344473248E11, 13619, 0, 0
LOSS, 5018.078674316406, -1816.4213260650636, 17.430616760253905, 8.253418872230931, 223.0, 608, 159, 11, 2443.478639941404, 0.0, 1805.492139700368, 4.018879342008888, 13629, 0, 0
LOSS, 4538.726924133298, -1713.9, 17.54845733642578, 8.358613119950824, 196.7061, 543, 163, 13, 2330.8488491048556, 0.0, 1703.9, 4.292539316951852, 13645, 0, 0
LOSS, 12115.254582214357, -1542.6269241333007, 17.01792755126953, 4.038418194071452, 183.18494, 3000, 0, 21, 22782.1176017456, 0.0, 4835.751109851164, 7.594039200581866, 13766, 0, 0
LOSS, 12348.796081542963, -2597.8815063476563, 17.42619171142578, 10.256475150783192, 223.0, 1204, 119, 29, 3724.658917272345, 0.0, 2586.483558557481, 3.0935705292959677, 13784, 0, 0
LOSS, 9869.28166503905, -3667.277588272095, 17.18730010986328, 6.969831684349612, 186.448, 1416, 105, 25, 8653.486581125257, 0.0, 3679.1492474449665, 6.111219336952865, 13842, 0, 0
WIN , 14702.429943847666, -2995.3592544555663, 24.051777648925782, 8.889014476328699, 188.10803, 1654, 89, 34, 9184.425064165353, 0.0, 2984.568322753906, 5.552856749797674, 13885, 0, 0
LOSS, 9732.900598144513, -4057.1891960144044, 16.96354522705078, 8.478136409533548, 207.0, 1148, 123, 17, 5316.720004983378, 0.0, 4081.2409736633304, 4.631289202947194, 13912, 0, 0
LOSS, 12167.249658203105, -3411.8897953033447, 17.11613311767578, 9.80439134424102, 191.0, 1241, 117, 33, 4449.5864563011055, 0.0, 3423.3476464957525, 3.585484654553671, 13936, 0, 0
LOSS, 13157.322825622568, -3747.939454650879, 17.13249053955078, 4.385774275207523, 211.3777, 3000, 0, 33, 7837.877004162896, 0.0, 3759.5220494556015, 2.6126256680542985, 14022, 0, 0
WIN , 13073.837721252436, -3664.6622779846193, 22.21826171875, 9.129774945008684, 175.0, 1432, 104, 28, 5090.226674624023, 0.0, 3653.762180328369, 3.5546275660782283, 14052, 0, 0
WIN , 13360.813189697272, -4059.7, 22.1794921875, 9.027576479525184, 166.8681, 1480, 101, 33, 1375.0653241235636, 0.0, 29.038979243913758, 0.9290981919753808, 14081, 0, 0
LOSS, 2546.444309997554, -4059.9131912231446, 17.41020050048828, 0.8488147699991846, 172.425, 3000, 0, 10, 7054.668806173673, 0.0, 4013.45457328963, 2.3515562687245577, 14139, 0, 0
LOSS, 17190.921533203593, -1446.3575012207032, 16.90214385986328, 5.730307177734531, 194.55, 3000, 0, 36, 2497521.763339354, 0.0, 2489027.5795334647, 832.5072544464514, 14197, 0, 0
LOSS, 5228.039424133292, -3237.8790328979494, 17.07389678955078, 7.745243591308581, 207.0, 675, 155, 12, 3841.947853819349, 0.0, 3227.3970588492402, 5.691774598250888, 14208, 0, 0
LOSS, 7539.056738281223, -2055.91845703125, 17.27500762939453, 8.625923041511697, 223.0, 874, 141, 14, 3071.764020023177, 0.0, 2066.068566700211, 3.514604141902949, 14231, 0, 0
LOSS, 8966.47568359355, -2254.9751953125, 17.350172424316405, 2.9888252278645164, 193.49219, 3000, 0, 20, 8.982405914370811E13, 0.0, 8.98057897681701E13, 2.9941353047902702E10, 14315, 0, 0
LOSS, 87.75545959472532, -2342.6508796691896, 16.417616271972655, 0.029251819864908442, 229.93661, 3000, 0, 3, 4.1553696031869614E12, 0.0, 4.155369578809389E12, 1.3851232010623205E9, 14408, 0, 0
WIN , 15309.391996765127, -610.406339263916, 19.665206909179688, 11.686558776156586, 186.01665, 1310, 112, 21, 1.8269368357970848E10, 0.0, 1.8269363600433018E10, 1.3946082716008281E7, 14424, 0, 0
LOSS, 5775.283171081305, -4057.398334503174, 16.975401306152342, 1.9250943903604352, 183.18494, 3000, 0, 20, 9.892346625098697E12, 0.0, 9.89234661469709E12, 3.297448875032899E9, 14528, 0, 0
LOSS, 10275.94793701158, -1813.2815078735352, 17.37052764892578, 4.473638631698555, 223.0, 2297, 46, 18, 9.892346632067555E12, 0.0, 9.892346614696066E12, 4.30663762824012E9, 14621, 0, 0
LOSS, 2791.6772506713896, -2439.829443359375, 17.13822784423828, 6.5997098124619145, 201.8, 423, 171, 17, 2877.5688709543792, 0.0, 2452.191174320466, 6.802763288308225, 14631, 0, 0
WIN , 16031.062306213402, -1281.5066940307618, 24.815240478515626, 10.191393710243739, 146.31, 1573, 95, 33, 3156.9015184507207, 0.0, 1294.034566742739, 2.0069303995236623, 14664, 0, 0
LOSS, 10171.16074981698, -4063.76900100708, 16.95634307861328, 3.3903869166056597, 230.70348, 3000, 0, 18, 9.788542223617412E14, 0.0, 8.989193649268246E14, 3.262847407872471E11, 14794, 0, 0
LOSS, 2550.15953216553, -2593.7297500610352, 17.32316436767578, 6.456100081431721, 127.0, 395, 173, 7, 2883.496490137094, 0.0, 2617.5586074829102, 7.2999911142711245, 14798, 0, 0
LOSS, 6935.860110473487, -1313.8892822265625, 17.07993927001953, 2.311953370157829, 184.50607, 3000, 0, 19, 3765.8813832600254, 0.0, 1325.0122253684278, 1.2552937944200084, 14827, 0, 0
LOSS, 13768.01940612793, -2230.9493934631346, 17.122050476074218, 6.686750561499723, 207.0, 2059, 62, 34, 1197447.1489186236, 0.0, 1190591.0554193696, 581.5673379886467, 14877, 0, 0
WIN , 12458.73120117183, -3788.3687992095947, 26.19596710205078, 4.60581560117258, 207.0, 2705, 19, 36, 742769.3661014815, 0.0, 731016.9891160673, 274.5912628840967, 14923, 0, 0
LOSS, 2074.896586608886, -4056.5, 17.40299835205078, 4.2087151858192415, 201.8, 493, 167, 11, 398.1920322556894, 0.0, 23.44305419921875, 0.8076917489973416, 14929, 0, 0
LOSS, 17265.96263732924, -1461.3965866088868, 17.40812530517578, 5.755320879109747, 214.40874, 3000, 0, 35, 9.89560352853854E12, 0.0, 9.895603400359568E12, 3.2985345095128465E9, 14994, 0, 0
LOSS, 6826.065092468246, -3666.759225463867, 17.02372589111328, 7.395520143519226, 207.0, 923, 138, 16, 4725.400939703929, 0.0, 3656.6859817504883, 5.119610985594723, 15022, 0, 0
WIN , 13538.886132812466, -2584.0243167877197, 21.89088592529297, 9.940445031433528, 148.89551, 1362, 109, 30, 10770.998072524628, 0.0, 3819.253656768799, 7.908221785994587, 15056, 0, 0
LOSS, 4310.874069213838, -4062.9104496002196, 17.35209503173828, 1.4369580230712793, 234.83133, 3000, 0, 7, 5.0078817545336175E14, 0.0, 4.987536263057999E14, 1.6692939181778726E11, 15217, 0, 0
LOSS, 14199.01120452881, -1433.7845188140868, 17.05912628173828, 10.034636893659936, 193.7, 1415, 105, 28, 5742.847624364896, 0.0, 2501.6217765808105, 4.05854955785505, 15264, 0, 0
LOSS, 7107.528495788553, -3662.195722961426, 17.14408721923828, 7.327348964730468, 223.0, 970, 135, 15, 6611.05489725527, 0.0, 3151.003723526001, 6.815520512634299, 15299, 0, 0
LOSS, 8304.875634765594, -2609.124220275879, 17.41740264892578, 9.207179195970726, 207.0, 902, 139, 14, 3531.802511379995, 0.0, 2598.465483093262, 3.91552384853658, 15313, 0, 0
LOSS, 10669.779264831524, -2694.599853515625, 16.89103546142578, 3.556593088277175, 169.54915, 3000, 0, 16, 9.892336602633797E12, 0.0, 9.874067228371365E12, 3.2974455342112656E9, 15411, 0, 0
LOSS, -993.2791549682453, -2344.979118728638, 17.43754425048828, -0.33109305165608177, 205.0, 3000, 0, 5, 5890.95265671596, 0.0, 2334.4959299814413, 1.9636508855719867, 15475, 0, 0
LOSS, 15724.49754638672, -611.0999633789063, 17.51237335205078, 10.610322231030175, 223.0, 1482, 101, 27, 9.8740780594852E12, 0.0, 9.87407725107379E12, 6.6626707553881235E9, 15524, 0, 0
LOSS, 2533.8457275390624, -3934.997511291504, 17.00645294189453, 4.649258215668004, 207.0, 545, 163, 11, 4428.381901511382, 0.0, 3948.552900341226, 8.125471378919967, 15531, 0, 0
LOSS, 8050.787048339532, -1598.243236541748, 17.21244659423828, 2.6835956827798437, 206.72717, 3000, 0, 23, 5.137755546305528E13, 0.0, 4.1485208741106625E13, 1.7125851821018427E10, 15647, 0, 0
LOSS, 12163.599812316881, -1810.830286026001, 17.02287139892578, 10.195808727843152, 209.7, 1193, 120, 32, 6845.231706863578, 0.0, 3877.5801834106446, 5.7378304332469225, 15680, 0, 0
WIN , 13158.06990203856, -3443.830097961426, 23.218124389648438, 9.466237339596086, 153.0, 1390, 107, 28, 1.8269368742741165E10, 0.0, 1.826936357844301E10, 1.31434307501735E7, 15704, 0, 0
LOSS, 3354.5999755859393, -4061.300001525879, 17.18333282470703, 5.472430629014583, 223.0, 613, 159, 8, 4706.787240041184, 0.0, 4084.5181259155274, 7.678282610181378, 15717, 0, 0
LOSS, 7360.513842773414, -1825.2999748229981, 17.22361602783203, 9.472990788640171, 191.0, 777, 148, 15, 1.8269366334931137E10, 0.0, 1.826936357842004E10, 2.351269798575436E7, 15728, 0, 0
WIN , 14849.486181640628, -2258.2138191223144, 24.636474609375, 9.623775879222702, 207.0, 1543, 97, 37, 1.8269367708882E10, 0.0, 1.826936360080723E10, 1.1840160537188593E7, 15768, 0, 0
WIN , 13240.000000000002, -4055.900001525879, 21.780029296875, 8.619791666666668, 207.0, 1536, 97, 27, 888048.7399238311, 0.0, 775110.335275882, 578.1567317212442, 15807, 0, 0
LOSS, 4213.493701171875, -4056.5, 17.21342315673828, 6.214592479604535, 175.0, 678, 154, 11, 4771.973342639714, 0.0, 4079.187910461426, 7.038308764955331, 15819, 0, 0
LOSS, 3773.5808593750016, -2149.993701171875, 17.169142150878905, 7.3131412003391505, 223.0, 516, 165, 13, 4617.496526473382, 0.0, 2162.0454050560397, 8.94863667921198, 15834, 0, 0
LOSS, 16863.184565734933, -1382.974562072754, 17.03190460205078, 5.621061521911645, 214.40874, 3000, 0, 35, 7.4065826975071E14, 0.0, 7.406582697459142E14, 2.4688608991690332E11, 15908, 0, 0
WIN , 12366.102857971182, -3666.159127807617, 21.806927490234376, 8.216679639847962, 143.38016, 1505, 99, 30, 1467084.3003314538, 0.0, 731020.9294394767, 974.8068440740557, 15926, 0, 0
WIN , 12167.398516845678, -4064.061985015869, 26.12639923095703, 8.697211234342872, 169.39499, 1399, 106, 37, 3675186.9478610377, 0.0, 3669418.0496623437, 2627.0099698792264, 15962, 0, 0
LOSS, 2941.0833847045938, -4060.8605014801024, 17.41850128173828, 0.9803611282348645, 235.14928, 3000, 0, 13, 1.8368709952735872E14, 0.0, 8.978752040456805E13, 6.122903317578624E10, 16074, 0, 0
LOSS, 8561.458155822735, -1441.3438858032227, 17.18376007080078, 9.829458273045619, 132.4, 871, 141, 20, 3722.87782188438, 0.0, 2619.439305114746, 4.274256971164616, 16089, 0, 0
WIN , 13128.78715667722, -2492.8020416259765, 20.860371398925782, 9.991466633696513, 156.10802, 1314, 112, 37, 5859.088768610065, 0.0, 2507.3772817524045, 4.458971665608877, 16128, 0, 0
LOSS, 10427.704258728, -4062.189198684692, 17.29923858642578, 8.3958971487343, 207.0, 1242, 117, 22, 2.6112023496793485E15, 0.0, 1.4614834935091995E15, 2.1024173507885254E12, 16160, 0, 0
LOSS, 5318.672460937486, -3709.29345703125, 17.06217803955078, 6.845138302364846, 223.0, 777, 148, 10, 4408.029580786661, 0.0, 3698.330322265625, 5.673139743612177, 16174, 0, 0
LOSS, -806.8209182739309, -2336.7659172058106, 17.029798889160155, -0.2689403060913103, 210.55, 3000, 0, 5, 1.315445196757718E15, 0.0, 5.2796581490577225E14, 4.384817322525727E11, 16229, 0, 0
LOSS, 9221.214961242655, -611.745000076294, 16.571762084960938, 11.64294818338719, 223.0, 792, 147, 14, 3712.5327595133017, 0.0, 2326.1658195495606, 4.687541363021846, 16243, 0, 0
LOSS, 6259.500540160809, -2612.3599609375, 17.225294494628905, 2.0865001800536027, 203.39499, 3000, 0, 20, 8900.43210742797, 0.0, 2625.055221840666, 2.96681070247599, 16364, 0, 0
LOSS, 12954.204788207822, -1811.8605010986328, 16.983351135253905, 4.318068262735941, 205.25336, 3000, 0, 34, 8.506476076519362E14, 0.0, 8.506476076413238E14, 2.8354920255064545E11, 16483, 0, 0
WIN , 13263.634710693343, -3266.065289306641, 23.473388671875, 9.702732048788107, 175.0, 1367, 108, 33, 3677945.553861668, 0.0, 3669419.1905589025, 2690.5234483260188, 16507, 0, 0
WIN , 11962.869000244124, -4059.7, 24.199517822265626, 8.484304255492287, 146.31, 1410, 106, 29, 3950.6184175641324, 0.0, 2267.115087890625, 2.801857033733427, 16546, 0, 0
LOSS, 1878.6693298339844, -4061.368999481201, 17.15128936767578, 4.057601144349858, 175.0, 463, 169, 10, 415.7142717913935, 0.0, 59.449610477936744, 0.8978709973896188, 16554, 0, 0
LOSS, 1605.7352249145515, -1571.238330078125, 16.93498077392578, 6.862116345788682, 193.7, 234, 184, 5, 1731.9420462089272, 0.0, 1585.0252557687727, 7.4014617359355865, 16556, 0, 0
LOSS, 14666.740409851065, -856.3735565185547, 17.02775421142578, 10.521334583824293, 223.0, 1394, 107, 26, 1.4943968727679928E15, 0.0, 1.4943968727655582E15, 1.0720207121721613E12, 16583, 0, 0
WIN , 12652.786035156243, -3702.5139640808106, 22.74308624267578, 8.302353041441105, 207.0, 1524, 98, 33, 5971.281918992993, 0.0, 3717.7074126218236, 3.9181639888405466, 16616, 0, 0
LOSS, 9416.314941406234, -4057.1000003814697, 17.234449768066405, 8.506156225299218, 207.0, 1107, 126, 22, 566045.3339508005, 0.0, 565126.0146938246, 511.3327316628731, 16629, 0, 0
WIN , 13503.685058593737, -3381.6149406433105, 24.016357421875, 9.371051393888784, 207.0, 1441, 103, 42, 2.2387673758096995E15, 0.0, 2.2387673758007835E15, 1.5536206632961135E12, 16661, 0, 0
LOSS, 6848.958622741676, -4057.7000007629395, 17.19450225830078, 6.7946018082754716, 192.6335, 1008, 132, 16, 1260.9403460945398, 0.0, 31.789024330492254, 1.2509328830302975, 16690, 0, 0
WIN , 13414.986195373529, -2646.058623123169, 24.746977233886717, 8.666011754117267, 167.55182, 1548, 96, 33, 3852244.9870672547, 0.0, 3144920.3997875885, 2488.5303534026193, 16726, 0, 0
WIN , 12533.511183166498, -4059.244817352295, 21.73271942138672, 8.566993289929254, 132.43999, 1463, 102, 40, 7996.422125703832, 0.0, 4081.586753082275, 5.465770420850193, 16762, 0, 0
LOSS, 3520.943351745582, -4064.556001663208, 17.352049255371092, 1.173647783915194, 198.88538, 3000, 0, 14, 9.892346626782996E12, 0.0, 9.892346614674492E12, 3.297448875594332E9, 16885, 0, 0
LOSS, 7949.663928222634, -1444.8993530273438, 17.47294464111328, 9.694712107588579, 175.0, 820, 145, 13, 9.892346617255986E12, 0.0, 9.892346614674562E12, 1.2063837338117056E10, 16909, 0, 0
WIN , 14785.136718750007, -2395.1632816314695, 25.995849609375, 10.41206811179578, 175.0, 1420, 105, 36, 4.547620188486918E13, 0.0, 4.547620186920508E13, 3.202549428511914E10, 16935, 0, 0
LOSS, 9615.918017578108, -4058.4999992370604, 17.19743194580078, 8.405522742638206, 223.0, 1144, 123, 19, 1195.5905274038669, 0.0, 25.73430214622623, 1.04509661486352, 16961, 0, 0
LOSS, 8009.072016906445, -3355.618017578125, 17.01231231689453, 2.6696906723021483, 166.43999, 3000, 0, 22, 5.480810400276598E10, 0.0, 1.826936360125553E10, 1.8269368000921994E7, 17059, 0, 0
LOSS, -273.18281250000166, -2344.690034484863, 16.455348205566406, -0.09106093750000055, 218.2675, 3000, 0, 8, 3.657579717125009E14, 0.0, 3.5587475973522306E14, 1.2191932390416696E11, 17145, 0, 0
LOSS, 10881.965092468246, -610.3072212219238, 17.101786804199218, 9.910715020462884, 191.0, 1098, 126, 22, 16990.31799724203, 0.0, 10993.626034558809, 15.473877957415327, 17172, 0, 0
LOSS, 6537.138699340766, -2772.2723136901855, 17.40165557861328, 2.1790462331135885, 227.2302, 3000, 0, 20, 8.978752044413314E13, 0.0, 8.978752040456864E13, 2.9929173481377712E10, 17272, 0, 0
LOSS, 5909.830245971668, -1810.6110137939454, 16.99479522705078, 7.848380140732627, 223.0, 753, 149, 13, 5006.721245287982, 0.0, 2296.5908695220946, 6.649032198257612, 17295, 0, 0
LOSS, 9444.439941406225, -1811.0412601470948, 17.42765655517578, 9.83795827229815, 223.0, 960, 136, 19, 14052.918529952463, 0.0, 10991.108578504107, 14.638456802033817, 17319, 0, 0
WIN , 13859.298799133323, -2934.281202697754, 24.52190399169922, 9.052448595123007, 130.2, 1531, 97, 34, 11169.745388579877, 0.0, 4085.821905517578, 7.295718738458444, 17355, 0, 0
LOSS, 8551.627687072742, -4064.7800006866455, 16.80485382080078, 2.8505425623575804, 203.92313, 3000, 0, 21, 71160.73295822938, 0.0, 41520.93775569658, 23.72024431940979, 17473, 0, 0
LOSS, 3299.6466339111344, -2595.2076889038085, 17.11546173095703, 6.903026430776432, 223.0, 478, 168, 12, 5488.378308585764, 0.0, 2584.3636219152327, 11.481962988673146, 17486, 0, 0
WIN , 15961.957212829597, -1474.2543205261231, 23.757704162597655, 9.673913462320968, 197.88466, 1650, 90, 32, 4191117.3643890084, 0.0, 4185533.5231707217, 2540.071129932732, 17521, 0, 0
WIN , 13570.418466186517, -4058.611534881592, 23.77873077392578, 7.741254116478332, 193.7, 1753, 83, 35, 8.506476076483176E14, 0.0, 8.506476076413235E14, 4.852524858233415E11, 17577, 0, 0
WIN , 12771.781999206543, -4058.4300006866456, 25.34868927001953, 7.977377888323887, 175.88, 1601, 93, 28, 1.1821619158079242E15, 0.0, 1.1821578757384492E15, 7.383897038150682E11, 17615, 0, 0
LOSS, 1940.4568237304693, -4059.0120010375977, 17.40885772705078, 3.277798688733901, 223.0, 592, 160, 14, 5108.345713106127, 0.0, 4082.230125427246, 8.628962353219809, 17627, 0, 0
LOSS, 14906.950344848827, -1460.0688232421876, 17.35050811767578, 4.968983448282942, 213.7175, 3000, 0, 33, 1.196177195647438E15, 0.0, 1.1821578757384488E15, 3.987257318824793E11, 17730, 0, 0
LOSS, 4849.408834838866, -3666.419169616699, 17.214445495605467, 6.039114364681028, 191.0, 803, 146, 12, 4655.907599542088, 0.0, 3677.2030033394108, 5.798141468919163, 17742, 0, 0
WIN , 14031.822709655748, -2005.8280044555663, 24.23207244873047, 10.793709776658268, 189.49287, 1300, 113, 18, 5.571630266894245E14, 0.0, 5.571630266861943E14, 4.2858694360724963E11, 17763, 0, 0
LOSS, 6167.918287658657, -4058.8507129669188, 16.94523468017578, 2.055972762552886, 180.31, 3000, 0, 14, 3220328.920474748, 0.0, 3211902.036635471, 1073.4429734915827, 17845, 0, 0
LOSS, 11328.45443725584, -1444.968999481201, 17.21708526611328, 10.667094573687232, 191.0, 1062, 129, 21, 2649.4995143821047, 0.0, 1455.953756690423, 2.494820635011398, 17861, 0, 0
WIN , 12995.076562499991, -3175.2234378814696, 25.7373046875, 8.968306806418214, 175.0, 1449, 103, 35, 1.1821578757476305E15, 0.0, 1.1821578757384478E15, 8.158439446153419E11, 17906, 0, 0
LOSS, 5331.0452148437425, -4060.3000003814695, 17.188810729980467, 6.688889855512851, 223.0, 797, 146, 15, 8579.516804459798, 0.0, 4064.057160573223, 10.764763870087576, 17925, 0, 0
LOSS, 9377.566355896042, -2279.5452140808106, 17.20121612548828, 3.1258554519653474, 210.19289, 3000, 0, 22, 1.9748154616278707E13, 0.0, 9.87407725107371E12, 6.582718205426236E9, 18013, 0, 0
LOSS, 1414.5224014282549, -2338.9115711212157, 16.56339874267578, 0.4715074671427516, 205.0, 3000, 0, 6, 7380.911551667978, 0.0, 2328.490250015259, 2.4603038505559924, 18066, 0, 0
WIN , 16055.745770263662, -612.8339721679688, 22.001953125, 11.126642945435663, 186.20258, 1443, 103, 37, 3969.0489567635677, 0.0, 1484.7692558288575, 2.75055367759083, 18100, 0, 0
LOSS, -507.66350708008054, -4059.1797428131104, 17.03423156738281, -1.596426122893335, 223.0, 318, 178, 5, 4525.824618707366, 0.0, 4071.8357228890295, 14.232152889016875, 18113, 0, 0
LOSS, 9162.53452148427, -871.5162357330322, 17.189039611816405, 3.0541781738280895, 193.49219, 3000, 0, 22, 9.892346623127375E12, 0.0, 9.892346614674184E12, 3.2974488743757915E9, 18222, 0, 0
LOSS, 4922.159374999996, -1812.250756072998, 17.31339874267578, 8.300437394603703, 191.0, 593, 160, 12, 4409342.525702441, 0.0, 3263714.3768199524, 7435.653500341385, 18240, 0, 0
LOSS, 4227.488627624512, -1685.6101318359374, 17.09873809814453, 8.471921097443913, 185.8, 499, 166, 11, 2459.7529947510798, 0.0, 2023.6833251953126, 4.92936471894004, 18251, 0, 0
LOSS, 9633.361839294495, -1544.2987602233886, 16.97271270751953, 3.2111206130981653, 203.39499, 3000, 0, 16, 7395.010278948067, 0.0, 1555.0381843566895, 2.4650034263160223, 18372, 0, 0
LOSS, 11078.920367431638, -2595.860600280762, 17.30283966064453, 3.692973455810546, 179.53067, 3000, 0, 24, 5701.529573351582, 0.0, 2607.4305755615237, 1.9005098577838608, 18400, 0, 0
WIN , 13441.11903381346, -3495.3809661865234, 21.625732421875, 8.136270601581998, 207.0, 1652, 89, 33, 3.2577190861725505E15, 0.0, 3.2577190861672505E15, 1.971984918990648E12, 18452, 0, 0
LOSS, 3494.8278564453135, -4056.5, 17.22050323486328, 5.16986369296644, 223.0, 676, 154, 12, 4819.288384845329, 0.0, 4072.0234009823694, 7.129124829652854, 18467, 0, 0
LOSS, 7500.040307617172, -1851.3278564453126, 17.00797882080078, 9.282228103486599, 207.0, 808, 146, 17, 6.627363529822767E13, 0.0, 6.6273635295146016E13, 8.202182586414316E10, 18491, 0, 0
WIN , 13815.282548522937, -2371.3681640625, 24.14027557373047, 9.667797444732637, 205.49287, 1429, 104, 41, 3851.088662974338, 0.0, 2360.8359985351562, 2.694953578008634, 18523, 0, 0
LOSS, 12390.248300171059, -4057.250712966919, 17.43949737548828, 4.130082766723686, 213.00987, 3000, 0, 31, 106709.10805796359, 0.0, 83052.86266364041, 35.56970268598786, 18625, 0, 0
LOSS, 10884.812266540524, -3667.499013137817, 17.32853546142578, 7.825170572638767, 223.0, 1391, 107, 22, 5161.2947697744685, 0.0, 3656.7607512215172, 3.7104922859629537, 18655, 0, 0
LOSS, 5688.444018554674, -3522.311279678345, 17.161009216308592, 7.022770393277375, 186.448, 810, 146, 14, 4670.930893482221, 0.0, 3533.9934227953477, 5.7665813499780505, 18667, 0, 0
LOSS, 14017.534980773873, -2230.1552978515624, 17.12040557861328, 4.672511660257958, 216.89409, 3000, 0, 28, 14303.799470302276, 0.0, 2327.979092788696, 4.767933156767425, 18774, 0, 0
LOSS, 7208.71487731931, -3627.090280151367, 17.28861846923828, 6.447866616564678, 185.8, 1118, 125, 19, 2.9883338355918355E15, 0.0, 2.9883338355841645E15, 2.6729282965937705E12, 18806, 0, 0
LOSS, 3270.0115676879877, -2695.205155181885, 17.118331909179688, 6.619456614753012, 223.0, 494, 167, 7, 3287.1388017724944, 0.0, 2709.75902481497, 6.654127129094118, 18816, 0, 0
WIN , 14930.083276367206, -1565.8167251586915, 22.33282012939453, 9.449419795169117, 207.0, 1580, 94, 37, 1677760.0574615262, 0.0, 1671553.3622300818, 1061.8734540895737, 18858, 0, 0
LOSS, 7180.216867065289, -4056.5, 17.01371612548828, 2.3934056223550964, 234.83133, 3000, 0, 21, 1.826937150143324E10, 0.0, 1.8269363600843597E10, 6089790.500477746, 18937, 0, 0
LOSS, 1112.1705429077183, -2335.51686630249, 16.566542053222655, 0.3707235143025728, 233.1259, 3000, 0, 5, 11365.582099409166, 0.0, 3386.5155512067945, 3.7885273664697223, 19019, 0, 0
WIN , 15632.472590637179, -608.8874099731445, 24.51964874267578, 11.150123103164892, 158.4, 1402, 106, 29, 2.221909090834862E9, 0.0, 2.220674820103874E9, 1584813.9021646664, 19045, 0, 0
LOSS, 5310.396072387552, -4060.159999847412, 16.915634155273438, 1.7701320241291838, 221.11896, 3000, 0, 17, 16812.867699379716, 0.0, 4070.9614501953124, 5.604289233126572, 19150, 0, 0
LOSS, 7882.412927245967, -1812.3560733795166, 17.25968780517578, 2.6274709757486554, 180.31, 3000, 0, 17, 9.892348012198637E12, 0.0, 9.892346614674686E12, 3.2974493373995457E9, 19255, 0, 0
LOSS, 9490.186370849593, -1814.7690006256103, 17.36570587158203, 9.86505859755675, 191.0, 962, 135, 15, 4871.624076038152, 0.0, 1948.728182220459, 5.0640582910999505, 19284, 0, 0
WIN , 13117.544628906284, -2964.35537109375, 26.19602813720703, 7.007235378689254, 153.0, 1872, 75, 33, 18145.773342822995, 0.0, 4085.3796981811524, 9.693254990824249, 19345, 0, 0
LOSS, 8669.658453369022, -4061.300001525879, 17.02921905517578, 2.889886151123007, 185.58539, 3000, 0, 17, 2.0345591578893647E12, 0.0, 2.0345591424614448E12, 6.781863859631215E8, 19445, 0, 0
WIN , 13558.599046325684, -2592.1584537506105, 24.67595672607422, 8.008623181527279, 170.425, 1693, 87, 35, 3.6601939687503695E15, 0.0, 3.6601939686439585E15, 2.1619574534851562E12, 19480, 0, 0
WIN , 12571.887585449207, -4058.957498931885, 20.956947326660156, 8.42055431041474, 151.54915, 1493, 100, 22, 1.8269808702086452E10, 0.0, 1.8269363600497684E10, 1.223697836710412E7, 19510, 0, 0
LOSS, 9534.831721496563, -4062.045085144043, 17.41837921142578, 7.5673267630925105, 223.0, 1260, 116, 25, 8333.37176125808, 0.0, 2326.165941619873, 6.613787112109588, 19537, 0, 0
WIN , 12509.623193359366, -3458.0768074035645, 24.508544921875, 9.49857493801015, 207.0, 1317, 112, 31, 4930.90977527752, 0.0, 3470.443619001518, 3.744046906057342, 19562, 0, 0
LOSS, 8080.048632812477, -4057.7000007629395, 17.58506622314453, 7.544396482551332, 175.0, 1071, 128, 31, 392139.59457773383, 0.0, 390718.4347892452, 366.14341230413993, 19589, 0, 0
LOSS, 5026.9370040893555, -3227.1486331939695, 17.44926300048828, 7.639721890713306, 176.46492, 658, 156, 13, 6548.186607952919, 0.0, 3216.6388675689695, 9.951651379867657, 19604, 0, 0
WIN , 11836.214363098152, -2274.085637283325, 22.35107421875, 9.98836655113768, 175.0, 1185, 121, 25, 3490.7883796683273, 0.0, 2289.118616616968, 2.945812978623061, 19620, 0, 0
WIN , 10652.869000244118, -4060.3000003814695, 24.915582275390626, 8.625804858497261, 146.31, 1235, 117, 23, 3699.622835733714, 0.0, 2296.2406929016115, 2.9956460208370155, 19645, 0, 0
LOSS, 4849.74877624508, -4063.1690006256104, 17.20133819580078, 1.6165829254150268, 203.39499, 3000, 0, 8, 3.1390451529506506E14, 0.0, 3.0401216856866706E14, 1.0463483843168835E11, 19752, 0, 0
WIN , 16025.782223510756, -1431.7177780151367, 24.843994140625, 8.824769946867157, 191.0, 1816, 78, 28, 3890.637481957898, 0.0, 1421.4784393310547, 2.142421520901926, 19813, 0, 0
WIN , 12161.871678161619, -4058.7000003814696, 23.863615417480467, 7.959340103508913, 172.28322, 1528, 98, 37, 1.871970602824154E13, 0.0, 1.870143665599325E13, 1.225111651062928E10, 19863, 0, 0
LOSS, 7555.835255432113, -4058.7716773986817, 17.30290069580078, 7.829881093712034, 175.0, 965, 135, 11, 5050.203116183642, 0.0, 4047.659087753296, 5.233371104853515, 19877, 0, 0
LOSS, 8011.386526489111, -2945.2069351196287, 17.71159210205078, 2.6704621754963704, 230.0654, 3000, 0, 20, 9.874077947105436E12, 0.0, 9.874077251096193E12, 3.291359315701812E9, 19990, 0, 0
WIN , 15153.58973083497, -2337.7934604644774, 22.63017578125, 9.57270355706568, 164.16809, 1583, 94, 32, 4259.213312136441, 0.0, 2326.062375323996, 2.690595901539129, 20036, 0, 0
