LOSS, 6695.76289062499, -14.192721557617187, 38.8, 6.481861462366883, 207.0, 1032, 131, 18, 4749.465441235759, 0.0, 81.83186672117492, 4.5977400205573655, 356, 0, 0
LOSS, -416.0943450927672, -2706.362892150879, 19.701995849609375, -0.1386981150309224, 206.72717, 3000, 0, 3, 14503.351621113496, 0.0, 2746.202765566949, 4.834450540371165, 951, 0, 0
LOSS, 9109.231771850547, -210.86854553222656, 14.729289245605468, 6.562847097875034, 223.0, 1388, 107, 12, 3882.223449341989, 0.0, 199.75331115722656, 2.7969909577391854, 1160, 0, 0
LOSS, 2762.6506347656255, -1319.5003189086915, 14.163374328613282, 7.5896995460594106, 223.0, 364, 175, 4, 1758.7359876493824, 0.0, 1331.4722130645173, 4.83169227376204, 1177, 0, 0
WIN , 19925.49976043719, -661.550951385498, 21.59510955810547, 6.679684800682933, 189.49287, 2983, 1, 36, 8622.79175654658, 0.0, 672.9469459533691, 2.890644236187254, 1443, 0, 0
LOSS, 4817.047724914547, -4058.250712585449, 16.14097442626953, 5.581747074060889, 223.0, 863, 142, 13, 5649.75502875771, 0.0, 4068.9641460418698, 6.546645456266176, 1524, 0, 0
LOSS, 1393.5420349121107, -2165.2984375, 16.19279327392578, 4.723871304786816, 198.8681, 295, 180, 6, 2482.889311887196, 0.0, 2177.649305334957, 8.416573938600665, 1535, 0, 0
WIN , 19189.548724365348, -848.8404724121094, 24.816426086425782, 10.350349905267178, 188.10803, 1854, 76, 35, 3207.6406059201513, 0.0, 860.1934600830078, 1.730118989169445, 1612, 0, 0
LOSS, 12953.77080383299, -4058.9891971588136, 16.00956573486328, 6.799879687051438, 180.4, 1905, 73, 27, 253104.83299073437, 0.0, 104664.38307948629, 132.8634293914616, 1789, 0, 0
WIN , 17278.281460571347, -3302.1600006103517, 24.84142303466797, 8.314861145607, 167.58539, 2078, 61, 35, 77247.10566176151, 0.0, 44534.29541144305, 37.17377558313836, 1899, 0, 0
LOSS, 5850.382061767561, -4060.4414611816405, 15.887373352050782, 6.7478455153028385, 191.88, 867, 142, 23, 4906.0884900660285, 0.0, 4049.6697113037108, 5.658694913570967, 1924, 0, 0
LOSS, 14947.728332519551, -1921.4235233306886, 16.16032257080078, 9.925450419999702, 223.0, 1506, 99, 33, 10534.71224140199, 0.0, 6311.737345251901, 6.9951608508645355, 1992, 0, 0
WIN , 18012.231335449287, -3269.7518562316895, 24.49052734375, 9.087906829187329, 164.16809, 1982, 67, 35, 5746.463136623771, 0.0, 3259.0931190490724, 2.8993254977920135, 2065, 0, 0
LOSS, 3090.110339355471, -4061.3831912994383, 15.541914367675782, 2.942962227957591, 223.0, 1050, 130, 7, 5749.268107879138, 0.0, 4072.341423427643, 5.47549343607537, 2123, 0, 0
WIN , 19128.28966064462, -1471.4935306549073, 23.641162109375, 7.5845716338797065, 180.16809, 2522, 31, 35, 5980.34519359102, 0.0, 1450.1223960797956, 2.371270893572966, 2289, 0, 0
WIN , 16474.11735229501, -4057.983190155029, 24.478416442871094, 7.63043879216999, 138.99457, 2159, 56, 41, 6807.09165346424, 0.0, 4068.1983241463554, 3.152890992804187, 2394, 0, 0
WIN , 16276.399456787167, -4063.9005435943604, 24.21533203125, 6.659737911942376, 175.0, 2444, 37, 38, 7746.8809359998395, 0.0, 4053.3455436706545, 3.169754883796988, 2534, 0, 0
WIN , 16866.800000000054, -4058.4999992370604, 25.777587890625, 7.769138645785377, 207.0, 2171, 55, 32, 7165.070288920267, 0.0, 4047.9449993133544, 3.300354808346507, 2647, 0, 0
LOSS, 14405.56990966796, -4056.5, 22.41075744628906, 4.8018566365559865, 185.50256, 3000, 0, 30, 11624.815596060353, 0.0, 4045.2877616882324, 3.8749385320201175, 2862, 0, 0
LOSS, 1186.912492370609, -3282.0699096679687, 16.03556671142578, 0.39563749745686966, 210.55, 3000, 0, 6, 8463.040400370133, 0.0, 3293.2684783935547, 2.8210134667900446, 3030, 0, 0
LOSS, 15514.532148742725, -607.7824012756348, 15.538984680175782, 8.323246860913478, 191.0, 1864, 75, 25, 6796.541796497612, 0.0, 3313.152000427246, 3.646213410138204, 3136, 0, 0
LOSS, 15166.727008056761, -3123.51455078125, 24.525126647949218, 5.055575669352254, 185.58539, 3000, 0, 35, 8566.59544874974, 0.0, 3113.1372314453124, 2.8555318162499135, 3309, 0, 0
LOSS, 7696.1645507811245, -3271.4415596008303, 15.731611633300782, 2.5653881835937082, 193.42719, 3000, 0, 21, 1.6708729865135395E15, 0.0, 8.225093836439309E14, 5.569576621711798E11, 3529, 0, 0
LOSS, 4605.293089294431, -1806.4061096191406, 17.774339294433595, 6.703483390530468, 201.8, 687, 154, 12, 4631.412287606357, 0.0, 1795.807859802246, 6.741502602047098, 3554, 0, 0
LOSS, 14946.73571319581, -1281.6991989135743, 15.903242492675782, 10.105974113046525, 223.0, 1479, 101, 22, 7873.288617115786, 0.0, 3313.3, 5.3233864889221, 3587, 0, 0
LOSS, 3917.94714355469, -3138.434912109375, 15.13299560546875, 5.597067347935271, 223.0, 700, 153, 11, 7089.111711187415, 0.0, 3136.660546875, 10.127302444553449, 3614, 0, 0
LOSS, 9766.684468078596, -1377.582056427002, 16.033061218261718, 9.068416404901203, 197.33574, 1077, 128, 21, 29713.052275349957, 0.0, 27088.816575795852, 27.5887207756267, 3650, 0, 0
WIN , 18884.178292846722, -2211.866522979736, 22.743559265136717, 9.018232231540937, 199.55183, 2094, 60, 34, 5314.242472788386, 0.0, 2201.370269012451, 2.5378426326592103, 3737, 0, 0
LOSS, 15513.929988098165, -4057.2448165893557, 15.829447937011718, 8.5288235228687, 207.0, 1819, 78, 26, 9487.632720174364, 0.0, 4046.7223556518557, 5.215850863207457, 3801, 0, 0
WIN , 18145.325195312536, -3781.7748050689697, 24.22265625, 6.553024628137427, 207.0, 2769, 15, 38, 9048.789631436952, 0.0, 3793.7829454207213, 3.2678908022524205, 3947, 0, 0
LOSS, 2577.1254638671858, -4057.1000003814697, 15.9345458984375, 4.103702967941379, 223.0, 628, 158, 9, 4696.233053220145, 0.0, 4067.208818223862, 7.47807811022316, 3960, 0, 0
LOSS, 17212.831909179742, -1274.825464630127, 15.653486633300782, 9.83590394810271, 223.0, 1750, 83, 33, 3343.085712825571, 0.0, 1287.0155541981267, 1.9103346930431835, 4012, 0, 0
WIN , 17813.24262695316, -3487.6573738098145, 25.57275390625, 8.65560866227073, 175.0, 2058, 62, 30, 9815.898227959655, 0.0, 4045.945000076294, 4.769629848376898, 4083, 0, 0
LOSS, 7649.129081726056, -4059.7, 15.674971008300782, 6.960081057075574, 201.8, 1099, 126, 23, 6.785775563437404E13, 0.0, 6.785775562879116E13, 6.1745000577228424E10, 4123, 0, 0
WIN , 19651.837344360472, -2217.6290809631346, 25.983805847167968, 7.69152146550312, 165.33574, 2555, 29, 35, 6492.21438917954, 0.0, 2232.346588206372, 2.5409841053540276, 4248, 0, 0
LOSS, 8776.512773132286, -4060.666426086426, 16.00163116455078, 5.9907937017967825, 137.0, 1465, 102, 22, 6524.091915331387, 0.0, 4049.4541877746583, 4.45330506165965, 4310, 0, 0
LOSS, 15461.187890625031, -2467.17919921875, 16.22575225830078, 9.41033955607123, 191.0, 1643, 90, 33, 4137.498422388231, 0.0, 2457.043864440918, 2.518258321599654, 4346, 0, 0
WIN , 13999.216101074218, -3799.5670906066894, 22.328173828125, 8.973856475047576, 196.16809, 1560, 96, 25, 4145.810740269688, 0.0, 2233.3697257995605, 2.657570987352364, 4390, 0, 0
LOSS, 10092.749230957015, -4056.3831901550293, 16.29655303955078, 8.3273508506246, 191.0, 1212, 119, 14, 2.4181832781462578E14, 0.0, 1.209091639061374E14, 1.995200724543117E11, 4418, 0, 0
LOSS, 440.00251922606617, -3370.332421875, 15.605146789550782, 0.14666750640868872, 229.99031, 3000, 0, 6, 10031.57628932719, 0.0, 3382.904831862244, 3.343858763109063, 4591, 0, 0
LOSS, 14796.412950134294, -611.5349418640137, 16.78153839111328, 10.246823372669178, 180.4, 1444, 103, 24, 2193.8393845924575, 0.0, 601.7372187766085, 1.5192793522108432, 4635, 0, 0
LOSS, 5000.884164428701, -3365.5478904724123, 16.27616729736328, 6.98447508998422, 223.0, 716, 152, 15, 6133.348941040211, 0.0, 3377.5570496279042, 8.566129805922083, 4649, 0, 0
LOSS, 7206.881719970557, -1807.6320556640626, 16.01615753173828, 2.4022939066568525, 188.20258, 3000, 0, 21, 2.934767846650837E14, 0.0, 2.932581929441562E14, 9.782559488836124E10, 4831, 0, 0
LOSS, 13360.146823120123, -1813.9137771606445, 24.194969177246094, 9.284327187713776, 201.39499, 1439, 104, 22, 3697.119347522915, 0.0, 1824.8632520976887, 2.5692281775697814, 4888, 0, 0
WIN , 14067.38086242678, -3444.660598754883, 25.68712615966797, 9.537207364357139, 151.58539, 1475, 101, 24, 8.591390819658505E13, 0.0, 8.591390819188872E13, 5.824671742141359E10, 4920, 0, 0
LOSS, 13114.941282653823, -4060.841460418701, 16.58952178955078, 4.371647094217941, 175.49287, 3000, 0, 30, 9924.379271532855, 0.0, 4050.541460418701, 3.3081264238442847, 5097, 0, 0
WIN , 13548.305360412609, -3715.7827430725097, 22.27897491455078, 9.375989868797653, 219.11896, 1445, 103, 40, 4957.741650544678, 0.0, 3726.5945899963376, 3.430963079961715, 5125, 0, 0
WIN , 13703.372396850596, -4054.0881034851072, 23.52776641845703, 8.00430630657161, 185.39499, 1712, 85, 28, 3.7878441676775085E15, 0.0, 3.7878441676715385E15, 2.2125257988770493E12, 5192, 0, 0
WIN , 14107.990211486805, -4057.4605003356933, 21.85316619873047, 8.811986390685075, 205.49287, 1601, 93, 33, 1891.9887504479068, 0.0, 164.47090513206805, 1.1817543725470998, 5245, 0, 0
LOSS, 6060.02335968016, -4056.050714111328, 16.25425567626953, 6.345574198617968, 207.0, 955, 136, 16, 5327.605795788977, 0.0, 4066.1699867248535, 5.5786448123444785, 5280, 0, 0
WIN , 15429.825927734397, -2366.674072265625, 23.995849609375, 10.48221870090652, 207.0, 1472, 101, 43, 1.7631125097978938E14, 0.0, 1.7631125097601684E14, 1.197766650677917E11, 5314, 0, 0
LOSS, 15290.596302795517, -4056.5, 16.51652374267578, 5.0968654342651725, 211.03697, 3000, 0, 30, 9276.632112431886, 0.0, 4068.0587326049804, 3.092210704143962, 5438, 0, 0
WIN , 13742.603697204586, -3667.0963027954103, 23.365966796875, 9.367828014454387, 175.0, 1467, 102, 36, 9380.383371036378, 0.0, 3705.7827430725097, 6.394262693276331, 5478, 0, 0
LOSS, 5644.7765014648285, -4058.4999992370604, 16.42582550048828, 6.640913531135093, 196.16809, 850, 143, 15, 890.4053039467774, 0.0, 24.209259033203125, 1.047535651702091, 5498, 0, 0
WIN , 16053.623498535171, -2223.2765007019043, 21.927001953125, 6.067129062182604, 191.0, 2646, 23, 34, 7.884329299256461E13, 0.0, 4.268806527711158E13, 2.9797162884567123E10, 5619, 0, 0
WIN , 13681.330000305177, -4056.8999992370605, 26.03629913330078, 9.072500000202373, 177.7, 1508, 99, 28, 1537.4801917178115, 0.0, 26.38020993653845, 1.0195491987518643, 5660, 0, 0
WIN , 13161.353190612792, -4059.430000305176, 23.967822265625, 9.178070565280887, 164.16809, 1434, 104, 28, 5515.275426925092, 0.0, 4072.8061018466365, 3.8460777035739833, 5683, 0, 0
LOSS, -215.59072265625153, -4061.983191680908, 16.50083770751953, -0.7022499109324154, 188.5, 307, 179, 7, 4229.8964820599185, 0.0, 4050.011441040039, 13.778164436677258, 5686, 0, 0
WIN , 16759.858244323794, -875.1924682617188, 24.61096649169922, 9.363049298504913, 221.49287, 1790, 80, 34, 5266.991061224495, 0.0, 1591.9867309570313, 2.9424531068293267, 5746, 0, 0
LOSS, -105.63345031734407, -4054.450714111328, 16.025175476074217, -0.03521115010578136, 227.82738, 3000, 0, 8, 9122.41635602241, 0.0, 4065.447713088989, 3.04080545200747, 5849, 0, 0
WIN , 17045.63345031741, -608.8172637939454, 23.81459197998047, 10.470290817148287, 221.49287, 1628, 91, 30, 2368.6421466027637, 0.0, 618.4075873251599, 1.454939893490641, 5900, 0, 0
WIN , 13933.200000000024, -4056.2507133483887, 24.525126647949218, 6.963118440779622, 189.49287, 2001, 66, 41, 7.499921321076451E14, 0.0, 7.499921321008311E14, 3.7480866172296106E11, 5982, 0, 0
WIN , 14640.932478332566, -4059.4507133483885, 24.525126647949218, 6.495533486394217, 180.16809, 2254, 49, 38, 3200.8432995987573, 0.0, 52.5827820092575, 1.4200724488015781, 6079, 0, 0
LOSS, 5332.416418457025, -4059.1831909179687, 24.194969177246094, 6.363265415819839, 207.0, 838, 144, 19, 3.4379000780984703E13, 0.0, 3.437900077612195E13, 4.102506059783378E10, 6107, 0, 0
WIN , 15376.500390625022, -2190.999610900879, 26.19602813720703, 10.203384466240891, 191.0, 1507, 99, 31, 3.437900077984311E13, 0.0, 3.4379000776123367E13, 2.281287377560923E10, 6141, 0, 0
LOSS, 10287.16650390622, -4059.3000007629394, 16.82036437988281, 7.060512356833371, 191.0, 1457, 102, 14, 1712.5782601917028, 0.0, 24.753822287298053, 1.1754140426847652, 6189, 0, 0
WIN , 13819.63349609376, -3294.0665031433105, 24.236651611328124, 10.161495217716, 223.0, 1360, 109, 24, 4223.36270292374, 0.0, 3283.5440422058105, 3.1054137521498086, 6210, 0, 0
LOSS, 1322.799975585936, -4054.300001525879, 16.08036651611328, 2.767363965660954, 191.0, 478, 168, 8, 4547.337697523755, 0.0, 4065.29700050354, 9.51325878143045, 6213, 0, 0
LOSS, 11259.223413085942, -1237.0999771118163, 16.56486358642578, 10.301210807946882, 175.0, 1093, 127, 22, 2574.2083779197014, 0.0, 1226.4999710083007, 2.355176923988748, 6240, 0, 0
WIN , 15682.727392578134, -2845.7233879089354, 23.96903076171875, 9.252346544293884, 175.49219, 1695, 87, 34, 7242.081626988924, 0.0, 2860.5871457151943, 4.272614529197005, 6284, 0, 0
LOSS, 3903.212316894531, -4059.65078125, 16.10722198486328, 6.23516344551842, 196.16809, 626, 158, 14, 533847.2416429189, 0.0, 533450.4112266814, 852.7911208353337, 6289, 0, 0
LOSS, 17003.981408691445, -1882.8630981445312, 16.10014190673828, 5.667993802897148, 213.55493, 3000, 0, 35, 5866.1442861184105, 0.0, 1895.0999107020757, 1.9553814287061368, 6407, 0, 0
WIN , 13942.85549316408, -3666.2445083618163, 22.975341796875, 9.166900389982958, 175.0, 1521, 98, 35, 8741.379380298073, 0.0, 3705.6320304870605, 5.747126482773223, 6438, 0, 0
WIN , 13312.869000244129, -4060.3000003814695, 26.506158447265626, 9.149738144497682, 146.31, 1455, 103, 32, 7.991663189783438E14, 0.0, 7.991663189716776E14, 5.492552020469717E11, 6470, 0, 0
LOSS, 7360.565179443331, -4062.5690002441406, 16.13639678955078, 4.826600117667758, 191.0, 1525, 98, 18, 140202.42571713572, 0.0, 133180.9040200992, 91.93601686369556, 6556, 0, 0
LOSS, 13685.379101562497, -2611.9341789245605, 16.64396514892578, 8.639759533814708, 223.0, 1584, 94, 31, 8545261.605934907, 0.0, 8291767.353490274, 5394.735862332644, 6629, 0, 0
WIN , 14793.347219848642, -3599.7132820129395, 25.49407501220703, 9.57498201931951, 153.39499, 1545, 97, 39, 1.4695726963585246E9, 0.0, 1.4695677481696365E9, 951179.7387433816, 6664, 0, 0
LOSS, 7557.596774291973, -4061.860501098633, 15.966413879394532, 7.7276040636932235, 207.0, 978, 134, 18, 4892.839707245005, 0.0, 4074.1037452934947, 5.0029035861400875, 6677, 0, 0
LOSS, 13605.069839477532, -2559.457275390625, 16.62809600830078, 4.535023279825844, 167.73715, 3000, 0, 28, 7799.405453671489, 0.0, 2571.2436701233005, 2.5998018178904965, 6717, 0, 0
LOSS, 966.9801071166984, -3603.927116394043, 16.57523956298828, 0.32232670237223277, 218.2675, 3000, 0, 6, 10482.258058024001, 0.0, 3592.2031341552733, 3.4940860193413337, 6836, 0, 0
LOSS, 10754.387065124509, -612.7072227478027, 16.70292510986328, 10.996305792560847, 207.0, 978, 134, 18, 134832.6163511704, 0.0, 133181.0143220027, 137.8656608907673, 6863, 0, 0
LOSS, 11553.62300567624, -2687.0942878723145, 24.565966796875, 3.8512076685587466, 183.39201, 3000, 0, 30, 3217441.9704250856, 0.0, 3211249.451033237, 1072.4806568083618, 6942, 0, 0
LOSS, 6269.865415954512, -3239.5172927856447, 16.56168975830078, 2.089955138651504, 228.17291, 3000, 0, 24, 7890.336413276652, 0.0, 3234.030177158253, 2.630112137758884, 7059, 0, 0
WIN , 16110.317291259797, -1808.7827102661133, 24.9150390625, 10.018854036853106, 175.0, 1608, 92, 42, 3967.8301940717174, 0.0, 1816.8525790316946, 2.4675560908406204, 7101, 0, 0
WIN , 13668.400000000007, -4060.9000007629393, 23.448486328125, 9.04592984778293, 191.0, 1511, 99, 34, 1719.807364837741, 0.0, 248.24308067418028, 1.1381915055180285, 7138, 0, 0
LOSS, 9396.023719787621, -4057.500001525879, 16.31016387939453, 3.1320079065958737, 232.10313, 3000, 0, 18, 3.8942212367864756E14, 0.0, 3.894221235349388E14, 1.298073745595492E11, 7300, 0, 0
LOSS, 4747.331944274897, -2592.923719024658, 16.07603302001953, 8.046325329279487, 223.0, 590, 160, 14, 3173.4889122379204, 0.0, 2582.4140899909244, 5.37879476650495, 7307, 0, 0
WIN , 16117.204837036148, -1701.4556640625, 24.07195587158203, 10.11116991031126, 185.39499, 1594, 93, 22, 3.3182985868569426E13, 0.0, 3.3182985864724633E13, 2.081743153611633E10, 7347, 0, 0
WIN , 13861.001483154298, -4057.4605003356933, 21.557415771484376, 8.873880591007874, 175.38016, 1562, 95, 33, 1538.7596791178216, 0.0, 23.85884358286613, 0.985121433494124, 7380, 0, 0
WIN , 14288.998516845706, -4060.8619850158693, 24.649217224121095, 8.059220821683985, 185.39499, 1773, 81, 36, 5807.312047175112, 0.0, 3383.730615234375, 3.275415706246538, 7439, 0, 0
LOSS, 3806.209347534176, -4059.860501861572, 15.937666320800782, 5.846711747364325, 223.0, 651, 156, 18, 5861.3393726137065, 0.0, 4070.7637703009436, 9.003593506319058, 7450, 0, 0
LOSS, 8785.420776367158, -1734.2698501586915, 16.71549835205078, 8.68124582644976, 223.0, 1012, 132, 13, 2905.342688886151, 0.0, 1724.0340103149415, 2.8708919850653665, 7470, 0, 0
WIN , 15301.23665771488, -2400.290625, 24.465576171875, 9.948788464053889, 156.72717, 1538, 97, 38, 4031.1434402421255, 0.0, 2412.3979437737394, 2.621029545020888, 7501, 0, 0
LOSS, -1148.5551391601587, -4060.3272819519043, 16.158583068847655, -4.887468677277271, 223.0, 235, 184, 2, 2.7286761394649712E14, 0.0, 2.7286761394487994E14, 1.1611387827510515E12, 7505, 0, 0
LOSS, 10569.212573242161, -681.772142791748, 16.27226104736328, 8.807677144368467, 191.0, 1200, 120, 12, 4620.809811076532, 0.0, 1748.9707000732424, 3.8506748425637767, 7544, 0, 0
LOSS, 12024.243777465974, -2591.584718322754, 16.21684112548828, 4.0080812591553245, 197.7175, 3000, 0, 30, 9465.648595601579, 0.0, 2581.3477798461913, 3.1552161985338594, 7664, 0, 0
WIN , 14413.271505737326, -3236.4284942626955, 25.019287109375, 7.8036120767392125, 175.0, 1847, 76, 30, 7952.614356781306, 0.0, 3225.980850167257, 4.305692667450626, 7714, 0, 0
WIN , 14048.62728271486, -4059.7, 23.11328125, 8.919763354104674, 188.72717, 1575, 95, 36, 5764.166278708391, 0.0, 4071.3396580778467, 3.6597881134656447, 7754, 0, 0
LOSS, 6581.533218383658, -4059.5272834777834, 16.67045440673828, 2.193844406127886, 203.39499, 3000, 0, 21, 13434.84106543215, 0.0, 4067.798101057634, 4.47828035514405, 7888, 0, 0
LOSS, 1972.439474487335, -2338.6605003356935, 16.147079467773438, 0.6574798248291117, 205.0, 3000, 0, 6, 10934.277664353327, 0.0, 2409.3214636379676, 3.644759221451109, 8003, 0, 0
LOSS, 5348.765356445301, -611.6999771118165, 15.964340209960938, 9.83228925817151, 191.0, 544, 163, 8, 1337.8191106738013, 0.0, 600.4789611816407, 2.459226306385664, 8022, 0, 0
LOSS, 8331.929202270418, -1342.2653327941894, 16.10783233642578, 2.777309734090139, 203.39499, 3000, 0, 23, 7791.040713614748, 0.0, 1353.3318892349016, 2.597013571204916, 8172, 0, 0
LOSS, 7703.155541992021, -1812.9945343017578, 16.15909423828125, 2.5677185139973404, 166.499, 3000, 0, 22, 9535.870470250806, 0.0, 1802.8004837036133, 3.178623490083602, 8295, 0, 0
WIN , 15877.040423584009, -1815.5500778198243, 24.333673095703126, 11.018071078129083, 140.095, 1441, 103, 39, 3059.9688675045795, 0.0, 1805.4784309387207, 2.1235037248470365, 8317, 0, 0
WIN , 13017.259243774419, -4064.390500640869, 26.19602813720703, 9.205982492061116, 167.50256, 1414, 105, 32, 1309.152284468079, 0.0, 32.76899998510004, 0.925850271901046, 8340, 0, 0
LOSS, 2870.511442565917, -4060.449743652344, 16.37003936767578, 3.9376014301315734, 185.8, 729, 151, 12, 1149.8959805134584, 0.0, 31.626099543206763, 1.5773607414450732, 8359, 0, 0
WIN , 16264.326918029808, -1540.9611862182617, 23.16056671142578, 10.821242127764343, 219.11896, 1503, 99, 37, 2928.199516446434, 0.0, 1530.8850708007812, 1.9482365378885123, 8384, 0, 0
WIN , 13661.211895751954, -4056.488105010986, 20.75244140625, 8.527597937423192, 207.0, 1602, 93, 31, 3.626830832539088E13, 0.0, 3.6268308323450375E13, 2.2639393461542374E10, 8416, 0, 0
LOSS, 2405.9799804687495, -4055.900001525879, 16.33939971923828, 4.366569837511342, 207.0, 551, 163, 9, 4582.651788947357, 0.0, 4069.7368136313453, 8.31697239373386, 8425, 0, 0
WIN , 16664.020019531286, -1532.47998046875, 23.16618194580078, 9.632381514179935, 207.0, 1730, 84, 35, 3568996.9316371214, 0.0, 3563738.232667422, 2063.0040067266596, 8468, 0, 0
LOSS, 7097.578613281224, -4055.2999992370605, 17.119757080078124, 7.424245411382033, 207.0, 956, 136, 25, 1043.1173305290133, 0.0, 42.25234756984791, 1.0911269147793026, 8484, 0, 0
LOSS, 15994.073486328389, -2574.07861328125, 17.03654327392578, 5.331357828776129, 211.81934, 3000, 0, 32, 11977.939466330921, 0.0, 4198.737639158942, 3.9926464887769737, 8600, 0, 0
WIN , 13776.297900390666, -3666.9520988464355, 26.10283203125, 7.5693944507641024, 127.5, 1820, 78, 35, 6630.247942090197, 0.0, 3656.35209274292, 3.6429933747748335, 8663, 0, 0
LOSS, 5546.877372741683, -4063.8500015258787, 17.303236389160155, 6.156356684507972, 201.8, 901, 139, 16, 5222.008318754135, 0.0, 4075.2146639920143, 5.79579169673045, 8685, 0, 0
LOSS, 5029.004231262091, -2220.727374267578, 16.648832702636717, 1.6763347437540304, 198.88538, 3000, 0, 14, 11902.460555494908, 0.0, 2234.3841657805924, 3.967486851831636, 8866, 0, 0
LOSS, 11690.004089355452, -1429.7316055297852, 17.30314483642578, 9.382025753896832, 207.0, 1246, 116, 21, 3005.230891008396, 0.0, 1419.4316055297852, 2.4119028017723885, 8889, 0, 0
LOSS, 4820.06999511718, -3059.735694885254, 16.99772491455078, 4.989720491839731, 175.0, 966, 135, 10, 4556.032948272296, 0.0, 3075.7505668482104, 4.716390215602791, 8924, 0, 0
LOSS, 6281.524487304675, -1779.8056900024415, 17.12559356689453, 7.312601265779598, 207.0, 859, 142, 14, 3248.0574478765357, 0.0, 1794.236741553331, 3.7812077390879346, 8953, 0, 0
LOSS, 7799.581884765602, -1790.7301750183105, 17.448820495605467, 7.392968611152229, 223.0, 1055, 129, 16, 3825.5968812055653, 0.0, 1803.6433468507328, 3.6261581812375026, 8985, 0, 0
LOSS, 930.7994018555007, -2280.912062072754, 16.39939727783203, 0.3102664672851669, 198.88538, 3000, 0, 5, 8694.75387841179, 0.0, 2349.0664253234863, 2.8982512928039297, 9052, 0, 0
LOSS, 2666.0871307372877, -613.5114631652832, 16.13133087158203, 0.8886957102457625, 174.095, 3000, 0, 4, 2733.4886197410847, 0.0, 602.8869464298048, 0.9111628732470283, 9081, 0, 0
LOSS, 7174.467808532644, -758.3985931396485, 17.252272033691405, 2.391489269510881, 199.33574, 3000, 0, 21, 5167.465414169577, 0.0, 773.4167160034181, 1.7224884713898592, 9137, 0, 0
LOSS, 7855.926947021334, -1811.6664009094238, 17.10539093017578, 2.618642315673778, 233.40611, 3000, 0, 23, 9664.670008773024, 0.0, 1801.1114616394043, 3.221556669591008, 9284, 0, 0
LOSS, 13813.34634857179, -1807.5933479309083, 24.63415985107422, 6.188775245775891, 175.0, 2232, 51, 29, 6088.868609188053, 0.0, 1796.7393662269396, 2.7279877281308478, 9375, 0, 0
LOSS, 11740.791455078133, -3482.139697265625, 24.57750244140625, 7.890316838090143, 207.0, 1488, 100, 26, 8517.013489818497, 0.0, 3471.5349609375, 5.7237993883188825, 9422, 0, 0
LOSS, 8753.33527374271, -3542.331153869629, 16.69425811767578, 2.9177784245809035, 199.33574, 3000, 0, 20, 13094.311619067645, 0.0, 3553.979103088379, 4.364770539689215, 9546, 0, 0
WIN , 14789.716764831597, -2596.266426086426, 22.150927734375, 8.925598530375135, 212.16809, 1657, 89, 41, 2.875016842200326E14, 0.0, 2.875016842156222E14, 1.7350735318046628E11, 9574, 0, 0
LOSS, 9044.516906738243, -4055.3831924438477, 16.92887725830078, 5.861644139169308, 223.0, 1543, 97, 25, 2509.7712159950506, 0.0, 23.916292310763083, 1.6265529591672396, 9628, 0, 0
LOSS, 12754.039550781239, -3010.50009765625, 17.04899444580078, 7.209745365054403, 223.0, 1769, 82, 24, 6252.294558530895, 0.0, 2999.9000915527345, 3.534366624381512, 9675, 0, 0
LOSS, 8456.825878906226, -3714.5396484375, 17.02702178955078, 7.681040761949342, 175.0, 1101, 126, 19, 8432.449423113292, 0.0, 3729.0500549316407, 7.658900475125606, 9695, 0, 0
LOSS, 7750.085888671836, -2840.1655265808104, 16.87357940673828, 7.367001795315433, 207.0, 1052, 129, 30, 3952.0984547837043, 0.0, 2830.1003227233887, 3.756747580592875, 9716, 0, 0
LOSS, 11434.26645507812, -2571.451416015625, 16.95060577392578, 8.76860924469181, 223.0, 1304, 113, 28, 4108.873722425371, 0.0, 2585.051313099283, 3.1509767810010514, 9748, 0, 0
WIN , 13706.1426300049, -3224.5178703308106, 25.59734649658203, 9.180269678502947, 153.39499, 1493, 100, 35, 4810.308413546877, 0.0, 3239.4997097559726, 3.221907845644258, 9770, 0, 0
WIN , 12696.239498901377, -4061.860501098633, 24.60205078125, 6.322828435707858, 191.0, 2008, 66, 29, 8673.84396976477, 0.0, 4073.5622513516682, 4.319643411237435, 9831, 0, 0
LOSS, 2988.8659774780117, -4058.1, 16.88090362548828, 0.9962886591593373, 178.33998, 3000, 0, 14, 15071.971724825753, 0.0, 4069.171703810969, 5.023990574941918, 9979, 0, 0
WIN , 15701.134022521985, -1446.9659774780273, 23.74658203125, 9.263205912992321, 191.0, 1695, 87, 33, 4024.9598597305444, 0.0, 1436.2708673123, 2.374607586861678, 10007, 0, 0
WIN , 13331.60000000001, -4057.500001525879, 24.433349609375, 8.765023011176863, 175.0, 1521, 98, 34, 124946.52327628098, 0.0, 123472.7169639391, 82.14761556625969, 10042, 0, 0
LOSS, 5726.120410156237, -4059.7, 16.96861114501953, 6.816810012090759, 223.0, 840, 144, 15, 4866.689904674639, 0.0, 4048.744012451172, 5.793678457945999, 10053, 0, 0
LOSS, 8351.53779296875, -2245.82041015625, 16.85209503173828, 2.783845930989583, 234.41895, 3000, 0, 20, 612449.4614923067, 0.0, 204987.52087548393, 204.14982049743557, 10190, 0, 0
WIN , 14464.449484252933, -2336.7582046508787, 22.674951171875, 5.96226277174482, 153.92313, 2426, 38, 34, 10240.845334746544, 0.0, 2360.7272354125976, 4.221288266589672, 10290, 0, 0
LOSS, 7656.423416137649, -4061.8076873779296, 17.14298858642578, 6.081352991372239, 191.0, 1259, 116, 21, 5880.196502475747, 0.0, 4051.516842651367, 4.670529390369935, 10320, 0, 0
LOSS, 2128.661621093752, -2768.231103515625, 16.77982940673828, 5.514667412159979, 186.448, 386, 174, 11, 3030.7143990681516, 0.0, 2781.433288442451, 7.851591707430445, 10323, 0, 0
LOSS, 6833.265283202957, -1196.2927261352538, 16.79954376220703, 2.2777550944009857, 182.89551, 3000, 0, 20, 1090632.6245875664, 0.0, 423788.8459887357, 363.54420819585545, 10433, 0, 0
LOSS, 10956.896191406211, -1808.9580070495606, 16.82072296142578, 8.325908960035115, 207.0, 1316, 112, 18, 3629.878561692471, 0.0, 1797.5896323486747, 2.7582663842647954, 10464, 0, 0
WIN , 13121.957334899907, -3167.05419921875, 26.19602813720703, 5.301800943393902, 181.88466, 2475, 35, 34, 183742.0617971172, 0.0, 123471.81395825636, 74.23921688772413, 10527, 0, 0
LOSS, 7840.808322143392, -4057.811533355713, 17.17204132080078, 2.613602774047797, 175.14177, 3000, 0, 22, 13696.19029215164, 0.0, 4184.577164093405, 4.565396764050546, 10622, 0, 0
LOSS, 4236.618376159665, -2598.6198554992675, 16.90836944580078, 8.13170513658285, 207.0, 521, 165, 16, 2930.797558678097, 0.0, 2588.4645988464354, 5.62533120667581, 10628, 0, 0
LOSS, 5663.299536132808, -1726.438232421875, 16.84123077392578, 9.299342423863395, 223.0, 609, 159, 10, 2334.648027743112, 0.0, 1738.548931900978, 3.833576400234995, 10643, 0, 0
WIN , 14946.762231445333, -1818.5377677917481, 20.411376953125, 9.865849657719691, 207.0, 1515, 99, 27, 3954.624198168485, 0.0, 1832.2755837766797, 2.610313002091409, 10695, 0, 0
WIN , 11930.000000000024, -4055.900001525879, 25.8740234375, 6.249345206914628, 207.0, 1909, 72, 32, 3616.992219709689, 0.0, 35.05690002441406, 1.8947051962858508, 10768, 0, 0
LOSS, 2211.343237304691, -4056.5, 16.78959503173828, 4.0133271094459, 223.0, 551, 163, 13, 4671.887282545893, 0.0, 4047.27086657863, 8.478924287742093, 10775, 0, 0
LOSS, 8889.414331054668, -1477.8432373046876, 16.95408477783203, 9.466894921250978, 207.0, 939, 137, 19, 6869.031965740452, 0.0, 4074.5469024658205, 7.315263009308255, 10805, 0, 0
WIN , 13242.442431640671, -2617.257568359375, 20.671954345703124, 7.717041044079645, 175.0, 1716, 85, 27, 2.2110099868210956E14, 0.0, 2.2110099867519856E14, 1.2884673582873518E11, 10849, 0, 0
WIN , 12520.749743652352, -4058.4999992370604, 22.616455078125, 7.825468589782719, 167.50256, 1600, 93, 34, 6331.855150317426, 0.0, 4072.040112564594, 3.957409468948391, 10895, 0, 0
LOSS, 2323.677514648385, -4060.449743652344, 16.81345977783203, 0.7745591715494617, 206.72717, 3000, 0, 13, 261017.59662263302, 0.0, 243618.08160943148, 87.00586554087768, 11062, 0, 0
LOSS, 11294.649255371065, -1444.1272583007812, 17.02403106689453, 8.010389542816359, 191.0, 1410, 106, 21, 4.80190046134717E14, 0.0, 2.7443014712324028E14, 3.405603164076007E11, 11117, 0, 0
LOSS, 3559.737207031248, -3178.176515197754, 16.65135040283203, 4.546279957894314, 175.0, 783, 147, 8, 4208.0162719536165, 0.0, 3190.2508146503988, 5.374222569544849, 11139, 0, 0
WIN , 15083.24377899172, -1667.3137199401856, 24.42815399169922, 10.102641513055405, 154.425, 1493, 100, 32, 7526.169826649216, 0.0, 4048.3440132141113, 5.040971082819301, 11176, 0, 0
LOSS, 5638.238104247931, -4060.5574989318848, 16.81437530517578, 1.879412701415977, 202.04396, 3000, 0, 18, 6877.183938816974, 0.0, 30.63533632085212, 2.2923946462723244, 11326, 0, 0
LOSS, -2689.3783416747806, -2339.39560546875, 15.772964477539062, -0.8964594472249269, 215.82738, 3000, 0, 5, 5917.6814510734075, 0.0, 2328.439617919922, 1.972560483691136, 11342, 0, 0
LOSS, 8059.082737731907, -609.4172615051269, 16.76273956298828, 9.828149680160863, 185.0, 820, 145, 16, 2818.677338793829, 0.0, 619.9591682434082, 3.4374113887729623, 11362, 0, 0
LOSS, 6325.800518798747, -2069.1000015258787, 16.83347930908203, 2.1086001729329156, 172.99457, 3000, 0, 23, 2.6674322487719312E14, 0.0, 2.667432248626327E14, 8.89144082923977E10, 11514, 0, 0
LOSS, 6795.111015319774, -1815.5005187988281, 17.20976104736328, 2.2650370051065916, 215.88466, 3000, 0, 23, 6623.029414047695, 0.0, 1804.6564415948956, 2.207676471349232, 11618, 0, 0
WIN , 14704.788092041035, -1811.8115348815918, 22.179863739013673, 9.207757102092069, 118.00374, 1597, 93, 28, 7933.339949807026, 0.0, 2231.65963973999, 4.967651815783986, 11656, 0, 0
WIN , 12232.700373840291, -4066.5996269226075, 26.19602813720703, 5.955550328062459, 191.0, 2054, 63, 34, 7494.006449436904, 0.0, 4055.407390343452, 3.648493889696643, 11724, 0, 0
LOSS, 9613.502929687465, -4056.8999992370605, 16.65910186767578, 3.2045009765624886, 231.39062, 3000, 0, 16, 9706.62025639478, 0.0, 4068.332389043519, 3.235540085464927, 11844, 0, 0
LOSS, 3578.021435546874, -2591.002931213379, 17.06547393798828, 6.255282229977052, 223.0, 572, 161, 14, 5440.963515547598, 0.0, 4072.574174080222, 9.512173978230066, 11858, 0, 0
WIN , 15296.875634765633, -1469.624365234375, 21.50830078125, 9.761886174068687, 207.0, 1567, 95, 34, 6732.568607910591, 0.0, 3383.4778686523437, 4.296470075246069, 11893, 0, 0
LOSS, 6198.3155273437405, -4055.900001525879, 16.99760284423828, 7.059584883079431, 223.0, 878, 141, 14, 1012.3417259915857, 0.0, 25.017170715332032, 1.1530087995348357, 11918, 0, 0
LOSS, 9228.956221008302, -2573.6155265808106, 17.03861846923828, 3.0763187403361005, 168.92607, 3000, 0, 18, 6912.544457656213, 0.0, 2588.4251176539988, 2.304181485885404, 11998, 0, 0
WIN , 14152.728251647955, -2502.5717475891115, 24.2880859375, 10.437115229828876, 207.0, 1356, 109, 39, 7830.629778531176, 0.0, 4085.129546356201, 5.774800721630661, 12019, 0, 0
LOSS, 11393.34109344478, -4056.5, 17.04704132080078, 3.7977803644815933, 198.55, 3000, 0, 27, 9641.259919565584, 0.0, 4071.880018471956, 3.2137533065218613, 12135, 0, 0
WIN , 13362.425332641635, -3669.8410934448243, 24.939860534667968, 8.182746682572954, 149.33574, 1633, 91, 36, 6058.890435069951, 0.0, 3659.1131286621094, 3.7102819565645753, 12186, 0, 0
LOSS, 3782.503373718256, -4063.4664268493652, 16.97367706298828, 4.830783363624848, 191.0, 783, 147, 14, 6751.67696858869, 0.0, 4074.3735126449005, 8.622831377507906, 12205, 0, 0
LOSS, 5853.453108215233, -1773.569799041748, 16.84660186767578, 1.9511510360717446, 171.11125, 3000, 0, 14, 9778.076153924503, 0.0, 1788.519161902059, 3.2593587179748345, 12363, 0, 0
LOSS, 4783.611051940912, -1448.2229080200195, 17.10807647705078, 7.803606936282075, 223.0, 613, 159, 7, 2181.5959168756694, 0.0, 1437.616909790039, 3.558884040580211, 12379, 0, 0
WIN , 16237.866040039095, -1441.2339614868165, 25.97509765625, 9.540461833160455, 175.0, 1702, 86, 39, 1.4403645131943132E15, 0.0, 1.4403645131881975E15, 8.462776223233333E11, 12430, 0, 0
WIN , 13126.800000000001, -4059.1000015258787, 25.792236328125, 8.54053350683149, 207.0, 1537, 97, 35, 2.707135796596445E14, 0.0, 2.7071357965780422E14, 1.7613115137257288E11, 12476, 0, 0
LOSS, 6200.271284484685, -4056.5, 16.67777862548828, 2.0667570948282283, 234.28716, 3000, 0, 17, 7818.074330803802, 0.0, 4080.894091796875, 2.6060247769346008, 12537, 0, 0
LOSS, 5134.258691406244, -2336.1712860107423, 17.056259155273438, 6.040304342830876, 177.7, 850, 143, 11, 3.51934738820246E15, 0.0, 3.519347388201109E15, 4.140408692002894E12, 12568, 0, 0
LOSS, 8789.028617858874, -1911.0299758911133, 17.171737670898438, 10.27956563492266, 207.0, 855, 143, 15, 2807.389350232626, 0.0, 1922.2828565606571, 3.2834963160615507, 12583, 0, 0
LOSS, 3739.664184570313, -2689.458595275879, 17.15379180908203, 6.836680410549018, 207.0, 547, 163, 12, 3178.9940542622953, 0.0, 2701.811469829623, 5.811689313093776, 12597, 0, 0
LOSS, 7556.368754577522, -1578.522777557373, 16.89225616455078, 2.518789584859174, 172.425, 3000, 0, 21, 8196.739896232913, 0.0, 1824.9150466918945, 2.7322466320776377, 12721, 0, 0
WIN , 15025.089178466811, -1816.0915328979493, 24.80677947998047, 10.111096351592739, 160.19289, 1486, 100, 28, 3452.2324455503513, 0.0, 1806.002737426758, 2.3231712284995636, 12755, 0, 0
LOSS, 2218.094439697263, -4059.9807106018065, 17.19493179321289, 4.582839751440626, 185.8, 484, 167, 10, 4421.955978809073, 0.0, 4072.171793746948, 9.13627268348982, 12760, 0, 0
LOSS, 7305.496919250475, -1538.6751525878906, 17.19493179321289, 10.090465358080767, 223.0, 724, 151, 12, 2196.6097050569897, 0.0, 1553.8120402107409, 3.033991305327334, 12767, 0, 0
LOSS, 10071.690673828103, -2164.7720703125, 17.21183624267578, 10.142689500330416, 223.0, 993, 133, 25, 2986.2339539272357, 0.0, 2176.1239975202675, 3.007284948567206, 12779, 0, 0
LOSS, 9361.75598602293, -2965.862745666504, 17.208602905273438, 8.441619464403002, 201.8, 1109, 126, 18, 4274.547670740619, 0.0, 2977.549227947535, 3.854416294626347, 12814, 0, 0
WIN , 13751.97960510253, -2997.618731689453, 24.944259643554688, 8.190577489638196, 170.01665, 1679, 88, 25, 6.557753765955133E13, 0.0, 6.557753764805543E13, 3.905749711706452E10, 12870, 0, 0
WIN , 13420.101664733902, -4060.198335266113, 24.61096649169922, 5.744906534560745, 169.0, 2336, 44, 32, 3396.593381541381, 0.0, 33.700540338598444, 1.4540211393584679, 12948, 0, 0
LOSS, 140.4799682617171, -4060.3, 16.47172393798828, 0.37164012767650023, 207.0, 378, 174, 6, 420.56900214726784, 0.0, 32.31697780502707, 1.1126164077970049, 12953, 0, 0
LOSS, 4233.310485839841, -919.5799674987793, 17.000212097167967, 9.77669858161626, 207.0, 433, 171, 6, 5519.910371848708, 0.0, 4069.6587326049803, 12.748060904962374, 12962, 0, 0
LOSS, 11949.04685058593, -1222.890453338623, 17.20799102783203, 9.142346480937972, 223.0, 1307, 112, 18, 2672.6453234481555, 0.0, 1212.4298820495605, 2.044870178613738, 12987, 0, 0
WIN , 14267.52912139895, -3082.537306213379, 21.817301940917968, 9.77897815037625, 165.33574, 1459, 102, 31, 4339.855853096788, 0.0, 3096.216629996157, 2.974541366070451, 13006, 0, 0
LOSS, 6666.394075012144, -4059.4664253234864, 18.046354675292967, 2.222131358337381, 171.39499, 3000, 0, 16, 10113.384515734386, 0.0, 3658.981002807617, 3.371128171911462, 13137, 0, 0
LOSS, 15244.965719604512, -1846.4605026245117, 17.98576202392578, 10.448914132696718, 223.0, 1459, 102, 29, 3278.8591254607177, 0.0, 1857.1890936385323, 2.247333190857243, 13166, 0, 0
WIN , 13447.673779296885, -3880.8262199401856, 23.660888671875, 8.692743231607553, 175.0, 1547, 96, 34, 6.557753765769338E13, 0.0, 6.55775376480555E13, 4.239013423251027E10, 13194, 0, 0
LOSS, 12121.13000030516, -4058.4999992370604, 17.273300170898438, 8.006030383292709, 193.7, 1514, 99, 31, 6376.857900482063, 0.0, 4082.99052658081, 4.21192727905024, 13252, 0, 0
LOSS, 5507.069999694807, -3780.830000305176, 18.01090850830078, 6.293794285365494, 223.0, 875, 141, 13, 4849.336651978522, 0.0, 3791.6605010986327, 5.542099030832597, 13276, 0, 0
LOSS, 13143.812481689458, -2337.9, 17.93839874267578, 10.204823355348958, 180.195, 1288, 114, 18, 3636.0776146881467, 0.0, 2327.4726147693214, 2.823041626310673, 13301, 0, 0
WIN , 12803.18751831053, -3861.712481689453, 24.07470703125, 7.908083704947826, 223.0, 1619, 92, 25, 13085.14606650302, 0.0, 4083.77470703125, 8.082239695184077, 13337, 0, 0
LOSS, 2917.2734374999995, -4053.6999992370606, 17.30277862548828, 5.2753588381555145, 223.0, 553, 163, 15, 228278.44288082534, 0.0, 227892.02353638134, 412.8000775421796, 13349, 0, 0
LOSS, 2648.466979980469, -1783.3734382629395, 17.04722442626953, 6.756293316276707, 191.88, 392, 173, 8, 2349.743328701834, 0.0, 1794.6350040396437, 5.994243185463862, 13363, 0, 0
LOSS, 1488.7871582031257, -1190.0404190063477, 18.07633819580078, 7.595852847975131, 191.0, 196, 186, 3, 1260.1219247074073, 1.7763568394002505E-15, 1179.4940734863283, 6.42919349340514, 13365, 0, 0
WIN , 15518.672424316414, -739.4275756835938, 25.381591796875, 10.116474852879017, 191.0, 1534, 97, 36, 2876.507805540949, 0.0, 728.7552124023438, 1.8751680609784545, 13412, 0, 0
LOSS, 5791.626904296856, -4058.1, 17.10203628540039, 6.529455359973908, 223.0, 887, 140, 13, 5160.423974555589, 0.0, 4070.9960185776567, 5.817839881122422, 13433, 0, 0
LOSS, 4386.764550781249, -2498.5269035339356, 17.05979995727539, 7.723177026023326, 207.0, 568, 162, 16, 7048.83952847165, 0.0, 4070.8181434631347, 12.409928747309243, 13447, 0, 0
LOSS, 14115.95566406248, -1725.2914543151855, 17.213485717773438, 7.012397249906845, 223.0, 2013, 65, 25, 4851.677504675746, 0.0, 1499.226416015625, 2.4101726302413042, 13518, 0, 0
LOSS, 9655.52773437498, -3691.2471183776856, 17.84013214111328, 5.5587379011945774, 207.0, 1737, 84, 22, 8082.563492356171, 0.0, 3703.313470818505, 4.65317414643418, 13577, 0, 0
LOSS, 13058.525146484375, -3157.374855041504, 25.2060546875, 7.198745946242765, 207.0, 1814, 79, 22, 5882.32634081895, 0.0, 3172.3056411743164, 3.2427377843544374, 13620, 0, 0
LOSS, 11235.998681640622, -4056.5, 17.15470733642578, 8.22547487675009, 191.0, 1366, 108, 36, 233249.3143665713, 0.0, 222753.207320562, 170.75352442647974, 13653, 0, 0
LOSS, 12073.932403564673, -3752.498681640625, 17.12663116455078, 4.024644134521558, 212.40839, 3000, 0, 29, 8718.40685554417, 0.0, 3766.01821717907, 2.9061356185147234, 13779, 0, 0
WIN , 12723.268914794933, -3665.2310844421386, 22.20458984375, 8.74451471807212, 175.0, 1455, 103, 36, 370775.5576774234, 0.0, 365169.35863322375, 254.82856197761058, 13819, 0, 0
WIN , 11352.07974243163, -4060.9000007629393, 25.494140625, 8.959810372874214, 154.20258, 1267, 115, 20, 5464.584175467854, 0.0, 4071.3585383516556, 4.313010398948583, 13846, 0, 0
LOSS, 2502.0807586669753, -4060.579741668701, 18.140150451660155, 0.8340269195556584, 203.39499, 3000, 0, 12, 4064.3165052571007, 0.0, 598.3150535583496, 1.3547721684190335, 13903, 0, 0
LOSS, 13789.861520385755, -1443.2605026245117, 17.10746612548828, 7.323346532334442, 223.0, 1883, 74, 31, 4187.437834234958, 0.0, 1454.2664031982422, 2.2238119140918524, 13969, 0, 0
LOSS, 9032.717773437475, -3864.9220222473145, 18.02873077392578, 8.795246127981962, 223.0, 1027, 131, 19, 4784.281290241467, 0.0, 3876.2784830850233, 4.658501743175723, 13984, 0, 0
LOSS, 433.0299072265606, -3605.839796447754, 16.71391143798828, 1.212968927805492, 223.0, 357, 176, 7, 4009.5201878686457, 0.0, 3619.6220524296423, 11.231148985626458, 13993, 0, 0
WIN , 14645.4302978516, -1029.4697021484376, 24.650634765625, 9.559680351078068, 223.0, 1532, 97, 30, 7164.953386907736, 0.0, 4073.819844055176, 4.676862524091211, 14032, 0, 0
LOSS, 8275.451809692393, -4056.1000007629395, 17.151564025878905, 2.758483936564131, 139.39499, 3000, 0, 22, 10854.742311885291, 0.0, 4067.233706182152, 3.6182474372950972, 14123, 0, 0
LOSS, 11857.181246948241, -3229.151808929443, 18.00163116455078, 8.901787722934115, 223.0, 1332, 111, 27, 4737.900997942128, 0.0, 3246.418011474765, 3.5569827311877837, 14160, 0, 0
LOSS, 8910.707812499972, -3906.933058166504, 18.11186065673828, 7.232717380275951, 191.0, 1232, 117, 23, 5290.56046697131, 0.0, 3896.1533950805665, 4.294286093320869, 14182, 0, 0
LOSS, 788.90281677246, -3498.240869140625, 17.292277526855468, 2.3549337814103284, 177.1, 335, 177, 8, 3918.932268884557, 0.0, 3508.6467941284177, 11.69830528025241, 14187, 0, 0
LOSS, 5441.813813781697, -1197.1436859130858, 17.17075958251953, 1.8139379379272322, 172.425, 3000, 0, 21, 7.638926208913816E13, 0.0, 7.63892620857651E13, 2.546308736304605E10, 14228, 0, 0
LOSS, 4860.5095642089855, -1718.3575012207032, 17.12931671142578, 1.6201698547363286, 146.19289, 3000, 0, 12, 301899.0925056025, 0.0, 297311.9999813059, 100.63303083520084, 14269, 0, 0
LOSS, 4826.19021759014, -1699.4670639038086, 17.18882598876953, 1.6087300725300466, 145.42719, 3000, 0, 13, 7.638926208867161E13, 0.0, 7.63892620857655E13, 2.5463087362890537E10, 14282, 0, 0
LOSS, -2033.021105956987, -1705.6572814941405, 16.717771911621092, -0.6776737019856623, 155.63824, 3000, 0, 2, 5359.314606333647, 0.0, 1694.9348301614007, 1.7864382021112157, 14299, 0, 0
WIN , 15793.863824462913, -151.43617477416993, 24.093505859375, 7.940605241057272, 207.0, 1989, 67, 35, 2651.163707097826, 0.0, 140.35453720092775, 1.3329128743578813, 14353, 0, 0
LOSS, 4340.411447143543, -4056.5, 17.182475280761718, 1.4468038157145144, 199.47244, 3000, 0, 21, 7195.085345024074, 0.0, 4080.894091796875, 2.398361781674691, 14414, 0, 0
WIN , 12932.248553466796, -2275.711446380615, 22.42155303955078, 9.337363576510322, 180.4, 1385, 107, 25, 4155.691225696666, 0.0, 2264.4945182800293, 3.0004990799253908, 14456, 0, 0
WIN , 11189.951461791967, -4059.1600006103517, 24.22545623779297, 8.52243066396951, 180.88538, 1313, 112, 31, 21891.850298352434, 0.0, 20397.75664872875, 16.6731533117688, 14492, 0, 0
LOSS, 5606.118537902819, -4057.9114616394045, 17.65324249267578, 6.828402604022922, 209.7, 821, 145, 13, 1023.3158477664666, 0.0, 33.36914994541269, 1.2464261239542833, 14512, 0, 0
WIN , 12348.938999938962, -2594.630001831055, 25.460748291015626, 8.833289699527155, 130.31, 1398, 106, 30, 5421.84256915829, 0.0, 2606.060478210449, 3.87828509954098, 14549, 0, 0
LOSS, 819.2124938964832, -4064.1690002441405, 16.72758331298828, 1.6516380925332323, 191.0, 496, 166, 4, 6.557753764895977E13, 0.0, 6.557753764805554E13, 1.3221277751806406E11, 14565, 0, 0
LOSS, 11741.169625854483, -1162.1814933776855, 17.49920196533203, 10.372057973369685, 178.6055, 1132, 124, 20, 5419.369113032907, 0.0, 2787.770080535952, 4.787428545082073, 14604, 0, 0
LOSS, 11013.011163330411, -3423.3511192321776, 17.36247100830078, 3.671003721110137, 197.7175, 3000, 0, 35, 10134.871691277043, 0.0, 3437.927871562001, 3.3782905637590144, 14724, 0, 0
WIN , 12802.137716674815, -3236.362282562256, 23.78581085205078, 8.36741027233648, 175.0, 1530, 98, 32, 5420.070251810651, 0.0, 3225.145323944092, 3.5425295763468307, 14773, 0, 0
LOSS, 3314.632763671872, -4059.7, 17.641337585449218, 3.3447353821108696, 207.0, 991, 133, 14, 1788.0419048441315, 0.0, 93.27911779628144, 1.8042804287024536, 14811, 0, 0
WIN , 14600.56723632812, -1863.1327629089355, 24.039152526855467, 7.616362668924423, 223.0, 1917, 72, 29, 5007.9480139574125, 0.0, 1898.5873572929772, 2.6123881136971376, 14874, 0, 0
WIN , 11444.800000000014, -4054.300001525879, 22.432861328125, 4.874275979557075, 175.0, 2348, 43, 30, 4735.625284455447, 0.0, 1451.833937072754, 2.0168761858839215, 14927, 0, 0
LOSS, 5018.192822265617, -4059.7, 17.663404846191405, 6.352142812994452, 207.0, 790, 147, 16, 5104.25578169892, 0.0, 4075.8590657180757, 6.461083267973317, 14948, 0, 0
LOSS, 5911.061621093726, -2357.892822265625, 17.719309997558593, 5.000898156593677, 223.0, 1182, 121, 19, 5921.716348568213, 0.0, 2370.3662195173993, 5.009912308433345, 15006, 0, 0
WIN , 13910.475556945808, -2088.354444885254, 26.85587921142578, 9.475800788110224, 177.7, 1468, 102, 34, 1.6082039529668337E8, 0.0, 1.6081191635758513E8, 109550.67799501593, 15059, 0, 0
LOSS, 6345.8772750854405, -4059.430000305176, 18.21446075439453, 6.686909668161687, 191.0, 949, 136, 18, 14062.183948520335, 0.0, 4050.878397008335, 14.81789667915736, 15099, 0, 0
WIN , 12594.953225708008, -2955.307275390625, 22.52215118408203, 9.120168881758152, 169.39499, 1381, 107, 32, 4748.207996009496, 0.0, 2967.704248046875, 3.4382389543877596, 15136, 0, 0
LOSS, 2678.5558807373045, -4060.2605010986326, 17.77250518798828, 4.3982855184520595, 223.0, 609, 159, 11, 4775.473669837988, 0.0, 4074.841841125488, 7.841500278880113, 15158, 0, 0
LOSS, 4417.73887023926, -1807.6163810729981, 17.672221374511718, 8.165875915414528, 201.39499, 541, 163, 12, 2484.8360650177024, 0.0, 1797.0164054870606, 4.593042634043812, 15175, 0, 0
LOSS, 7578.858908081043, -1716.5552520751953, 18.017774963378905, 8.383693482390536, 223.0, 904, 139, 17, 3130.0467726364013, 0.0, 1706.3612014770508, 3.4624411201730103, 15219, 0, 0
WIN , 13342.975036621072, -2374.814161682129, 24.607197570800782, 8.608370991368433, 188.10803, 1550, 96, 34, 1790304.2182454488, 0.0, 1785439.8647892661, 1155.0349795131929, 15285, 0, 0
LOSS, 7649.004602050763, -4057.7891983032227, 18.01798858642578, 7.845132925180271, 207.0, 975, 135, 18, 5269.754172169087, 0.0, 4081.7582290649416, 5.404876074019576, 15311, 0, 0
WIN , 11453.856201171844, -3236.793800354004, 26.23466796875, 8.18717383929367, 159.5, 1399, 106, 28, 5156.315266873139, 0.0, 3249.852839452709, 3.6857149870429873, 15357, 0, 0
LOSS, 4760.3313934326125, -4061.25, 17.902995300292968, 6.00293996649762, 180.07767, 793, 147, 18, 5037.7997088600505, 0.0, 4074.31474609375, 6.352836959470429, 15375, 0, 0
LOSS, 7068.68237609862, -2271.581393432617, 17.78898468017578, 7.576294079419743, 223.0, 933, 137, 18, 3716.880152128059, 0.0, 2259.8186538696286, 3.9837943752712315, 15409, 0, 0
WIN , 12657.83623046874, -2450.26376953125, 22.86328125, 9.78950984568348, 191.0, 1293, 113, 25, 4030.918528011982, 0.0, 2463.960739744833, 3.117493061107488, 15439, 0, 0
WIN , 11402.882585144018, -4057.500001525879, 25.148117065429688, 5.259632188719565, 162.17415, 2168, 55, 30, 7448.97831284484, 0.0, 2328.7994277954103, 3.435875605555738, 15497, 0, 0
LOSS, 8308.673762512186, -4060.982585144043, 17.959330749511718, 6.470929721582699, 223.0, 1284, 114, 19, 5652.289980868818, 0.0, 4087.5750011995133, 4.40209500067665, 15522, 0, 0
WIN , 11590.043652343746, -3409.65634765625, 25.13818359375, 8.302323533197525, 175.0, 1396, 106, 32, 11758.359691784675, 0.0, 4078.8381828308106, 8.422893762023406, 15556, 0, 0
LOSS, -446.79291992187683, -4059.7, 17.913005065917968, -1.6366041022779372, 223.0, 273, 181, 6, 4286.847740358703, 0.0, 4076.846473739131, 15.702738975672904, 15560, 0, 0
WIN , 14726.298020935059, -1022.907080078125, 20.92962646484375, 7.322873207824495, 179.94899, 2011, 65, 32, 154370.9647784829, 0.0, 146123.8841073357, 76.76328432545148, 15621, 0, 0
LOSS, -1691.451663207957, -4058.6051025390625, 16.19810333251953, -0.563817221069319, 233.1259, 3000, 0, 6, 8630.35556445755, 0.0, 4071.8698440551757, 2.8767851881525166, 15701, 0, 0
WIN , 14427.146562194834, -607.7534378051757, 23.572509765625, 12.0628315737415, 223.0, 1196, 120, 27, 5728.5565543247085, 0.0, 3246.5230094909666, 4.789763005288218, 15729, 0, 0
LOSS, 9382.208154296846, -4054.300001525879, 17.927226257324218, 5.5384935975778316, 207.0, 1694, 87, 20, 3240.766724880762, 0.0, 282.53765311649056, 1.9130854338139092, 15811, 0, 0
LOSS, 5157.060845947218, -3436.508155822754, 17.81205596923828, 1.7190202819824059, 180.31, 3000, 0, 22, 14257.465348319623, 0.0, 3676.518031311035, 4.752488449439874, 15964, 0, 0
WIN , 13565.530999755847, -1812.968999481201, 23.72998046875, 10.138662929563413, 175.0, 1338, 110, 35, 3624.725992222819, 0.0, 1823.7290000915527, 2.7090627744565166, 15992, 0, 0
WIN , 11369.074964904765, -4059.1000015258787, 24.56830291748047, 6.434111468536935, 184.25035, 1767, 82, 35, 7039.826328902356, 0.0, 4072.1520446777345, 3.9840556473697544, 16044, 0, 0
LOSS, 1665.836900329589, -4058.774964904785, 18.08213653564453, 3.7946170850332326, 175.0, 439, 170, 10, 313.5196629188757, 0.0, 23.432762435922474, 0.7141677970817215, 16048, 0, 0
LOSS, 9825.605273437483, -1573.4118644714356, 17.603739929199218, 11.127525790982427, 223.0, 883, 141, 20, 2189.254078454924, 0.0, 1562.954467010498, 2.479336442191307, 16055, 0, 0
WIN , 12308.257525634737, -3190.217138671875, 19.564117431640625, 8.50017784919526, 187.25336, 1448, 103, 31, 5007.049374367971, 0.0, 3179.648260498047, 3.4579070264972174, 16093, 0, 0
WIN , 11858.025335693357, -4058.4746643066405, 23.60595703125, 5.439461163162091, 207.0, 2180, 54, 36, 5938.991027509694, 0.0, 4075.3961169315244, 2.7243078107842633, 16114, 0, 0
WIN , 11094.21044921873, -4055.2999992370605, 23.81007537841797, 7.987192548033643, 164.89551, 1389, 107, 33, 10409.521820918482, 0.0, 4467.725597850094, 7.494256170567662, 16159, 0, 0
LOSS, 6026.410253906237, -4060.110450744629, 18.329570007324218, 6.911020933378712, 223.0, 872, 141, 18, 6032.192168115707, 0.0, 4118.539554047791, 6.917651568940031, 16185, 0, 0
LOSS, 15561.106083679368, -2927.120703125, 17.96317901611328, 5.187035361226456, 210.55, 3000, 0, 28, 9510.52188687584, 0.0, 2940.899995162416, 3.1701739622919467, 16254, 0, 0
LOSS, 3914.833711242674, -3667.0267860412596, 17.975932312011718, 6.808406454335085, 159.0, 575, 161, 13, 4129.772625715109, 0.0, 3655.882023044277, 7.182213262113233, 16260, 0, 0
WIN , 13045.039501953119, -2131.8604972839357, 24.2763671875, 10.419360624563193, 191.0, 1252, 116, 33, 5955.0483200240515, 0.0, 2235.4497718811035, 4.75642837062624, 16283, 0, 0
LOSS, 2047.0904998779406, -4057.500001525879, 17.77250518798828, 0.6823634999593136, 190.095, 3000, 0, 12, 9429.13744888197, 0.0, 4081.965577697754, 3.1430458162939896, 16332, 0, 0
LOSS, 1328.9785003662194, -1445.1904998779296, 17.730693054199218, 0.44299283345540647, 180.31, 3000, 0, 5, 3823.729865210969, 0.0, 1435.1336029052734, 1.2745766217369896, 16347, 0, 0
WIN , 14295.530999755847, -694.1690002441406, 22.734375, 6.159211977490671, 175.0, 2321, 45, 33, 3417.386697414163, 0.0, 704.9994995117188, 1.4723768623068345, 16385, 0, 0
LOSS, 8588.212841796852, -4059.1000015258787, 18.01359405517578, 7.850285961423083, 207.0, 1094, 127, 19, 2700.0247144806394, 0.0, 1430.633985900879, 2.4680299035472024, 16408, 0, 0
LOSS, 5667.2807235716755, -3627.312843322754, 18.618144226074218, 1.889093574523892, 215.88466, 3000, 0, 13, 4.892282085117238E15, 0.0, 3.9814605204401705E15, 1.6307606950390793E12, 16497, 0, 0
LOSS, -1203.4935653686339, -2333.993564605713, 16.99735107421875, -0.40116452178954465, 205.0, 3000, 0, 7, 8068.295330527336, 0.0, 2323.3950374925994, 2.6894317768424454, 16577, 0, 0
LOSS, 9180.87631835935, -610.4999992370606, 17.82292022705078, 12.160101083919669, 191.0, 755, 149, 15, 5577.491721316774, 0.0, 4069.5635204315186, 7.387406253399701, 16597, 0, 0
LOSS, 5631.592681884733, -2781.3763175964355, 18.02519073486328, 1.8771975606282443, 180.31, 3000, 0, 10, 11012.784053760965, 0.0, 2797.4306781823657, 3.6709280179203216, 16737, 0, 0
LOSS, 8119.427424621499, -1814.1690002441405, 17.70316925048828, 2.7064758082071663, 186.03575, 3000, 0, 22, 10204.644817404602, 0.0, 2047.5434814453124, 3.4015482724682005, 16872, 0, 0
LOSS, 5621.984873962393, -1812.3964241027832, 18.08427276611328, 9.03856089061478, 207.0, 622, 158, 15, 2611.4580355941494, 0.0, 1801.983611131558, 4.198485587771945, 16891, 0, 0
LOSS, 9830.72949218749, -2175.581298828125, 17.96208038330078, 10.000742108023896, 207.0, 983, 134, 24, 1972679.073373302, 0.0, 1969305.6930006165, 2006.7945812546307, 16921, 0, 0
LOSS, 1080.1891845703133, -3436.310791015625, 17.89488067626953, 2.791186523437502, 223.0, 387, 174, 6, 3997.5517604712663, 0.0, 3451.22011267034, 10.329591112328854, 16945, 0, 0
LOSS, 2985.4577697753916, -1265.2999748229981, 17.589335632324218, 9.271607980668918, 138.20258, 322, 178, 13, 1657.301744531697, 0.0, 1254.3979933323594, 5.146899827738189, 16956, 0, 0
WIN , 13817.793637084955, -1331.957745361328, 22.584634399414064, 9.509837327656541, 174.48618, 1453, 103, 35, 3658.257167206975, 0.0, 1345.3736148340495, 2.5177268872725223, 17016, 0, 0
LOSS, 7263.94861755369, -4059.751382446289, 17.89073028564453, 7.059230920849068, 185.0, 1029, 131, 20, 3.3964956222362594E13, 0.0, 3.3964956220866016E13, 3.3007731994521473E10, 17061, 0, 0
WIN , 11772.79999999998, -3013.1000015258787, 23.8466796875, 8.047026657552959, 207.0, 1463, 102, 26, 189921.79756193663, 0.0, 185059.9934935838, 129.8166763923012, 17100, 0, 0
WIN , 10239.999999999989, -4056.5, 19.2490234375, 8.101265822784802, 207.0, 1264, 115, 31, 1933.6521946768953, 0.0, 179.0972509844331, 1.5297881287000754, 17132, 0, 0
LOSS, 4895.240066528309, -4056.5, 19.016581726074218, 6.780110895468573, 218.99875, 722, 151, 11, 4960.401093901908, 0.0, 4070.976939243298, 6.87036162590292, 17146, 0, 0
LOSS, 9709.41554870604, -2591.7400665283203, 17.89420928955078, 10.072007830607925, 223.0, 964, 135, 26, 5972.09028537015, 0.0, 2581.305628967285, 6.195114403910944, 17162, 0, 0
LOSS, 8955.49794921872, -3501.155615234375, 17.73625030517578, 8.902085436599124, 207.0, 1006, 132, 24, 4451.567741875768, 0.0, 3490.7597412109376, 4.425017636059411, 17179, 0, 0
LOSS, 4691.226795959449, -3316.653564453125, 17.52952423095703, 1.5637422653198163, 186.03575, 3000, 0, 9, 8493.601624933899, 0.0, 3305.484053039551, 2.831200541644633, 17286, 0, 0
LOSS, 13190.373643493644, -1447.2803619384765, 17.71897735595703, 10.776449055141866, 223.0, 1224, 118, 28, 108680.46508945157, 0.0, 102079.19125759444, 88.79122964824474, 17327, 0, 0
WIN , 10467.296096038805, -3897.0540031433106, 21.983846282958986, 9.165758402836081, 116.499, 1142, 123, 28, 198187.59019618752, 0.0, 192041.44276179018, 173.54429964639888, 17348, 0, 0
WIN , 11260.949900054928, -4064.950101470947, 24.653076171875, 9.118178056724638, 207.0, 1235, 117, 35, 9706.729646786602, 0.0, 4085.635661315918, 7.859700118855548, 17374, 0, 0
LOSS, 9951.370555114687, -4055.2999992370605, 17.714823913574218, 3.317123518371562, 198.72658, 3000, 0, 28, 5131.773717041023, 0.0, 56.662947337577705, 1.7105912390136742, 17470, 0, 0
LOSS, -156.7193572998094, -3367.870555114746, 16.978369140625, -0.05223978576660313, 215.82738, 3000, 0, 8, 7727.360143737643, 0.0, 3356.9397857666013, 2.5757867145792144, 17548, 0, 0
