LOSS, 4471.334570312495, -13.123018646240235, 38.8, 4.061157647876926, 191.0, 1100, 126, 5, 2187.8427339826335, 0.0, 51.92301864624023, 1.9871414477589768, 494, 0, 0
LOSS, 1868.9010665893256, -1341.9345718383788, 16.941203308105468, 0.6229670221964418, 180.17415, 3000, 0, 13, 8952.029509486083, 0.0, 1356.1791091918944, 2.984009836495361, 1483, 0, 0
LOSS, 2780.4643630981473, -1652.635637664795, 19.409159851074218, 4.565622927911572, 223.0, 609, 159, 11, 5368.51852354539, 0.0, 1640.3430335998537, 8.81530135229128, 1949, 0, 0
LOSS, 3543.398461914062, -1361.9, 19.869384765625, 2.818932746152794, 207.0, 1257, 116, 6, 2596.0160655033624, 0.0, 1351.3000244140626, 2.065247466589787, 2388, 0, 0
LOSS, 2224.2612792968775, -1994.098461151123, 20.54228057861328, 7.5143962138408025, 172.5, 296, 180, 6, 2752.586455611273, 0.0, 2012.3664054870605, 9.2992785662543, 2625, 0, 0
LOSS, 2539.940258789064, -1558.359740447998, 20.403910827636718, 8.698425543798164, 207.0, 292, 180, 5, 4363.86116123891, 0.0, 1578.9020210266115, 14.944730004242844, 2831, 0, 0
LOSS, 3744.6599121093773, -1538.2999992370605, 20.782206726074218, 9.155647706868892, 207.0, 409, 172, 16, 2870.650943966262, 0.0, 1528.2999992370605, 7.018706464465188, 3098, 0, 0
LOSS, 510.1243896484387, -1872.9599113464355, 20.25144805908203, 3.4008292643229248, 207.0, 150, 190, 3, 2090.296060320476, 0.0, 1892.8321800231934, 13.935307068803173, 3172, 0, 0
LOSS, 8282.371948242166, -903.084300994873, 20.51872100830078, 10.31428636144728, 207.0, 803, 146, 21, 4252.3961660245695, 0.0, 921.3049945115285, 5.295636570391743, 3565, 0, 0
WIN , 8294.312750244126, -3255.4562492370605, 20.722392272949218, 8.437754578071338, 162.31, 983, 134, 28, 8082.358690890415, 0.0, 3273.3266593933104, 8.222134985646404, 4158, 0, 0
LOSS, 162.02108764648523, -4060.3690017700196, 20.5391845703125, 0.5725126771960609, 223.0, 283, 181, 4, 4413.128622036478, 0.0, 4078.4669402076865, 15.594094070800276, 4275, 0, 0
LOSS, 7397.278564453112, -1472.390089416504, 20.6358642578125, 10.259748355690864, 223.0, 721, 151, 17, 3816.626776984163, 0.0, 1485.1338027954102, 5.293518414679838, 4587, 0, 0
LOSS, 2681.035986328126, -3259.0686515808106, 20.226148986816405, 4.043794851173644, 159.0, 663, 155, 11, 7273.136078426774, 0.0, 3278.6132514953615, 10.970039333977034, 5005, 0, 0
LOSS, -60.56242675781179, -2130.1046379089357, 20.264892578125, -0.42649596308318166, 191.0, 142, 190, 3, 2365.3705844035026, 0.0, 2144.646217532229, 16.65753932678523, 5080, 0, 0
LOSS, 3337.2384689331066, -789.5422111511231, 19.986647033691405, 1.1124128229777022, 184.87874, 3000, 0, 17, 5146.814172244126, 0.0, 808.9775138854981, 1.7156047240813754, 5636, 0, 0
LOSS, 874.1795639038078, -2346.7806800842286, 18.832029724121092, 3.2257548483535343, 167.9, 271, 181, 5, 3238.825821335161, 0.0, 2362.6109907935615, 11.95138679459469, 5808, 0, 0
LOSS, 4633.269853210446, -1090.960243988037, 21.353129577636718, 10.296155229356547, 193.7, 450, 170, 11, 2348.3870545140603, 0.0, 1107.85171585083, 5.218637898920134, 6036, 0, 0
LOSS, 3145.3750778198264, -2084.2300971984864, 19.35673370361328, 6.45867572447603, 207.0, 487, 167, 6, 3515.2903715317934, 0.0, 2094.960121917725, 7.218255383022163, 6222, 0, 0
LOSS, 785.094824218751, -1799.6051750183105, 20.99473419189453, 3.2987177488182815, 223.0, 238, 184, 4, 3804.755887319696, 0.0, 1812.7938652038574, 15.986369274452503, 6326, 0, 0
LOSS, 4577.624804687499, -1024.6999992370606, 19.82720947265625, 10.7962849167158, 191.0, 424, 171, 6, 3561.8485489356253, 0.0, 1014.6999992370606, 8.400586200319871, 6483, 0, 0
LOSS, 1286.035009765627, -1882.3248039245605, 19.91441192626953, 4.984631820797004, 207.0, 258, 182, 6, 4127.652711313884, 0.0, 1897.5143748105295, 15.998653919821255, 6601, 0, 0
LOSS, 2065.99766082763, -1068.3598136901855, 18.60594024658203, 0.6886658869425434, 172.425, 3000, 0, 18, 10050.768422939513, 0.0, 1897.3951408386229, 3.3502561409798375, 7075, 0, 0
LOSS, 2572.6930130004907, -1814.3574745178223, 20.712016296386718, 8.064868379311884, 207.0, 319, 178, 9, 2643.4978137415596, 0.0, 1804.327498626709, 8.286827002324639, 7254, 0, 0
LOSS, 7829.1900878905935, -1617.0504875183105, 19.095273590087892, 8.622456043932372, 191.0, 908, 139, 14, 8433.203355806747, 0.0, 1606.5680656433105, 9.287668894060294, 7781, 0, 0
LOSS, 1015.8247314453124, -2986.2405754089355, 18.0634765625, 3.6409488582269263, 175.0, 279, 181, 5, 3938.0420659153087, 0.0, 2999.6210044662184, 14.114846114391787, 7966, 0, 0
LOSS, 6350.634692382799, -1352.065306854248, 21.075419616699218, 9.190498831234152, 223.0, 691, 153, 12, 5929.889749849475, 0.0, 1907.0033447265625, 8.581606005570876, 8329, 0, 0
LOSS, 8508.397949218732, -2592.6999992370606, 18.76017608642578, 10.201916006257472, 223.0, 834, 144, 30, 3868.665523359092, 0.0, 1568.0, 4.6386876778885995, 8779, 0, 0
WIN , 7125.5876831054575, -3681.0979484558106, 22.327128601074218, 9.747725968680516, 193.14368, 731, 151, 23, 4596.562803414984, 0.0, 2891.5557373046877, 6.288047610690812, 9086, 0, 0
LOSS, 6612.455187988272, -4056.6856315612795, 20.65684356689453, 8.793158494665255, 207.0, 752, 149, 24, 5763.7986017532285, 0.0, 4074.7030020172697, 7.664625800203761, 9396, 0, 0
WIN , 7978.319680786125, -3789.1408195495605, 23.46721954345703, 9.20221416468988, 185.39499, 867, 142, 24, 6252.7962818393535, 0.0, 3804.317415700973, 7.211991097853925, 9761, 0, 0
LOSS, 4241.966012573246, -4058.0605026245116, 20.512911987304687, 7.615737904081232, 175.0, 557, 162, 9, 7591.048978682717, 0.0, 4075.45168762207, 13.628454180758917, 9956, 0, 0
LOSS, 3683.3401367187503, -3249.4265129089354, 21.494425964355468, 6.600967986951165, 223.0, 558, 162, 12, 5594.838474210947, 0.0, 3268.3902163433804, 10.02659224768987, 10162, 0, 0
LOSS, 3135.6558593750015, -2472.7666496276856, 21.128031921386718, 7.99912209024235, 159.0, 392, 173, 9, 3416.7066854414425, 0.0, 2486.9337760925296, 8.716088483268987, 10304, 0, 0
WIN , 8868.477490234362, -2148.4225090026857, 21.352763366699218, 11.457981253532767, 191.0, 774, 148, 21, 3977.9613987251305, 0.0, 2167.5254142761232, 5.139485011272779, 10567, 0, 0
LOSS, 2168.000097656249, -4057.500001525879, 21.965312194824218, 3.731497586327451, 207.0, 581, 161, 9, 6336.518994921617, 0.0, 4075.2107582092285, 10.90622890692189, 10855, 0, 0
LOSS, 1210.8105850219736, -2354.9000968933105, 20.69035186767578, 4.160861116913998, 212.40855, 291, 180, 7, 3116.0221542011623, 0.0, 2344.300121307373, 10.7079799113442, 10972, 0, 0
WIN , 10302.789317321765, -1255.7106819152832, 21.7275390625, 12.595096964941034, 175.0, 818, 145, 33, 2769.966941622277, 0.0, 1275.1094200134278, 3.3862676547949593, 11348, 0, 0
WIN , 7506.799999999987, -4058.4999992370604, 20.773905944824218, 8.115459459459446, 207.0, 925, 138, 29, 9399.540313192005, 0.0, 4079.260342411675, 10.161665203450816, 11732, 0, 0
LOSS, 3427.9800384521495, -4055.2999992370605, 21.298320007324218, 6.035176124035474, 167.6, 568, 162, 12, 5630.18677128881, 0.0, 4072.7348971520537, 9.912300653677482, 11930, 0, 0
LOSS, -5374.8707641602505, -2943.280037689209, 20.156507873535155, -1.7916235880534168, 231.90701, 3000, 0, 4, 5608.937386168288, 0.0, 2959.788979558498, 1.8696457953894292, 12032, 0, 0
WIN , 9617.451226806623, -608.4092735290527, 21.90398712158203, 14.683131643979577, 201.39499, 655, 156, 20, 2162.233424469499, 0.0, 608.6922057720094, 3.3011197320145023, 12333, 0, 0
WIN , 6697.490881347648, -4055.8605003356934, 20.96476593017578, 8.424516831883833, 126.486176, 795, 147, 13, 6470.7193697008815, 0.0, 4074.423135794435, 8.139269647422493, 12649, 0, 0
LOSS, -1537.6513824462716, -4063.3513816833497, 21.088542175292968, -0.5125504608154239, 173.0, 3000, 0, 9, 7598.300534263284, 0.0, 4079.1141627071556, 2.5327668447544283, 12928, 0, 0
LOSS, 1004.993188476563, -2005.6999992370606, 21.08061065673828, 5.809209181945451, 207.0, 173, 188, 8, 2153.94447974052, 0.0, 2016.8999504089356, 12.450546125667746, 12993, 0, 0
LOSS, 7121.466918945304, -1320.693187713623, 22.098368835449218, 13.286318878629299, 207.0, 536, 164, 12, 2109.214269950641, 0.0, 1339.3158195495605, 3.9351012499079125, 13173, 0, 0
LOSS, 2968.8628906249987, -3562.1601066589355, 22.302592468261718, 6.398411402209049, 223.0, 464, 169, 8, 4294.498636233576, 0.0, 3577.115665398113, 9.255384991882707, 13293, 0, 0
LOSS, 415.18564300537065, -2551.0229972839356, 21.776347351074218, 2.3590093352577877, 128.13576, 176, 188, 11, 1243.850496850487, 0.0, 1011.1371093749999, 7.0673323684686755, 13325, 0, 0
LOSS, 5795.500587463369, -1326.2086402893067, 21.796672058105468, 11.231590285781722, 175.0, 516, 165, 15, 2330.5387068514187, 0.0, 1342.822093963623, 4.516547881494998, 13439, 0, 0
LOSS, 5674.03051757812, -2881.7092277526854, 22.161326599121093, 9.600728456138953, 175.0, 591, 160, 15, 4427.033650054739, 0.0, 2899.4218788146973, 7.490750676911572, 13647, 0, 0
WIN , 6321.025218200677, -3365.7397453308104, 22.377299499511718, 9.95437042236327, 192.35036, 635, 157, 16, 2800.487759553507, 0.0, 1371.6412841796873, 4.410216944178751, 13893, 0, 0
LOSS, -477.91020278930625, -4056.7649635314942, 20.423690795898438, -2.202351164927679, 111.49999, 217, 185, 1, 4277.497731926591, 0.0, 4073.8792280241723, 19.711971114869083, 13938, 0, 0
LOSS, 7497.317414092742, -1490.0547615051269, 22.221415710449218, 2.4991058046975807, 214.27922, 3000, 0, 22, 3768.620619250897, 0.0, 1505.955170692555, 1.2562068730836324, 14134, 0, 0
LOSS, 323.85841522217027, -3666.172174835205, 22.363505554199218, 1.290272570606256, 207.0, 251, 183, 5, 3943.97847186581, 0.0, 3654.82845993042, 15.713061640899642, 14171, 0, 0
LOSS, 5396.273844909662, -1700.030590057373, 22.277568054199218, 12.433810702556826, 215.55183, 434, 171, 10, 2309.0143746321814, 0.0, 1717.7305855351508, 5.32030961896816, 14232, 0, 0
LOSS, 2539.325564575197, -3117.5044357299803, 21.65458526611328, 6.826143990793541, 193.7, 372, 175, 6, 4704.087866670017, 0.0, 3130.4072288566895, 12.645397491048433, 14322, 0, 0
WIN , 7852.353190612779, -2356.830000305176, 21.57023468017578, 11.265929972184763, 180.16809, 697, 153, 27, 3646.3737190278157, 0.0, 2365.903628696871, 5.23152613920777, 14539, 0, 0
LOSS, 103.51790771484248, -4057.983190155029, 20.941813659667968, 0.37371085817632665, 175.0, 277, 181, 10, 4805.158804653519, 0.0, 4076.1715335845947, 17.347143699110177, 14660, 0, 0
LOSS, 7481.531811523429, -1671.501097869873, 21.827372741699218, 10.687902587890612, 207.0, 700, 153, 15, 1865.5041126294786, 0.0, 42.9183065769295, 2.6650058751849697, 14999, 0, 0
LOSS, -648.9575439453124, -3713.0329093933105, 21.86466827392578, -3.294200730686865, 223.0, 197, 186, 3, 2506.816993608495, 0.0, 2041.5318115234375, 12.724959358418756, 15082, 0, 0
LOSS, -3402.441394042949, -1275.8753665924073, 19.720419311523436, -1.1341471313476497, 205.0, 3000, 0, 4, 5228.256994550015, 0.0, 2367.8, 1.7427523315166717, 15204, 0, 0
WIN , 9462.066027832016, -613.4339725494385, 23.8623046875, 13.634100904657084, 223.0, 694, 153, 15, 3723.7132496814525, 0.0, 2096.400109100342, 5.365581051414197, 15583, 0, 0
LOSS, 1640.9873046875002, -4054.9, 21.762736511230468, 3.1496877249280235, 223.0, 521, 165, 14, 5843.142519058782, 0.0, 4071.862646484375, 11.215244758270217, 15872, 0, 0
LOSS, 6879.774462890612, -2185.8873046875, 21.15543975830078, 9.515594001231829, 191.0, 723, 151, 17, 3560.733801450037, 0.0, 2202.359264675179, 4.924943017219968, 16198, 0, 0
LOSS, 4223.679931640627, -3535.661767578125, 20.84556427001953, 7.110572275489271, 191.0, 594, 160, 10, 2461.3466001628826, 0.0, 1349.7744628906248, 4.143681145055358, 16482, 0, 0
LOSS, 3830.433691406252, -2999.34169921875, 21.048075866699218, 8.184687374799683, 207.0, 468, 168, 10, 3769.9814354240702, 0.0, 3015.6319802554394, 8.05551588765827, 16722, 0, 0
LOSS, -392.1624145507811, -2689.775390625, 19.983200073242188, -2.4357913947253484, 207.0, 161, 189, 2, 4330.450153124717, 0.0, 2707.1963440107174, 26.897205920029297, 16797, 0, 0
LOSS, 1344.1126937866218, -907.0129776000977, 20.254074096679688, 8.616107011452703, 176.33998, 156, 189, 5, 1088.9061961102436, 0.0, 923.6820556640625, 6.980167923783613, 16853, 0, 0
LOSS, 5983.15284576415, -850.5256690979004, 20.16111602783203, 10.958155395172435, 223.0, 546, 163, 12, 3157.557129881067, 0.0, 2135.714906311035, 5.783071666448841, 17050, 0, 0
WIN , 9682.816288757309, -2213.6785148620606, 20.74601593017578, 10.086266967455531, 195.05196, 960, 136, 24, 3399.383010535326, 0.0, 1310.5942138671876, 3.541023969307631, 17468, 0, 0
LOSS, 6277.501364135725, -4056.4948036193846, 20.71391143798828, 7.807837517581748, 213.82738, 804, 146, 16, 5556.340106044068, 0.0, 4072.540735999163, 6.910870778661777, 17770, 0, 0
LOSS, -655.5945175170897, -3655.796168899536, 19.321739196777344, -2.789763904328041, 180.4, 235, 184, 2, 4009.42640408531, 0.0, 3670.558276748657, 17.06138895355451, 17842, 0, 0
LOSS, 2616.409315490864, -1010.2016513824462, 20.22184600830078, 0.8721364384969548, 210.55, 3000, 0, 29, 5350.858967647446, 0.0, 1026.3060611724852, 1.783619655882482, 18271, 0, 0
LOSS, 5893.942478942859, -3666.6109668731688, 21.61601104736328, 8.57924669423997, 210.51486, 687, 154, 16, 5118.178141338112, 0.0, 3654.664870424718, 7.450040962646452, 18541, 0, 0
LOSS, 1056.0665542602537, -3490.55344581604, 20.90177764892578, 2.8933330253705583, 201.8, 365, 175, 7, 4378.1119349227865, 0.0, 3505.9732349395754, 11.994827218966538, 18677, 0, 0
LOSS, 5398.795332336422, -1714.8199989318848, 20.81120147705078, 9.657952293982865, 191.0, 559, 162, 10, 2892.3360548216974, 0.0, 1725.2118220008824, 5.174125321684611, 18913, 0, 0
LOSS, -705.3920776367178, -2523.6153312683105, 19.755416870117188, -4.932811731725299, 223.0, 143, 190, 3, 2869.864810301482, 0.0, 2525.1876791532513, 20.06898468742295, 18975, 0, 0
LOSS, 4690.776940917967, -668.2232536315918, 19.83544921875, 11.81555904513342, 207.0, 397, 173, 12, 1566.9383484556135, 0.0, 685.6171852111817, 3.946947980996508, 19153, 0, 0
LOSS, 4464.039306640626, -1990.8001956939697, 21.536985778808592, 9.185266063046555, 207.0, 486, 167, 11, 4455.000896701195, 0.0, 2007.2965880641723, 9.166668511730855, 19329, 0, 0
LOSS, 8289.183984374986, -2194.8395023345947, 20.491453552246092, 10.7651740056818, 191.0, 770, 148, 19, 4348.74886345809, 0.0, 2210.8218936920166, 5.647725796698818, 19604, 0, 0
LOSS, -10212.278486633426, -3744.0234867095946, 19.80247344970703, -3.4040928288778085, 210.55, 3000, 0, 4, 5192.612028825555, 0.0, 3760.351489639282, 1.730870676275185, 19701, 0, 0
LOSS, 4515.450483703613, -611.745000076294, 20.02299346923828, 11.373930689429756, 191.0, 397, 173, 11, 1531.3703754743206, 0.0, 600.6826801354213, 3.8573561095071045, 19862, 0, 0
LOSS, 7516.193090820298, -1777.1954837799071, 20.130107116699218, 10.72210141343837, 207.0, 701, 153, 24, 3537.161749822016, 0.0, 1791.1638553619384, 5.045879814296742, 20084, 0, 0
LOSS, 2509.3570312500033, -3443.3885746002197, 21.27494659423828, 5.849317089160847, 223.0, 429, 171, 9, 2194.7081870824322, 0.0, 1452.58837890625, 5.1158698999590495, 20203, 0, 0
LOSS, 5871.1572631835825, -2182.74560585022, 21.51585235595703, 10.95365161041713, 183.50256, 536, 164, 21, 3166.649001871792, 0.0, 2197.198456071712, 5.907927242298119, 20339, 0, 0
LOSS, 3590.112512207032, -3192.1028678894045, 21.492289733886718, 7.495015683104451, 223.0, 479, 168, 10, 4371.556315280334, 0.0, 3211.147074467384, 9.126422370105082, 20474, 0, 0
WIN , 8262.140618896472, -2552.2153800964356, 24.437796783447265, 10.263528719126052, 116.44, 805, 146, 14, 11247.304247343258, 0.0, 3459.3573246002197, 13.97180651843883, 20715, 0, 0
LOSS, 40.75427856445433, -4064.35599899292, 19.699186706542967, 0.14400805146450293, 223.0, 283, 181, 10, 472.2337277772445, 0.0, 35.576798696654095, 1.668670416174009, 20780, 0, 0
LOSS, 8414.928735351552, -1495.1102775573731, 20.561747741699218, 12.429732253104213, 207.0, 677, 154, 15, 2136.8311984883157, 0.0, 718.5682373046875, 3.1563237791555623, 20934, 0, 0
WIN , 6615.260986328116, -3820.0390129089355, 25.964111328125, 7.60374826014726, 207.0, 870, 142, 24, 6652.486565567103, 0.0, 3836.687691824616, 7.646536282261038, 21189, 0, 0
LOSS, 4576.119384765624, -4055.2999992370605, 21.145732116699218, 7.139031801506434, 207.0, 641, 157, 14, 8019.20374840312, 0.0, 4091.422705578371, 12.5104582658395, 21354, 0, 0
LOSS, 1031.4693359374985, -3261.4193840026855, 21.86808624267578, 3.6065361396416034, 223.0, 286, 180, 5, 1114.836647439637, 0.0, 709.2040039062499, 3.898030235802927, 21441, 0, 0
LOSS, -405.1436233521472, -1712.8887199401856, 22.385234069824218, -0.13504787445071573, 198.55, 3000, 0, 16, 4870.731082793925, 0.0, 1729.8214724268225, 1.623577027597975, 21704, 0, 0
LOSS, 4562.081416320802, -3667.745096588135, 22.299296569824218, 8.17577314752832, 191.0, 558, 162, 7, 4495.510009813433, 0.0, 3656.3895057678224, 8.056469551636976, 21809, 0, 0
LOSS, 735.2949951171878, -3309.8265129089355, 21.353129577636718, 2.3719193390877025, 223.0, 310, 179, 2, 522.5591356432797, 0.0, 60.40000000000009, 1.6856746311073538, 21871, 0, 0
WIN , 9216.516140747051, -1505.1215080261231, 25.559664916992187, 10.692014084393332, 143.6235, 862, 142, 20, 6981.843041778755, 0.0, 1521.594460955177, 8.099585895334982, 22143, 0, 0
LOSS, 4130.226315307618, -4063.4376499176024, 21.10294952392578, 7.072305334430853, 207.0, 584, 161, 24, 5294.129521256013, 0.0, 4081.9160887802614, 9.06529027612331, 22329, 0, 0
LOSS, 2412.3661331176795, -3033.6639652252197, 20.37895050048828, 5.883819836872389, 193.7, 410, 172, 8, 4061.8044282739124, 0.0, 3048.9840529683797, 9.906840068960761, 22433, 0, 0
LOSS, 4896.047929382323, -2086.0300983428956, 20.10668029785156, 9.911028197130207, 207.0, 494, 167, 9, 3166.980710278016, 0.0, 2096.8605991363524, 6.410892126068858, 22588, 0, 0
WIN , 7779.7727539062325, -2562.0780277252197, 21.407450866699218, 10.156361297527718, 159.49219, 766, 148, 20, 3097.379170683147, 0.0, 1093.7181411743163, 4.0435759408396175, 22821, 0, 0
WIN , 6628.449218749997, -4061.8507816314695, 21.276164245605468, 8.443884355095538, 175.0, 785, 147, 22, 6229.152191388995, 0.0, 4078.150069316447, 7.935225721514643, 23078, 0, 0
WIN , 7005.579576110839, -4060.3000003814695, 20.941142272949218, 9.340772768147787, 119.20424, 750, 150, 13, 1224.523394886538, 0.0, 39.13149887486216, 1.6326978598487174, 23320, 0, 0
LOSS, 787.8452041625994, -4065.27957611084, 21.05290069580078, 2.0842465718587286, 191.0, 378, 174, 9, 5223.74130171972, 0.0, 4078.335466637866, 13.81942143312095, 23439, 0, 0
LOSS, 4593.765454101563, -1933.1247802734374, 20.099044799804688, 10.163197907304342, 223.0, 452, 169, 8, 2865.620367654865, 0.0, 1946.4492924722385, 6.339868070032887, 23580, 0, 0
LOSS, 4428.05266571045, -2566.890234375, 21.035624694824218, 9.71064181076853, 169.8, 456, 169, 11, 3211.6292442036697, 0.0, 2582.359198102631, 7.043046588165942, 23705, 0, 0
WIN , 7806.957099914536, -2674.9429000854493, 25.059432983398438, 10.99571422523174, 153.0, 710, 152, 26, 4181.932534896027, 0.0, 2692.2503386364165, 5.890045823797221, 23960, 0, 0
LOSS, 3931.4839355468766, -4061.9, 21.702372741699218, 7.083754838823201, 191.0, 555, 163, 9, 5460.799128112959, 0.0, 4079.9692871183765, 9.839277708311638, 24125, 0, 0
WIN , 7745.069682312001, -3303.383935546875, 20.40592803955078, 9.742226015486793, 187.46382, 795, 147, 27, 2730.966589899485, 0.0, 736.4937011718748, 3.4351781005024966, 24405, 0, 0
WIN , 6003.200000000002, -4058.453617858887, 21.43498077392578, 8.112432432432435, 155.46382, 740, 150, 16, 1735.2894498324642, 0.0, 40.62759203580551, 2.3449857430168435, 24756, 0, 0
WIN , 5802.540158081051, -4060.4536170959473, 21.15592803955078, 8.014558229393717, 130.06224, 724, 151, 23, 5871.246597798071, 0.0, 4077.307492382693, 8.109456626792916, 25124, 0, 0
LOSS, 2235.4456771850605, -4062.993775177002, 20.47978057861328, 4.756267398266086, 175.0, 470, 168, 10, 1280.829269534158, 0.0, 192.96015519233254, 2.7251686585833146, 25358, 0, 0
LOSS, 1133.7001220703132, -2338.4394523620604, 20.05455551147461, 5.106757306623033, 223.0, 222, 185, 2, 2705.3195297291477, 0.0, 2354.4905841425134, 12.186124007788953, 25467, 0, 0
LOSS, 6534.148071289055, -1472.1395744323731, 21.554423522949218, 12.887866018321608, 223.0, 507, 166, 17, 3207.2830507639464, 0.0, 1491.726410675049, 6.326002072512715, 25679, 0, 0
WIN , 6824.372854614247, -3256.2876457214356, 26.58367462158203, 10.21612702786564, 153.39499, 668, 155, 20, 4144.707116050308, 0.0, 3274.084685695219, 6.204651371332797, 25906, 0, 0
LOSS, 14.123620605466286, -4060.6605003356935, 21.55381622314453, 0.050804390667144914, 164.4, 278, 181, 3, 4635.422647998915, 0.0, 4080.1225898742678, 16.674182187046455, 26018, 0, 0
LOSS, -3468.434020996083, -1754.7841209411622, 20.88468780517578, -1.156144673665361, 166.499, 3000, 0, 9, 8017.061526766342, 0.0, 1784.8345738915184, 2.6723538422554474, 26271, 0, 0
LOSS, 1225.6098754882823, -1446.3500999450685, 20.74149932861328, 5.375481910036326, 196.4, 228, 184, 4, 1891.6463663930363, 0.0, 1436.1617683410645, 8.296694589443142, 26379, 0, 0
LOSS, 8109.400024414042, -1091.9599754333497, 21.33585968017578, 13.016693458128477, 196.4, 623, 158, 22, 2013.88585974766, 0.0, 992.2701217651368, 3.232561572628668, 26705, 0, 0
LOSS, 1278.153134155274, -3651.359999847412, 19.3624267578125, 3.6208304083718814, 207.0, 353, 176, 4, 3320.134561286534, 0.0, 2559.4000244140625, 9.405480343587914, 26819, 0, 0
LOSS, 5440.050491333001, -1819.5131340026855, 21.46183624267578, 10.563204837539809, 201.39499, 515, 165, 10, 2709.9612651499992, 0.0, 1837.737800894905, 5.262060709029125, 27021, 0, 0
LOSS, 1499.129440307617, -2949.5636253356934, 21.425779724121092, 4.774297580597506, 207.0, 314, 179, 6, 3471.7634391549586, 0.0, 2969.788581085205, 11.056571462276938, 27094, 0, 0
LOSS, 6435.85781249999, -1748.6930656433105, 20.92130889892578, 11.451704292704608, 191.0, 562, 162, 14, 2777.2158914205834, 0.0, 1768.6318901062011, 4.941665287225237, 27257, 0, 0
LOSS, 1429.9445312500047, -3124.5508781433105, 21.35362091064453, 1.612113338500569, 223.0, 887, 140, 12, 4363.73547768753, 0.0, 3144.2925773620605, 4.919656682849526, 27415, 0, 0
LOSS, 3320.3029785156264, -2184.4954093933106, 21.668864440917968, 7.54614313299006, 223.0, 440, 170, 17, 1763.4081061770823, 0.0, 940.0554687499998, 4.007745695857006, 27617, 0, 0
LOSS, 5759.497627258298, -2184.7983879089356, 21.47331085205078, 10.321680335588347, 193.7, 558, 162, 11, 4879.32865119425, 0.0, 2568.3411125183106, 8.744316579201165, 27867, 0, 0
LOSS, 1603.4555130004896, -3204.2960151672364, 22.285624694824218, 4.298808345845817, 164.4, 373, 175, 9, 5389.419890296233, 0.0, 2202.0467895507813, 14.448846890874618, 28018, 0, 0
LOSS, 3296.4317596434726, -1957.7515281677247, 20.56895294189453, 1.0988105865478242, 214.16809, 3000, 0, 15, 6124.545046611345, 0.0, 1976.5438835069428, 2.041515015537115, 28389, 0, 0
LOSS, 2167.2583129882833, -2595.3832885742186, 21.468363952636718, 7.105764960617322, 207.0, 305, 179, 10, 3189.7631137057115, 0.0, 2583.419963766372, 10.458239717067906, 28506, 0, 0
LOSS, 5791.3489959716735, -1871.4416007995605, 21.255320739746093, 9.668362263725665, 188.095, 599, 160, 12, 1774.570133739545, 0.0, 313.0538085937501, 2.9625544803665194, 28692, 0, 0
LOSS, 5717.817800903315, -3014.5905979156496, 21.548320007324218, 9.090330367095891, 175.0, 629, 158, 21, 6247.906239433476, 0.0, 3004.396547317505, 9.933078282088196, 28925, 0, 0
WIN , 7627.574186706528, -3342.4083988189695, 21.692179870605468, 8.281839507824678, 178.17415, 921, 138, 23, 10924.379005372255, 0.0, 3356.1462357466535, 11.861432144812438, 29237, 0, 0
LOSS, -1311.7017990112317, -4059.9825855255126, 20.158793640136718, -5.420255367815007, 207.0, 242, 183, 2, 1008.6938097867439, 0.0, 33.43124694824219, 4.168156238788198, 29348, 0, 0
LOSS, 4599.1251708984355, -988.2807865142822, 22.394877624511718, 11.21737846560594, 175.0, 410, 172, 10, 3636.3719584438572, 0.0, 2455.1077880859375, 8.869199898643554, 29483, 0, 0
WIN , 8556.384542846661, -2307.4059574127195, 23.685723876953126, 10.668808656916037, 140.095, 802, 146, 15, 3643.364306740563, 0.0, 2324.0863773345945, 4.542848262768781, 29749, 0, 0
WIN , 6364.90950012207, -4063.7905002593993, 21.461650085449218, 8.52062851421964, 191.0, 747, 150, 14, 6032.830536064566, 0.0, 4084.765720199589, 8.076078361532216, 29996, 0, 0
LOSS, 1223.793527221683, -4058.7000003814696, 21.24766387939453, 0.407931175740561, 229.72488, 3000, 0, 10, 13465.66651025289, 0.0, 4080.043743512527, 4.48855550341763, 30200, 0, 0
LOSS, 5268.468054199217, -1442.4935276031495, 20.231321716308592, 11.02189969497744, 119.600006, 478, 168, 12, 2472.685874601911, 0.0, 1442.6934513584627, 5.172983001259229, 30409, 0, 0
LOSS, 6841.887033081045, -2450.961581802368, 21.08732452392578, 11.161316530311655, 180.195, 613, 159, 14, 4292.74391988258, 0.0, 2465.755925421439, 7.0028448937725605, 30648, 0, 0
WIN , 7199.915553283676, -3642.8486148834227, 24.48578796386719, 8.411116300565041, 150.35832, 856, 142, 19, 6447.495040271199, 0.0, 3656.687099505316, 7.532120374148597, 30964, 0, 0
WIN , 6412.735832214348, -4062.7641681671143, 20.752714538574217, 8.158696987550062, 223.0, 786, 147, 26, 4186.577531581987, 0.0, 2568.0544914245606, 5.326434518552147, 31238, 0, 0
LOSS, -10701.87523193377, -4055.50000038147, 20.19633331298828, -3.567291743977923, 205.0, 3000, 0, 5, 7108.455573862974, 0.0, 4072.774729546114, 2.369485191287658, 31386, 0, 0
WIN , 10611.875231933589, -613.624768447876, 20.62418975830078, 13.215286714736724, 223.0, 803, 146, 28, 3580.6563657790107, 0.0, 603.329740839104, 4.459098836586564, 31700, 0, 0
LOSS, 2727.141357421876, -4055.50000038147, 19.746524047851562, 5.498268865769911, 223.0, 496, 166, 13, 1227.4796007636223, 0.0, 42.38788698524497, 2.474757259604077, 31920, 0, 0
LOSS, 5435.93593749996, -2562.641357803345, 26.19596710205078, 3.154925094312223, 207.0, 1723, 85, 17, 6679.669381490116, 0.0, 1435.4882835388185, 3.8767669074231668, 32231, 0, 0
LOSS, -530.2656051635747, -3448.5772953033447, 20.14646759033203, -2.6513280258178735, 209.7, 200, 186, 5, 4688.349122562782, 0.0, 3465.3775882720947, 23.44174561281391, 32309, 0, 0
LOSS, 3726.197897338869, -1178.3116901397705, 20.998271179199218, 11.122978798026475, 162.17415, 335, 177, 5, 2146.5926097033202, 0.0, 1193.503248607846, 6.407739133442747, 32468, 0, 0
LOSS, 2142.1154861450204, -1954.5095874786377, 20.743144226074218, 6.75746210140385, 175.0, 317, 178, 11, 2267.4323097780352, 0.0, 1701.2865814208983, 7.152783311602635, 32603, 0, 0
LOSS, 6439.923266601551, -1606.6250736236573, 21.42021026611328, 10.222100423177066, 223.0, 630, 158, 8, 2706.9849213146563, 0.0, 1427.0388916015625, 4.296801462404217, 32834, 0, 0
LOSS, 4086.1121612548823, -3166.54834022522, 21.005046081542968, 7.7096455872733625, 201.39499, 530, 164, 18, 6175.823413538006, 0.0, 2991.332452398241, 11.652497006675484, 33035, 0, 0
LOSS, 6748.5758270263605, -2612.6605014801025, 21.057841491699218, 9.270021740420825, 223.0, 728, 151, 20, 4201.139303839833, 0.0, 2602.466450881958, 5.770795747032738, 33294, 0, 0
WIN , 7715.863671874997, -3461.23632850647, 21.241801452636718, 8.708649742522569, 207.0, 886, 140, 20, 4258.929262170797, 0.0, 2323.4440433502195, 4.806917903127311, 33520, 0, 0
LOSS, -227.09520874023508, -4057.1000003814697, 20.09727325439453, -0.9047617878097015, 122.202576, 251, 183, 3, 352.83213978800785, 0.0, 45.2709770065406, 1.4057057362072025, 33605, 0, 0
LOSS, 5018.384417724607, -1500.0047916412354, 19.370585632324218, 9.504515942660241, 184.10791, 528, 164, 10, 2765.2504845394174, 0.0, 1514.3735515932756, 5.2372168267792, 33758, 0, 0
LOSS, 7690.795996093746, -2278.3892093658446, 21.136454772949218, 11.146081153759052, 207.0, 690, 154, 24, 3429.1732355640916, 0.0, 2267.033618545532, 4.96981628342622, 33987, 0, 0
LOSS, -1606.6634277343755, -3689.1852054595947, 21.323161315917968, -10.640155150558778, 191.0, 151, 189, 3, 2377.9520415501393, 0.0, 2082.5601318359377, 15.74802676523271, 34031, 0, 0
WIN , 10359.668722534168, -792.5217777252197, 24.553155517578126, 10.713204470045676, 156.095, 967, 135, 20, 3755.366140487404, 0.0, 1402.317724609375, 3.883522378994213, 34309, 0, 0
LOSS, 2303.7055450439448, -4062.1905002593994, 21.007304382324218, 4.250379234398422, 191.0, 542, 163, 8, 5161.746886420427, 0.0, 4079.32686141579, 9.523518240628093, 34451, 0, 0
LOSS, 7168.259155273421, -2365.8960453033446, 21.204325866699218, 9.792703764034728, 186.448, 732, 151, 21, 2642.8475840664923, 0.0, 1082.68125, 3.6104475192165197, 34656, 0, 0
WIN , 7412.944799804682, -3654.155200576782, 20.84489288330078, 8.649877245979791, 207.0, 857, 142, 25, 5642.378909527503, 0.0, 3643.7169452667235, 6.583872706566515, 34961, 0, 0
LOSS, 1211.6097656250013, -4057.1000003814697, 20.891337585449218, 3.328598257211542, 191.0, 364, 175, 6, 434.3550347989197, 0.0, 22.671138962862553, 1.1932830626343947, 35044, 0, 0
LOSS, 8441.108964538556, -2168.7097660064696, 20.63676300048828, 11.209972064460235, 201.8, 753, 149, 13, 2270.877683933498, 0.0, 892.8343994140623, 3.015773816644751, 35301, 0, 0
WIN , 6699.304196166989, -3858.618731689453, 21.016825866699218, 9.88097964036429, 186.77074, 678, 154, 23, 1573659.2573562362, 0.0, 1566527.856011284, 2321.0313530327967, 35517, 0, 0
LOSS, -724.6119400024397, -4059.122926712036, 19.98448028564453, -2.4900753951973873, 223.0, 291, 180, 4, 820.3616265795338, 0.0, 27.879150390625, 2.819112118830013, 35608, 0, 0
LOSS, -587.8194534301729, -1344.5109867095948, 20.866697692871092, -0.19593981781005762, 172.425, 3000, 0, 17, 4373.839881552532, 0.0, 1021.3850585937498, 1.4579466271841772, 35839, 0, 0
LOSS, 2837.5558059692407, -1816.691533279419, 20.92021026611328, 7.3702748206993265, 207.0, 385, 174, 9, 2228.1232487506363, 0.0, 795.9689682006835, 5.787333113638017, 36022, 0, 0
LOSS, 5589.068823242185, -1944.2473392486572, 21.33732452392578, 7.452091764322914, 223.0, 750, 150, 15, 7154.555349064959, 0.0, 3182.612076187134, 9.539407132086613, 36272, 0, 0
LOSS, 726.8398391723636, -3013.316162490845, 20.802104187011718, 0.24227994639078784, 166.43999, 3000, 0, 16, 103646.89259867632, 0.0, 99454.95628543422, 34.548964199558775, 36586, 0, 0
LOSS, 736.5939498901367, -2600.156001663208, 20.069438171386718, 3.3330042981454153, 175.0, 221, 185, 12, 1293.028121960756, 0.0, 1053.9991989135742, 5.8508059817228775, 36653, 0, 0
LOSS, 8588.889697265617, -1286.7499515533448, 21.03117218017578, 12.358114672324628, 223.0, 695, 153, 28, 16738.88438114182, 0.0, 15298.689616642578, 24.08472572826161, 36838, 0, 0
LOSS, 3178.120449829103, -3725.63964881897, 20.981242370605468, 6.39460855096399, 196.4, 497, 166, 16, 3199.3130027426573, 0.0, 2438.889697265625, 6.4372495025003165, 36965, 0, 0
LOSS, 6332.435604858395, -2613.760098648071, 21.265635681152343, 9.682623249018953, 207.0, 654, 156, 19, 7133.931327307552, 0.0, 3049.922134780884, 10.908151876617053, 37147, 0, 0
LOSS, -744.2167968749991, -3366.1957035064697, 20.59690704345703, -4.352145010964907, 207.0, 171, 188, 3, 2350.8211040398132, 0.0, 2079.445751953125, 13.747491836490136, 37179, 0, 0
LOSS, 5563.545108032224, -1011.9789066314697, 21.41898956298828, 12.731224503506233, 196.4, 437, 170, 14, 3472.3680236732084, 0.0, 2713.6607421875, 7.94592225096844, 37264, 0, 0
WIN , 7468.575985717765, -2645.524014663696, 23.038436889648438, 11.543394104664243, 137.0, 647, 156, 24, 2924.8020141886614, 0.0, 241.6622618309744, 4.520559527339508, 37362, 0, 0
LOSS, -212.91945800781326, -4064.1000003814697, 20.208740234375, -0.7974511535873156, 223.0, 267, 182, 4, 4926.83431164302, 0.0, 4078.4611671846287, 18.45256296495513, 37437, 0, 0
WIN , 9247.519458007793, -1479.9805435180665, 20.737040710449218, 9.703588098644063, 191.0, 953, 136, 25, 9064.0178144508, 0.0, 3354.5945270538327, 9.511036531427912, 37749, 0, 0
LOSS, 2550.4600578308114, -4058.7000003814696, 20.88200225830078, 5.010727029137154, 112.00001, 509, 166, 16, 1646.211705472597, 0.0, 188.0855651024704, 3.2342076728341786, 37980, 0, 0
LOSS, 1204.6166023254405, -2458.5600578308104, 20.556742858886718, 4.083446109577764, 191.0, 295, 180, 9, 3236.2157569718884, 0.0, 2472.9081219819177, 10.970222904989452, 38105, 0, 0
WIN , 9133.323339843735, -1331.9766593933105, 20.951075744628906, 12.460195552310688, 207.0, 733, 151, 23, 2827.0025103405264, 0.0, 1348.275821230355, 3.856756494325411, 38419, 0, 0
LOSS, 3167.8791183471703, -4055.2999992370605, 21.047300720214842, 1.0559597061157235, 169.54915, 3000, 0, 17, 5681.151378490448, 0.0, 2094.8940818786623, 1.8937171261634826, 38687, 0, 0
LOSS, 4241.454963684086, -2343.1791175842286, 21.48264923095703, 9.683687131698825, 223.0, 438, 170, 6, 6767.453619842606, 0.0, 3356.844214248657, 15.450807351238826, 38881, 0, 0
LOSS, 7243.475052642808, -2705.234083557129, 20.62321319580078, 10.589875807957322, 120.02682, 684, 154, 22, 3946.093689220688, 0.0, 2695.234083557129, 5.7691428204980815, 39083, 0, 0
LOSS, -189.4091346740723, -3868.709136199951, 20.604139709472655, -0.7313094002859934, 223.0, 259, 182, 6, 4346.034669884026, 0.0, 3885.6740297715287, 16.780056640478865, 39150, 0, 0
LOSS, 4239.378906250001, -1489.300001525879, 20.38401641845703, 9.882002112470865, 223.0, 429, 171, 7, 8127.025702925034, 0.0, 3505.8783878326417, 18.944115857634113, 39270, 0, 0
LOSS, -175.90586547851598, -2178.678907775879, 19.93736114501953, -1.3960782974485395, 123.88788, 126, 191, 3, 4596.266706638677, 0.0, 2325.1969120025633, 36.47830719554505, 39295, 0, 0
LOSS, 5562.542584228512, -802.7730422973633, 21.523661804199218, 12.78745421661727, 223.0, 435, 171, 9, 1454.9554962081415, 0.0, 820.8432408578832, 3.3447252786394057, 39442, 0, 0
WIN , 8233.784374999894, -2555.315626525879, 21.826904296875, 5.420529542462076, 175.0, 1519, 98, 19, 6060.43311833399, 0.0, 2571.6324116774003, 3.989751888304141, 39736, 0, 0
LOSS, -329.6616943359376, -4059.1000015258787, 20.2325927734375, -1.2075519939045334, 223.0, 273, 181, 7, 5358.57916987329, 0.0, 4077.6615249633787, 19.62849512774099, 39834, 0, 0
LOSS, 5643.121792602535, -1479.4383071899415, 20.456649780273438, 10.278910369039226, 196.4, 549, 163, 15, 2981.5976225642357, 0.0, 1495.1876347549342, 5.430961061137041, 40024, 0, 0
LOSS, 6004.369003295894, -2612.5600997924803, 20.487411499023438, 9.622386223230599, 175.0, 624, 158, 15, 11453.986372737283, 0.0, 4650.150756303058, 18.355747392207185, 40207, 0, 0
LOSS, 2427.601074218749, -3356.9291030883787, 21.757304382324218, 5.906571956736616, 175.0, 411, 172, 11, 4162.349984896816, 0.0, 3375.3616801505623, 10.127372226026315, 40290, 0, 0
LOSS, -261.94936523437383, -2334.5301773071287, 21.019419860839843, -1.940365668402769, 191.0, 135, 191, 3, 2442.628632709011, 0.0, 2352.8378781897936, 18.093545427474155, 40311, 0, 0
LOSS, 3384.4954910278116, -802.5808120727539, 21.949382019042968, 1.128165163675937, 211.89714, 3000, 0, 19, 7764.709466994082, 0.0, 2322.2725330352782, 2.588236488998027, 40611, 0, 0
LOSS, 4563.730924987795, -3667.076303100586, 21.42838897705078, 9.109243363249092, 207.0, 501, 166, 11, 4260.497477684389, 0.0, 3676.54559731851, 8.503986981405966, 40793, 0, 0
LOSS, 44.18564453124928, -3680.807228088379, 20.97367706298828, 0.17533985925098922, 223.0, 252, 183, 5, 3267.709911445142, 0.0, 2200.8266845703124, 12.967102823195008, 40897, 0, 0
LOSS, 3454.121337890624, -1464.992872619629, 21.41398468017578, 10.435411896950527, 223.0, 331, 177, 8, 2586.3401604011647, 0.0, 1090.32275390625, 7.8137164966802555, 41042, 0, 0
LOSS, 7830.917968749994, -2009.114210510254, 21.48502960205078, 11.267507868705026, 223.0, 695, 153, 16, 11429.061414340798, 0.0, 3705.146167373657, 16.444692682504744, 41340, 0, 0
LOSS, 1071.1754394531254, -3910.032179260254, 21.76585235595703, 3.1229604648779166, 207.0, 343, 177, 8, 3111.062958909071, 0.0, 1354.716552734375, 9.07015439915181, 41472, 0, 0
LOSS, 6995.338867187492, -2011.207618713379, 22.225321960449218, 11.139074629279445, 207.0, 628, 158, 20, 3221.8180610392287, 0.0, 797.5194434645583, 5.13028353668667, 41578, 0, 0
LOSS, 3432.6048339843746, -3626.546485900879, 21.73234405517578, 7.644999630254732, 223.0, 449, 170, 9, 1306.96240387862, 0.0, 268.1850942605579, 2.910829407302049, 41665, 0, 0
WIN , 7291.278681945796, -2909.151319885254, 22.116435241699218, 10.098723936213014, 161.7, 722, 151, 20, 249028.75918694492, 0.0, 243804.92284958326, 344.9151789292866, 41935, 0, 0
WIN , 5703.869999694826, -4060.4300018310546, 21.387431335449218, 8.37572687179857, 223.0, 681, 154, 23, 7343.109574543148, 0.0, 4075.8163299385874, 10.782833442794637, 42137, 0, 0
LOSS, -1253.3779785156235, -4054.300001525879, 20.689115905761717, -6.114038919588407, 175.0, 205, 186, 5, 5984.895048729671, 0.0, 4071.5651554107667, 29.194609993803272, 42187, 0, 0
LOSS, 4532.971240234376, -1150.922023010254, 22.011576843261718, 12.25127362225507, 223.0, 370, 175, 10, 2772.71456793608, 0.0, 1169.3775359727756, 7.493823156584001, 42332, 0, 0
LOSS, 4910.524218749998, -2443.893263244629, 22.059519958496093, 10.25161632306889, 191.0, 479, 168, 11, 3071.5917069736774, 0.0, 1182.65322265625, 6.412508782826049, 42474, 0, 0
WIN , 6673.082519531244, -3004.417481994629, 23.958251953125, 9.066688205884843, 191.0, 736, 150, 19, 4542.3096232239695, 0.0, 2324.9931690216063, 6.171616335902132, 42706, 0, 0
WIN , 5898.059999847409, -4057.500001525879, 20.48423843383789, 5.169202453853996, 110.4, 1141, 123, 15, 2356.731819590559, 0.0, 477.34782252241234, 2.0654967744001396, 42920, 0, 0
LOSS, -1724.7500877380353, -4065.560001373291, 21.84489288330078, -12.061189424741505, 207.0, 143, 190, 4, 4507.542466768434, 0.0, 4084.4696466742025, 31.52127599138765, 42967, 0, 0
LOSS, 5266.377539062499, -1030.809913635254, 22.034495544433593, 12.720718693387678, 223.0, 414, 172, 11, 2238.8052345701085, 0.0, 1413.083349609375, 5.407742112488185, 43073, 0, 0
LOSS, 6165.394238281248, -2597.187452697754, 21.32224884033203, 9.20208095265858, 175.0, 670, 155, 15, 2714.8948984794497, 0.0, 1312.8447265625, 4.05208193802903, 43306, 0, 0
WIN , 7336.871928405752, -3363.181689453125, 21.85319366455078, 8.776162593786784, 171.46382, 836, 144, 27, 7356.043692374389, 0.0, 3380.515759287567, 8.799095325806686, 43547, 0, 0
LOSS, -1580.5910934448232, -4059.4536193847657, 19.9977294921875, -9.03194910539899, 207.0, 175, 188, 1, 4369.014817265677, 0.0, 4074.5384253831526, 24.96579895580387, 43585, 0, 0
WIN , 8131.506475830067, -988.8625259399414, 22.443658447265626, 10.164383094787583, 162.31, 800, 146, 18, 4362.154460097261, 0.0, 1608.3249267578126, 5.4526930751215765, 43714, 0, 0
WIN , 5340.061000061029, -4060.9690002441407, 27.02970733642578, 7.97024029859855, 161.7, 670, 155, 10, 84139.89850229066, 0.0, 79112.71972521376, 125.58193806312038, 43902, 0, 0
WIN , 5959.730000305177, -4061.0300003051757, 21.85490264892578, 8.562830460208588, 164.4, 696, 153, 17, 9078.7935219717, 0.0, 4077.788380990066, 13.044243566051293, 44109, 0, 0
WIN , 5667.339999389645, -4060.7600006103517, 23.172607421875, 8.10778254562181, 191.0, 699, 153, 25, 5494.026421821163, 0.0, 4077.8775634793305, 7.859837513334997, 44275, 0, 0
LOSS, 3640.4651855468774, -4057.500001525879, 21.630473327636718, 6.512460081479208, 207.0, 559, 162, 16, 1155.7754663908224, 0.0, 38.021989814900195, 2.0675768629531706, 44409, 0, 0
LOSS, 1738.5559570312498, -2887.965187072754, 21.36887969970703, 5.143656677607248, 175.0, 338, 177, 12, 2197.6319364843785, 0.0, 1422.972314453125, 6.501869634569167, 44514, 0, 0
LOSS, 3030.059033203127, -1806.521144104004, 21.892802429199218, 8.34727006392046, 207.0, 363, 175, 3, 325910.3777858991, 0.0, 324413.65922572947, 897.8247321925595, 44640, 0, 0
LOSS, 5143.976620483397, -1906.580177307129, 21.734965515136718, 9.835519350828674, 167.6, 523, 165, 15, 3560.547888483766, 0.0, 2351.3988296508787, 6.807930953123836, 44804, 0, 0
LOSS, -10810.183570861933, -2940.5567977905275, 19.782852172851562, -3.6033945236206444, 218.2675, 3000, 0, 6, 5440.204468552303, 0.0, 2960.2358152203824, 1.8134014895174344, 44888, 0, 0
LOSS, 7918.472135925286, -610.3732269287109, 22.10490264892578, 13.747347458203622, 175.0, 576, 161, 18, 2849.1956093054696, 0.0, 1073.9309916703512, 4.946520155044218, 45091, 0, 0
WIN , 6833.47778930664, -3408.8453628540037, 22.04325714111328, 8.897757538159688, 142.7685, 768, 148, 12, 4218.182637060227, 0.0, 2268.3892093658446, 5.49242530867217, 45344, 0, 0
LOSS, -1209.9907684326165, -4062.3231521606444, 21.718791198730468, -6.836106036342466, 177.1, 177, 188, 6, 166.9925443008689, 0.0, 22.42115936279297, 0.9434607022647961, 45415, 0, 0
LOSS, 4017.2216705322267, -1222.3323837280273, 22.05692901611328, 12.285081561260633, 207.0, 327, 178, 8, 1811.8257855779784, 0.0, 1238.715420268296, 5.540751637853145, 45520, 0, 0
LOSS, -501.8725585937501, -2189.554054260254, 20.51597442626953, -4.182271321614584, 207.0, 120, 192, 1, 907.3222629518846, 0.0, 710.1157470703124, 7.561018857932371, 45543, 0, 0
LOSS, 8672.07480773924, -667.6814956665039, 21.296855163574218, 12.962742612465231, 203.68845, 669, 155, 11, 2.2952339649399304E8, 0.0, 2.295191109205698E8, 343084.2996920673, 45764, 0, 0
LOSS, -215.8106475830055, -3549.7563034057616, 20.793986511230468, -0.9634403909955603, 127.0, 224, 185, 9, 3955.234862801458, 0.0, 3566.486652977551, 17.657298494649364, 45848, 0, 0
LOSS, 5496.684346008297, -1333.945655822754, 21.088359069824218, 11.74505202138525, 209.7, 468, 168, 13, 1741.4975975285377, 0.0, 1350.9659785056122, 3.7211487126678153, 45988, 0, 0
WIN , 7971.752999877915, -2610.630001831055, 21.45097198486328, 10.743602425711476, 142.17, 742, 150, 23, 1.0720237317773102E8, 0.0, 1.0688177861175661E8, 144477.59188373454, 46234, 0, 0
LOSS, 652.7169754028318, -4062.3830017089845, 22.338481140136718, 1.7131679144431282, 191.0, 381, 174, 7, 2205.4397867791204, 0.0, 1130.008346616332, 5.788555870811339, 46368, 0, 0
LOSS, 3035.2268905639658, -1845.0999771118163, 21.823466491699218, 9.087505660371155, 138.16225, 334, 177, 12, 2340.809582478543, 0.0, 1834.5000015258788, 7.008411923588452, 46481, 0, 0
LOSS, 2866.773133850085, -1980.3268676757812, 21.83561553955078, 0.955591044616695, 205.0, 3000, 0, 18, 6.518416137008972E7, 0.0, 6.5180809981991954E7, 21728.053790029906, 46723, 0, 0
WIN , 6104.160501098631, -3667.1000015258787, 23.20867462158203, 9.376590631487913, 153.39499, 651, 156, 15, 4433.862996625591, 0.0, 3677.7000991821287, 6.810849457182168, 46922, 0, 0
WIN , 5766.239498901363, -4061.260502624512, 22.03581085205078, 8.967713062054997, 191.0, 643, 157, 14, 5196.18447433204, 0.0, 4078.543959993934, 8.081157813891197, 47166, 0, 0
LOSS, -1431.775466918914, -4057.500001525879, 21.247328186035155, -0.4772584889729713, 190.095, 3000, 0, 8, 2929.369249370773, 0.0, 144.38386292755604, 0.9764564164569244, 47315, 0, 0
WIN , 8571.775466918938, -1445.7245346069335, 24.862548828125, 12.175817424600764, 191.0, 704, 153, 21, 6512.14987754378, 0.0, 3921.89619140625, 9.250212894238324, 47583, 0, 0
LOSS, 656.411279296877, -4057.500001525879, 20.93986358642578, 1.983115647422589, 175.0, 331, 177, 7, 5089.2604674750555, 0.0, 4081.985789489746, 15.37540926729624, 47692, 0, 0
LOSS, 3826.237744140628, -1803.911280822754, 21.248881530761718, 8.795948837104891, 207.0, 435, 171, 12, 1996.7015220156077, 0.0, 773.1013671875, 4.59011844141519, 47876, 0, 0
WIN , 7576.311477661117, -2160.149024963379, 24.84466094970703, 11.912439430284776, 201.39499, 636, 157, 23, 2058.1125193343564, 0.0, 844.2684570312499, 3.236025973796158, 48174, 0, 0
LOSS, -17984.76052551265, -4056.4605026245117, 20.81724395751953, -5.994920175170884, 205.0, 3000, 0, 4, 5188.029494463967, 0.0, 4075.2021702093616, 1.7293431648213224, 48261, 0, 0
WIN , 9536.03873443603, -612.2999755859375, 24.00289306640625, 13.468981263327725, 88.6129, 708, 152, 22, 5.738294495464806E7, 0.0, 5.7379404500527136E7, 81049.35728057635, 48564, 0, 0
LOSS, -7.772694396972103, -4068.3387100219725, 22.17790069580078, -0.028060268581126726, 223.0, 277, 181, 6, 5727.119682995735, 0.0, 4083.96888422209, 20.675522321284244, 48621, 0, 0
LOSS, 2332.89821777344, -1810.566015625, 20.695082092285155, 7.5012804430014155, 207.0, 311, 179, 8, 1.0755282643657869E8, 0.0, 1.0755019465329202E8, 345829.0239118286, 48658, 0, 0
LOSS, 6615.038051605222, -1633.4642333984375, 22.356547546386718, 13.390765286650247, 110.4, 494, 167, 11, 2213.158077561268, 0.0, 1650.5725834555371, 4.4800770800835386, 48690, 0, 0
LOSS, 4451.780088043221, -3528.502285003662, 21.99943389892578, 8.22879868399856, 191.0, 541, 163, 12, 4885.347925985422, 0.0, 3543.0484995089114, 9.030217977791908, 48730, 0, 0
LOSS, 4343.545236206039, -3370.282373046875, 22.015361022949218, 1.4478484120686796, 229.72488, 3000, 0, 16, 10993.859640434397, 0.0, 3389.2323602226306, 3.664619880144799, 48907, 0, 0
LOSS, 399.72419738769673, -2592.62760848999, 21.22593536376953, 2.0711098310243354, 175.0, 193, 187, 6, 2840.4301114775812, 0.0, 2599.9743877762276, 14.717254463614411, 48959, 0, 0
WIN , 8932.948193359358, -1242.3518058776856, 21.804179382324218, 12.203481138469067, 207.0, 732, 151, 15, 5.7384114037487775E7, 0.0, 5.737941271241856E7, 78393.59841186854, 49181, 0, 0
LOSS, 2090.430928039555, -4055.2999992370605, 22.325907897949218, 5.098612019608671, 209.7, 410, 172, 10, 694.0830349633374, 0.0, 71.53322960630655, 1.692885451130091, 49273, 0, 0
WIN , 7431.72957305907, -2606.33092956543, 21.557841491699218, 10.739493602686517, 185.39499, 692, 153, 13, 5.738284712012368E7, 0.0, 5.737941594740342E7, 82923.18947994751, 49582, 0, 0
LOSS, -218.74145812988334, -4057.4605003356933, 21.86442413330078, -0.8071640521397909, 223.0, 271, 181, 1, 288.89221941772246, 0.0, 22.456651306152345, 1.0660229498808946, 49686, 0, 0
WIN , 8246.580957031234, -1468.7190422058106, 23.88134765625, 11.848535857803498, 207.0, 696, 153, 16, 2804.2423993580223, 0.0, 1483.2686085780367, 4.029083907123595, 49953, 0, 0
LOSS, 1079.8205078125002, -4055.2999992370605, 21.86344757080078, 3.2524714090737956, 159.0, 332, 177, 4, 1.0755483897068904E8, 0.0, 1.0755020283113278E8, 323960.3583454489, 50038, 0, 0
LOSS, 7333.695019531236, -2135.1205070495607, 20.95451202392578, 11.530967011841565, 191.0, 636, 157, 17, 2239.2615397442178, 0.0, 1123.94814453125, 3.520851477585248, 50258, 0, 0
LOSS, -2722.971044921863, -3769.415528869629, 20.598844909667967, -0.9076570149739542, 182.89551, 3000, 0, 12, 3.900464723915594E8, 0.0, 2.138453964568312E8, 130015.49079718647, 50400, 0, 0
LOSS, 2286.2096481323238, -1445.8444816589356, 20.608935546875, 8.692812350313018, 201.8, 263, 182, 7, 1802.6077983017487, 0.0, 1434.2853172302246, 6.85402204677471, 50498, 0, 0
LOSS, 4955.030781555173, -1442.0541297912598, 20.252421569824218, 11.443489102898784, 207.0, 433, 171, 14, 4.302031144473299E8, 0.0, 1.0755021093628043E8, 993540.6800169281, 50633, 0, 0
LOSS, 4501.865478515627, -2407.0849113464355, 21.796366882324218, 9.113088013189527, 207.0, 494, 167, 12, 6.969542697609193E8, 0.0, 2.947002936984201E8, 1410838.6027548974, 50779, 0, 0
LOSS, 2108.098085021974, -2708.9503898620605, 21.994914245605468, 0.7026993616739913, 232.10313, 3000, 0, 10, 6052.491312816393, 0.0, 2725.0648745905028, 2.017497104272131, 50921, 0, 0
LOSS, -15825.787998962469, -2337.6484771728515, 19.15936279296875, -5.275262666320823, 203.39499, 3000, 0, 4, 1.89274511051763E8, 0.0, 6.881863023484884E7, 63091.503683921, 50996, 0, 0
LOSS, 2817.2371795654303, -611.8604782104492, 20.144580078125, 12.633350581010898, 191.0, 223, 185, 2, 855.4982474952559, 0.0, 623.7904541015624, 3.8363150111894884, 51058, 0, 0
LOSS, -185.6714630126825, -1359.0976577758788, 21.812907409667968, -0.06189048767089417, 190.095, 3000, 0, 11, 4763.4277242645385, 0.0, 1434.1292991638184, 1.5878092414215128, 51166, 0, 0
LOSS, 2826.4737823486357, -1812.8261924743651, 21.088664245605468, 7.379827107959884, 223.0, 383, 174, 9, 2.1029902923723376E8, 0.0, 2.1029771589197725E8, 549083.6272512631, 51267, 0, 0
LOSS, 180.3591186523448, -1809.2999748229981, 19.57438507080078, 1.4090556144714437, 191.0, 128, 191, 4, 1925.8357198524866, 0.0, 1798.6998771667481, 15.045591561347551, 51294, 0, 0
LOSS, 5541.754040527339, -750.2590957641602, 20.64152374267578, 12.369986697605668, 223.0, 448, 170, 9, 5509.62959546261, 0.0, 4648.7320246137215, 12.298280347014755, 51486, 0, 0
LOSS, 4050.750244140625, -2551.4131340026856, 20.459716796875, 8.085329828624001, 223.0, 501, 166, 13, 6.2655827057374544E7, 0.0, 6.265379427040664E7, 125061.5310526438, 51652, 0, 0
WIN , 7422.81501312254, -2572.1633781433106, 20.69877471923828, 10.543771325458154, 210.21608, 704, 153, 25, 1.55713018183057E8, 0.0, 9.741333900792505E7, 221183.26446456963, 51923, 0, 0
LOSS, 2368.120455932621, -4054.978391265869, 20.82316436767578, 5.3698876551760115, 209.7, 441, 170, 9, 2.275269477791471E7, 0.0, 2.2748031243811075E7, 51593.41219481794, 52085, 0, 0
WIN , 7872.201152038562, -2593.698849487305, 21.771525573730468, 10.426756492766307, 207.0, 755, 149, 26, 4.130365263554905E7, 0.0, 2.274803105855319E7, 54706.824682846425, 52349, 0, 0
LOSS, 43.798730468751785, -4055.900001525879, 20.31597900390625, 0.13394107176988312, 191.0, 327, 178, 7, 4554.17892253001, 0.0, 4074.5982877320516, 13.927152668287492, 52438, 0, 0
LOSS, 2097.1125656127942, -1609.0987297058105, 20.770243835449218, 8.490334273736009, 160.78499, 247, 183, 8, 1.438103839617964E8, 0.0, 8.115477780738817E7, 582228.2751489733, 52541, 0, 0
LOSS, 2245.8517410278314, -1476.2112953186036, 20.573954772949218, 9.280379095156327, 223.0, 242, 183, 7, 1730.8848542871635, 0.0, 1493.4864112854004, 7.152416753252742, 52632, 0, 0
WIN , 8163.086962890608, -1562.0630363464356, 25.411923980712892, 12.875531487209162, 108.5, 634, 157, 17, 864.2344604500589, 0.0, 93.343994140625, 1.3631458366720173, 52906, 0, 0
LOSS, -164.6666412353508, -4065.1499992370605, 22.206095886230468, -0.6237372774066318, 177.1, 264, 182, 6, 3085.867441587689, 0.0, 2571.454160308838, 11.688891824195792, 53024, 0, 0
WIN , 8322.496641540516, -1701.0833602905273, 21.58439483642578, 11.623598661369435, 130.2, 716, 152, 14, 9.024496063805646E7, 0.0, 6.86966784588037E7, 126040.4478185146, 53300, 0, 0
LOSS, 2598.7059951782226, -4062.9799995422363, 20.508651733398438, 5.046031058598491, 119.600006, 515, 165, 9, 682.3903505819279, 0.0, 29.742462158203125, 1.3250298069551998, 53476, 0, 0
LOSS, 1521.39722442627, -2451.685994720459, 22.027079772949218, 5.021112951901881, 216.68611, 303, 179, 8, 4.275038214018591E7, 0.0, 4.2746744679924875E7, 141090.37009962345, 53607, 0, 0
LOSS, 3942.8240554809595, -1583.0832191467284, 21.62003936767578, 10.772743320986228, 223.0, 366, 175, 7, 5609.691670021516, 0.0, 3381.469982910156, 15.327026420823815, 53741, 0, 0
LOSS, 5932.198876953113, -2265.9072746276856, 21.52946319580078, 8.15983339333303, 207.0, 727, 151, 15, 3.55543967730285E7, 0.0, 3.555078164582216E7, 48905.63517610523, 53972, 0, 0
LOSS, -17119.288914489767, -3308.1061515808105, 20.32462921142578, -5.7064296381632555, 227.82738, 3000, 0, 5, 8909.61775150173, 0.0, 6538.948902738079, 2.9698725838339097, 54034, 0, 0
LOSS, 8186.206501770008, -608.8172370910645, 21.782695007324218, 15.652402489043991, 135.6, 523, 165, 13, 2488.976780657617, 0.0, 1983.8103713989256, 4.75903782152508, 54230, 0, 0
LOSS, 7935.012588500909, -3865.023738861084, 22.070780944824218, 4.034068423233813, 207.0, 1967, 68, 13, 6.358931961236277E7, 0.0, 3.555077418089461E7, 32328.073010860586, 54455, 0, 0
WIN , 6639.523672485343, -3450.0363273620605, 24.31096649169922, 2.888005077201106, 164.4, 2299, 46, 22, 9489.540461390912, 0.0, 3468.7365044203325, 4.127681801387957, 54746, 0, 0
LOSS, -3267.1400009155286, -4059.559999847412, 18.398328399658205, -62.829615402221705, 185.8, 52, 196, 2, 4092.73977416338, 0.0, 4075.716180498746, 78.70653411852653, 54766, 0, 0
LOSS, 7146.532685852043, -292.4199989318848, 21.953349304199218, 13.041118039875991, 223.0, 548, 163, 13, 8850.169521132415, 0.0, 3762.0337406158446, 16.149944381628494, 54935, 0, 0
LOSS, 4574.298124694667, -2998.9526847839356, 21.13395538330078, 1.5247660415648892, 223.49287, 3000, 0, 10, 6697.193705829483, 0.0, 3016.296662734721, 2.2323979019431612, 55071, 0, 0
LOSS, 4935.509248352046, -2593.25080947876, 22.116191101074218, 9.930602109360253, 223.0, 497, 166, 8, 9096.309489279305, 0.0, 3385.7233879089354, 18.302433580038844, 55267, 0, 0
LOSS, 3521.9938964843786, -3139.360060119629, 20.94450225830078, 6.852128203277001, 223.0, 514, 165, 14, 5297193.741879076, 0.0, 5287054.465349941, 10305.82440054295, 55449, 0, 0
WIN , 7454.546044921862, -2600.7539543151856, 21.74650421142578, 9.203143265335632, 207.0, 810, 146, 17, 5.6254987657143526E7, 0.0, 3.555077643732548E7, 69450.6020458562, 55771, 0, 0
LOSS, 1487.0798828125007, -4055.2999992370605, 22.028666687011718, 3.311981921631405, 175.0, 449, 170, 11, 2.1546406480609685E7, 0.0, 2.154555510351955E7, 47987.542273072795, 55911, 0, 0
LOSS, -729.9657714843743, -2332.3798820495604, 21.22514190673828, -7.227383876082913, 223.0, 101, 193, 0, 5289.027179547683, 0.0, 2348.887963104248, 52.36660573809587, 55949, 0, 0
LOSS, 3522.913523864748, -652.4141105651855, 21.49296417236328, 12.581834013802672, 210.21608, 280, 181, 4, 1111.7493868989914, 0.0, 668.646282931794, 3.970533524639255, 56047, 0, 0
WIN , 8343.172364807106, -1675.3276344299315, 22.233622741699218, 12.489778989232194, 175.0, 668, 155, 17, 4546.313020897378, 0.0, 2193.1729873657227, 6.805857815714638, 56239, 0, 0
LOSS, -313.727612304685, -4059.1000015258787, 21.426737976074218, -1.0055372189252725, 223.0, 312, 179, 5, 4349.980028780712, 0.0, 3885.682051849365, 13.942243681989462, 56304, 0, 0
LOSS, 2254.264839172321, -1485.3723892211915, 20.364215087890624, 0.7514216130574404, 234.28716, 3000, 0, 15, 4.429587428131272E7, 0.0, 2.2748028134720676E7, 14765.29142710424, 56390, 0, 0
LOSS, 6753.115800476065, -1439.0372261047364, 21.197489929199218, 9.916469604223296, 207.0, 681, 154, 20, 4.0517267818602E7, 0.0, 2.154555447050433E7, 59496.72220059031, 56582, 0, 0
LOSS, 1424.0041992187514, -3082.1530265808105, 20.54856719970703, 4.778537581270978, 175.0, 298, 180, 10, 3325.866123132848, 0.0, 3099.8844755311275, 11.160624574271301, 56669, 0, 0
LOSS, 5113.524365234378, -1806.1572257995606, 20.94840850830078, 9.740046409970244, 207.0, 525, 165, 11, 2573.5128395797665, 0.0, 1823.943086522196, 4.901929218247174, 56814, 0, 0
LOSS, 6238.548506164538, -2709.6815910339355, 21.93119659423828, 9.717365274399592, 193.7, 642, 157, 20, 5955.291721031434, 0.0, 2727.074773046967, 9.276155328709399, 57037, 0, 0
LOSS, -17437.685122680658, -3828.2300971984864, 19.999960327148436, -5.812561707560219, 210.55, 3000, 0, 6, 4736.449373366915, 0.0, 3838.960121917725, 1.5788164577889716, 57107, 0, 0
LOSS, 1774.532246398926, -610.5449745178223, 19.9190673828125, 10.62594159520315, 207.0, 167, 188, 2, 803.2744410377265, 0.0, 596.9449256896974, 4.810026593040279, 57142, 0, 0
