LOSS, 2520.2057617187497, -13.123018646240235, 38.8, 5.943881513487617, 207.0, 423, 171, 2, 1072.6006942749023, 0.0, 51.92301864624023, 2.5297186185728826, 210, 0, 0
LOSS, -6721.278503418071, -880.2057609558105, 21.473368835449218, -2.2404261678060235, 206.72717, 3000, 0, 6, 2339.8059848785188, 0.0, 892.8421745300293, 0.7799353282928396, 447, 0, 0
LOSS, -1227.9999999999998, -658.9272575378418, 21.429148864746093, -0.40933333333333327, 206.72717, 3000, 0, 17, 4808.092672176629, 0.0, 648.176569366455, 1.6026975573922098, 1029, 0, 0
LOSS, -641.6276092529287, -1810.9272575378418, 20.950419616699218, -8.78941930483464, 142.19241, 73, 195, 4, 130344.19329251058, 0.0, 129072.26137250298, 1785.5368944179531, 1096, 0, 0
LOSS, 213.34903259278715, -459.2996482849121, 21.515422058105468, 0.16113975271358547, 175.0, 1324, 111, 4, 85020.25103689171, 0.0, 82020.51125578544, 64.21469111547712, 1276, 0, 0
LOSS, -749.3929916382137, -1252.6486808776856, 22.10893096923828, -0.24979766387940458, 203.44408, 3000, 0, 10, 5978.448516272316, 0.0, 2038.2588731651938, 1.992816172090772, 1671, 0, 0
LOSS, -1803.5284317016376, -2083.255689239502, 20.824931335449218, -0.6011761439005459, 158.72717, 3000, 0, 19, 5302.787651476372, 0.0, 2072.5050010681152, 1.7675958838254573, 2006, 0, 0
LOSS, 2950.526232910161, -1959.7272575378418, 21.511289978027342, 4.149825925330747, 207.0, 711, 152, 13, 5873.506592020553, 0.0, 197.15143341960996, 8.260909412124548, 2577, 0, 0
LOSS, -1996.5420532226456, -1960.253490447998, 20.136576843261718, -0.6655140177408818, 198.88538, 3000, 0, 14, 4158.526386747686, 0.0, 707.6048095703125, 1.3861754622492286, 2852, 0, 0
LOSS, -1854.7401779174475, -1683.7114372253418, 21.04801788330078, -0.6182467259724825, 186.28716, 3000, 0, 15, 3110.7375937214356, 0.0, 1672.9489234924317, 1.0369125312404786, 3137, 0, 0
LOSS, -8688.72151031508, -1908.9712593078614, 18.32215118408203, -2.8962405034383596, 153.50256, 3000, 0, 1, 7.468672554214051E14, 0.0, 7.467912886512046E14, 2.4895575180713504E11, 3190, 0, 0
LOSS, -2631.278489685111, -280.24974899291993, 22.057963562011718, -0.8770928298950369, 186.28716, 3000, 0, 14, 1846.8884314097352, 0.0, 307.6810059403815, 0.6156294771365783, 3384, 0, 0
LOSS, 2062.9634078978906, -1828.9712593078614, 21.75968780517578, 0.7814255332946556, 191.0, 2640, 24, 17, 2665.909366629252, 0.0, 177.33075863900982, 1.0098141540262318, 3759, 0, 0
LOSS, 7006.320800781232, -3311.9346672058105, 21.787089538574218, 7.979864237791836, 191.0, 878, 141, 22, 14253.144570505307, 0.0, 3331.1589533710944, 16.23364985251174, 4165, 0, 0
LOSS, -4431.766618347195, -3758.2554679870605, 19.97911605834961, -1.477255539449065, 171.11125, 3000, 0, 7, 6481.0317789846995, 0.0, 3773.258092498779, 2.1603439263282334, 4504, 0, 0
LOSS, 5165.768011474599, -1446.4888496398926, 20.69474639892578, 8.358847915007441, 136.8308, 618, 158, 12, 3456.4788087663037, 0.0, 1435.816933441162, 5.593007781175249, 4838, 0, 0
LOSS, 6479.009564208942, -2452.256861114502, 21.67649688720703, 6.241820389411312, 197.33574, 1038, 130, 21, 5705.680945171823, 0.0, 2471.009344054933, 5.4968024519959755, 5281, 0, 0
LOSS, 3511.3318740844747, -3652.4664260864256, 21.51774444580078, 5.503654975054036, 199.84708, 638, 157, 12, 5984.462703891947, 0.0, 3662.5114624023436, 9.380035586037534, 5594, 0, 0
WIN , 8461.101699829087, -2643.7983001708985, 22.05192413330078, 9.84994377162874, 223.0, 859, 142, 20, 5397.932326547644, 0.0, 2662.748556518555, 6.283972440684103, 5927, 0, 0
LOSS, -14024.882762146119, -4054.300001525879, 19.63904266357422, -4.674960920715373, 227.82738, 3000, 0, 4, 6007.357079279952, 0.0, 4071.685893249512, 2.002452359759984, 6038, 0, 0
LOSS, 1845.8581893920907, -609.4172393798829, 19.665812683105468, 10.254767718844949, 207.0, 180, 188, 3, 1110.3753704932374, 0.0, 598.9864898681641, 6.168752058295763, 6119, 0, 0
LOSS, 1473.5855041503753, -875.2754287719727, 20.67082061767578, 0.4911951680501251, 233.39044, 3000, 0, 11, 3125.2199415041814, 0.0, 892.0273818969727, 1.0417399805013938, 6372, 0, 0
LOSS, -2495.111563110358, -1808.8609329223632, 21.54051055908203, -0.8317038543701193, 184.50607, 3000, 0, 15, 3521.4043561176622, 0.0, 1199.4436935424803, 1.1738014520392208, 6607, 0, 0
LOSS, 89.49899597168105, -1813.1493675231934, 21.13871612548828, 0.7990981783185809, 167.50256, 112, 192, 5, 1920.9588047156353, 0.0, 1801.6619834899902, 17.151417899246745, 6675, 0, 0
LOSS, 4055.6095458984373, -802.648363494873, 21.70304718017578, 9.749061408409705, 191.0, 416, 172, 7, 1573.0976160806247, 0.0, 815.186301949781, 3.7814846540399634, 6911, 0, 0
LOSS, 4683.590820312411, -1918.2579093933105, 20.11240997314453, 1.8062440494841538, 191.0, 2593, 27, 20, 5511.886217696364, 0.0, 1839.99755859375, 2.1256792200911545, 7404, 0, 0
LOSS, 262.60488281249866, -3391.8487297058105, 20.94846954345703, 0.9947154651988586, 175.0, 264, 182, 12, 5973.302825914214, 0.0, 3407.520787811279, 22.62614706785687, 7525, 0, 0
LOSS, 7307.9973892211665, -1295.65361328125, 20.4755859375, 8.22046950418579, 184.8308, 889, 140, 20, 4775.405772920623, 0.0, 1310.7093439659184, 5.371660037031073, 7995, 0, 0
WIN , 7818.237872314419, -3013.6510025024413, 21.34171905517578, 7.481567341927674, 153.11125, 1045, 130, 24, 5878.584617905522, 0.0, 3003.4884643554688, 5.625439825746911, 8499, 0, 0
LOSS, 1607.876799011229, -4061.8888748168947, 20.85429229736328, 3.122090871866464, 175.0, 515, 165, 11, 7.467533052736001E14, 0.0, 7.467533052684342E14, 1.4500064180069905E12, 8671, 0, 0
LOSS, 1542.586840820314, -2119.765673828125, 21.39585723876953, 4.688713801885452, 223.0, 329, 178, 4, 2784.5608537017156, 0.0, 2138.026477050781, 8.463710801524972, 8831, 0, 0
LOSS, 8084.147583007785, -1292.3525146484376, 22.00114288330078, 9.589736160151585, 223.0, 843, 143, 22, 4156.734201838066, 0.0, 1303.1651977539063, 4.9308828017058906, 9203, 0, 0
WIN , 5873.199902343728, -3505.900099182129, 23.772705078125, 5.002725640837928, 175.0, 1174, 121, 12, 5025.053358049835, 0.0, 3495.3001235961915, 4.280283950638701, 9534, 0, 0
LOSS, 3224.130097961414, -4059.7, 21.45390167236328, 3.6973969013318966, 209.7, 872, 141, 16, 6998.177473131418, 0.0, 4077.8721344593396, 8.025432882031442, 9892, 0, 0
WIN , 8205.1581512451, -3123.830097961426, 21.79093780517578, 9.398806587909622, 182.11751, 873, 141, 23, 7996.227272058296, 0.0, 3134.055361914233, 9.159481411292436, 10346, 0, 0
LOSS, 3995.832063293457, -4058.988249206543, 21.145976257324218, 5.451339786212083, 207.0, 733, 151, 19, 2173.641540343154, 0.0, 90.21024695745425, 2.965404557084794, 10706, 0, 0
LOSS, 2197.3475830078146, -3064.8203125, 19.62370147705078, 4.558812412879283, 175.0, 482, 167, 8, 4236.959126015742, 0.0, 3081.5084849350046, 8.790371630738054, 10919, 0, 0
LOSS, 3289.5099609375025, -1802.1678955078125, 20.63804473876953, 8.611282620255242, 207.0, 382, 174, 10, 1340.8798764723338, 0.0, 509.81538085937495, 3.5101567446919733, 11111, 0, 0
LOSS, 471.05260162349737, -1891.6778564453125, 20.737989807128905, 0.15701753387449913, 186.03575, 3000, 0, 17, 4611.443600332425, 0.0, 1906.4245971679688, 1.5371478667774752, 11427, 0, 0
LOSS, 2931.7236923217793, -2342.730458068848, 21.15592803955078, 7.536564761752646, 175.0, 389, 174, 8, 3198.365394430033, 0.0, 2353.666715187214, 8.222019008817567, 11632, 0, 0
LOSS, 1517.665625000001, -1943.854151916504, 21.06181182861328, 6.836331644144149, 191.0, 222, 185, 4, 2223.2352452123837, 0.0, 1961.456965637207, 10.014573176632359, 11735, 0, 0
LOSS, -588.9292755127083, -1382.119775390625, 21.208937072753905, -0.1963097585042361, 190.095, 3000, 0, 16, 2554.158651628859, 0.0, 420.04812011718764, 0.8513862172096196, 11974, 0, 0
LOSS, 4533.531765747068, -1813.1904998779296, 21.537577819824218, 8.521676251404262, 223.0, 532, 164, 14, 3140.9778971604433, 0.0, 1823.3714772911358, 5.904093791654969, 12193, 0, 0
LOSS, -847.6236694335952, -2565.5222648620606, 22.11521759033203, -8.738388344676238, 191.0, 97, 193, 3, 1814.0370845657706, 0.0, 1762.8739013671875, 18.70141324294609, 12212, 0, 0
LOSS, 3589.6613800048763, -787.8985954284668, 26.19602813720703, 5.574008354044839, 180.4, 644, 157, 5, 2290.6360239907613, 0.0, 808.7506199633115, 3.556888236010499, 12382, 0, 0
LOSS, 1993.5183410644283, -1957.5599754333496, 20.88639678955078, 0.6645061136881428, 233.87747, 3000, 0, 20, 4718.399790790946, 0.0, 1968.13643944547, 1.5727999302636486, 12703, 0, 0
LOSS, 2472.181253051759, -2591.078316497803, 21.80576934814453, 7.335849415583855, 223.0, 337, 177, 8, 2978.227127725298, 0.0, 2592.179407828099, 8.83746922173679, 12862, 0, 0
LOSS, 5240.980429077145, -2093.2595695495606, 21.331889343261718, 10.078808517456048, 167.6, 520, 165, 16, 3467.234434763809, 0.0, 2110.220542204486, 6.667758528391941, 13079, 0, 0
WIN , 7261.060000610333, -3014.239998626709, 21.33354034423828, 7.627163866187325, 207.0, 952, 136, 24, 6268.083117538633, 0.0, 3024.8297017216246, 6.584120921784279, 13478, 0, 0
LOSS, 183.24624023437508, -4055.2999992370605, 21.33494415283203, 0.5930299036711167, 191.0, 309, 179, 7, 4778.856602435908, 0.0, 4073.4612930297853, 15.465555347689023, 13581, 0, 0
LOSS, 925.0137359619149, -1608.5462394714355, 20.83872833251953, 5.70996133309824, 180.4, 162, 189, 3, 998.1360044617946, 0.0, 805.8978759765624, 6.161333360875275, 13634, 0, 0
LOSS, 6712.73913421645, -1013.5599754333496, 21.611796569824218, 2.237579711405483, 213.00987, 3000, 0, 22, 4435.504035378806, 0.0, 1024.0626034768102, 1.4785013451262687, 14048, 0, 0
LOSS, 4300.1106552124, -3666.299109649658, 21.573222351074218, 6.980699115604546, 191.0, 616, 158, 13, 4893.5119357433205, 0.0, 3655.1441337585447, 7.9440128827001955, 14282, 0, 0
LOSS, 1870.7641601562502, -3306.4097648620605, 21.87834014892578, 5.502247529871324, 191.0, 340, 177, 7, 3870.005473876232, 0.0, 3325.472631072998, 11.382369040812447, 14456, 0, 0
LOSS, 2693.5521972656275, -2257.1739250183105, 21.75205841064453, 7.051183762475465, 223.0, 382, 174, 10, 3002.794757371078, 0.0, 2273.779995588389, 7.860719260133712, 14612, 0, 0
WIN , 9180.755780029283, -2010.7261222839356, 20.31925811767578, 11.376401214410512, 145.18097, 807, 146, 27, 2872.0302005450194, 0.0, 1208.0777587890625, 3.5588973984448815, 15013, 0, 0
LOSS, 1422.7481948852555, -4061.4819023132322, 21.102796936035155, 2.558899631088589, 193.7, 556, 162, 15, 5713.6514934743855, 0.0, 4085.2546073913572, 10.27635160696832, 15237, 0, 0
WIN , 8681.069902038556, -2084.2300971984864, 24.883056640625, 10.783937766507524, 207.0, 805, 146, 24, 7820.464943707209, 0.0, 2660.972972106934, 9.714863284108334, 15590, 0, 0
LOSS, 3782.3703613281277, -4055.2999992370605, 21.94962921142578, 7.23206570043619, 207.0, 523, 165, 8, 796.1235071760376, 0.0, 28.602307263776623, 1.5222246791128826, 15810, 0, 0
WIN , 7234.210301208484, -3307.6703605651855, 21.78483428955078, 9.543813062280323, 141.19337, 758, 149, 10, 4645.156146442896, 0.0, 3324.0711547799156, 6.128174335676643, 16120, 0, 0
LOSS, 3035.878810119626, -4061.880661773682, 20.1866943359375, 5.392324707139656, 207.0, 563, 162, 11, 3108.489569544504, 0.0, 1118.3519169418282, 5.521295860647431, 16354, 0, 0
WIN , 8077.2005271911285, -2708.359474182129, 26.19596710205078, 6.242040592883407, 110.4, 1294, 113, 29, 8030.112172692238, 0.0, 2723.3004613191274, 6.205650828973909, 16834, 0, 0
LOSS, -18.73409652709985, -4066.159999847412, 20.581278991699218, -0.07318006455898379, 207.0, 256, 182, 10, 6737.494107809135, 0.0, 4084.582506639541, 26.318336358629434, 16965, 0, 0
LOSS, 74.26486053466867, -1626.225902557373, 21.993605041503905, 0.8072267449420508, 169.8, 92, 193, 3, 490.17631399513425, 0.0, 292.0320068359374, 5.32800341299059, 17009, 0, 0
WIN , 9472.26523742674, -800.490763092041, 22.56328582763672, 12.349759110073977, 132.43999, 767, 148, 28, 2961.15161595032, 0.0, 816.0321353043751, 3.86069311075661, 17394, 0, 0
WIN , 6872.393998718246, -4062.756000518799, 21.205302429199218, 7.241721811083504, 108.5, 949, 136, 15, 6552.447332047654, 0.0, 4084.259534975383, 6.904580961061805, 17743, 0, 0
LOSS, 1923.6477050781257, -4065.750001525879, 20.63297882080078, 4.691823670922258, 191.0, 410, 172, 10, 15517.488203204646, 0.0, 8847.239929200616, 37.84753220293816, 17939, 0, 0
LOSS, 5154.156774902339, -2529.397706604004, 21.044352722167968, 8.408086092826002, 186.45618, 613, 159, 12, 5367.086065636574, 0.0, 2548.0326705932616, 8.755442195165699, 18222, 0, 0
LOSS, 4514.840930175781, -3013.5544815063477, 21.084941101074218, 8.407525009638325, 175.0, 537, 164, 17, 3768.112155293189, 0.0, 3002.5163177490235, 7.016968631830892, 18461, 0, 0
LOSS, 7326.74189453124, -2877.7954093933104, 24.076557922363282, 8.431233480473233, 207.0, 869, 142, 17, 4960.6876691374, 0.0, 2897.560328697677, 5.708501345382508, 18781, 0, 0
LOSS, -139.34804229736272, -3914.5373039245605, 20.80064239501953, -0.5199553817065773, 201.8, 268, 182, 6, 13174.033061557056, 0.0, 8847.239944459405, 49.156839781929314, 18907, 0, 0
LOSS, 13651.762837219394, -1475.1892616271973, 21.438365173339843, 4.550587612406464, 211.81934, 3000, 0, 21, 9231.087939299367, 0.0, 3656.1766090393066, 3.0770293130997888, 19201, 0, 0
LOSS, 2095.7254882812517, -3666.9520988464355, 20.624327087402342, 5.278905512043456, 191.0, 397, 173, 6, 9236.66539048921, 0.0, 8847.239990235772, 23.266159673776347, 19293, 0, 0
LOSS, 2150.3464355468773, -2212.6775871276855, 20.64152374267578, 6.74089791707485, 186.448, 319, 178, 5, 2664.0954786757216, 0.0, 2236.7702857692257, 8.35139648487687, 19395, 0, 0
LOSS, -1447.4550476074176, -1693.0240226745605, 20.310595703125, -0.48248501586913917, 180.31, 3000, 0, 11, 3496.698334455694, 0.0, 1712.2653327941894, 1.1655661114852314, 19554, 0, 0
LOSS, 5209.708393859862, -1446.168977355957, 21.04246368408203, 9.942191591335614, 136.8308, 524, 165, 14, 11375.4987046749, 0.0, 8847.239929200616, 21.70896699365439, 19740, 0, 0
LOSS, 1517.2670349121086, -2455.277368927002, 21.51957550048828, 5.108643215192284, 209.7, 297, 180, 5, 516.5923159922305, 0.0, 21.771038332501533, 1.7393680673139074, 19851, 0, 0
LOSS, 4938.813700866697, -1602.5444038391113, 21.535624694824218, 10.830731800146266, 207.0, 456, 169, 16, 2449.036577954109, 0.0, 1621.0074351201558, 5.370694249899362, 20027, 0, 0
LOSS, 5635.099999999992, -2561.958106994629, 21.80949249267578, 8.603206106870218, 191.0, 655, 156, 16, 4024.1215117813526, 0.0, 2578.2704849243164, 6.143696964551683, 20305, 0, 0
LOSS, -11818.17071990966, -3407.058106994629, 21.04881134033203, -3.9393902399698866, 233.1259, 3000, 0, 6, 4914.486697445932, 0.0, 3425.260467806971, 1.6381622324819773, 20412, 0, 0
LOSS, 1836.705973815814, -608.8873870849609, 21.85880889892578, 0.6676502994604923, 207.0, 2751, 16, 17, 2901.0031631726433, 0.0, 1199.9735458374023, 1.05452677687119, 20689, 0, 0
LOSS, -2120.442358398458, -3614.9933586120605, 21.57359161376953, -2.9615116737408633, 186.448, 716, 152, 7, 1666.5397500432189, 0.0, 1049.47109375, 2.327569483300585, 20792, 0, 0
LOSS, -7566.7678344727765, -1214.551000213623, 21.57359161376953, -2.5222559448242587, 198.16809, 3000, 0, 6, 2307.5968437587544, 0.0, 1231.7803474426269, 0.7691989479195848, 20871, 0, 0
LOSS, 1671.5435424804691, -1027.7831657409668, 21.42759552001953, 6.453836071353162, 223.0, 259, 182, 4, 1480.1679576324966, 0.0, 1016.6411783845031, 5.7149341993532685, 20954, 0, 0
LOSS, -639.7279785156074, -1169.3267082214356, 20.57774200439453, -0.3352872004798781, 191.0, 1908, 72, 10, 1378.756739226186, 0.0, 439.2195312499998, 0.7226188360724245, 21133, 0, 0
LOSS, -3272.347920227062, -1929.5987297058105, 20.18455810546875, -1.0907826400756873, 223.49287, 3000, 0, 15, 5158.597509392902, 0.0, 1944.5718033525663, 1.7195325031309674, 21358, 0, 0
LOSS, 1874.0491653442416, -2177.25080947876, 19.63218536376953, 5.191271926161334, 223.0, 361, 175, 12, 2672.0986841123863, 0.0, 2166.6069638357335, 7.401935413053701, 21511, 0, 0
LOSS, 2501.055224609325, -1521.2999748229981, 20.11637725830078, 1.008083524630925, 186.448, 2481, 34, 20, 5750.865369817712, 0.0, 1510.6999992370606, 2.3179626641748134, 21871, 0, 0
LOSS, 1810.4489990234486, -3012.355199432373, 21.05705108642578, 0.8896555277756504, 184.41895, 2035, 64, 17, 7617.992061274042, 0.0, 3022.516919708252, 3.7434850423951063, 22145, 0, 0
LOSS, -4419.575221252473, -3012.8041984558104, 21.098280334472655, -1.473191740417491, 183.70998, 3000, 0, 14, 4789.049801908863, 0.0, 3001.1448188781737, 1.596349933969621, 22299, 0, 0
LOSS, -6904.490856552295, -1974.4289779663086, 19.773361206054688, -2.301496952184098, 34.339977, 3000, 0, 4, 4591.193581969572, 0.0, 1963.9393481935092, 1.5303978606565238, 22412, 0, 0
LOSS, 2490.715955734255, -1249.9381214141845, 21.37113800048828, 4.385063302349041, 191.0, 568, 162, 10, 1844.6925312391636, 0.0, 1263.358897781372, 3.247698118378809, 22528, 0, 0
LOSS, 2701.2558837890606, -1720.6540771484374, 20.76164093017578, 1.7031878208001643, 175.0, 1586, 94, 16, 2624.464979264559, 0.0, 1733.2971555824283, 1.6547698482122062, 22746, 0, 0
LOSS, -2791.2494842529622, -2801.9099609375, 20.87406768798828, -3.2954539365442295, 201.39499, 847, 143, 1, 3142.9319612777044, 0.0, 2819.1754031544315, 3.710663472582886, 22794, 0, 0
LOSS, -777.2698791504067, -740.6604766845703, 20.32584991455078, -0.25908995971680226, 174.095, 3000, 0, 14, 2663.1761531730544, 0.0, 750.8351334576828, 0.8877253843910181, 23035, 0, 0
LOSS, -2196.760621643101, -2262.19059677124, 20.382186889648438, -1.1483327870585995, 161.7, 1913, 72, 8, 3167.6338957927305, 0.0, 2272.761668372251, 1.6558462602157504, 23157, 0, 0
LOSS, -2741.7541778565396, -1575.4299751281737, 20.124797058105468, -0.9139180592855132, 213.45442, 3000, 0, 17, 6.895404998612135E15, 0.0, 3.215918384766997E15, 2.2984683328707114E12, 23332, 0, 0
LOSS, -6010.226078796508, -2033.6757972717285, 20.93156280517578, -2.0034086929321693, 201.50256, 3000, 0, 4, 1.0401113086015721E15, 0.0, 1.0401113085988441E15, 3.4670376953385736E11, 23422, 0, 0
LOSS, 3891.7622436523548, -1363.4497184753418, 20.19468536376953, 2.8636955435263833, 223.0, 1359, 109, 14, 3.227727512327515E15, 0.0, 3.215976845794505E15, 2.3750754321762437E12, 23640, 0, 0
LOSS, -12176.26264495852, -2985.2119621276856, 19.27561798095703, -4.058754214986173, 227.82738, 3000, 0, 5, 4744.287919215506, 0.0, 3001.242113494873, 1.5814293064051688, 23719, 0, 0
WIN , 9256.800075530975, -608.9493171691895, 23.978852844238283, 10.018181899925297, 102.506065, 924, 138, 14, 3109.368848995423, 0.0, 1982.1289993286134, 3.3651178019430983, 24007, 0, 0
LOSS, -4394.037955474911, -4065.749392700195, 21.04936065673828, -1.464679318491637, 198.88538, 3000, 0, 15, 1578.7937781035753, 0.0, 29.928576660156253, 0.5262645927011917, 24165, 0, 0
LOSS, 1143.8406127929695, -1811.7114372253418, 20.30351104736328, 0.5496591123464534, 223.0, 2081, 61, 16, 918.2100160285511, 0.0, 128.0, 0.44123499088349405, 24293, 0, 0
LOSS, 646.833174133301, -2185.5520500183106, 19.96024932861328, 3.534607508925142, 209.7, 183, 187, 8, 2531.776870848244, 0.0, 2204.070876055214, 13.834846288788219, 24337, 0, 0
WIN , 6620.608551025387, -1182.3852241516113, 24.15087890625, 3.280777279992759, 130.06224, 2018, 65, 8, 26096.01804834731, 0.0, 22889.503161541477, 12.931624404532858, 24562, 0, 0
LOSS, -4196.810609436064, -4062.993775177002, 21.07060089111328, -1.3989368698120213, 214.16809, 3000, 0, 15, 5718.795379729993, 0.0, 4084.599476484031, 1.9062651265766644, 24727, 0, 0
LOSS, 6775.2807495116995, -1826.1831657409668, 21.471476745605468, 8.630930891097707, 223.0, 785, 147, 17, 3514.0230271243136, 0.0, 1814.6505897521972, 4.476462454935431, 24976, 0, 0
LOSS, 4961.036083984372, -3171.4639152526856, 21.33000030517578, 7.382494172595792, 185.0, 672, 155, 12, 3573.2161364708686, 0.0, 2002.13720703125, 5.317285917367364, 25209, 0, 0
LOSS, -5812.071022033761, -3012.4999992370604, 20.84019317626953, -1.9373570073445872, 231.70998, 3000, 0, 12, 4742.228340808187, 0.0, 3022.790936846936, 1.5807427802693956, 25380, 0, 0
WIN , 8950.727023315416, -1680.4289772033692, 21.49590301513672, 11.287171530032051, 148.43999, 793, 147, 11, 3134.4543592608784, 0.0, 1312.832438659668, 3.952653668677022, 25646, 0, 0
LOSS, -2374.823799133303, -4061.156000518799, 20.56931915283203, -20.125625416383926, 223.0, 118, 192, 1, 71.24162694345392, 0.0, 9.339593444157382, 0.6037426012157112, 25680, 0, 0
LOSS, 7701.3262939452925, -646.332201385498, 21.45524444580078, 10.892965055085279, 223.0, 707, 152, 23, 2864.2447889222867, 0.0, 1539.2198486328125, 4.051265613751466, 25892, 0, 0
WIN , 7490.841503906235, -3257.6584953308106, 23.8779296875, 9.10187303026274, 175.0, 823, 145, 28, 2469.359583866649, 0.0, 1072.1064453125, 3.000436918428492, 26188, 0, 0
LOSS, -201.9634475708083, -4058.4999992370604, 21.596937561035155, -0.39992761895209566, 201.8, 505, 166, 6, 5151.006195738103, 0.0, 4074.2706176907063, 10.200012268788322, 26319, 0, 0
WIN , 4310.363447570811, -1686.5365516662598, 24.004638671875, 1.696993483295595, 191.0, 2540, 30, 20, 8218.690753432555, 0.0, 2202.306566619873, 3.2357050210364386, 26660, 0, 0
LOSS, 2196.930097961426, -4056.8999992370605, 21.11564483642578, 4.307706074434169, 177.7, 510, 166, 8, 735.7729935987854, 0.0, 30.275985944418544, 1.442692144311344, 26804, 0, 0
LOSS, 1974.0866500854495, -2373.8300971984863, 20.90000762939453, 6.000263374119907, 175.0, 329, 178, 7, 758.0666588260143, 0.0, 416.27012176513676, 2.3041539781945723, 26905, 0, 0
LOSS, 5109.580722045898, -1797.9167472839356, 20.92436065673828, 9.409909248703311, 199.84708, 543, 163, 11, 1853.3193784208902, 0.0, 995.2683837890626, 3.413111194145286, 27089, 0, 0
LOSS, -4918.508175659189, -2637.497469329834, 20.93241729736328, -1.6395027252197296, 206.10803, 3000, 0, 10, 3889.3618418018164, 0.0, 2655.5331867420095, 1.296453947267272, 27233, 0, 0
LOSS, -9187.728817749085, -2338.989293670654, 20.601820373535155, -3.062576272583028, 203.39499, 3000, 0, 4, 5387.634504739406, 0.0, 2384.0606224060057, 1.7958781682464686, 27296, 0, 0
LOSS, 4497.23952331542, -611.2604759216308, 21.18986358642578, 11.531383393116462, 185.0, 390, 174, 9, 1120.0627719047677, 0.0, 621.7718153223376, 2.8719558253968405, 27384, 0, 0
LOSS, 2326.7750976562543, -2068.4999992370604, 21.01170196533203, 5.566447602048455, 207.0, 418, 172, 12, 2747.964953699319, 0.0, 2078.8180128208446, 6.574078836601241, 27473, 0, 0
LOSS, -4785.148654174809, -1755.2750968933105, 20.959086608886718, -1.595049551391603, 203.39499, 3000, 0, 19, 2842.6785927616615, 0.0, 1108.9428955078124, 0.9475595309205539, 27610, 0, 0
LOSS, 2866.0455047607443, -1810.1264427185058, 20.836772155761718, 9.490216903181272, 207.0, 302, 179, 11, 6226.596083828661, 0.0, 3931.505687713623, 20.61786782724722, 27700, 0, 0
LOSS, 422.03436279297017, -1936.171947479248, 20.263595581054688, 2.3188701252360997, 207.0, 182, 187, 6, 2401.024581006654, 0.0, 1950.923261775045, 13.192442752783814, 27758, 0, 0
LOSS, 7401.09378662106, -918.2063102722168, 21.00041046142578, 8.400787499002337, 223.0, 881, 141, 14, 184174.99354248223, 0.0, 180861.42149966318, 209.0522060641115, 27953, 0, 0
WIN , 6978.70500335692, -3169.3000968933106, 20.831144714355467, 9.572983543699479, 179.94899, 729, 151, 21, 3977.6662300444623, 0.0, 3158.700121307373, 5.456332277152898, 28117, 0, 0
LOSS, 2972.2407485961917, -4058.005100250244, 21.41032257080078, 6.1157217049304355, 175.0, 486, 167, 15, 672.207441103694, 0.0, 43.645236080571955, 1.3831428829294115, 28221, 0, 0
WIN , 7385.054150390616, -2870.2458488464354, 21.400126647949218, 10.144305151635463, 207.0, 728, 151, 27, 1736.7632839734113, 0.0, 301.2180664062503, 2.3856638516118287, 28448, 0, 0
WIN , 6179.999999999989, -4055.2999992370605, 24.731773376464844, 7.054794520547933, 207.0, 876, 141, 23, 5728.413238611079, 0.0, 4073.767355457397, 6.539284518962418, 28675, 0, 0
LOSS, -1614.400024414063, -4055.2999992370605, 21.98539581298828, -10.415484028477826, 207.0, 155, 189, 2, 195.9711648192851, 0.0, 21.329908752441405, 1.264330095608291, 28719, 0, 0
LOSS, 3195.143579101564, -1010.899974822998, 21.30912628173828, 11.877857171381278, 191.0, 269, 182, 8, 1290.4627886415594, 0.0, 1000.2999992370605, 4.797259437329217, 28788, 0, 0
LOSS, 879.3831298828123, -1736.0435539245605, 20.539764404296875, 3.9083694661458326, 223.0, 225, 185, 4, 475.71502193477477, 0.0, 61.873193359375136, 2.114288986376777, 28822, 0, 0
LOSS, 3470.385314941407, -1025.4266838073731, 20.691162109375, 10.39037519443535, 191.88, 334, 177, 5, 1281.992808256374, 0.0, 910.7452636718749, 3.8383018211268682, 28914, 0, 0
LOSS, -3932.8847412109344, -1715.8119987487794, 21.79380645751953, -1.3109615804036447, 206.72717, 3000, 0, 11, 8633.552289355375, 0.0, 3022.516919708252, 2.877850763118458, 29104, 0, 0
LOSS, 844.972741699219, -1442.9272575378418, 20.41239776611328, 4.970427892348347, 191.0, 170, 188, 3, 2132.9100185886386, 0.0, 1726.3728393554688, 12.546529521109639, 29162, 0, 0
LOSS, -2968.603784179752, -947.8999992370606, 20.91593780517578, -1.1373960858926253, 207.0, 2610, 26, 11, 2758.407191448561, 0.0, 1431.5831901550293, 1.056860992892169, 29298, 0, 0
LOSS, -1813.9961181640829, -1999.296215057373, 20.92228546142578, -0.8260455911494002, 223.0, 2196, 53, 8, 3570.0723571127155, 0.0, 2068.2248783426894, 1.6257160096141692, 29460, 0, 0
LOSS, -8913.141894531298, -2305.3000968933106, 21.853224182128905, -2.9710472981770994, 234.41895, 3000, 0, 8, 3514.43583556731, 0.0, 1311.7332015991212, 1.1714786118557698, 29575, 0, 0
LOSS, -14463.74892883289, -2032.1582023620606, 20.781919860839842, -4.821249642944297, 231.90701, 3000, 0, 5, 4601.039267083209, 0.0, 1963.7557281494142, 1.5336797556944028, 29653, 0, 0
LOSS, 3679.273074340822, -608.4092735290527, 20.379745483398438, 13.47719074850118, 191.0, 273, 181, 6, 1399.377460458206, 0.0, 1072.0197036743166, 5.125924763583172, 29751, 0, 0
LOSS, -10909.152674865712, -1777.682347869873, 20.296817016601562, -3.6363842249552376, 230.70348, 3000, 0, 2, 819.3267450635925, 0.0, 22.40725097656241, 0.2731089150211975, 29763, 0, 0
LOSS, -9377.269166564998, -208.5296730041504, 20.296817016601562, -3.1257563888549993, 203.39499, 3000, 0, 2, 2209.821508813745, 0.0, 1471.8993041992187, 0.7366071696045816, 29775, 0, 0
LOSS, -7619.102426147557, -211.260506439209, 21.64677276611328, -2.5397008087158524, 234.41895, 3000, 0, 4, 8721.384595556967, 0.0, 7483.596126302082, 2.907128198518989, 29824, 0, 0
LOSS, 3364.5968017577998, -672.1580802917481, 21.48301544189453, 2.1321906221532316, 175.0, 1578, 94, 10, 2681.0654703192677, 0.0, 1360.0001220703125, 1.6990275477308414, 30002, 0, 0
LOSS, -7777.494284057691, -3216.7548820495604, 19.89044189453125, -2.5924980946858973, 203.39499, 3000, 0, 12, 26685.396617339746, 0.0, 20251.11211243004, 8.895132205779916, 30143, 0, 0
LOSS, -9216.333340454139, -2179.2605979919435, 20.86472930908203, -3.072111113484713, 206.72717, 3000, 0, 10, 3057.914020772044, 0.0, 2189.7340894438885, 1.0193046735906812, 30261, 0, 0
LOSS, 5478.533340454098, -1522.9272575378418, 20.32934112548828, 10.317388588425796, 201.39499, 531, 164, 14, 283727.53535281215, 0.0, 282527.40365063434, 534.3268085740342, 30461, 0, 0
LOSS, -8191.30251770028, -2611.4605979919434, 20.612162780761718, -2.7304341725667602, 234.41895, 3000, 0, 13, 3786.3416307570924, 0.0, 2601.2665473937986, 1.2621138769190308, 30589, 0, 0
LOSS, -11390.129072570771, -1680.158080291748, 20.11326904296875, -3.7967096908569236, 215.70998, 3000, 0, 5, 2018.2882098672565, 0.0, 1008.0, 0.6727627366224188, 30620, 0, 0
LOSS, -549.729008483884, -450.0290077209473, 21.14695587158203, -0.6778409475756892, 207.0, 811, 145, 1, 1023.5892318809251, 0.0, 439.6277992248535, 1.2621322218013873, 30679, 0, 0
LOSS, 3968.978124999985, -1010.2999992370605, 21.57438507080078, 5.188206699346385, 223.0, 765, 149, 17, 2079.5734133397173, 0.0, 1000.2999992370605, 2.7183966187447286, 30781, 0, 0
LOSS, 2709.0728027343494, -2409.2781242370606, 20.803446960449218, 1.2594480719360062, 191.0, 2151, 56, 19, 442293.46684346837, 0.0, 260671.06472155964, 205.6222532977538, 30964, 0, 0
LOSS, -1857.9435836792188, -3308.3509269714355, 21.484111022949218, -1.2769371709135524, 168.43999, 1455, 103, 8, 3963.717368649797, 0.0, 3322.431676462437, 2.7242043770788986, 31023, 0, 0
LOSS, 2612.135722351076, -1721.0073455810548, 21.291178894042968, 8.012686264880601, 191.0, 326, 178, 7, 2599.3915269401655, 0.0, 1737.7657100885324, 7.973593640920753, 31116, 0, 0
LOSS, -8880.876664733953, -1772.5430656433105, 20.848796081542968, -2.9602922215779843, 199.33574, 3000, 0, 7, 3026.930380247715, 0.0, 1787.5710376711024, 1.008976793415905, 31182, 0, 0
LOSS, -4408.405558776896, -1091.6664009094238, 21.64756622314453, -1.4694685195922987, 203.39499, 3000, 0, 19, 2349.4920253308387, 0.0, 1081.1114616394043, 0.7831640084436129, 31309, 0, 0
LOSS, 2346.994113159182, -2243.2608421325685, 21.839823913574218, 5.250546114450071, 207.0, 447, 170, 11, 2978.711163189707, 0.0, 2253.7343328521497, 6.663783362840507, 31419, 0, 0
LOSS, -8941.324668884294, -1900.254955291748, 21.157328796386718, -2.9804415562947644, 158.10802, 3000, 0, 7, 2788.5914732969795, 0.0, 1910.8196418615858, 0.9295304910989932, 31480, 0, 0
LOSS, -3030.5210128784265, -1078.9302864074707, 19.738189697265625, -1.0101736709594755, 231.90701, 3000, 0, 5, 2734.2942732205956, 0.0, 1093.1609541223233, 0.9114314244068652, 31545, 0, 0
LOSS, 1701.2466934204103, -608.4092735290527, 20.419601440429688, 9.146487599034463, 187.05605, 186, 187, 1, 710.9982764158256, 0.0, 399.87960052490234, 3.822571378579707, 31580, 0, 0
LOSS, -2598.3954910279235, -989.6559669494629, 20.47324981689453, -0.8661318303426412, 203.39499, 3000, 0, 16, 3215.6124850149504, 0.0, 1006.4466601029815, 1.0718708283383167, 31768, 0, 0
LOSS, 1738.0120574951188, -1811.2604759216308, 21.04569854736328, 3.0545027372497695, 207.0, 569, 162, 5, 3783.7943219510094, 0.0, 1821.7339677397579, 6.649902147541317, 31853, 0, 0
LOSS, -636.6053588867171, -1619.8725357055664, 21.641920471191405, -6.772397434965075, 127.5, 94, 193, 3, 1710.1262783723155, 0.0, 1633.3967412053933, 18.192832748641653, 31877, 0, 0
LOSS, 2548.557556152344, -462.6671745300293, 20.371078491210938, 9.439102059823497, 175.0, 270, 182, 4, 1682.3716503044918, 0.0, 597.7879507564925, 6.231006112238859, 31954, 0, 0
LOSS, 427.6630493164064, -1131.224730682373, 19.48424835205078, 3.8184200831822, 159.0, 112, 192, 0, 1342.5884893937819, 0.0, 1148.5131828308106, 11.987397226730195, 31992, 0, 0
LOSS, -2038.574615478539, -558.8877799987793, 21.384379577636718, -0.6795248718261797, 152.8681, 3000, 0, 12, 1959.7046001054168, 0.0, 576.9361198425293, 0.6532348667018056, 32110, 0, 0
LOSS, -1249.6526641845626, -1960.3131645202636, 21.14005889892578, -0.41655088806152085, 203.39499, 3000, 0, 15, 7262.511107950196, 0.0, 2328.000603485107, 2.4208370359833986, 32377, 0, 0
LOSS, -12890.130873107857, -2610.6605003356935, 21.66459503173828, -4.296710291035953, 230.70348, 3000, 0, 12, 5348.888235487388, 0.0, 2621.135791938045, 1.7829627451624626, 32486, 0, 0
LOSS, 643.7016098022465, -1680.5296272277833, 20.996775817871093, 3.2675208619403375, 191.0, 197, 186, 4, 1743.6644746547067, 0.0, 1471.9999542236328, 8.851088703831, 32554, 0, 0
LOSS, -15495.248040771392, -934.2312370300293, 19.616911315917967, -5.165082680257131, 166.16809, 3000, 0, 1, 8229.708188534842, 0.0, 2680.7621215820313, 2.743236062844947, 32591, 0, 0
LOSS, -8406.733477783251, -278.9831962585449, 21.462626647949218, -2.802244492594417, 153.50256, 3000, 0, 12, 38731.54052168276, 0.0, 33829.25354022709, 12.910513507227586, 32704, 0, 0
LOSS, -16386.47845916738, -1832.2497184753418, 20.94291534423828, -5.462159486389127, 218.28716, 3000, 0, 2, 73746.12290646437, 0.0, 72576.13170184792, 24.582040968821456, 32738, 0, 0
LOSS, -1844.394087219247, -625.7712593078613, 21.00968780517578, -0.6185090835745295, 186.448, 2982, 1, 6, 1855.5095738178984, 0.0, 614.8493175752016, 0.6222366109382623, 32860, 0, 0
LOSS, -3178.1166961670024, -1701.377172088623, 20.461395263671875, -1.0593722320556676, 203.39499, 3000, 0, 8, 3130.0412601001485, 0.0, 1719.4929839817378, 1.0433470867000496, 32997, 0, 0
LOSS, 1038.6509613037135, -1443.2604759216308, 20.05450439453125, 2.5394889029430647, 196.88538, 409, 172, 3, 1927.5499780837063, 0.0, 1453.7339677397579, 4.712836132234001, 33051, 0, 0
LOSS, -5284.650961303794, -1091.9114372253418, 21.551527404785155, -1.7615503204345981, 203.39499, 3000, 0, 4, 1837.603488782471, 0.0, 1081.0497428894043, 0.6125344962608237, 33086, 0, 0
LOSS, 233.02023620607292, -787.2604759216308, 20.69395294189453, 0.08711036867516744, 207.0, 2675, 21, 9, 5056.2688739572, 0.0, 2274.7007804870605, 1.8901939715727851, 33245, 0, 0
LOSS, -703.3084472656305, -2150.2807121276855, 21.96195831298828, -0.5577386576254009, 191.0, 1261, 115, 4, 2822.373214557033, 0.0, 2157.6549839138115, 2.2382023906082735, 33295, 0, 0
LOSS, 4548.64462890625, -1437.5722671508788, 21.47526397705078, 11.067261870818125, 207.0, 411, 172, 7, 1826.8241298595244, 0.0, 1091.825439453125, 4.444827566568186, 33444, 0, 0
LOSS, 3362.458886718752, -2436.216896057129, 20.78666534423828, 2.369597524114695, 191.0, 1419, 105, 14, 789.4692599763578, 0.0, 93.18081054687491, 0.5563560676366157, 33587, 0, 0
LOSS, 1078.2032516479262, -3088.675782775879, 20.654216003417968, 0.3594010838826421, 178.55, 3000, 0, 14, 5823.719046513682, 0.0, 3003.4077629089356, 1.9412396821712272, 33772, 0, 0
LOSS, -5105.525093078642, -2006.8790344238282, 20.764601135253905, -1.7018416976928807, 229.12076, 3000, 0, 10, 3029.775843321123, 0.0, 2016.7679071111977, 1.009925281107041, 33867, 0, 0
LOSS, 458.12652893066434, -1361.353941345215, 20.71018829345703, 4.281556345146396, 143.5, 107, 192, 6, 1449.0131981101795, 0.0, 1371.3946540832521, 13.542179421590463, 33912, 0, 0
LOSS, -2850.3954772949214, -788.8804679870606, 21.52628936767578, -0.9501318257649738, 211.15106, 3000, 0, 13, 4250.269389978371, 0.0, 1906.8659301757812, 1.4167564633261236, 34121, 0, 0
LOSS, -7125.173553466957, -2898.4849906921386, 21.12077178955078, -2.375057851155652, 182.88538, 3000, 0, 6, 2220.926694867037, 0.0, 1066.2352722167968, 0.7403088982890124, 34188, 0, 0
LOSS, -1992.7789962768384, -933.3114372253418, 21.39897003173828, -0.6642596654256128, 151.33574, 3000, 0, 10, 1992.6470923390232, 0.0, 878.4, 0.664215697446341, 34335, 0, 0
LOSS, -3259.281753540044, -1960.5324409484863, 20.456161499023438, -1.0864272511800146, 223.49287, 3000, 0, 13, 2540.576992910121, 0.0, 868.8660400390625, 0.846858997636707, 34446, 0, 0
LOSS, 3139.6761184692377, -1681.2506874084472, 21.54655303955078, 9.126965460666389, 223.0, 344, 177, 6, 2237.8922611922944, 0.0, 1670.6068417654205, 6.505500759279926, 34541, 0, 0
WIN , 3584.37319335939, -1861.526808166504, 23.66015625, 1.3124764530792348, 207.0, 2731, 17, 19, 4066.571818495534, 0.0, 1877.9156380274378, 1.4890413103242526, 34847, 0, 0
LOSS, -1438.3219604492667, -4055.900001525879, 20.723002624511718, -1.7001441612875494, 214.89856, 846, 143, 7, 6189.098280570125, 0.0, 4074.35323951851, 7.315719007766106, 34951, 0, 0
LOSS, -6666.794842529422, -1477.5780410766602, 19.349334716796875, -2.222264947509807, 214.16809, 3000, 0, 4, 4830.200752944941, 0.0, 2384.0605918884276, 1.6100669176483138, 34977, 0, 0
LOSS, 1585.3032287597673, -450.78319854736327, 21.38078155517578, 0.9142463833678012, 191.0, 1734, 84, 4, 1261.155044965884, 0.0, 439.36049499511716, 0.7273097145131971, 35084, 0, 0
LOSS, 226.9748092651012, -2215.4864250183105, 21.69254913330078, 0.18589255468067256, 201.8, 1221, 118, 8, 2746.1406858855817, 0.0, 2230.9627891540526, 2.2490914708317624, 35182, 0, 0
LOSS, -3632.2371139526326, -1693.0612365722657, 21.08488311767578, -1.2107457046508776, 234.41895, 3000, 0, 9, 15959.25920375079, 0.0, 10417.553609060007, 5.319753067916929, 35359, 0, 0
LOSS, -5392.008712768635, -1440.2241203308106, 19.61918487548828, -1.797336237589545, 227.84592, 3000, 0, 8, 9692.383108758573, 0.0, 6578.214285279391, 3.230794369586191, 35472, 0, 0
LOSS, -6644.057327270653, -1088.215407562256, 20.956034851074218, -2.2146857757568843, 234.41895, 3000, 0, 6, 194657.24635462376, 0.0, 192663.61960139772, 64.88574878487458, 35555, 0, 0
LOSS, -3265.2308227539197, -784.1580802917481, 21.84245147705078, -1.0884102742513067, 206.72717, 3000, 0, 7, 1255914.832296329, 0.0, 673362.5853318342, 418.6382774321097, 35673, 0, 0
LOSS, -6547.477539062624, -1298.9272575378418, 22.15061798095703, -2.1824925130208745, 201.50256, 3000, 0, 3, 2159.5475502093036, 0.0, 1287.5830680847168, 0.7198491834031012, 35708, 0, 0
LOSS, -6180.904743957643, -611.4497184753418, 19.69585723876953, -2.0603015813192145, 210.55, 3000, 0, 5, 399759.7417780352, 0.0, 392574.8872996367, 133.25324725934507, 35790, 0, 0
LOSS, 2461.840718078614, -610.5449745178223, 20.7384033203125, 12.755651389008362, 207.0, 193, 187, 5, 943.3667366561921, 0.0, 688.3822830200195, 4.887910552622757, 35846, 0, 0
LOSS, 590.1270645141611, -1222.3856925964355, 20.56370391845703, 0.7413656589373884, 185.32774, 796, 146, 7, 1958.639542024226, 0.0, 1237.8159249376367, 2.4606024397289272, 35927, 0, 0
LOSS, -3021.063038635253, -1172.5127571105957, 21.29813995361328, -1.0070210128784178, 201.50256, 3000, 0, 13, 20610.70177233157, 0.0, 17533.816996768, 6.870233924110523, 36124, 0, 0
LOSS, 984.5802810668954, -1811.4497184753418, 22.11887969970703, 5.757779421443833, 209.7, 171, 188, 3, 1447.0030534899945, 0.0, 1200.0, 8.462006160760202, 36184, 0, 0
LOSS, 310.19997558594105, -1186.0299995422363, 20.58447265625, 0.2615514128043348, 193.7, 1186, 120, 8, 3444.7396099419143, 0.0, 1197.3599998474122, 2.90450220062556, 36331, 0, 0
LOSS, -328.9298782348648, -1956.229975128174, 21.66715850830078, -0.27804723434899814, 223.0, 1183, 121, 10, 148262.35330661273, 0.0, 145444.73521883436, 125.32743305715361, 36473, 0, 0
LOSS, -5432.384033203167, -2177.3000968933106, 21.70615997314453, -1.9297989460757254, 223.0, 2815, 12, 7, 1532.3531255207547, 0.0, 365.85037841796884, 0.5443527976983142, 36600, 0, 0
WIN , -177.27124786382896, -2094.9160636901856, 21.403300476074218, -0.06313078627629236, 183.55183, 2808, 12, 29, 91761.714121418, 0.0, 87562.05805055113, 32.678673120163104, 36872, 0, 0
WIN , 5897.655183410644, -4057.644815826416, 21.86417999267578, 8.47364250490035, 207.0, 696, 153, 17, 967.449763851047, 0.0, 35.373173969042696, 1.3900140285216194, 37140, 0, 0
LOSS, -210.4089111328113, -4055.2999992370605, 20.18766632080078, -0.48369864628232484, 191.0, 435, 171, 4, 898.5815637661195, 0.0, 35.095571401217576, 2.06570474428993, 37254, 0, 0
LOSS, 3135.5580810546885, -1594.891088104248, 21.85685577392578, 10.08218032493469, 207.0, 311, 179, 6, 1907.5320126673944, 0.0, 1610.741790805742, 6.133543449091301, 37360, 0, 0
LOSS, 2129.9814208984385, -1860.4491691589355, 21.34330596923828, 8.452307225787454, 223.0, 252, 183, 4, 3007.868439841689, 0.0, 1876.6898172169535, 11.935985872387654, 37411, 0, 0
LOSS, 4664.088745117184, -1570.4305900573731, 21.61460723876953, 11.265914843278221, 223.0, 414, 172, 11, 2483.1291477228438, 0.0, 1586.8967260283025, 5.9978964920841635, 37513, 0, 0
LOSS, 1180.950927734376, -2474.5193351745606, 20.58746337890625, 3.9234250090843052, 223.0, 301, 179, 5, 1527.8250249619248, 0.0, 833.1510253906249, 5.075830647714036, 37576, 0, 0
LOSS, -10545.011685180667, -1485.4702629089356, 20.877543640136718, -3.5150038950602225, 231.41397, 3000, 0, 6, 2775.7933736351765, 0.0, 682.8218994140626, 0.9252644578783922, 37723, 0, 0
LOSS, 441.7398345947272, -1440.4585777282714, 19.74908447265625, 0.9794674824716789, 223.0, 451, 169, 4, 1858.9207042119817, 0.0, 1231.928904724121, 4.1217753973658136, 37782, 0, 0
WIN , 5756.301586914056, -1072.1984123229981, 21.53263702392578, 4.286151591149707, 175.0, 1343, 110, 17, 41982.42328937378, 0.0, 36688.4658200145, 31.260181153666252, 38009, 0, 0
LOSS, 834.9270751953096, -4058.4999992370604, 20.76896514892578, 1.9282380489499067, 207.0, 433, 171, 8, 181903.35823363278, 0.0, 180973.48412452865, 420.1001344887593, 38139, 0, 0
LOSS, -162.64723510745443, -1803.427074432373, 21.10966339111328, -0.05421574503581814, 188.20258, 3000, 0, 12, 4141.306849313133, 0.0, 1818.960277557373, 1.380435616437711, 38296, 0, 0
LOSS, -10814.919338989255, -2340.7798393249514, 20.68896484375, -3.604973112996418, 171.39499, 3000, 0, 9, 736603.7968367906, 0.0, 570168.712053248, 245.53459894559688, 38410, 0, 0
LOSS, 3562.6219207763493, -2165.8605003356934, 21.39390411376953, 2.1043248203049907, 175.0, 1693, 87, 17, 63876.429753282966, 0.0, 59714.972925577276, 37.729728147243335, 38614, 0, 0
LOSS, -4910.17185516363, -3398.4824211120604, 21.89982452392578, -1.6367239517212102, 232.89409, 3000, 0, 9, 4363.952114870572, 0.0, 2326.284008789062, 1.4546507049568573, 38737, 0, 0
LOSS, -6291.881588745229, -1808.3105659484863, 20.362564086914062, -2.0972938629150764, 231.70998, 3000, 0, 5, 211961.54001113208, 0.0, 210467.27535345842, 70.65384667037736, 38798, 0, 0
LOSS, 1214.3502334594725, -656.4289772033692, 21.01042022705078, 10.65219503034625, 191.0, 114, 192, 2, 1296.5159496673148, 0.0, 1151.8815887451171, 11.37294692690627, 38830, 0, 0
LOSS, 1391.9207885742187, -770.7792106628418, 21.325148010253905, 10.790083632358284, 223.0, 129, 191, 3, 1293.0322522335603, 0.0, 1027.1375366210937, 10.02350583126791, 38873, 0, 0
LOSS, 3138.235913085938, -912.6999992370605, 20.1373779296875, 5.844014735728004, 175.0, 537, 164, 8, 1724.6423113907933, 0.0, 902.6999992370605, 3.211624415997753, 38984, 0, 0
LOSS, -1880.87543640133, -1600.935912322998, 21.087870788574218, -0.6269584788004433, 155.39499, 3000, 0, 12, 10699.297276466188, 0.0, 7489.705575094524, 3.5664324254887294, 39126, 0, 0
LOSS, -3936.7339599609318, -1960.0604759216308, 22.00816192626953, -1.3122446533203105, 203.39499, 3000, 0, 10, 4235.088003014988, 0.0, 1970.5297396731214, 1.4116960010049961, 39225, 0, 0
LOSS, 650.0128875732222, -1683.3265159606933, 20.64066925048828, 0.25401050706261125, 223.0, 2559, 29, 13, 3117.6112918888184, 0.0, 1693.7955943024078, 1.2182928065216172, 39312, 0, 0
LOSS, -4114.228837585457, -2463.3394035339356, 22.01176300048828, -1.3714096125284856, 184.89409, 3000, 0, 9, 36337.41978030373, 0.0, 32477.36510717048, 12.112473260101243, 39430, 0, 0
LOSS, 1061.2919479370214, -1909.1105659484863, 20.74992218017578, 1.6531027226433355, 223.0, 642, 157, 4, 2413.622617607903, 0.0, 1898.114204847318, 3.759536787551251, 39501, 0, 0
WIN , 4954.897485351536, -1470.4025138854981, 21.29075469970703, 2.1256531468689555, 207.0, 2331, 44, 16, 1683.375227081207, 0.0, 160.25653174092784, 0.7221686945865323, 39674, 0, 0
LOSS, 1901.4363769531253, -4055.2999992370605, 21.224589538574218, 4.729941236201804, 223.0, 402, 173, 8, 830.6133582606305, 0.0, 71.92736813902671, 2.0662023837329118, 39762, 0, 0
LOSS, 874.7687988281281, -2396.7363761901856, 21.059916687011718, 2.260384493095938, 223.0, 387, 174, 6, 2905.0748623289546, 0.0, 2416.332009124756, 7.50665339103089, 39823, 0, 0
LOSS, -5418.178659057674, -1481.5051750183106, 20.248553466796874, -1.8060595530192247, 203.39499, 3000, 0, 12, 4939.586068364977, 0.0, 1910.3435546874998, 1.6465286894549924, 39958, 0, 0
LOSS, 7909.362057495096, -1443.3265159606933, 20.452011108398438, 8.569189661424806, 191.0, 923, 138, 24, 276162.78625149286, 0.0, 271984.53720563615, 299.201285212885, 40169, 0, 0
LOSS, -6495.175408935694, -3682.6885734558105, 20.396041870117188, -2.1650584696452313, 200.8681, 3000, 0, 7, 56250.05534301397, 0.0, 50762.82141705381, 18.750018447671323, 40240, 0, 0
LOSS, 3127.410223388662, -787.5131645202637, 21.01603546142578, 1.9907130639011215, 223.0, 1571, 95, 9, 2434.636291642256, 0.0, 776.4721686230879, 1.5497366592248605, 40403, 0, 0
LOSS, -5655.435308837996, -2264.9233879089356, 21.43479766845703, -1.8851451029459987, 221.11896, 3000, 0, 4, 1696.2588154321427, 0.0, 794.5208740234375, 0.5654196051440475, 40446, 0, 0
LOSS, -12481.078805542045, -609.4880790710449, 19.43908233642578, -4.1603596018473485, 231.90701, 3000, 0, 5, 5104.046528346027, 0.0, 3655.7971229553223, 1.701348842782009, 40522, 0, 0
WIN , 9745.29072570798, -608.4092735290527, 21.42417755126953, 12.558364337252552, 223.0, 776, 148, 20, 47570.83418941804, 0.0, 46248.96634638094, 61.30262137811603, 40747, 0, 0
LOSS, -8401.442712402524, -4053.6999992370606, 18.584544372558593, -2.800480904134175, 193.42719, 3000, 0, 2, 785.2306284952336, 0.0, 21.33000030517578, 0.26174354283174456, 40757, 0, 0
LOSS, -4541.676570129449, -212.2572868347168, 20.091390991210936, -1.5138921900431497, 210.19289, 3000, 0, 3, 1460.082158713903, 0.0, 700.4427124023437, 0.48669405290463436, 40768, 0, 0
LOSS, 2525.449282836914, -210.58071670532226, 21.72727813720703, 16.08566422189117, 209.7, 157, 189, 1, 1844.600747057997, 0.0, 1698.529849243164, 11.749049344318452, 40806, 0, 0
LOSS, 2016.3498397825726, -1186.0299995422363, 21.508036804199218, 0.6721166132608576, 172.20258, 3000, 0, 22, 195545.9131665978, 0.0, 191532.58836825323, 65.1819710555326, 41028, 0, 0
LOSS, -873.691638183572, -2902.3798393249513, 20.93907012939453, -0.29123054606119064, 189.11896, 3000, 0, 13, 2623.0514138591166, 0.0, 561.5999999999999, 0.8743504712863722, 41188, 0, 0
LOSS, 858.9472473144597, -2308.6882011413572, 21.444560241699218, 0.30117364912849215, 207.0, 2852, 9, 12, 568559.0705208363, 0.0, 556528.894358915, 199.35451280534232, 41344, 0, 0
LOSS, 5186.35107269287, -2867.6354484558105, 21.60160675048828, 6.294115379481638, 176.13576, 824, 145, 16, 631763.4014841743, 0.0, 449293.5110520131, 766.7031571409882, 41603, 0, 0
LOSS, -3269.9960220337043, -3013.9865211486817, 21.511698913574218, -1.0899986740112348, 190.095, 3000, 0, 13, 27673.54642233475, 0.0, 22760.602168534046, 9.224515474111584, 41751, 0, 0
WIN , 6951.777891540493, -1683.9904991149901, 20.903788757324218, 4.055879750023625, 202.31609, 1714, 85, 15, 2931.8335906798234, 0.0, 1694.3691194429423, 1.7105213481212505, 41967, 0, 0
LOSS, -7796.387673950393, -4055.7683906555176, 17.37595977783203, -2.5987958913167977, 162.19289, 3000, 0, 4, 805.6855898075162, 0.0, 38.55504913715731, 0.2685618632691721, 42002, 0, 0
LOSS, 4232.334590148926, -279.38071670532224, 21.12748565673828, 14.202465067613844, 191.0, 298, 180, 10, 4042.1103536115484, 0.0, 3269.140750122606, 13.564128703394458, 42113, 0, 0
LOSS, 1912.5441787718523, -1731.715306854248, 21.29752960205078, 0.6375147262572841, 233.40611, 3000, 0, 16, 31350.107332143656, 0.0, 24564.82610892778, 10.450035777381219, 42338, 0, 0
LOSS, -4732.268986511298, -3024.259485626221, 20.70066680908203, -1.577422995503766, 190.095, 3000, 0, 8, 239993.74750998404, 0.0, 236768.32812861569, 79.99791583666135, 42445, 0, 0
LOSS, 4270.797634887696, -1011.9904991149903, 21.045256042480467, 10.391235121381257, 223.0, 411, 172, 9, 1742.4301958177018, 0.0, 1022.3691194429424, 4.239489527536987, 42572, 0, 0
LOSS, -2348.5481353759956, -2012.7881340026856, 20.588633728027343, -1.1340164825572165, 167.6, 2071, 61, 6, 3650.5325775528636, 0.0, 2031.7977775573731, 1.76269076656343, 42638, 0, 0
LOSS, -3890.1795227051052, -1094.239998626709, 21.984449768066405, -1.2967265075683685, 155.39499, 3000, 0, 4, 2277.648039460945, 0.0, 1104.5065855003263, 0.7592160131536483, 42679, 0, 0
LOSS, -955.2807586670068, -824.0604759216309, 21.79289093017578, -0.31842691955566893, 188.20258, 3000, 0, 9, 2087.948590111821, 0.0, 834.5104800886586, 0.695982863370607, 42795, 0, 0
LOSS, -490.19890899660993, -1588.7797172546386, 21.369120788574218, -0.1633996363322033, 210.19289, 3000, 0, 15, 2465.4271954020805, 0.0, 1313.6001220703126, 0.8218090651340269, 42915, 0, 0
LOSS, -14168.807583618223, -2338.5808082580565, 19.00957260131836, -4.722935861206074, 218.2675, 3000, 0, 5, 103454.0695307311, 0.0, 99958.48115787914, 34.48468984357703, 42960, 0, 0
LOSS, 6346.614323425282, -609.7732246398925, 21.43168487548828, 14.326443168002895, 191.0, 443, 170, 13, 1144.6250720821986, 0.0, 598.8502330020164, 2.5838037744519156, 43086, 0, 0
LOSS, -6934.130261230646, -2786.3875480651855, 17.048167419433593, -2.3113767537435486, 193.42719, 3000, 0, 2, 1739.1747667692293, 0.0, 886.1325927734374, 0.5797249222564098, 43106, 0, 0
LOSS, 255.91397247310613, -212.2572868347168, 20.445663452148438, 0.08530465749103537, 234.28716, 3000, 0, 16, 4091.006030329696, 0.0, 1372.3528767979878, 1.3636686767765653, 43272, 0, 0
LOSS, 192.00012207032947, -1808.1712593078614, 19.360654449462892, 0.06400004069010982, 234.28716, 3000, 0, 21, 3799.197022108449, 0.0, 1309.1144287109375, 1.2663990073694829, 43428, 0, 0
LOSS, -12505.821672058068, -2560.171381378174, 21.48966827392578, -4.168607224019356, 212.50266, 3000, 0, 7, 10019.174074438433, 0.0, 5323.3949009651205, 3.3397246914794776, 43684, 0, 0
WIN , 5760.661789703348, -1954.3497093200683, 21.76212921142578, 5.439718403874739, 109.885, 1059, 129, 18, 3001.7007613159453, 0.0, 1944.0654457092285, 2.8344671967100523, 43897, 0, 0
LOSS, 29.749071502685347, -4065.0114990234374, 21.636943054199218, 0.12395446459452228, 207.0, 240, 184, 7, 4356.266398019869, 0.0, 4083.4162184254137, 18.151109991749454, 43971, 0, 0
LOSS, 4614.539526367181, -1754.760570526123, 21.24479522705078, 8.124189306984473, 223.0, 568, 162, 15, 2735.232270813014, 0.0, 1772.8864823556123, 4.815549772558123, 44134, 0, 0
LOSS, -482.7842773437506, -2609.3000968933106, 20.60099639892578, -3.473268182329141, 207.0, 139, 190, 2, 2701.496100213189, 0.0, 2598.6340812683106, 19.435223742540927, 44151, 0, 0
LOSS, 6379.574951171866, -816.5158195495605, 21.588603210449218, 9.087713605657928, 207.0, 702, 153, 13, 1782.7714028629928, 0.0, 835.367698793827, 2.539560402938736, 44296, 0, 0
LOSS, 469.19702148437773, -3256.0907707214355, 20.76688995361328, 1.4895143539186595, 207.0, 315, 179, 8, 3810.596910686337, 0.0, 3276.01781539917, 12.097133049797895, 44412, 0, 0
WIN , 8450.012207031228, -1575.2877922058105, 24.602783203125, 11.985832917774792, 207.0, 705, 153, 21, 2670.2118015706633, 0.0, 1592.7695956411474, 3.7875344703129974, 44579, 0, 0
LOSS, 3813.567529296875, -4055.2999992370605, 21.75480499267578, 7.39063474669937, 191.0, 516, 165, 19, 586.165555408411, 0.0, 27.74379061867545, 1.1359797585434321, 44736, 0, 0
LOSS, 1219.9958526611351, -3308.8675285339355, 22.01444854736328, 3.7423185664451997, 145.0759, 326, 178, 8, 4565.708925855398, 0.0, 3328.194323004372, 14.005242103850915, 44813, 0, 0
LOSS, 5978.436715698228, -1728.8633811950683, 20.885356140136718, 8.96317348680394, 223.0, 667, 155, 19, 1151449.421746365, 0.0, 1148046.7683779176, 1726.310977130982, 45014, 0, 0
LOSS, 4433.44521484375, -3057.3000968933106, 20.69621124267578, 6.491135014412519, 207.0, 683, 154, 22, 6124.758637022317, 0.0, 3047.3000968933106, 8.96743577894922, 45184, 0, 0
WIN , 6857.75468749999, -3020.7453117370605, 21.665052795410155, 9.910050126445071, 175.0, 692, 153, 19, 4592.049217790046, 0.0, 3038.577953338623, 6.6359092742630725, 45396, 0, 0
LOSS, 4860.885449218748, -4058.4999992370604, 22.04289093017578, 7.169447565219393, 207.0, 678, 154, 16, 934.0411960596659, 0.0, 45.42260402015114, 1.3776418820939025, 45615, 0, 0
LOSS, -12041.202160644503, -3739.3854484558105, 20.69230499267578, -4.013734053548168, 214.16809, 3000, 0, 10, 4.581993944041098E13, 0.0, 4.581993943490758E13, 1.527331314680366E10, 45771, 0, 0
LOSS, -18088.83205413809, -2338.183287811279, 19.177040100097656, -6.029610684712696, 227.82738, 3000, 0, 4, 6378.301558984769, 0.0, 2326.9526196241186, 2.12610051966159, 45870, 0, 0
WIN , 6257.332037353474, -609.3512336730957, 21.92655792236328, 5.361895490448564, 193.16728, 1167, 122, 16, 3312.4957355499455, 0.0, 1422.8069686889648, 2.8384710673092934, 46109, 0, 0
LOSS, -4408.37270507817, -4056.6832710266112, 20.83524932861328, -1.46945756835939, 232.89409, 3000, 0, 11, 1941.0183515571957, 0.0, 49.82529046746642, 0.6470061171857319, 46231, 0, 0
LOSS, -2060.0983383178595, -1808.3105659484863, 20.405136108398438, -0.6866994461059531, 233.87747, 3000, 0, 13, 3515.808829545616, 0.0, 1199.9012924194335, 1.1719362765152053, 46365, 0, 0
LOSS, 1249.5155059814463, -1808.2122276306152, 21.71946563720703, 7.099519920349127, 207.0, 176, 188, 8, 258.4414999588293, 0.0, 31.985824560181758, 1.4684176134024391, 46430, 0, 0
LOSS, 6790.062255859346, -1317.7277336120605, 21.144511413574218, 8.584149501718516, 207.0, 791, 147, 13, 88864.309879039, 0.0, 86364.08977333382, 112.34426027691404, 46635, 0, 0
LOSS, 766.6907226562499, -3437.7899894714355, 20.22398681640625, 2.6166918861988053, 175.0, 293, 180, 7, 19575.942575043, 0.0, 17472.31420300156, 66.81209069980545, 46719, 0, 0
LOSS, 3505.9773437500016, -1594.4807121276856, 21.19840850830078, 7.739464334988966, 223.0, 453, 169, 9, 721.5254059633347, 0.0, 141.56284179687486, 1.5927713155923504, 46808, 0, 0
LOSS, 4192.988232421872, -2090.4580558776856, 21.02714385986328, 7.7936584245759715, 175.0, 538, 164, 14, 908.566303969372, 0.0, 193.5063482688075, 1.6887849516159332, 46929, 0, 0
LOSS, 4087.183808898925, -2885.2462894439695, 20.82182159423828, 8.04563741909237, 209.7, 508, 166, 14, 3629.397103448483, 0.0, 2903.5277225494383, 7.144482487103313, 47058, 0, 0
WIN , 6264.6699020385695, -2610.6300971984865, 21.63273468017578, 6.5121308752999685, 207.0, 962, 135, 13, 4025.4619978019427, 0.0, 2620.860622406006, 4.18447193118705, 47220, 0, 0
LOSS, 180.51535644531148, -4055.2999992370605, 21.717265319824218, 0.5860888196276347, 223.0, 308, 179, 11, 532.5678154870498, 0.0, 25.914444032047932, 1.7291162840488628, 47303, 0, 0
LOSS, 1787.4847412109466, -1998.215357208252, 21.684428405761718, 1.5476058365462741, 223.0, 1155, 123, 9, 3103.615000647137, 0.0, 2011.9592155055286, 2.687112554672846, 47392, 0, 0
LOSS, 2087.183593750006, -2515.7000984191895, 20.71880645751953, 2.097671953517594, 223.0, 995, 133, 11, 1225063.9722508073, 0.0, 1221669.278086964, 1231.2200726138767, 47480, 0, 0
LOSS, 1093.9583740234373, -2392.8836921691895, 21.46629180908203, 1.8764294580161873, 223.0, 583, 161, 12, 25832.881883776387, 0.0, 22467.645330898347, 44.310260521057266, 47574, 0, 0
LOSS, -7993.600735473662, -1676.842066192627, 20.523558044433592, -2.6645335784912207, 227.58646, 3000, 0, 6, 3605.433726378391, 0.0, 1691.943872833252, 1.2018112421261302, 47678, 0, 0
LOSS, 5700.492849731436, -1443.241330718994, 20.80558624267578, 5.130956660424335, 207.0, 1111, 125, 18, 400266.82506597036, 0.0, 167616.3198210104, 360.27617017639096, 47829, 0, 0
LOSS, -4328.073580932638, -3073.7341804504395, 20.855998229980468, -1.4426911936442126, 203.39499, 3000, 0, 18, 13787.713421306942, 0.0, 11551.184193428198, 4.5959044737689805, 47923, 0, 0
LOSS, -4597.9606231690395, -2245.6605995178224, 20.62858428955078, -1.8102207177830865, 223.0, 2540, 30, 4, 3816.9811205548617, 0.0, 2255.7906486511233, 1.5027484726593945, 48065, 0, 0
LOSS, -8097.128715515276, -1587.699976348877, 19.322601318359375, -2.699042905171759, 234.28716, 3000, 0, 5, 2816.3966568564615, 0.0, 1575.8357172346414, 0.9387988856188205, 48107, 0, 0
LOSS, -19199.377752685512, -610.5712608337402, 18.781813049316405, -6.399792584228504, 228.06468, 3000, 0, 4, 204339.2109580862, 0.0, 201994.2060487479, 68.11307031936207, 48177, 0, 0
LOSS, 3782.747605895994, -611.1935081481934, 20.79984893798828, 13.226390230405574, 191.0, 286, 180, 4, 958.1474010697931, 0.0, 599.8427833557129, 3.3501657380062695, 48254, 0, 0
