LOSS, 3823.4559082031255, -12.35818977355957, 38.8, 14.53785516427044, 191.0, 262, 182, 2, 1866.452602386473, 0.0, 51.15818977355957, 7.096777955842103, 257, 0, 0
WIN , 8536.171603393517, -1793.4559074401855, 21.96745147705078, 7.083959836841093, 163.72488, 1205, 119, 23, 7928.4715635640505, 0.0, 1814.364720916748, 6.579644451090498, 1357, 0, 0
LOSS, 188.04393081654035, -4059.6275108337404, 20.501114654541016, 0.06268131027218012, 68.30999, 3000, 0, 25, 11916.958198634313, 0.0, 4081.261890411377, 3.9723193995447708, 2434, 0, 0
LOSS, 4856.175579071045, -3327.6714416503905, 20.40283203125, 9.043157502925595, 191.0, 537, 164, 13, 4317.885271573732, 0.0, 3343.5647422790526, 8.04075469566803, 2881, 0, 0
WIN , 8256.606596374493, -2995.047021484375, 21.81828155517578, 8.348439430105655, 155.46382, 989, 134, 13, 6712.943418014559, 0.0, 3010.257987976074, 6.787607096071344, 3670, 0, 0
WIN , 8100.7063827514485, -4061.6536178588867, 21.18791046142578, 7.486789632857161, 148.4, 1082, 127, 22, 7989.382210380343, 0.0, 4079.2777107720976, 7.3839022277082655, 4566, 0, 0
LOSS, 2351.6140228271515, -4062.3600006103516, 21.360060119628905, 5.835270528107076, 191.0, 403, 173, 6, 4467.369960142785, 0.0, 4077.206002807617, 11.08528526090021, 4914, 0, 0
WIN , 8217.679594421372, -2523.9740234375, 24.601841735839844, 9.445608729219968, 155.46382, 870, 142, 24, 5761.947478535995, 0.0, 2538.7580027957792, 6.62292813624827, 5623, 0, 0
LOSS, 4202.500862121584, -4061.6536178588867, 21.05363311767578, 5.436611723313821, 186.45618, 773, 148, 12, 52276.489683455206, 0.0, 44855.53730229587, 67.62805909890712, 6276, 0, 0
WIN , 7743.826231384251, -3014.1544799804688, 23.70301971435547, 8.839984282402112, 192.19289, 876, 141, 19, 6160.428902361667, 0.0, 3003.5477142333984, 7.032453084887747, 6938, 0, 0
LOSS, 2322.3193862915055, -4056.7807106018067, 21.54167022705078, 4.292642118838272, 185.0, 541, 163, 14, 6690.185558410485, 0.0, 4072.383654456723, 12.366331900943596, 7360, 0, 0
WIN , 9222.659902954081, -2149.1000968933104, 20.72453155517578, 9.306417661911283, 142.4, 991, 133, 14, 10845.148520056651, 0.0, 2160.747226073555, 10.943641291681788, 8096, 0, 0
LOSS, 5562.418391418398, -4064.160001373291, 21.597880554199218, 1.8541394638061326, 228.21608, 3000, 0, 25, 17299.76740804984, 0.0, 4085.379037803232, 5.766589136016614, 9075, 0, 0
LOSS, 4328.441795349149, -3024.7783935546877, 20.319194030761718, 1.4428139317830497, 235.13846, 3000, 0, 14, 13703.291737444657, 0.0, 3036.7734513744304, 4.567763912481552, 9874, 0, 0
LOSS, 9989.973588561952, -2033.8201873779296, 19.50309600830078, 3.329991196187317, 164.06224, 3000, 0, 22, 3185861.7090968387, 0.0, 3176270.8118856577, 1061.9539030322796, 10968, 0, 0
LOSS, 2533.5072860717987, -3063.7937759399415, 20.484725952148438, 0.8445024286905995, 137.50256, 3000, 0, 13, 10119.725118092434, 0.0, 3053.2345138549804, 3.3732417060308113, 11472, 0, 0
LOSS, 7811.952555847027, -1497.3010620117188, 19.92814483642578, 2.6039841852823424, 189.46382, 3000, 0, 22, 7599.774866097967, 0.0, 1487.001062011719, 2.5332582886993222, 12280, 0, 0
LOSS, 4671.303511047362, -2709.2536178588866, 21.126078796386718, 7.74677199178667, 207.0, 603, 159, 18, 4612.948443813223, 0.0, 2697.955680847168, 7.649997419259076, 12822, 0, 0
WIN , 9034.342871093731, -2709.3571281433105, 23.66052703857422, 4.912638864107521, 223.0, 1839, 77, 25, 7492.962643771804, 0.0, 2698.513486480713, 4.074476695906364, 13693, 0, 0
LOSS, 1208.5589706420587, -4053.6999992370606, 21.134013366699218, 0.4028529902140196, 207.4103, 3000, 0, 14, 6802.288962656522, 0.0, 2698.0079162597654, 2.267429654218841, 14276, 0, 0
LOSS, 2648.2985290527417, -2562.2589698791503, 21.70774688720703, 0.8827661763509139, 124.425, 3000, 0, 13, 7772.833240145772, 0.0, 2552.0542976379393, 2.590944413381924, 14812, 0, 0
LOSS, 10984.903001403816, -1930.5574989318848, 21.71549835205078, 3.6616343338012722, 155.39499, 3000, 0, 27, 1252264.684283062, 0.0, 1242510.1704716082, 417.4215614276873, 15743, 0, 0
LOSS, -959.5783157348642, -3895.4605003356933, 20.714869689941406, -0.3198594385782881, 155.11125, 3000, 0, 4, 6462.73401264233, 0.0, 3906.003701019287, 2.1542446708807765, 15905, 0, 0
LOSS, 136.53781433105462, -535.8821846008301, 20.25592041015625, 3.4134453582763653, 185.8, 40, 197, 3, 581.2553203897221, 0.0, 549.4094749450684, 14.531383009743053, 15936, 0, 0
WIN , 12654.48000030515, -292.4199989318848, 25.783935546875, 5.988868906912044, 191.0, 2113, 59, 27, 9461.82910165583, 0.0, 2550.9610343933105, 4.47791249486788, 17049, 0, 0
LOSS, 1332.6816375732885, -4056.8999992370605, 20.781919860839842, 0.4442272125244295, 214.18362, 3000, 0, 8, 11261.604681812763, 0.0, 4069.7697517395018, 3.753868227270921, 17487, 0, 0
LOSS, 5723.258547973619, -1329.5816368103028, 20.574476623535155, 4.277472756333048, 191.0, 1338, 110, 12, 3753.471327717752, 0.0, 1232.6773330688475, 2.805284998294284, 17936, 0, 0
LOSS, 5728.519815063466, -2292.8401847839355, 20.45829620361328, 7.90140664146685, 196.4, 725, 151, 14, 7069.18642692457, 0.0, 2308.732375335693, 9.75060196817182, 18522, 0, 0
WIN , 10157.163150024413, -2611.359999847412, 19.59879913330078, 4.876218506972834, 174.7685, 2083, 61, 32, 7919.098567353751, 0.0, 2318.940000915527, 3.8017755964252284, 19381, 0, 0
LOSS, 1379.1304672241215, -4059.7231506347657, 19.435038757324218, 0.45971015574137386, 173.46382, 3000, 0, 10, 6837.686904961979, 0.0, 4076.2319824218753, 2.2792289683206595, 19688, 0, 0
WIN , 9447.646382141096, -1318.8536178588868, 22.714259338378906, 12.31766151517744, 207.0, 767, 148, 24, 2993.6821213121843, 0.0, 1308.081867980957, 3.903105764422665, 20259, 0, 0
LOSS, 6172.960501098612, -4056.5, 21.158793640136718, 2.057653500366204, 187.39499, 3000, 0, 31, 12753.485968499039, 0.0, 2539.4209228515624, 4.251161989499679, 21423, 0, 0
LOSS, 540.4061981201187, -3669.460501098633, 19.7318603515625, 1.4410831949869831, 207.0, 375, 175, 4, 4597.458600001177, 0.0, 3658.688751220703, 12.259889600003138, 21627, 0, 0
LOSS, 8915.927076720996, -1559.86669921875, 19.41544952392578, 2.971975692240332, 164.06224, 3000, 0, 27, 669811.9641175392, 0.0, 659790.8118791487, 223.2706547058464, 22350, 0, 0
LOSS, 6358.15103607176, -3175.7937759399415, 19.33274612426758, 2.119383678690587, 169.50256, 3000, 0, 21, 10728.920406605486, 0.0, 3165.0220260620117, 3.5763068022018287, 23038, 0, 0
WIN , 8429.854815673794, -3753.9448120117186, 22.852227783203126, 3.9989823603765626, 134.00372, 2108, 59, 37, 9502.475086612558, 0.0, 3743.173062133789, 4.507815505983187, 23760, 0, 0
WIN , 7679.580114746078, -4063.199629211426, 20.433456420898438, 3.5553611642342955, 138.20258, 2160, 56, 16, 8693.343717074862, 0.0, 4083.9008193459726, 4.024696165312436, 24404, 0, 0
LOSS, -1386.0264953613332, -4063.379742431641, 18.879880523681642, -5.923190151116809, 223.0, 234, 184, 4, 4937.036936690679, 0.0, 4080.455793762207, 21.098448447396063, 24556, 0, 0
LOSS, 2816.804252624515, -857.3532470703125, 19.791854858398438, 0.9389347508748384, 140.425, 3000, 0, 10, 5692.524976644809, 0.0, 871.4619946396581, 1.8975083255482696, 24875, 0, 0
WIN , 10097.369783020014, -1354.1574996948243, 20.37467803955078, 9.238215720969821, 156.72717, 1093, 127, 20, 160663.0966031815, 0.0, 155682.4322266272, 146.9927690788486, 25467, 0, 0
WIN , 8463.37271728514, -4061.5272827148438, 22.95703125, 4.016788190453317, 223.0, 2107, 59, 29, 5583.883569289736, 0.0, 119.0425189789216, 2.6501583148029124, 26072, 0, 0
WIN , 8163.199999999983, -4054.9, 21.30668487548828, 5.127638190954763, 191.0, 1592, 93, 30, 7897.07015030049, 0.0, 109.30140151645341, 4.960471199937494, 26832, 0, 0
LOSS, 1884.333691406252, -4058.1, 19.61754913330078, 0.8499475378467533, 223.0, 2217, 52, 10, 3438.4525025147727, 0.0, 67.69943958120079, 1.5509483547653462, 27146, 0, 0
WIN , 7731.735308837877, -2092.43369140625, 21.189921569824218, 11.931690291416476, 130.31, 648, 156, 11, 3956.409218354769, 0.0, 2107.4428955078124, 6.105569781411681, 27472, 0, 0
WIN , 5800.581000518766, -4064.1690002441405, 23.412412261962892, 2.4810012833698742, 124.49999, 2338, 44, 23, 9023.766132553814, 0.0, 4080.8149913787843, 3.859609124274514, 28009, 0, 0
WIN , 6674.94999923696, -4064.7500007629396, 21.266825866699218, 4.22465189825124, 175.0, 1580, 94, 13, 7801.916457160806, 0.0, 4080.696664428711, 4.937921808329624, 28474, 0, 0
LOSS, -773.9451171874994, -4059.7, 20.69706573486328, -2.6873094346788173, 127.0, 288, 180, 7, 519.334172663932, 0.0, 21.68927681641179, 1.8032436550830973, 28592, 0, 0
LOSS, 5364.352357482851, -1345.7548828125, 19.57963409423828, 1.7881174524942838, 220.9276, 3000, 0, 14, 1045723.2077481993, 0.0, 1035426.734964744, 348.5744025827331, 28967, 0, 0
LOSS, 5463.052857971183, -1970.10724029541, 21.85795440673828, 8.897480224708767, 196.4, 614, 159, 9, 3779.8240976678426, 0.0, 1959.3354904174803, 6.156065305647952, 29321, 0, 0
LOSS, 2392.4044021606724, -2613.1600982666014, 19.65026397705078, 0.7974681340535574, 146.355, 3000, 0, 8, 5588.852308902725, 0.0, 2623.851013340892, 1.8629507696342416, 29502, 0, 0
WIN , 10337.418499755837, -1225.564500427246, 21.616261291503907, 4.486726779407915, 142.17, 2304, 46, 15, 5419.5460174178515, 0.0, 1214.7927505493162, 2.3522335145042756, 30028, 0, 0
LOSS, 6819.69969482421, -4062.9830001831056, 20.62199249267578, 2.2732332316080703, 186.51338, 3000, 0, 24, 4062.9149763833466, 0.0, 63.418557752153426, 1.354304992127782, 30477, 0, 0
LOSS, -16.5754547119088, -3302.682695007324, 21.847331237792968, -0.005525151570636267, 220.9276, 3000, 0, 4, 2570.9329938012697, 0.0, 593.4290771484375, 0.8569776646004232, 30541, 0, 0
LOSS, 8455.988726806623, -626.1072402954102, 21.88688507080078, 7.815146697603164, 209.7, 1082, 127, 20, 4675.249239427711, 0.0, 2083.1463775634766, 4.320932753630046, 30929, 0, 0
WIN , 9940.5859359741, -3122.095967102051, 19.69755401611328, 5.938223378718101, 145.18097, 1674, 88, 27, 3398621.3991352106, 0.0, 3285086.96238314, 2030.2397844296358, 31972, 0, 0
LOSS, 3524.593614959719, -4062.6819030761717, 20.131396484375, 4.71202354941139, 106.424995, 748, 150, 8, 7273.495854817168, 0.0, 4075.9096389770507, 9.723924939595145, 32419, 0, 0
WIN , 9668.935981750476, -2527.2755180358886, 21.255054473876953, 8.429761100044006, 109.885, 1147, 123, 16, 6707.690713094313, 0.0, 2537.6215179443357, 5.848030264249619, 33069, 0, 0
WIN , 7680.288500213598, -4065.6115013122558, 21.753173828125, 7.925994324265839, 207.0, 969, 135, 29, 233979.3913061859, 0.0, 227280.00000095542, 241.46480010958297, 33674, 0, 0
WIN , 7859.6902786254705, -4055.900001525879, 21.840109252929686, 7.386926953595367, 210.09721, 1064, 129, 27, 7934.99429583856, 0.0, 4071.8512932361473, 7.457701405863308, 34268, 0, 0
LOSS, 6934.164970397937, -4056.190278625488, 21.919657897949218, 5.9215755511511, 186.448, 1171, 121, 9, 5599.05261438608, 0.0, 2022.3700912475585, 4.781428364121332, 34722, 0, 0
LOSS, 1674.1447998046904, -3859.155248260498, 21.82707061767578, 3.813541685204306, 175.0, 439, 170, 5, 7157.412724608682, 0.0, 3869.9281745910644, 16.30390142279882, 34905, 0, 0
LOSS, 1059.8904510498346, -2144.500048828125, 20.94151153564453, 0.35329681701661153, 158.095, 3000, 0, 17, 9700.148368753587, 0.0, 2552.2589698791503, 3.233382789584529, 35299, 0, 0
LOSS, 4352.541970825204, -1944.3904998779296, 21.157084655761718, 2.000249067474818, 223.0, 2176, 54, 14, 5892.013093114167, 0.0, 1955.3404998779297, 2.707726605291437, 35685, 0, 0
LOSS, 3842.431697082524, -2438.1324714660645, 21.11210479736328, 1.2808105656941746, 168.35832, 3000, 0, 15, 6714.073758706705, 0.0, 2451.9765754699706, 2.2380245862355683, 35992, 0, 0
LOSS, 2893.6473320007312, -1719.3641677856444, 19.78410186767578, 0.9645491106669104, 111.885, 3000, 0, 8, 7101.646783696772, 0.0, 3053.376050567627, 2.367215594565591, 36183, 0, 0
LOSS, 4019.06807479861, -1053.011499786377, 21.313090515136718, 1.3396893582662033, 201.20425, 3000, 0, 12, 9103.717411565776, 0.0, 4074.161392211914, 3.0345724705219252, 36461, 0, 0
LOSS, 2322.006315612793, -1332.079574584961, 21.477915954589843, 9.634880977646445, 136.8308, 241, 183, 8, 1592.9110788291289, 0.0, 1320.7281021118165, 6.609589538710078, 36606, 0, 0
LOSS, 3837.396012878473, -1344.085890197754, 19.96874084472656, 1.2791320042928243, 147.18097, 3000, 0, 9, 5629.619189399805, 0.0, 1361.6041290283204, 1.8765397297999349, 36892, 0, 0
LOSS, 2372.022769165018, -1241.4819030761719, 19.36436309814453, 0.7906742563883393, 226.95328, 3000, 0, 13, 4811.238069128857, 0.0, 1249.3540058395502, 1.6037460230429523, 37204, 0, 0
LOSS, 4515.971450805665, -1632.90467376709, 21.49607696533203, 9.447639018421894, 175.0, 478, 168, 10, 3024.2492596480397, 0.0, 1643.3322049982444, 6.326881296334811, 37468, 0, 0
LOSS, 5219.683975219723, -2149.476123046875, 19.78118133544922, 1.7778215174454097, 196.4, 2936, 4, 18, 8064.247331622311, 0.0, 2163.510641479492, 2.7466782464653647, 37852, 0, 0
LOSS, 8217.92740936282, -2149.1600982666014, 21.77800750732422, 2.739309136454273, 217.1259, 3000, 0, 27, 11038.552645868416, 0.0, 2159.7, 3.6795175486228056, 38595, 0, 0
WIN , 8046.412492370587, -3667.0875076293946, 22.215927124023438, 9.238131449334773, 137.0, 871, 141, 28, 5660.968627424376, 0.0, 3655.667653581533, 6.499389928156574, 39027, 0, 0
WIN , 7558.39999999999, -4063.5, 21.790878295898438, 7.696945010183289, 153.0, 982, 134, 22, 6584.014301109729, 0.0, 4080.095765129248, 6.704698880967137, 39552, 0, 0
WIN , 8106.199999999976, -4061.9, 24.679592895507813, 7.402922374429202, 191.0, 1095, 127, 23, 7545.687196075386, 0.0, 4076.238916015625, 6.891038535228663, 40237, 0, 0
WIN , 7116.093775939934, -4058.1, 20.11742172241211, 7.094809347896245, 130.06224, 1003, 133, 10, 2851.7319895908254, 0.0, 29.45390167236328, 2.843202382443495, 40873, 0, 0
LOSS, 1919.8857986450325, -4064.1937759399416, 20.265562438964842, 0.6399619328816775, 201.20425, 3000, 0, 11, 2850.3147485948825, 0.0, 29.428872224223703, 0.9501049161982942, 41121, 0, 0
LOSS, 8802.348013305753, -1604.079574584961, 19.865374755859374, 3.1834893357344494, 223.0, 2765, 15, 10, 4087.302277018752, 0.0, 977.9723342895508, 1.4782286716161852, 41595, 0, 0
LOSS, 139.75541229248387, -3356.427587890625, 19.76981964111328, 0.046585137430827955, 160.17, 3000, 0, 5, 3711.2516222708855, 0.0, 1206.9514648437503, 1.2370838740902952, 41725, 0, 0
WIN , 11708.254650115967, -616.1830001831055, 21.97446060180664, 6.123564147550192, 127.6235, 1912, 72, 19, 4243.738364130813, 0.0, 606.0398254394531, 2.2195284331228105, 42332, 0, 0
WIN , 7774.152115631095, -4064.437650299072, 21.242515563964844, 6.577116849095681, 186.10234, 1182, 121, 24, 3347.2540158275324, 0.0, 1230.4536178588867, 2.8318561893633944, 42943, 0, 0
WIN , 7404.846409606918, -4058.589765930176, 21.344754028320313, 7.203157985998947, 137.63824, 1028, 131, 29, 1038512.5150321517, 0.0, 1035426.0766305212, 1010.2261819378908, 43533, 0, 0
LOSS, 5423.90156555176, -4063.436175537109, 20.890361022949218, 1.8079671885172532, 166.18362, 3000, 0, 14, 272391.5792519612, 0.0, 243805.2448500868, 90.79719308398707, 44116, 0, 0
LOSS, 5189.059866333007, -3967.337741088867, 20.367050170898438, 6.214442953692225, 191.0, 835, 144, 18, 2955.036256900555, 0.0, 96.09843444824219, 3.5389655771264135, 44588, 0, 0
WIN , 8941.7023925781, -2986.397607421875, 20.582669067382813, 7.948179904513866, 191.0, 1125, 125, 26, 12228.422208288599, 0.0, 3657.0875076293946, 10.869708629589866, 45161, 0, 0
WIN , 8288.249999999985, -4058.1, 22.443418121337892, 7.521098003629751, 108.5, 1102, 126, 22, 3326.799978032413, 0.0, 65.21086077608228, 3.0188747532054565, 45747, 0, 0
LOSS, 4805.9594238281215, -4066.35, 20.137939453125, 6.826646908846763, 223.0, 704, 153, 14, 700661.4932619669, 0.0, 698830.9632189925, 995.2578029289302, 46089, 0, 0
WIN , 8318.952560424785, -3132.309423828125, 23.973919677734376, 8.261124687611504, 159.38016, 1007, 132, 27, 50466.83894442496, 0.0, 46798.63830573459, 50.116026757125084, 46553, 0, 0
WIN , 6820.391633605948, -4061.26198425293, 22.347203063964844, 7.56140979335471, 155.46382, 902, 139, 18, 2404.4213464649333, 0.0, 140.2998756974309, 2.6656555947504805, 46893, 0, 0
WIN , 6424.846382141108, -4061.6536178588867, 22.157072448730467, 7.376402275707357, 207.0, 871, 141, 13, 2640.112609795001, 0.0, 49.52790997671847, 3.031128139833526, 47261, 0, 0
LOSS, -82.39273681640583, -4056.5, 21.243754577636718, -0.30515828450520677, 68.79114, 270, 182, 7, 402.1776290346437, 0.0, 22.455555322062352, 1.489546774202384, 47406, 0, 0
LOSS, 7341.529797363275, -1534.1072631835937, 21.08830108642578, 10.015729600768452, 223.0, 733, 151, 13, 3501.8347331881373, 0.0, 1549.167660522461, 4.777400727405372, 47724, 0, 0
WIN , 6818.644841003409, -3265.637060546875, 22.30945281982422, 9.31508858060575, 129.18098, 732, 151, 28, 1521.5293145737544, 0.0, 90.79052734375, 2.0785919598002107, 48096, 0, 0
WIN , 6417.61809844969, -4064.281901550293, 21.463481140136718, 4.944235823150763, 153.0, 1298, 113, 26, 10837.045434732587, 0.0, 3003.849464416504, 8.349033462814011, 48715, 0, 0
WIN , 6061.457499694816, -4061.9, 21.88737335205078, 8.34911501335374, 138.425, 726, 151, 15, 1569.1943749832053, 0.0, 37.76657890256058, 2.161424758930035, 49180, 0, 0
LOSS, -4486.5401397705145, -4063.357499694824, 20.739237976074218, -1.4955133799235047, 199.82738, 3000, 0, 14, 4377.899037469624, 0.0, 32.222805195810125, 1.4592996791565414, 49665, 0, 0
LOSS, 6856.342738342276, -3236.8173599243164, 20.745463562011718, 8.904341218626332, 196.4, 770, 148, 18, 3464.187363364386, 0.0, 1632.7377853393555, 4.4989446277459555, 50006, 0, 0
LOSS, 6645.887411499011, -3653.1600982666014, 21.59806671142578, 8.733097781207636, 191.0, 761, 149, 18, 6730.878858228372, 0.0, 3664.30009765625, 8.844781679669346, 50310, 0, 0
LOSS, 3365.3036224365237, -3809.047509765625, 21.60258331298828, 7.237212091261341, 167.6, 465, 169, 8, 1502.5049385485704, 0.0, 822.64990234375, 3.2311934162334848, 50450, 0, 0
WIN , 7311.428867340081, -2944.3511322021486, 20.936503601074218, 9.6840117448213, 114.200005, 755, 149, 16, 8885.910344698768, 0.0, 4081.3799896240234, 11.769417675097706, 50768, 0, 0
WIN , 6462.105632781972, -4065.7799995422365, 21.540507507324218, 8.604667953105157, 193.14368, 751, 149, 14, 1596.6696103476347, 0.0, 23.929257484768762, 2.1260580697039075, 51056, 0, 0
LOSS, 3193.205773925786, -4057.885632324219, 21.576075744628906, 6.236730027198801, 223.0, 512, 165, 11, 1250.5961069937039, 0.0, 44.062520317626344, 2.442570521472078, 51256, 0, 0
WIN , 9332.518594360336, -2731.09140625, 25.35204162597656, 8.48410781305485, 135.9, 1100, 126, 28, 6969.262840805712, 0.0, 2450.633539581299, 6.335693491641556, 51742, 0, 0
LOSS, -1808.593370056153, -4063.6100006103516, 19.590068054199218, -10.638784529742075, 169.8, 170, 188, 6, 495.8082195034775, 0.0, 39.93420329263782, 2.91651893825575, 51802, 0, 0
WIN , 11523.083369445772, -795.0166305541992, 21.231791687011718, 10.020072495170236, 191.0, 1150, 123, 24, 8846.876297028972, 0.0, 4080.5499114990234, 7.692935910459975, 52399, 0, 0
WIN , 6985.399999999988, -4058.1, 23.879501342773438, 7.49506437768239, 137.0, 932, 137, 24, 2917.997969466124, 0.0, 54.11401142633165, 3.1308991088692317, 52838, 0, 0
LOSS, -1070.6102294921864, -4063.5, 21.40751495361328, -5.787082321579386, 127.0, 185, 187, 6, 4353.888817267478, 0.0, 4076.037286376953, 23.53453414739177, 52910, 0, 0
WIN , 10848.36022949215, -1322.8897705078125, 23.74638671875, 9.907178291773652, 159.5, 1095, 127, 27, 4711.6713921507235, 0.0, 1339.1448120686014, 4.302896248539473, 53485, 0, 0
WIN , 8095.249999999982, -4061.25, 20.454913330078124, 8.226880081300795, 207.0, 984, 134, 29, 2898.3126048601557, 0.0, 97.00665299694725, 2.945439639085524, 53968, 0, 0
WIN , 7415.664167785624, -4056.5, 25.32050476074219, 7.9824156811470655, 150.35832, 929, 138, 25, 373164.64824246796, 0.0, 371021.00247243955, 401.684228463367, 54364, 0, 0
WIN , 6564.335832214355, -4062.1641677856446, 23.205290222167967, 9.23253984840275, 207.0, 711, 152, 15, 2157.127714084763, 0.0, 1067.1171463012697, 3.0339349002598635, 54647, 0, 0
LOSS, -2089.4124923706177, -4056.5, 20.65617218017578, -0.6964708307902059, 217.1259, 3000, 0, 27, 5352.775789780638, 0.0, 51.41817971201094, 1.784258596593546, 55124, 0, 0
WIN , 7072.612492370592, -3667.0875076293946, 20.306289672851562, 9.715127049959605, 175.0, 728, 151, 12, 3988.2240741222727, 0.0, 2534.099755859375, 5.478329772145979, 55386, 0, 0
LOSS, 6107.530000305169, -4059.7, 20.89597930908203, 7.5775806455399115, 209.7, 806, 146, 19, 17981.484970337173, 0.0, 11693.900054947904, 22.30953470265158, 55717, 0, 0
WIN , 7766.308709716779, -3587.230000305176, 20.71281280517578, 7.932899601345024, 136.6129, 979, 134, 27, 6827.747978480149, 0.0, 3598.560000610352, 6.974206311011388, 56119, 0, 0
LOSS, 5522.52378997802, -4063.5387100219727, 20.05900421142578, 6.527805898319173, 207.0, 846, 143, 19, 2931.1226936291423, 0.0, 53.3704064975743, 3.4646840350226267, 56459, 0, 0
WIN , 7406.520086669894, -3486.0625, 21.07853546142578, 7.723170059092695, 146.17413, 959, 136, 30, 4259.568265903545, 0.0, 754.9710937499999, 4.441677023882737, 56891, 0, 0
WIN , 7639.997413635236, -4062.582586669922, 24.60759735107422, 7.974945108178743, 146.2, 958, 136, 27, 2440.317658850972, 0.0, 38.61274428900032, 2.5473044455646887, 57322, 0, 0
WIN , 6592.319999694807, -4062.580000305176, 21.25700225830078, 8.43007672595244, 223.0, 782, 147, 26, 1867.972669715657, 0.0, 55.409739337642264, 2.3887118538563388, 57655, 0, 0
LOSS, -11681.043484497195, -4054.9, 19.772537994384766, -3.893681161499065, 190.095, 3000, 0, 5, 10226.11230732106, 0.0, 3657.0875076293946, 3.4087041024403533, 57921, 0, 0
WIN , 11531.043484497062, -613.8565155029297, 21.85009765625, 10.588653337462867, 223.0, 1089, 127, 30, 98009.28701752635, 0.0, 91031.56134187258, 89.9993452869847, 58474, 0, 0
LOSS, 6575.531689453119, -4054.9, 20.185107421875, 7.717760198888637, 175.0, 852, 143, 13, 717918.1212704661, 0.0, 708953.6657630651, 842.6269028996081, 58823, 0, 0
WIN , 8110.546705627432, -3790.431689453125, 21.10905303955078, 7.798602601564839, 162.21605, 1040, 130, 25, 6980.441664423545, 0.0, 524.7946289062497, 6.711963138868794, 59237, 0, 0
LOSS, 4340.32751235962, -4060.9783950805663, 21.80338897705078, 8.127954142995543, 112.00001, 534, 164, 9, 3308.5738590834885, 0.0, 549.0094763425585, 6.195831196785559, 59391, 0, 0
LOSS, 3965.2221885681142, -3541.3059074401854, 21.68388214111328, 7.625427285707912, 181.33574, 520, 165, 6, 1776.217593779318, 0.0, 522.1940925598146, 3.415803064960227, 59542, 0, 0
WIN , 8198.681903839091, -3086.528096008301, 24.83788070678711, 9.109646559821213, 119.9, 900, 140, 22, 10058.073594792108, 0.0, 4082.8350372314453, 11.175637327546786, 59851, 0, 0
WIN , 6152.06957473754, -4065.2099998474123, 21.645536804199217, 9.321317537481121, 199.20425, 660, 156, 14, 1119.6651107353987, 0.0, 211.31657170812295, 1.6964622889930283, 60031, 0, 0
WIN , 6889.220425415029, -4057.2795745849608, 21.92399444580078, 8.776076975050993, 207.0, 785, 147, 22, 1839.10239139162, 0.0, 259.08108822279894, 2.342805594129452, 60245, 0, 0
WIN , 6842.681637573227, -4056.5, 20.62187042236328, 8.26410825793868, 180.18362, 828, 144, 15, 6350.475707397847, 0.0, 4072.4670029977838, 7.669656651446675, 60455, 0, 0
LOSS, 5174.02514953613, -4059.1816375732424, 19.911178588867188, 6.624872150494404, 207.0, 781, 147, 15, 5059.59040737906, 0.0, 2539.289561462402, 6.478348793058975, 60742, 0, 0
LOSS, 5411.4109374999925, -3103.206787109375, 21.188945007324218, 8.224028780395125, 175.0, 658, 156, 17, 4123.805766365275, 0.0, 372.1153808593749, 6.267182015752698, 61003, 0, 0
LOSS, 5151.999537658677, -3134.617724609375, 21.219584655761718, 1.717333179219559, 215.82738, 3000, 0, 16, 7156.774991168991, 0.0, 655.81396484375, 2.385591663722997, 61509, 0, 0
WIN , 6955.495927429186, -3666.6172622680665, 22.01298828125, 8.760070437568244, 150.8681, 794, 147, 16, 4142.118469792142, 0.0, 2062.5376876831056, 5.216773891425871, 61784, 0, 0
WIN , 6038.646810913082, -4062.1131896972656, 22.20768585205078, 8.932909483599234, 164.4, 676, 154, 17, 1711.6867687401045, 0.0, 278.904770132826, 2.5320810188463083, 62039, 0, 0
WIN , 7211.139999389641, -4060.7600006103517, 21.754257202148438, 8.783361753215154, 153.0, 821, 145, 10, 5595.336769340888, 0.0, 3000.57216796875, 6.815270120999863, 62348, 0, 0
LOSS, 2762.50987243652, -4061.9, 21.248515319824218, 5.731348283063319, 129.1, 482, 167, 8, 1178.1933983567853, 0.0, 104.87371386566089, 2.4443846438937453, 62529, 0, 0
WIN , 7945.290127563463, -2464.4098724365235, 25.010986328125, 10.019281371454555, 175.0, 793, 147, 26, 6126.375825621096, 0.0, 3152.508564758301, 7.7255685064578765, 62836, 0, 0
WIN , 6806.799999999986, -4059.7, 24.686767578125, 8.540526976160585, 207.0, 797, 146, 16, 1706.2081922759062, 0.0, 71.5247411962141, 2.1407881960801833, 63148, 0, 0
WIN , 7123.788874816881, -4056.5, 26.19596710205078, 8.169482654606515, 169.11125, 872, 141, 23, 6432.240600169676, 0.0, 4080.498942565918, 7.3764227066166015, 63515, 0, 0
WIN , 6631.626963806144, -4060.2888748168943, 24.009980773925783, 9.327182790163352, 152.84161, 711, 152, 15, 5181.540632586131, 0.0, 4076.0101891101212, 7.2876802146077795, 63791, 0, 0
WIN , 6756.784161376951, -4061.915838623047, 25.209335327148438, 8.383106899971402, 185.0, 806, 146, 27, 1995.823198343031, 0.0, 79.41281623202669, 2.476207442112942, 64157, 0, 0
LOSS, 248.53925781250342, -4058.7, 20.95951690673828, 0.7623903613880473, 207.0, 326, 178, 7, 806.4664705576193, 0.0, 49.93640046726859, 2.4738235293178508, 64284, 0, 0
WIN , 10165.165843200657, -1607.2392578125, 23.29827880859375, 11.182800707591483, 147.94899, 909, 139, 19, 3133.1136693949843, 0.0, 542.2368652343748, 3.4467697133058133, 64631, 0, 0
LOSS, 5456.272193908693, -4062.4051010131834, 20.01237335205078, 7.557163703474644, 175.0, 722, 151, 12, 1692.4706435066116, 0.0, 67.33875899738867, 2.344142165521623, 64887, 0, 0
LOSS, 6271.861201477042, -3478.677294921875, 21.22752227783203, 7.8792226149209075, 193.7, 796, 146, 15, 2862.803084532872, 0.0, 747.5858886718747, 3.596486287101598, 65196, 0, 0
WIN , 7951.269190978989, -3650.538496398926, 24.50673828125, 8.85442003449776, 153.92313, 898, 140, 26, 8487.918926450047, 0.0, 3667.2090728759767, 9.452025530567981, 65588, 0, 0
LOSS, -42.928805541991956, -4061.8076873779296, 20.19091033935547, -0.14309601847330652, 223.0, 300, 180, 9, 2711.1270024793075, 0.0, 2027.9875, 9.037090008264359, 65715, 0, 0
WIN , 10090.232580566391, -1478.8788818359376, 24.63707733154297, 11.611314822285836, 180.88538, 869, 142, 25, 3987.4733448454017, 0.0, 1999.7984130859372, 4.588576921571233, 66081, 0, 0
LOSS, 5944.935412597652, -4059.111462402344, 21.14958038330078, 9.117999099076155, 207.0, 652, 156, 10, 4884.343244945817, 0.0, 4073.232945251465, 7.49132399531567, 66291, 0, 0
WIN , 6946.253124999992, -3824.046875, 26.142684936523438, 8.848730095541391, 169.0, 785, 147, 15, 2096.2753343932445, 0.0, 345.3695800781252, 2.670414438717509, 66505, 0, 0
LOSS, 1071.5165786743162, -4060.3, 20.479598999023438, 3.018356559645961, 218.77074, 355, 176, 4, 1044.2864016403857, 0.0, 423.1610535675877, 2.9416518356067205, 66648, 0, 0
LOSS, 4101.172727966309, -1981.8165786743164, 20.01390609741211, 9.559843188732655, 175.0, 429, 171, 13, 5284.17004247013, 0.0, 2160.862997436523, 12.31741268641056, 66787, 0, 0
LOSS, 7942.351513671864, -2292.989306640625, 19.79363250732422, 10.865049950303508, 207.0, 731, 151, 17, 2423.651741947884, 0.0, 702.0577148437501, 3.3155290587522357, 67053, 0, 0
LOSS, 775.8331878662109, -3705.3408203125, 20.868754577636718, 2.751181517256067, 167.6, 282, 181, 5, 964.9402635129317, 0.0, 573.0313964843749, 3.4217739840884103, 67133, 0, 0
WIN , 9856.92599182128, -1721.174008178711, 20.3740234375, 11.050365461683048, 191.0, 892, 140, 11, 2888.5295480468135, 0.0, 223.21649169921875, 3.238261825164589, 67387, 0, 0
LOSS, 6072.097509765617, -4057.500001525879, 20.74430694580078, 7.15205831538942, 207.0, 849, 143, 24, 8520.458417001619, 0.0, 4076.661014002356, 10.035875638400022, 67663, 0, 0
WIN , 7175.962490081786, -3478.9975090026855, 20.43913116455078, 9.736719796583156, 110.4, 737, 150, 15, 5105.437346686332, 0.0, 3489.950511932373, 6.927323401202621, 67834, 0, 0
LOSS, 3271.1863380432105, -4064.9599990844727, 20.389389038085938, 5.718857234341277, 191.0, 572, 161, 9, 5729.366710443774, 0.0, 4080.664833733208, 10.016375367908696, 67979, 0, 0
WIN , 8471.353662109357, -2636.1463371276855, 22.253768920898438, 10.318335763836002, 185.0, 821, 145, 27, 4429.498584997942, 0.0, 2653.1139610290525, 5.395247971982877, 68250, 0, 0
WIN , 7777.459999847396, -4057.4999992370604, 20.38243179321289, 8.318139037269942, 110.4, 935, 137, 17, 6566.665783975752, 0.0, 4073.4918954263544, 7.023171961471392, 68611, 0, 0
WIN , 7618.740000152572, -4064.9599990844727, 25.263427734375, 8.183394199949056, 223.0, 931, 137, 21, 2405.901854311428, 0.0, 26.280752099707342, 2.5842125180573876, 68939, 0, 0
WIN , 8116.999999999974, -4053.6999992370606, 21.345565795898438, 7.723120837297786, 153.0, 1051, 129, 20, 47349.36560587378, 0.0, 36448.350626566214, 45.05172750321007, 69274, 0, 0
LOSS, 4755.327079772949, -4060.6999992370606, 19.875048828125, 6.911812615949054, 169.8, 688, 154, 9, 5812.076866057805, 0.0, 4077.7309578824534, 8.44778614252588, 69517, 0, 0
LOSS, 5823.422349548333, -3196.02707901001, 20.25712890625, 9.971613612240295, 122.41, 584, 161, 7, 3901.341083190774, 0.0, 3212.302049543792, 6.68037856710749, 69678, 0, 0
WIN , 7572.200570678696, -3519.4494285583496, 21.052783203125, 9.429888630982187, 143.5, 803, 146, 17, 5074.202819100726, 0.0, 3538.298879797634, 6.319057059901278, 69946, 0, 0
WIN , 8032.5141677856345, -4061.6499992370605, 19.89879455566406, 7.570701383398336, 118.35832, 1061, 129, 19, 7494.016403812071, 0.0, 4079.793843279322, 7.063163434318635, 70346, 0, 0
WIN , 6339.53583221435, -4064.7641693115233, 24.1474609375, 9.419815501061441, 223.0, 673, 155, 10, 4931.9473897633125, 0.0, 4083.1160066836233, 7.32830221361562, 70532, 0, 0
WIN , 7166.349999999987, -4053.6999992370606, 24.871142578125, 8.411208920187779, 159.5, 852, 143, 29, 39428.037491526025, 0.0, 28096.19580130838, 46.27703930930285, 70820, 0, 0
WIN , 8765.249999999973, -4060.0499992370605, 22.994140625, 7.833109919571021, 207.0, 1119, 125, 28, 7302.922731251331, 0.0, 4077.1526109739425, 6.526293772342566, 71244, 0, 0
WIN , 7161.827282714832, -4055.2999992370605, 22.4013671875, 8.712685258777167, 188.72717, 822, 145, 9, 5600.73573597814, 0.0, 4068.4853885778216, 6.813547124060998, 71504, 0, 0
LOSS, -170.9034561157246, -4057.1272819519045, 21.19047393798828, -0.6728482524241126, 127.16725, 254, 183, 11, 4389.628257623018, 0.0, 4071.520400573015, 17.282001014263848, 71623, 0, 0
LOSS, 6107.806173706041, -1486.823828125, 20.39445343017578, 10.179676956176735, 209.7, 600, 160, 15, 5743.748532917577, 0.0, 2959.517677307129, 9.572914221529295, 71857, 0, 0
WIN , 9495.249574279766, -2594.0299995422365, 20.61619415283203, 9.086363228975852, 167.20425, 1045, 130, 23, 16907.73644861943, 0.0, 11473.867187501723, 16.17965210394204, 72202, 0, 0
WIN , 7777.620425415022, -4059.2795738220216, 21.77294921875, 7.936347372872471, 191.0, 980, 134, 24, 7694.637718557199, 0.0, 4074.70975036605, 7.851671141384897, 72653, 0, 0
WIN , 7544.9858230590635, -4056.8999992370605, 20.01415100097656, 7.810544330288885, 141.14177, 966, 135, 21, 9156.946481721952, 0.0, 4078.6729484558105, 9.479240664308438, 73014, 0, 0
LOSS, 4740.876335144034, -4061.8858222961426, 21.20451202392578, 1.8620881127824171, 207.0, 2546, 30, 14, 14566.979519674891, 0.0, 4076.3376600978536, 5.721515915033343, 73311, 0, 0
WIN , 7158.397842407215, -3502.7621574401855, 26.24845733642578, 8.85940327030596, 148.4, 808, 146, 29, 5208.659089808302, 0.0, 3519.8895988464355, 6.446360259663741, 73568, 0, 0
LOSS, -99.5783630370851, -4061.159999847412, 20.406494140625, -0.03319278767902836, 214.18362, 3000, 0, 8, 15325.08610453803, 0.0, 4078.5207921518913, 5.10836203484601, 73722, 0, 0
WIN , 9873.448362731915, -1121.5816368103028, 23.05876007080078, 11.507515574279621, 209.7, 858, 142, 22, 3245.204954448386, 0.0, 1110.3032447814942, 3.7822901566997507, 74065, 0, 0
LOSS, -10864.485025024545, -4055.0299995422365, 20.2675048828125, -3.621495008341515, 210.55, 3000, 0, 6, 10829.39107259912, 0.0, 3003.599479675293, 3.609797024199707, 74288, 0, 0
WIN , 10436.061568450918, -610.5449745178223, 21.19989471435547, 12.980176080162833, 93.93456, 804, 146, 18, 2417.3823308709507, 0.0, 599.7732246398926, 3.0066944413817795, 74634, 0, 0
WIN , 6695.6296318054165, -4066.60654296875, 23.897976684570313, 7.95205419454325, 137.63824, 842, 143, 23, 6423.553770729185, 0.0, 4083.2773511425576, 7.628923718205683, 74987, 0, 0
WIN , 6864.663824462882, -4062.2361747741697, 22.295654296875, 9.092269966176003, 191.0, 755, 149, 13, 3662.8462424837203, 0.0, 2537.621499633789, 4.85145197679963, 75257, 0, 0
WIN , 6737.455999755839, -4056.8999992370605, 24.178763580322265, 8.369510558702906, 116.44, 805, 146, 14, 1782.2272471644558, 0.0, 58.49362421126388, 2.213946890887523, 75571, 0, 0
WIN , 7093.874000549311, -4064.35599899292, 22.44157257080078, 7.882082222832568, 177.7, 900, 140, 25, 6868.925365026845, 0.0, 4081.2809998995294, 7.632139294474272, 75917, 0, 0
WIN , 7781.351637268052, -4058.2299995422363, 20.673808288574218, 7.285909772722896, 164.18362, 1068, 128, 23, 3640.147994658916, 0.0, 42.67967543310006, 3.408378272152543, 76367, 0, 0
LOSS, -1700.3771301269555, -4059.581636810303, 19.75474395751953, -11.186691645572076, 180.4, 152, 189, 5, 4371.246742767934, 0.0031234112163254224, 4073.6072160468843, 28.758202255052197, 76437, 0, 0
WIN , 10567.178683471666, -859.2045066833496, 20.244677734375, 11.498562223581791, 196.16809, 919, 138, 23, 3091.3764897508836, 0.0, 873.0516516362861, 3.3638481934177187, 76798, 0, 0
WIN , 6873.666809082017, -4056.3831901550293, 21.959521484375, 6.95011810827302, 159.5, 989, 134, 20, 3046.8001962199346, 0.0, 44.303520352014004, 3.080687761597507, 77048, 0, 0
WIN , 6536.580000305168, -4060.0499992370605, 25.76115264892578, 9.10387186672029, 193.7, 718, 152, 9, 798.5710337544717, 0.0, 24.671060180664064, 1.112215924449125, 77235, 0, 0
LOSS, -1184.966020202636, -4056.6299995422364, 20.00700225830078, -5.724473527548966, 180.4, 207, 186, 1, 172.13543516210663, 0.0, 21.63148169922206, 0.831572150541578, 77294, 0, 0
LOSS, 1875.4107681274413, -1001.6639793395996, 19.37657012939453, 9.424174714208247, 183.55183, 199, 186, 1, 1360.1236435637236, 0.0, 1022.109545924687, 6.834792178712179, 77347, 0, 0
WIN , 11437.281251525881, -1047.074747467041, 26.336722564697265, 11.864399638512324, 116.44, 964, 135, 25, 2935.9126589787625, 0.0, 1059.4671379089357, 3.045552550807845, 77726, 0, 0
LOSS, 5658.27409820556, -4064.35599899292, 20.746806335449218, 6.736040593101857, 209.7, 840, 144, 17, 6412.6871559979045, 0.0, 4078.079906038382, 7.634151376187981, 78105, 0, 0
WIN , 8604.269902038555, -3122.6300971984865, 21.69287109375, 9.362644071859146, 191.0, 919, 138, 21, 7348.7523859144085, 0.0, 3132.256788891214, 7.99646614354125, 78476, 0, 0
WIN , 8049.999999999984, -4056.8999992370605, 20.394149780273438, 8.60962566844918, 191.0, 935, 137, 22, 1837.966098806413, 0.0, 27.611648559570312, 1.965739143108463, 78948, 0, 0
WIN , 7864.851382446272, -4056.8999992370605, 22.150308227539064, 7.680518928170187, 142.48618, 1024, 131, 31, 2992.315818950176, 0.0, 51.911387742752986, 2.9221834169435312, 79397, 0, 0
WIN , 8033.936721801733, -4061.75138168335, 24.56681671142578, 8.583265728420654, 203.11896, 936, 137, 19, 1973.729289374338, 0.0, 53.341716599219424, 2.1086851382204466, 79727, 0, 0
LOSS, 1078.520123291015, -4055.6881034851076, 20.543681335449218, 2.7373607190127283, 188.5, 394, 173, 9, 815.1041342924668, 0.0, 28.198627846467826, 2.068792219016413, 79872, 0, 0
LOSS, -9686.520817566035, -1754.208226776123, 18.990115356445312, -3.228840272522012, 233.1259, 3000, 0, 6, 7325.835902488185, 0.0, 2622.190500640869, 2.4419453008293948, 80010, 0, 0
WIN , 9856.8727684021, -608.2874114990234, 20.620027923583983, 12.70215562938415, 114.39822, 776, 148, 13, 2916.5900115750705, 0.0, 1024.6172622680665, 3.7584922829575653, 80284, 0, 0
LOSS, 6153.97297592162, -4064.560177612305, 20.83488311767578, 7.85948017359083, 207.0, 783, 147, 16, 8.896844396758768E15, 0.0, 5.112909772369773E15, 1.1362508808121031E13, 80561, 0, 0
WIN , 8162.648486328117, -3428.5331535339355, 21.157875061035156, 8.674440474312558, 148.1836, 941, 137, 29, 1.0328078717143072E15, 0.0, 1.0328078717084534E15, 1.0975641569758844E12, 80883, 0, 0
LOSS, 3112.641162109374, -4061.1816398620604, 20.779154968261718, 6.7961597425968865, 223.0, 458, 169, 9, 3.1778815646364115E15, 0.0, 3.1778815646316565E15, 6.938606036324043E12, 81025, 0, 0
WIN , 7886.775532531721, -2933.8228019714356, 23.930831909179688, 10.600504748026507, 154.01665, 744, 150, 10, 1797.853328983784, 0.0, 494.7103515624999, 2.4164695282040105, 81208, 0, 0
WIN , 7052.887487030016, -4060.5983345031736, 21.063945007324218, 7.897970310223982, 125.14178, 893, 140, 23, 5.8770036375915048E16, 0.0, 2.6042928567881004E16, 6.581191083529121E13, 81522, 0, 0
LOSS, -1215.2691703796397, -4063.4858215332033, 21.05406036376953, -7.501661545553332, 184.45702, 162, 189, 7, 7.181843856569924E15, 0.0, 7.181843856569823E15, 4.433236948499953E13, 81581, 0, 0
WIN , 10299.74334869382, -1248.2166511535645, 22.72306671142578, 10.876180938430645, 180.4, 947, 136, 24, 5841.537355066926, 0.0, 2163.0285156249997, 6.1684660560368805, 81987, 0, 0
WIN , 6359.999999999991, -4057.9599998474123, 25.84098663330078, 8.112244897959172, 180.4, 784, 147, 23, 1873.995086138236, 0.0, 44.269481042568714, 2.390299854768158, 82275, 0, 0
WIN , 6297.339999389641, -4057.9599998474123, 23.547024536132813, 8.486981131252886, 207.0, 742, 150, 23, 1.8363428851259156E16, 0.0, 1.8363428851253512E16, 2.4748556403314227E13, 82563, 0, 0
LOSS, 1793.8000976562505, -4055.2999992370605, 20.13151397705078, 4.210798351305752, 185.0, 426, 171, 16, 3.8340663365642056E16, 0.0, 1.8363428851253508E16, 9.000155719634286E13, 82738, 0, 0
LOSS, 2457.8875488281265, -2149.1000968933104, 20.816020202636718, 8.165739364877497, 191.0, 301, 179, 7, 12673.2704541696, 0.0, 10209.322875978169, 42.10388855205847, 82850, 0, 0
WIN , 8567.022353363027, -1736.9876457214355, 21.43626937866211, 13.099422558659063, 119.9, 654, 156, 9, 1.2395326733509768E16, 0.0, 9.296484104674044E15, 1.8953098980901785E13, 83015, 0, 0
WIN , 6375.5500007629325, -4064.009999084473, 25.35539093017578, 9.107928572518475, 164.4, 700, 153, 18, 5399.138527987712, 0.0, 4081.8724514167416, 7.7130550399824465, 83255, 0, 0
WIN , 6617.339999389638, -4059.559999847412, 21.00602569580078, 8.210099254825854, 191.0, 806, 146, 17, 1934.107582226597, 0.0, 39.5850165836235, 2.399637198792304, 83498, 0, 0
LOSS, -5241.412492370612, -4056.8999992370605, 20.66520538330078, -1.7471374974568707, 201.1259, 3000, 0, 15, 3.67268664588822E16, 0.0, 1.8363428851253508E16, 1.22422888196274E13, 83736, 0, 0
LOSS, 4877.142590332031, -3235.487506866455, 20.84831085205078, 8.724763131184314, 209.7, 559, 162, 12, 4337.955300695117, 0.0, 3225.0540609347504, 7.760206262424181, 83883, 0, 0
WIN , 6979.12990264891, -3282.6300971984865, 22.42223663330078, 9.355402014274677, 142.4, 746, 150, 21, 5.1588201275709032E16, 0.0, 2.6042928567880996E16, 6.91530848199853E13, 84099, 0, 0
WIN , 6315.814964294422, -4062.3600021362304, 21.52598419189453, 8.69946964778846, 184.25035, 726, 151, 24, 2.8709311830828304E16, 0.0, 1.8363428851253504E16, 3.954450665403348E13, 84327, 0, 0
WIN , 6581.850772094717, -4058.174966430664, 20.10545883178711, 8.87041883031633, 165.74263, 742, 150, 16, 1.836342009489334E16, 0.0, 1.8363420094888276E16, 2.474854460228213E13, 84569, 0, 0
WIN , 6417.033827209475, -4060.025738525391, 24.07728271484375, 8.164165174566762, 195.40436, 786, 147, 26, 1.6478336717848988E16, 0.0, 1.6478336717609094E16, 2.0964804984540695E13, 84783, 0, 0
WIN , 5483.100436401367, -4057.059565734863, 24.82755889892578, 4.904383216816965, 164.4, 1118, 125, 21, 11172.758936634229, 0.0, 4071.3680747265694, 9.993523199136161, 85173, 0, 0
WIN , 7141.621640014647, -4060.1600021362306, 20.58647003173828, 7.377708305800255, 148.1836, 968, 135, 14, 8847.053850865066, 0.0, 4078.109435220039, 9.139518440976309, 85465, 0, 0
WIN , 6082.7072341918965, -4061.7816421508787, 25.475857543945313, 8.495401165072481, 121.11125, 716, 152, 25, 2.6042928567882148E16, 0.0, 2.6042928567880992E16, 3.6372805262405234E13, 85659, 0, 0
LOSS, 3568.530920410156, -4063.888874053955, 20.66642608642578, 7.194618791149508, 193.7, 496, 166, 13, 1.8363428851258704E16, 0.0, 1.8363428851253512E16, 3.702304203882803E13, 85787, 0, 0
WIN , 7259.242189025876, -3093.01979675293, 21.34721221923828, 9.464461784909878, 143.38016, 767, 148, 19, 2.1462271480091396E16, 0.0, 2.1462271480086908E16, 2.7982101017068312E13, 85959, 0, 0
LOSS, 1295.9247344970702, -4062.8619842529297, 21.25504913330078, 3.3573179650183165, 223.0, 386, 174, 5, 4891.066723922384, 0.0, 4078.236519622803, 12.671157315861098, 86057, 0, 0
LOSS, 4544.913281249998, -2098.78671875, 21.48100128173828, 10.305925807823126, 185.0, 441, 170, 9, 3124.824037646813, 0.0, 2117.0200647312095, 7.085768792849916, 86164, 0, 0
WIN , 8436.599999999979, -2613.7, 26.838973999023438, 10.176839565741831, 169.0, 829, 144, 18, 4.4406357419138784E16, 0.0, 2.6042928567881E16, 5.356617300257995E13, 86419, 0, 0
WIN , 6977.680711364737, -4059.0999992370607, 21.039286804199218, 8.55107930314306, 192.19289, 816, 145, 18, 2481.027059807971, 0.0, 736.676580950041, 3.0404743379999646, 86569, 0, 0
LOSS, 1004.7968521118163, -4057.980711364746, 21.563578796386718, 2.623490475487771, 223.0, 383, 174, 13, 1.8387793501118484E16, 0.0, 1.8387793501117676E16, 4.800990470265923E13, 86684, 0, 0
LOSS, 4732.452436828608, -1992.7775634765626, 20.810038757324218, 9.921283934651171, 209.7, 477, 168, 14, 3.0988426288364425E15, 0.0, 3.0988426288333965E15, 6.496525427330068E12, 86823, 0, 0
WIN , 8869.908708190895, -2595.230000305176, 20.86869659423828, 8.383656623998956, 120.612915, 1058, 129, 27, 6807.292197565893, 0.0, 2606.560000610352, 6.434113608285343, 87140, 0, 0
WIN , 6735.3110351562345, -4065.138708496094, 22.711181640625, 7.6887112273473, 167.50256, 876, 141, 22, 2314.6654257404593, 0.0, 171.9669251522774, 2.642312129840707, 87423, 0, 0
WIN , 7080.063446044906, -4059.2497428894044, 20.13224639892578, 8.309933622118434, 166.8681, 852, 143, 23, 5938.098994357993, 0.0, 4074.977234675369, 6.969599758636143, 87711, 0, 0
WIN , 7089.999999999993, -4060.5131896972657, 20.77848663330078, 8.234610917537738, 166.8681, 861, 142, 11, 1863.164849925533, 0.0, 31.261375112412622, 2.1639545295302356, 87937, 0, 0
WIN , 6869.337522888166, -4060.5131896972657, 24.06288299560547, 8.640676129419077, 173.49287, 795, 147, 28, 6096.031086171097, 0.0, 1586.868739937967, 7.667963630403896, 88187, 0, 0
WIN , 7109.531872558579, -4059.8507125854494, 21.308940124511718, 8.701997396032533, 178.17415, 817, 145, 13, 1920.8231073528507, 0.0, 70.02419453533912, 2.3510686748504903, 88399, 0, 0
LOSS, 4456.380744934083, -4059.382585144043, 21.12431182861328, 6.563152790771845, 191.0, 679, 154, 8, 2344.190537952016, 0.0, 173.6126191737287, 3.452416108913131, 88594, 0, 0
WIN , 8248.1471191406, -3405.763330078125, 22.06813278198242, 9.093877749879383, 132.89551, 907, 139, 23, 5618.984973866041, 0.0, 3424.073853157323, 6.195132275486264, 88873, 0, 0
WIN , 7445.605290222152, -4063.91044921875, 23.055242919921874, 8.874380560455485, 176.8426, 839, 144, 21, 9670.404551201906, 0.0, 1480.9060267047807, 11.52610792753505, 89118, 0, 0
WIN , 6641.244261169428, -4059.515739440918, 21.75285186767578, 8.6927280905359, 164.4, 764, 149, 25, 2675.488725672588, 0.0, 1055.976093910737, 3.501948593812288, 89349, 0, 0
LOSS, 4663.203163146974, -4060.7600006103517, 20.298446655273438, 6.184619579770522, 169.8, 754, 149, 17, 12079.013505696792, 0.0, 4078.3533445499743, 16.019911811268955, 89590, 0, 0
WIN , 7771.592835998518, -3203.9631637573243, 20.835257720947265, 8.781460831636744, 116.44, 885, 141, 30, 11087.188908425313, 0.0, 3221.3706787109377, 12.52789707166702, 89861, 0, 0
WIN , 6875.204000854484, -4064.35599899292, 21.76188507080078, 7.884408257860646, 164.4, 872, 141, 13, 47241.825455934, 0.0, 42038.6523436039, 54.17640533937385, 90100, 0, 0
WIN , 6795.033773803704, -4060.1600021362306, 24.601073455810546, 8.612210106215088, 114.062256, 789, 147, 8, 5509.520920996637, 0.0, 4079.162563944932, 6.982916249678881, 90261, 0, 0
LOSS, 1560.1641754150403, -4065.1937759399416, 20.947428894042968, 3.9598075518148232, 196.4, 394, 173, 14, 4964.139854369287, 0.0, 4084.550723778913, 12.599339731901743, 90411, 0, 0
WIN , 9363.20205078124, -2185.3579513549803, 23.50016632080078, 11.488591473351214, 180.4, 815, 145, 18, 3537.622076376199, 0.0, 2204.060887145996, 4.340640584510673, 90632, 0, 0
WIN , 7531.808999633773, -4058.5600021362307, 26.485406494140626, 7.953335796867765, 162.31, 947, 136, 29, 103492.470968961, 0.0, 96319.01332410851, 109.28455223755121, 90936, 0, 0
WIN , 7575.591220092764, -4060.9690002441407, 23.904582214355468, 8.09358036334697, 206.3978, 936, 137, 21, 6506.174417509936, 0.0, 4071.1519113878207, 6.951041044348222, 91219, 0, 0
LOSS, 262.9509490966807, -4056.560220336914, 21.08244171142578, 0.7106782408018397, 112.339966, 370, 175, 4, 1024.364896355807, 0.0, 28.552061462402342, 2.768553773934614, 91351, 0, 0
LOSS, 3210.696008300782, -1499.5111694335938, 21.776591491699218, 8.65416713827704, 191.0, 371, 175, 12, 2555.0696094330146, 0.0, 1516.8723008988807, 6.886980079334271, 91464, 0, 0
LOSS, 5320.847314453123, -1740.207177734375, 21.689067077636718, 9.853420952690968, 175.0, 540, 164, 13, 3167.1376469980864, 0.0, 1756.1414846454718, 5.865069716663123, 91591, 0, 0
LOSS, 5916.708300781244, -2821.0544921875, 22.122050476074218, 10.13134983010487, 223.0, 584, 161, 15, 3817.6070807309893, 0.0, 2840.3793978511017, 6.536998425909228, 91730, 0, 0
WIN , 6951.41884460448, -3577.76279296875, 21.04411163330078, 8.325052508508358, 180.18362, 835, 144, 18, 5702.58061146013, 0.0, 3567.2523471652694, 6.8294378580360835, 91967, 0, 0
WIN , 7475.429862976061, -4059.1816375732424, 25.163013458251953, 7.589268896422396, 125.884995, 985, 134, 19, 2873.157864293217, 0.0, 30.01814419834269, 2.9169115373535197, 92251, 0, 0
WIN , 7688.88849945066, -4064.0115020751955, 23.182479858398438, 7.967760103057678, 137.0, 965, 135, 27, 6796.618068278932, 0.0, 4077.333541174003, 7.043127531895266, 92589, 0, 0
WIN , 5819.460000610338, -4062.2999992370605, 22.40246124267578, 8.385389049870804, 142.4, 694, 153, 15, 1784.6720805725, 0.0, 131.61909230342653, 2.5715736031304033, 92825, 0, 0
WIN , 6673.829196166981, -4062.9600006103515, 24.023945617675782, 8.138816092886563, 204.10803, 820, 145, 15, 6105.737417217856, 0.0, 4079.272074527192, 7.44602124050958, 93091, 0, 0
LOSS, -6127.901786804384, -4056.789196777344, 20.768125915527342, -2.042633928934795, 233.1259, 3000, 0, 6, 3995.3721510625605, 0.0, 23.74750671386719, 1.3317907170208536, 93320, 0, 0
WIN , 9596.392166137686, -608.8874099731445, 23.08962936401367, 14.280345485323938, 119.20424, 672, 155, 21, 1448.9301560214658, 0.0, 598.0277328491211, 2.1561460655081337, 93517, 0, 0
LOSS, 2490.6040664672855, -4065.27957611084, 21.03776397705078, 5.0315233666005765, 223.0, 495, 167, 10, 5118.958442148757, 0.0, 4079.585794880677, 10.341330186159105, 93650, 0, 0
WIN , 9536.229547119114, -2444.6836418151856, 20.368022155761718, 9.750745958199502, 150.8681, 978, 134, 22, 3283.2965014433703, 0.0, 1034.3138671875, 3.3571538869564113, 93901, 0, 0
LOSS, 4603.586810302729, -4060.913188934326, 21.352885437011718, 6.996332538453995, 185.0, 658, 156, 20, 9351.02041174358, 0.0, 4077.991848138998, 14.211277221494804, 94055, 0, 0
LOSS, 4284.191658020023, -3444.4999992370604, 21.20109405517578, 7.77530246464614, 200.2929, 551, 163, 8, 1209.5296962370799, 0.0, 161.86990203857385, 2.195153713678911, 94213, 0, 0
LOSS, 5291.521720886226, -3078.69165725708, 20.457987976074218, 8.385929827078012, 175.0, 631, 157, 9, 6513.313234183746, 0.0, 3095.4702362379426, 10.322207978104194, 94379, 0, 0
LOSS, 545.624072265625, -2860.2133781433104, 21.34141387939453, 2.468887204821833, 223.0, 221, 185, 6, 3296.148796856229, 0.0, 2875.3906648116567, 14.91470043826348, 94439, 0, 0
WIN , 10764.616166686987, -1476.437452697754, 24.756382751464844, 9.821730079093966, 155.46382, 1096, 126, 30, 8043.960725210039, 0.0, 3656.155029296875, 7.339380223731787, 94764, 0, 0
WIN , 7568.6463821410925, -4060.4536170959473, 24.078231811523438, 7.652827484470265, 169.0, 989, 134, 26, 2677.3439475802734, 0.0, 27.952719116210936, 2.707122292801085, 95034, 0, 0
WIN , 7929.753617858872, -4059.0999992370607, 24.019078063964844, 7.6615976984143686, 171.46382, 1035, 131, 18, 7160.332826232026, 0.0, 4076.37844183726, 6.918195967373938, 95397, 0, 0
WIN , 6842.797161865227, -4060.053617858887, 23.89432373046875, 8.57493378679853, 143.4922, 798, 146, 28, 5670.1001760496565, 0.0, 4075.260245553172, 7.10538869179155, 95709, 0, 0
WIN , 6970.132220458978, -4062.850779724121, 20.44401397705078, 8.658549342185065, 142.17, 805, 146, 15, 1299.4908793088748, 0.0, 39.76669604898823, 1.614274384234627, 95947, 0, 0
WIN , 6316.716999816888, -4062.9830001831056, 21.13651885986328, 8.846942576774353, 175.0, 714, 152, 14, 9860.44987572194, 0.0, 4080.1141668635123, 13.810153887565743, 96099, 0, 0
LOSS, 448.98923339843793, -4059.7, 20.05473861694336, 1.491658582719063, 186.448, 301, 179, 4, 623.8783998175402, 0.0, 53.581433156631654, 2.0726857136795354, 96196, 0, 0
WIN , 9149.410766601546, -1718.6892333984374, 20.943095397949218, 11.596211364514, 191.0, 789, 147, 16, 4651.144293274237, 0.0, 1708.8392408298753, 5.894986430005369, 96461, 0, 0
LOSS, 4271.6216796875, -4058.1, 20.62809600830078, 6.622669270833333, 207.0, 645, 157, 16, 9594.820428762943, 0.0, 4079.4790412902835, 14.87569058722937, 96671, 0, 0
WIN , 8383.658062744118, -2899.7216796875, 25.305419921875, 9.909761303480044, 138.20258, 846, 143, 27, 4351.380737868612, 0.0, 2914.140858503295, 5.1434760494900855, 97001, 0, 0
LOSS, -808.1497421264647, -4063.379742431641, 19.951278686523438, -3.285161553359613, 209.7, 246, 183, 4, 4586.042168770433, 0.0, 4079.0422159218233, 18.642447840530217, 97099, 0, 0
WIN , 8883.566424560537, -1155.2300003051757, 20.823100280761718, 13.794357802112634, 184.03575, 644, 157, 19, 2008.326366665736, 0.0, 1145.9844060231246, 3.118519202897106, 97296, 0, 0
LOSS, -8626.496449280003, -4058.7964248657227, 18.060377502441405, -2.8754988164266675, 205.0, 3000, 0, 3, 14425.036610866266, 0.0, 4076.4304901493224, 4.8083455369554216, 97442, 0, 0
WIN , 10203.089788818348, -611.6999771118165, 21.08292999267578, 12.263329073098976, 218.10236, 832, 144, 21, 6631.147041183787, 0.0, 4074.596061706543, 7.970128655268975, 97678, 0, 0
WIN , 8345.370236206012, -4055.389764404297, 26.19596710205078, 7.120623068435164, 164.4, 1172, 121, 16, 24200.29156908213, 0.0, 19841.64501946228, 20.64871294290284, 97875, 0, 0
WIN , 6871.139999389645, -4060.7600006103517, 27.017684936523438, 7.525892660886796, 153.0, 913, 139, 22, 6783.413159150161, 0.0, 4077.8066036296195, 7.429806307941031, 98159, 0, 0
LOSS, -2181.3474227905276, -4061.9, 20.876506042480468, -13.80599634677549, 152.03575, 158, 189, 8, 4735.17694827245, 0.0, 4077.4223418410106, 29.96947435615475, 98241, 0, 0
LOSS, 6234.800694274891, -780.5525772094727, 21.777293395996093, 13.098320786291787, 207.0, 476, 168, 11, 1630.9505360183202, 0.0, 795.6574279785157, 3.4263666723073953, 98407, 0, 0
WIN , 9567.497508239738, -2655.353271484375, 22.35721435546875, 9.548400706826085, 143.4922, 1002, 133, 21, 5102.1378192034745, 0.0, 2668.9619185526044, 5.091953911380713, 98803, 0, 0
LOSS, -909.2780731201149, -4062.850779724121, 21.916850280761718, -4.023354305841217, 130.6455, 226, 184, 8, 569.6058372355584, 0.0, 21.981753046062963, 2.520379810776807, 98862, 0, 0
WIN , 10065.587294006336, -1353.572706604004, 24.01725616455078, 10.528857002098679, 180.4, 956, 136, 13, 3976.3266580022337, 0.0, 1370.918320750004, 4.1593375083705375, 99212, 0, 0
WIN , 7147.3399993896355, -4059.1600006103517, 21.151123046875, 7.375995871403132, 207.0, 969, 135, 27, 2808.7119185071147, 0.0, 28.203826904296875, 2.8985675113592513, 99573, 0, 0
WIN , 8419.999999999973, -4056.5, 23.6142578125, 6.981757877280243, 207.0, 1206, 119, 27, 4364.6715757334005, 0.0, 103.57506392576346, 3.6191306598121065, 100082, 0, 0
LOSS, 4946.561767578121, -4055.900001525879, 20.92826690673828, 7.42726992128847, 207.0, 666, 155, 21, 5494.521953323434, 0.0, 4073.194039916992, 8.250032962948099, 100369, 0, 0
LOSS, -1027.1734375000003, -3383.061767578125, 21.27836456298828, -6.987574404761907, 191.0, 147, 190, 1, 1385.8240238777546, 0.0, 1284.275048828125, 9.42737431209357, 100429, 0, 0
WIN , 11756.471670532224, -905.888330078125, 24.79704132080078, 9.780758461341286, 148.4, 1202, 119, 16, 4887.101243607653, 0.0, 921.7102348343058, 4.065808022968097, 100839, 0, 0
WIN , 7385.739999389637, -4062.3600006103516, 20.775390625, 7.766288117128956, 191.0, 951, 136, 22, 6866.756618585917, 0.0, 4079.2983798493046, 7.2205642677033826, 101240, 0, 0
WIN , 8202.160501098608, -4058.1, 25.82586212158203, 7.2075224086982494, 169.39499, 1138, 124, 29, 3645.8854871816648, 0.0, 27.1856689453125, 3.2037658059592835, 101719, 0, 0
LOSS, 5803.871676635735, -4060.2605010986326, 21.76847686767578, 6.7802239213034285, 223.0, 856, 142, 15, 45185.9936246847, 0.0, 38700.10473633441, 52.787375729771846, 102095, 0, 0
LOSS, 1148.532299804688, -3383.532179260254, 20.979594421386718, 2.5636881692068925, 175.0, 448, 170, 6, 5476.49160808459, 0.0, 3397.7674917051436, 12.224311625188816, 102288, 0, 0
LOSS, 5242.81809082031, -1692.0644790649415, 20.802104187011718, 10.361300574743696, 191.0, 506, 166, 9, 4357.42514955367, 0.0, 1709.0243833597851, 8.611512153268123, 102479, 0, 0
WIN , 7494.6749313354285, -2634.882569885254, 21.525859069824218, 10.60067175577854, 170.425, 707, 152, 14, 4097.469996505801, 0.0, 2652.209687598129, 5.795572838056295, 102666, 0, 0
LOSS, -1084.2744430542025, -4059.557501220703, 21.602519226074218, -3.497659493723234, 207.0, 310, 179, 5, 4926.335908228195, 0.0, 4078.5090463322704, 15.891406155574822, 102772, 0, 0
WIN , 9471.676943969713, -1215.283058166504, 24.46305694580078, 11.026399236286045, 196.4, 859, 142, 22, 3579.899727900006, 0.0, 1232.9318668108062, 4.167520055762521, 103071, 0, 0
