LOSS, -1261.8062240600648, -12.39446144104004, 38.8, -0.4204619207131172, 148.06224, 3000, 0, 2, 3047.2511702918496, 0.0, 51.19446144104003, 1.015411919457464, 336, 0, 0
LOSS, 3006.817724609454, -329.3937759399414, 21.558940124511718, 1.002272574869818, 159.885, 3000, 0, 15, 6243.602922018329, 0.0, 318.7387100219727, 2.0812009740061095, 1148, 0, 0
LOSS, -289.2425003051754, -1816.2115005493165, 22.06596221923828, -0.09641416676839179, 132.31, 3000, 0, 7, 3367.1342232135416, 0.0, 1805.7937759399415, 1.122378074404514, 1503, 0, 0
WIN , 6987.468650054912, -1385.7689994812013, 23.03818130493164, 2.5161932481292446, 127.6235, 2777, 14, 15, 4828.043071725785, 0.0, 1396.529000091553, 1.7385823088677657, 2193, 0, 0
LOSS, 854.1825370788575, -4064.437650299072, 20.783155822753905, 0.2847275123596192, 187.13846, 3000, 0, 3, 7891.247608214153, 0.0, 4082.2705040020282, 2.6304158694047177, 2572, 0, 0
LOSS, 551.5488128661985, -1398.6201873779296, 19.256649780273438, 0.18384960428873284, 180.31, 3000, 0, 2, 3020.6513961886185, 0.0, 1407.0771681165938, 1.0068837987295396, 2766, 0, 0
LOSS, 6067.478021240222, -148.96899948120117, 22.10740509033203, 2.929733472351628, 185.0, 2071, 61, 7, 1804.3653525447082, 0.0, 160.7121513366699, 0.8712531880949822, 3159, 0, 0
WIN , 3023.602978515627, -2166.4470207214354, 21.644877624511718, 1.1742147489381076, 159.5, 2575, 28, 29, 7873.941382331981, 0.0, 2186.41777267456, 3.057841313526983, 4177, 0, 0
WIN , 6329.999999999995, -4060.0499992370605, 22.285777282714843, 7.041156840934367, 159.5, 899, 140, 19, 8045.9889909902795, 0.0, 4081.222476196289, 8.949932136807876, 4896, 0, 0
WIN , 5726.331637573237, -4060.0499992370605, 22.20744171142578, 4.415059088337114, 196.18362, 1297, 113, 20, 9171.976601940163, 0.0, 4082.1352531433104, 7.071685892012462, 5827, 0, 0
WIN , 5108.918362426773, -4056.3816368103026, 22.340190124511718, 3.171271485056966, 207.0, 1611, 92, 20, 8285.051803006863, 0.0, 4075.8974861145016, 5.142800622598922, 6483, 0, 0
LOSS, 3090.117262268065, -4055.2999992370605, 21.56901397705078, 1.0300390874226883, 215.82738, 3000, 0, 21, 8963.621756525574, 0.0, 4073.070265960693, 2.9878739188418577, 7143, 0, 0
WIN , 6769.732737731927, -3665.417261505127, 22.00431671142578, 7.666741492335138, 108.5, 883, 141, 25, 5951.9874342440935, 0.0, 3654.6999992370606, 6.740642620887988, 7828, 0, 0
WIN , 7276.499999999986, -4065.1499992370605, 21.916117858886718, 7.909239130434767, 143.5, 920, 138, 25, 6615.622917929804, 0.0, 4085.480938720703, 7.190894476010657, 8599, 0, 0
WIN , 7706.5283920287875, -4061.6499992370605, 21.876508712768555, 7.182225901238385, 178.21608, 1073, 128, 25, 3481.1545920009858, 0.0, 35.672746605993574, 3.2443192842506856, 9478, 0, 0
LOSS, 4409.839625549315, -4058.1783912658693, 20.81730499267578, 6.345092986401893, 207.0, 695, 153, 8, 6014.433784821959, 0.0, 4073.5230323791507, 8.653861560894905, 10022, 0, 0
WIN , 8492.309265136693, -3078.0180168151855, 24.59521484375, 7.827013147591423, 156.72717, 1085, 127, 27, 415934.3091376977, 0.0, 407874.2213517046, 383.3495936752974, 10812, 0, 0
LOSS, 409.4020385742171, -4060.3272819519043, 21.44877471923828, 0.9057567225093299, 207.0, 452, 169, 7, 38193.21167309117, 0.0, 36349.780700464245, 84.49825591391853, 11145, 0, 0
WIN , 9100.72429656979, -1829.729320526123, 21.791178894042968, 8.265871295703715, 155.46382, 1101, 126, 23, 7016.1153989864815, 0.0, 1849.384593963623, 6.372493550396441, 11913, 0, 0
WIN , 7868.046382141091, -4060.4536170959473, 22.52653350830078, 5.385384245134217, 175.0, 1461, 102, 24, 35437.24487782431, 0.0, 28539.936708073445, 24.25547219563608, 12866, 0, 0
LOSS, -3464.350607299796, -4058.4999992370604, 18.833648681640625, -1.1547835357665988, 168.50607, 3000, 0, 2, 7998.42876679915, 0.0, 1388.6201873779296, 2.6661429222663835, 13135, 0, 0
LOSS, 6629.735881042461, -214.14939193725587, 21.30802764892578, 2.8700155329188144, 177.7, 2310, 46, 14, 8156.641087547784, 0.0, 3003.8954866491376, 3.5310134578128936, 13711, 0, 0
LOSS, -4170.916273498619, -3203.8852729797363, 21.391825866699218, -1.3903054244995399, 180.31, 3000, 0, 2, 5957.7093697701275, 0.0, 3215.865676116943, 1.9859031232567093, 13822, 0, 0
LOSS, 4665.188421630856, -212.96899948120117, 21.51139678955078, 14.533297263647528, 207.0, 321, 178, 10, 782.7034272025664, 0.0, 223.47649917602538, 2.438328433652855, 14100, 0, 0
LOSS, 6525.402676391592, -1948.1574211120605, 22.284281921386718, 12.31208052149357, 180.4, 530, 164, 11, 2592.045598545116, 0.0, 1967.3284858703614, 4.890652072726634, 14469, 0, 0
WIN , 6716.02309265136, -3654.1600997924807, 21.877848815917968, 4.280448115137896, 164.16809, 1569, 95, 21, 23535.197562882164, 0.0, 10409.822253385415, 15.000125916432227, 15507, 0, 0
LOSS, -1033.9926910400113, -4059.583190155029, 20.006755065917968, -0.34466423034667043, 174.095, 3000, 0, 12, 6183.792761933861, 0.0, 318.7027069091797, 2.0612642539779538, 15829, 0, 0
LOSS, 1630.5785003662127, -1125.5904991149903, 19.279111480712892, 0.5435261667887376, 148.31, 3000, 0, 9, 8602.54618895341, 0.0, 1846.3702507019043, 2.8675153963178035, 16074, 0, 0
WIN , 10103.599999999942, -1016.1689994812011, 22.451226806640626, 5.606881243063231, 162.31, 1802, 79, 23, 11877.407803355985, 0.0, 3664.9905990600587, 6.591236294870136, 17033, 0, 0
WIN , 5805.5309997558525, -4059.7689994812013, 22.071025085449218, 9.113863421908716, 207.0, 637, 157, 13, 964.1917064056162, 0.0, 30.6170136637285, 1.5136447510292248, 17538, 0, 0
LOSS, 3591.723193359377, -4055.2999992370605, 22.19987335205078, 6.663679393987713, 175.0, 539, 164, 9, 1308.2199475381924, 0.0, 101.32090108911416, 2.4271242069354217, 17913, 0, 0
LOSS, 3788.394068908661, -3117.0231925964354, 21.36649932861328, 1.2627980229695537, 215.82738, 3000, 0, 21, 9925.754039807023, 0.0, 3127.1468180826882, 3.3085846799356746, 18769, 0, 0
WIN , 6886.240019226058, -3665.417261505127, 21.91471710205078, 7.960971120492553, 143.42719, 865, 142, 27, 6214.767328723709, 0.0, 3654.823395081042, 7.184702114131456, 19419, 0, 0
WIN , 6311.7257194518525, -4061.6572807312014, 25.03667221069336, 2.3577608216107033, 126.16999, 2677, 21, 28, 8809.993302004039, 0.0, 1387.6267990112303, 3.2909948830795814, 20356, 0, 0
LOSS, -1736.0046089172245, -4064.583000946045, 18.551771545410155, -0.5786682029724082, 196.21608, 3000, 0, 4, 8569.737974995314, 0.0, 4085.165228475126, 2.856579324998438, 20595, 0, 0
LOSS, 8330.103112792962, -388.5783920288086, 22.400859069824218, 2.776701037597654, 135.18495, 3000, 0, 25, 8934.128780722107, 0.0, 377.563410949707, 2.978042926907369, 21387, 0, 0
LOSS, 1575.3089950561587, -3257.481504058838, 20.10050811767578, 0.5251029983520529, 142.095, 3000, 0, 17, 8585.011089588159, 0.0, 3267.768413961249, 2.861670363196053, 21740, 0, 0
WIN , 8768.359600830052, -1832.7904991149903, 23.682087707519532, 7.294808320158113, 148.499, 1202, 119, 23, 7127.271041754275, 0.0, 1965.0293998718262, 5.929510018098398, 22463, 0, 0
LOSS, 5932.446304321337, -4061.150099945068, 22.06779327392578, 1.9774821014404458, 204.1922, 3000, 0, 13, 7555.937306407496, 0.0, 4078.7677154541016, 2.518645768802499, 22977, 0, 0
LOSS, -5304.766278076272, -3453.5964042663572, 20.03025665283203, -1.768255426025424, 233.03845, 3000, 0, 7, 6730.481871858742, 0.0, 3467.341611480713, 2.2434939572862476, 23164, 0, 0
LOSS, 1041.3899993896314, -608.8301261901855, 21.15012969970703, 0.3471299997965438, 219.13846, 3000, 0, 4, 3793.3932126071186, 0.0, 619.6874069213867, 1.264464404202373, 23317, 0, 0
LOSS, -1261.0237014770507, -690.220125579834, 21.676295471191406, -0.42034123382568356, 138.03575, 3000, 0, 2, 4620.511798932426, 0.0, 700.3775535583496, 1.5401705996441422, 23417, 0, 0
WIN , 11085.815074920638, -249.1964241027832, 21.89738311767578, 10.389704849972482, 109.885, 1067, 128, 32, 135297.48054551485, 0.0, 131921.0069572115, 126.80176246065122, 24084, 0, 0
LOSS, 3489.948500823975, -4066.8115001678466, 22.17448272705078, 6.883527615037425, 180.4, 507, 166, 13, 5194.621646776981, 0.0, 4082.857947921753, 10.245802064648878, 24460, 0, 0
WIN , 8655.619741821245, -3204.9599998474123, 21.224853515625, 6.902408087576751, 154.20258, 1254, 116, 25, 9230.471040407612, 0.0, 3215.7904991149903, 7.360822201281987, 25342, 0, 0
LOSS, 5033.97968139648, -4060.579741668701, 22.097148132324218, 7.732687682636683, 191.0, 651, 156, 6, 5412.297231767876, 0.0, 4076.7322947255093, 8.313820632515938, 25691, 0, 0
WIN , 9560.223767089845, -3404.5594230651855, 24.715625, 6.203908998760444, 212.16809, 1541, 97, 35, 75727.0792214971, 0.0, 66450.40922547458, 49.14151798929078, 26650, 0, 0
LOSS, 3544.2448852539096, -4054.7831901550294, 22.112284851074218, 3.167332337134861, 175.0, 1119, 125, 12, 9210.192687928818, 0.0, 4066.750663477332, 8.230735199221463, 27312, 0, 0
LOSS, 5598.127392578122, -3030.228076171875, 22.361491394042968, 6.275927570154845, 207.0, 892, 140, 12, 8169.079585710644, 0.0, 3048.031298828125, 9.158160970527629, 27842, 0, 0
WIN , 8401.02711639399, -3267.1554679870605, 22.927658081054688, 3.3245061798155877, 178.17415, 2527, 31, 31, 483119.8805997183, 0.0, 469333.9096418638, 191.18317396110737, 29167, 0, 0
WIN , 8538.447415161114, -4058.782586669922, 23.05680694580078, 6.205267016832205, 193.7, 1376, 108, 37, 2949665.5917922165, 0.0, 2941137.2901196154, 2143.652319616436, 30124, 0, 0
WIN , 6484.108709716782, -4056.6299995422364, 21.88497314453125, 6.684648154347198, 152.6129, 970, 135, 24, 7180.1630912967885, 0.0, 4074.0458958528575, 7.402229991027617, 30818, 0, 0
WIN , 7561.012672424296, -4060.7387092590334, 21.26920928955078, 7.486151160816135, 142.48618, 1010, 132, 19, 7924.226270736133, 0.0, 4077.6610895939584, 7.845768584887261, 31416, 0, 0
WIN , 5495.148617553707, -4061.75138168335, 22.01212921142578, 9.573429647306108, 191.0, 574, 161, 11, 4681.347082288291, 0.0, 4078.11185774431, 8.15565693778448, 31737, 0, 0
LOSS, -2010.6462570190683, -4056.8999992370605, 19.944915771484375, -0.6702154190063561, 206.2675, 3000, 0, 7, 8880.670950347048, 0.0, 4075.0775231269063, 2.9602236501156827, 32141, 0, 0
LOSS, 4551.046257019022, -1366.2537422180176, 21.28111114501953, 1.5170154190063407, 177.0, 3000, 0, 21, 5106.988931914528, 0.0, 1355.2254570007324, 1.7023296439715092, 32641, 0, 0
WIN , 10013.02728271483, -3237.2999992370605, 21.48193359375, 7.902941817454482, 156.72717, 1267, 115, 33, 7605.887342063198, 0.0, 3226.2717140197756, 6.003068146853352, 33548, 0, 0
WIN , 7597.632717895468, -4061.5272827148438, 26.18424835205078, 6.406098413065319, 180.4, 1186, 120, 30, 12167.884252420017, 0.0, 4076.0671264648436, 10.259598863760553, 34303, 0, 0
LOSS, 82.30208129883036, -4059.1600006103517, 20.79020538330078, 0.02743402709961012, 193.38016, 3000, 0, 16, 9.961573605781368E15, 0.0, 1.695229006567345E15, 3.320524535260456E12, 34833, 0, 0
LOSS, 116.78190917954608, -2340.2620811462402, 20.58781280517578, 0.03892730305984869, 166.18362, 3000, 0, 21, 3.6208727280307256E16, 0.0, 2.834107391020943E15, 1.2069575760102418E13, 35638, 0, 0
LOSS, -5001.143472290046, -3197.0439903259276, 19.621153259277342, -1.667047824096682, 156.99457, 3000, 0, 4, 3.0091823308331815E15, 0.0, 7.505558435215851E14, 1.0030607769443938E12, 35841, 0, 0
LOSS, 552.2481185913056, -695.9005180358887, 20.262113952636717, 0.18408270619710185, 234.51338, 3000, 0, 10, 9.347141348960748E15, 0.0, 1.4956964662639748E15, 3.115713782986916E12, 36332, 0, 0
LOSS, 305.6088623047011, -1808.1486366271972, 20.94389190673828, 0.1018696207682337, 172.425, 3000, 0, 13, 1.7907831910488436E16, 0.0, 1.7923316172712635E15, 5.9692773034961455E12, 36695, 0, 0
LOSS, 7812.672225952113, -1813.7574989318848, 20.75181427001953, 5.066583804119399, 156.10802, 1542, 97, 12, 2.9532234052898512E16, 0.0, 2.322815683010711E15, 1.915190275804054E13, 37357, 0, 0
WIN , 8400.47027435301, -3546.429724884033, 21.80119171142578, 6.181361496948499, 191.0, 1359, 109, 27, 1.8305733790274616E16, 0.0, 1.6165311606391652E15, 1.3470002789017377E13, 38233, 0, 0
LOSS, 477.11163177490835, -4058.1, 20.69462432861328, 0.1590372105916361, 215.88466, 3000, 0, 9, 7.274222091978868E15, 0.0, 1.3051506895085095E15, 2.4247406973262896E12, 38600, 0, 0
LOSS, 1871.043470764162, -2595.2116317749023, 21.06120147705078, 6.278669364980409, 223.0, 298, 180, 12, 5.562737140534755E15, 0.0, 1.288277329902631E15, 1.8666903156156895E13, 38814, 0, 0
LOSS, 6338.044995117176, -1706.2551025390626, 21.20036163330078, 11.338184248867936, 185.0, 559, 162, 8, 1.297675185618864E16, 0.0, 1.2882773299026308E15, 2.321422514523907E13, 39105, 0, 0
WIN , 8882.199902343726, -3014.30009765625, 21.326548767089843, 4.744764905098144, 207.0, 1872, 75, 27, 1.2092584353358854E16, 0.0, 1.23020740444425E15, 6.459713863973747E12, 39862, 0, 0
LOSS, 6255.960598754854, -4056.5, 21.32096710205078, 2.0853201995849515, 203.39499, 3000, 0, 31, 2.3227378242911056E16, 0.0, 2.518484734346881E15, 7.742459414303686E12, 40658, 0, 0
LOSS, 2739.761100769046, -3571.860600280762, 20.79691925048828, 5.289114094148737, 209.7, 518, 165, 4, 5.194459600802058E15, 0.0, 2.4604148088885005E15, 1.002791428726266E13, 40998, 0, 0
LOSS, 2695.523397827121, -2131.621701049805, 21.33805694580078, 0.8985077992757069, 210.55, 3000, 0, 17, 1.7479180271799894E16, 0.0, 1.3051506895085092E15, 5.826393423933298E12, 41779, 0, 0
WIN , 9298.034902191133, -3667.745097351074, 22.01384735107422, 5.554381662001872, 114.200005, 1674, 88, 33, 7.4947676156553104E16, 0.0, 1.5935473754087838E16, 4.477161060725992E13, 42606, 0, 0
WIN , 7125.999742889382, -4065.1800010681154, 23.791015625, 3.8623304839508847, 154.20258, 1845, 77, 22, 1.5587682132521686E16, 0.0, 1.7455450417898542E15, 8.448608201908772E12, 43331, 0, 0
WIN , 8162.780258178675, -4061.7797424316404, 20.98405303955078, 5.225851637758434, 126.399994, 1562, 95, 25, 2.0674059661742624E16, 0.0, 1.7925235598932732E15, 1.3235633586262883E13, 44253, 0, 0
WIN , 9597.339999389613, -4064.5600006103514, 24.801376342773438, 5.193365800535505, 153.0, 1848, 76, 30, 1.367224158787236E16, 0.0, 1.23020740444425E15, 7.398399127636559E12, 45444, 0, 0
LOSS, 6859.272093200589, -4061.9, 19.973524475097655, 2.286424031066863, 230.27907, 3000, 0, 31, 1.7332037610998004E16, 0.0, 8.863129470037136E14, 5.777345870332668E12, 46295, 0, 0
LOSS, 325.7160110473563, -3281.172093200684, 20.548544311523436, 0.1085720036824521, 173.11896, 3000, 0, 9, 6.450329466822041E15, 0.0, 1.766231192895031E15, 2.1501098222740137E12, 46593, 0, 0
LOSS, 4415.477897644008, -1606.8881042480468, 21.05949249267578, 1.4718259658813362, 178.33998, 3000, 0, 16, 6.788035994723597E15, 0.0, 8.863129470037136E14, 2.2626786649078657E12, 47089, 0, 0
LOSS, -10392.335874939083, -2342.36600189209, 18.07388916015625, -3.4641119583130275, 233.03845, 3000, 0, 7, 2.179081923961523E15, 0.0, 8.86312947003713E14, 7.263606413205077E11, 47367, 0, 0
LOSS, 12479.092537689243, -610.030126953125, 19.260478210449218, 4.159697512563081, 107.111244, 3000, 0, 29, 9.302560221300842E15, 0.0, 8.86312947003713E14, 3.100853407100281E12, 48441, 0, 0
LOSS, -36.17128219603378, -3789.122664642334, 21.86344757080078, -0.012057094065344593, 192.48618, 3000, 0, 17, 3.5717894852488815E15, 0.0, 8.863129470037136E14, 1.1905964950829604E12, 48854, 0, 0
LOSS, 1334.2450424194353, -1812.951382446289, 20.33355712890625, 0.4447483474731451, 170.03575, 3000, 0, 8, 6.721373717574662E15, 0.0, 1.4068387162564338E15, 2.2404579058582207E12, 49077, 0, 0
LOSS, 9469.281008911092, -967.1964248657226, 20.490458679199218, 5.948040834743148, 149.56209, 1592, 93, 19, 7.125722103619794E15, 0.0, 8.863129470037138E14, 4.475956095238564E12, 49701, 0, 0
LOSS, 3123.2384841918947, -3556.4774337768554, 21.44718780517578, 6.400078861048964, 223.0, 488, 167, 8, 1.0123105828285512E16, 0.0, 1.23020740444425E15, 2.0744069320257195E13, 50036, 0, 0
LOSS, 5756.144583129732, -2559.71591796875, 20.391586303710938, 1.918714861043244, 203.39499, 3000, 0, 17, 4.3507858598256235E15, 0.0, 2.0018530920259815E15, 1.4502619532752078E12, 50672, 0, 0
WIN , 8755.550999450668, -2515.860501098633, 21.024830627441407, 5.3290024342365605, 157.885, 1643, 90, 20, 7.78285215914303E15, 0.0, 8.863129470037131E14, 4.736976359794905E12, 51290, 0, 0
LOSS, -1117.8371032714988, -4061.4115005493163, 21.17838897705078, -0.3726123677571663, 153.20427, 3000, 0, 24, 6.567132068555562E15, 0.0, 1.9089219133742318E15, 2.189044022851854E12, 52038, 0, 0
LOSS, 6840.580900573715, -2763.574397277832, 20.85319366455078, 7.015980410844835, 186.448, 975, 135, 15, 3.514080550340858E15, 0.0, 8.863129470037135E14, 3.6041851798367773E12, 52706, 0, 0
LOSS, 1983.2254882812492, -3014.1552978515624, 20.914286804199218, 3.6862927291473033, 184.41895, 538, 164, 6, 4.783145409090996E15, 0.0, 8.863129470037135E14, 8.890604849611518E12, 53058, 0, 0
LOSS, 5340.516430664058, -1837.3807861328125, 21.52714385986328, 8.423527493160975, 207.0, 634, 157, 19, 4.667010642576619E15, 0.0, 1.288277329902631E15, 7.3612155245688E12, 53526, 0, 0
WIN , 7503.0717834471725, -2497.897216796875, 26.229302978515626, 2.8507111639236977, 162.31, 2632, 24, 20, 1.238141378187882E16, 0.0, 2.4604148088885E15, 4.704184567583139E12, 54194, 0, 0
WIN , 7092.5309997558425, -4060.9690002441407, 23.717636108398438, 7.7344940019147685, 137.0, 917, 138, 19, 1.9929879112085152E16, 0.0, 2.406969887197815E15, 2.1733783110234625E13, 54773, 0, 0
LOSS, -2208.3051696777366, -4063.5, 19.89164581298828, -0.7361017232259122, 132.31, 3000, 0, 8, 1.403515043427826E15, 0.0, 7.700824912499425E14, 4.678383478092753E11, 54982, 0, 0
LOSS, 685.977262878419, -1235.1948303222657, 19.9422607421875, 0.22865908762613965, 230.27907, 3000, 0, 12, 3.805561190264855E15, 0.0, 8.86312360395111E14, 1.2685203967549517E12, 55615, 0, 0
LOSS, 7715.483499145452, -1442.372093963623, 21.96208038330078, 2.571827833048484, 235.44408, 3000, 0, 26, 3.6654899566988655E15, 0.0, 1.2882773299026312E15, 1.2218299855662886E12, 56228, 0, 0
LOSS, 4329.710409545895, -3617.855593109131, 21.36271514892578, 1.4432368031819651, 178.33998, 3000, 0, 23, 8.47281765404612E15, 0.0, 8.863129470037132E14, 2.8242725513487065E12, 56724, 0, 0
WIN , 9220.133998107804, -3047.5660026550295, 21.84307403564453, 3.202547411638695, 207.0, 2879, 8, 21, 1.8536478849263504E16, 0.0, 1.7925235598932732E15, 6.438512972998786E12, 57572, 0, 0
LOSS, 1680.6808776855564, -4057.7000007629395, 19.513046264648438, 0.5602269592285188, 236.1922, 3000, 0, 20, 3.306240407002936E15, 0.0, 8.863129470037134E14, 1.1020801356676453E12, 58205, 0, 0
LOSS, -11044.720401001088, -2338.3808784484863, 17.61022033691406, -3.6815734670003626, 203.39499, 3000, 0, 8, 6.400059525701459E14, 0.0, 3.0849262110109525E14, 2.1333531752338196E11, 58444, 0, 0
WIN , 12160.79313964843, -613.6604774475097, 22.673863220214844, 10.384964252475175, 139.46384, 1171, 121, 20, 1.3080810274019452E16, 0.0, 1.4061206653158852E15, 1.1170632172518746E13, 59212, 0, 0
LOSS, -268.21317901611303, -4064.4536170959473, 18.07597198486328, -0.08940439300537101, 177.59538, 3000, 0, 17, 8.097321130845899E15, 0.0, 1.2882773299026315E15, 2.6991070436153E12, 59733, 0, 0
LOSS, 1578.7500381469954, -1816.240438079834, 20.49015655517578, 0.5262500127156652, 190.095, 3000, 0, 17, 6.018938069198763E15, 0.0, 8.863129470037138E14, 2.006312689732921E12, 60240, 0, 0
WIN , 11580.378524780272, -1814.9904762268065, 24.933160400390626, 8.361284133415358, 130.31, 1385, 107, 28, 1.1997406227726438E16, 0.0, 2.4834349326438625E15, 8.662387168033529E12, 61053, 0, 0
WIN , 8608.14144897453, -4065.36900100708, 24.87159881591797, 4.213480885450088, 148.89551, 2043, 63, 25, 8.449943823963642E15, 0.0, 8.863129470037136E14, 4.1360469035553804E12, 61802, 0, 0
LOSS, 635.1516326904264, -4063.5104499816894, 21.81608428955078, 0.21171721089680878, 193.38016, 3000, 0, 8, 8.584862760073966E15, 0.0, 1.4061206653158848E15, 2.8616209200246553E12, 62379, 0, 0
LOSS, 740.0665847778317, -2598.662082672119, 21.27787628173828, 3.442170161757357, 122.425, 215, 185, 5, 1.5009150582806812E15, 0.0, 5.6231615544902306E14, 6.981000271072937E12, 62524, 0, 0
WIN , 11513.440333557104, -1328.7286674499512, 21.34538116455078, 9.25517711700732, 162.31, 1244, 117, 27, 9.591113838388916E15, 0.0, 2.4069693005892125E15, 7.70989858391392E12, 63245, 0, 0
WIN , 7116.861000061029, -4062.16900100708, 24.08976593017578, 7.960694630940748, 193.7, 894, 140, 23, 1.2898042458833418E16, 0.0, 2.1881172509733625E15, 1.4427340557979215E13, 63885, 0, 0
WIN , 7528.669999694809, -4059.0300010681153, 21.87052764892578, 4.041154052439511, 207.0, 1863, 75, 22, 7.493744822369209E15, 0.0, 1.7076653935121348E15, 4.022407312060767E12, 64723, 0, 0
LOSS, 1416.8202270507797, -4057.7000007629395, 21.848490905761718, 2.8973828774044574, 167.37439, 489, 167, 11, 2.396148035895513E13, 0.0, 2.3020710363964324E13, 4.9000982329151596E10, 65065, 0, 0
LOSS, 5263.8971328736725, -1964.5202278137208, 20.59611358642578, 1.7546323776245576, 215.82738, 3000, 0, 26, 8.658837902660544E15, 0.0, 1.253228114808214E15, 2.886279300886848E12, 65977, 0, 0
WIN , 7923.812640380844, -3668.417360687256, 21.467906188964843, 6.619726516608892, 161.7, 1197, 120, 27, 1.3403086555449086E16, 0.0, 1.7925235598932732E15, 1.1197231875897314E13, 66711, 0, 0
LOSS, 7343.077470397938, -4062.230001068115, 20.89860382080078, 6.6755249730890345, 175.0, 1100, 126, 23, 2.7524950773292995E15, 0.0, 1.1767618961449625E15, 2.502268252117545E12, 67357, 0, 0
WIN , 9585.322529602034, -3845.3074714660643, 21.03410186767578, 6.920810490687389, 177.7, 1385, 107, 24, 6.236330678990262E15, 0.0, 8.863129470037135E14, 4.502765833205966E12, 68221, 0, 0
WIN , 8303.655822753884, -4060.6300010681152, 21.23942413330078, 5.6718960537936365, 141.14177, 1464, 102, 30, 1.322888520916661E16, 0.0, 1.7455444551812518E15, 9.036123776753148E12, 69134, 0, 0
WIN , 8037.944177246073, -4064.2858238220215, 22.204814147949218, 7.684459060464697, 161.7, 1046, 130, 27, 9.676019921878244E15, 0.0, 1.2882773299026312E15, 9.250497057244975E12, 69745, 0, 0
LOSS, 2330.406620788573, -4062.230001068115, 21.63871612548828, 4.578402005478533, 223.0, 509, 166, 8, 3.7216900861368205E15, 0.0, 1.7455444551812512E15, 7.311768342115561E12, 70081, 0, 0
LOSS, 1739.0239776611302, -2262.6366218566895, 21.40104522705078, 0.5796746592203768, 203.39499, 3000, 0, 16, 5.029408415671794E15, 0.0, 1.1767618961449632E15, 1.676469471890598E12, 70571, 0, 0
LOSS, -12008.160684204218, -2341.6605995178224, 17.279875183105467, -4.002720228068073, 205.0, 3000, 0, 7, 2.7294126091778545E15, 0.0, 2.1831180689356672E14, 9.098042030592848E11, 70759, 0, 0
WIN , 10206.090585327125, -613.4999153137207, 24.337823486328126, 11.571531275881094, 188.095, 882, 141, 22, 5.364686801417887E15, 0.0, 8.863129470037131E14, 6.0824113394760625E12, 71359, 0, 0
LOSS, 3593.1101409912176, -4059.5905006408693, 24.525126647949218, 1.1977033803304058, 172.99457, 3000, 0, 21, 9.183424863845516E15, 0.0, 8.863129470037131E14, 3.061141621281839E12, 72064, 0, 0
LOSS, -276.0001220703124, -3271.5006408691406, 20.470138549804688, -0.09200004069010413, 172.99457, 3000, 0, 16, 4.497474535724989E15, 0.0, 1.4068387162564332E15, 1.4991581785749963E12, 72574, 0, 0
WIN , 10950.463980865476, -1816.7005195617676, 24.95427551269531, 8.196455075498111, 112.355, 1336, 110, 28, 6.226189071490688E15, 0.0, 8.863129470037134E14, 4.660321161295425E12, 73339, 0, 0
WIN , 6546.717403411855, -4067.164500427246, 22.01334991455078, 5.175270674633878, 145.18097, 1265, 115, 18, 9.367525374509596E15, 0.0, 1.7662311928950312E15, 7.405158398821815E12, 74010, 0, 0
LOSS, 2791.0902877807575, -4063.881903839111, 21.79752960205078, 0.9303634292602525, 230.27907, 3000, 0, 15, 3.750575092728206E15, 0.0, 1.230206817835648E15, 1.2501916975760686E12, 74523, 0, 0
WIN , 9111.127809143049, -2594.9721916198732, 21.46305694580078, 9.15691237099804, 223.0, 995, 133, 20, 6.88501384634839E15, 0.0, 1.253228114808214E15, 6.919611905877779E12, 75107, 0, 0
WIN , 6752.930000305167, -4056.1000007629395, 24.55924835205078, 2.676547760723411, 193.7, 2523, 31, 31, 6.673420192376053E15, 0.0, 1.1588167562375648E15, 2.645033766300457E12, 75825, 0, 0
LOSS, 4797.601210021971, -4059.0300010681153, 20.4976806640625, 5.272089241782386, 167.6, 910, 139, 17, 5.568656767072867E15, 0.0, 1.23020740444425E15, 6.119403040739414E12, 76284, 0, 0
LOSS, 7628.998477172838, -3016.631211090088, 21.38468780517578, 5.286901231582008, 207.0, 1443, 103, 19, 9.85932675979483E15, 0.0, 1.2882773299026308E15, 6.832520277058095E12, 76997, 0, 0
WIN , 8508.823928832991, -3115.6296882629395, 20.31591796875, 8.629638873055772, 139.46384, 986, 134, 23, 6.729384918232232E15, 0.0, 1.288277329902631E15, 6.824933994150337E12, 77596, 0, 0
LOSS, 106.24648132320435, -4064.4536170959473, 20.09129943847656, 0.03541549377440145, 193.0, 3000, 0, 16, 7.606477877426715E15, 0.0, 1.749605106569225E15, 2.535492625808905E12, 78130, 0, 0
WIN , 7236.055902099583, -3670.7000984191895, 22.592581939697265, 2.4797998293692882, 116.44, 2918, 5, 31, 8.643164396470196E15, 0.0, 1.195112372579824E15, 2.9620165854935557E12, 78907, 0, 0
WIN , 8758.808500671365, -4064.9560012817383, 21.72160186767578, 6.864269984852166, 128.355, 1276, 114, 24, 5.476847814046402E15, 0.0, 1.4061206653158845E15, 4.292200481227588E12, 79464, 0, 0
LOSS, -2516.8070251464856, -4065.5645011901856, 20.45487823486328, -0.8389356750488285, 172.425, 3000, 0, 12, 2.596825611516111E15, 0.0, 8.863123603951111E14, 8.65608537172037E11, 79831, 0, 0
LOSS, 509.1300323486547, -1448.7574760437012, 21.45304718017578, 0.1697100107828849, 201.1259, 3000, 0, 30, 7.11672758765311E15, 0.0, 2.42532095024128E15, 2.372242529217703E12, 80392, 0, 0
LOSS, 1137.6021408081047, -3237.887508392334, 21.45207061767578, 2.8228340962980263, 223.0, 403, 173, 6, 1.499479543009929E15, 0.0, 5.6231615544902306E14, 3.720792910694613E12, 80603, 0, 0
WIN , 10128.721852111794, -1545.4896492004395, 23.342457580566407, 9.300938339863906, 141.885, 1089, 127, 18, 8.718143945709592E14, 0.0, 3.0849262110109475E14, 8.005641823424786E11, 81155, 0, 0
WIN , 6796.357499694804, -4064.2115013122557, 25.510552978515626, 2.406642174112891, 178.31, 2824, 11, 31, 1.1380394851625494E16, 0.0, 1.5091059147904972E15, 4.0298848624736167E12, 81969, 0, 0
WIN , 6623.191177368149, -4060.5690010070803, 21.80735626220703, 6.928024244108942, 146.39822, 956, 136, 13, 6.028795366140442E15, 0.0, 1.1767618961449628E15, 6.306271303494187E12, 82415, 0, 0
WIN , 7155.490603637672, -4063.7601783752443, 21.67326202392578, 3.6770249761755767, 191.49219, 1946, 70, 28, 1.3688532306240746E16, 0.0, 1.2532281148082142E15, 7.034189263227516E12, 83005, 0, 0
LOSS, -787.364682006832, -4059.2507820129395, 20.435592651367188, -2.224194016968452, 170.41, 354, 176, 5, 2.432441593290604E15, 0.0, 1.1767618961449622E15, 6.871303935849164E12, 83176, 0, 0
LOSS, 285.00275115966826, -1211.8861000061036, 21.00395050048828, 0.09500091705322275, 171.11125, 3000, 0, 14, 4.739702207866503E15, 0.0, 3.0849262110109525E14, 1.579900735955501E12, 83510, 0, 0
LOSS, 9458.157829284653, -1816.8888511657715, 20.58659210205078, 9.573034240166653, 207.0, 988, 134, 21, 3.161656114298949E15, 0.0, 6.227929677867844E14, 3.2000567958491387E12, 83992, 0, 0
LOSS, 331.8334228515657, -3835.0466804504395, 20.35852813720703, 0.8295835571289142, 175.0, 400, 173, 4, 1.08331506128774E15, 0.0, 5.6231615544902294E14, 2.70828765321935E12, 84191, 0, 0
LOSS, 3673.8774948120185, -1326.880103302002, 20.47257843017578, 1.2246258316040062, 172.425, 3000, 0, 13, 3.2580700877599445E15, 0.0, 8.863129470037135E14, 1.0860233625866482E12, 84734, 0, 0
WIN , 10086.424040222146, -2600.7575981140135, 22.97208251953125, 9.488639736803524, 212.18362, 1063, 129, 21, 6.65700914928181E15, 0.0, 1.2302074044442505E15, 6.262473329521929E12, 85318, 0, 0
LOSS, 7304.043264770491, -4057.1816383361815, 20.31571807861328, 7.160826730167148, 207.0, 1020, 132, 15, 4.722728262493104E15, 0.0, 8.863129470037131E14, 4.630125747542259E12, 85853, 0, 0
WIN , 8566.475097656223, -3801.2249031066895, 20.3330078125, 7.442636922377257, 207.0, 1151, 123, 25, 9.331870170923066E15, 0.0, 1.23020740444425E15, 8.10761960983759E12, 86419, 0, 0
WIN , 6941.8716369628855, -4057.7000007629395, 21.02384796142578, 7.852795969415029, 188.28363, 884, 141, 15, 3.6402627237576935E15, 0.0, 1.0226089663705184E15, 4.1179442576444497E12, 86868, 0, 0
WIN , 6624.210949707028, -4057.7716384887694, 21.085307312011718, 8.039090958382316, 146.17413, 824, 145, 18, 2.0159076917098978E15, 0.0, 1.1767624827535652E15, 2.446489917123662E12, 87269, 0, 0
LOSS, 5229.847686767572, -4063.7825874328614, 20.681071472167968, 7.01992978089607, 223.0, 745, 150, 22, 1.0455776438337418E15, 0.0, 6.458136781507486E14, 1.4034599246090493E12, 87605, 0, 0
WIN , 7729.43022766112, -3243.6302742004395, 22.87444610595703, 8.30228810704739, 153.39499, 931, 137, 16, 4.871622555434524E15, 0.0, 2.2363509677760465E15, 5.232677288329241E12, 88073, 0, 0
WIN , 7568.619073486314, -4063.0605018615724, 21.08024444580078, 8.164637619726337, 167.20425, 927, 138, 30, 1.1918753811889472E15, 0.0, 8.86312947003713E14, 1.2857339602901265E12, 88661, 0, 0
LOSS, -77.79149475097442, -4061.6795753479005, 20.70158233642578, -0.025930498250324806, 221.11896, 3000, 0, 12, 8.006622031484131E14, 0.0, 6.787145089299822E14, 2.6688740104947104E11, 88896, 0, 0
LOSS, 2203.058761596683, -1443.8880805969238, 19.299334716796874, 6.993837338402168, 214.23373, 315, 179, 6, 8.309362739332551E14, 0.0, 5.623161554490229E14, 2.637892933121445E12, 89060, 0, 0
WIN , 10260.436158752413, -1256.9468421936035, 21.18253936767578, 9.12038769666881, 110.17, 1125, 125, 26, 7.045575292728298E14, 0.0, 6.787145089299815E14, 6.262733593536265E11, 89667, 0, 0
WIN , 7456.581500244124, -4067.383000946045, 22.38176574707031, 7.101506190708689, 144.355, 1050, 130, 19, 2.9738000751029485E15, 0.0, 6.787145089299816E14, 2.8321905477170938E12, 90181, 0, 0
LOSS, 2097.6960983276363, -4063.9645011901857, 20.68961944580078, 0.6992320327758788, 203.39499, 3000, 0, 12, 1.6401539311890768E15, 0.0, 5.623161554490233E14, 5.467179770630256E11, 90479, 0, 0
WIN , 9830.034204864483, -2341.6605995178224, 20.54545440673828, 7.270735358627577, 67.05196, 1352, 109, 14, 3.06043767216084E15, 0.0, 8.863129470037131E14, 2.263637331479911E12, 91116, 0, 0
WIN , 7394.405196380609, -4071.694804382324, 20.506210327148438, 7.791786297555963, 223.0, 949, 136, 22, 2.1363686718504575E15, 0.0, 6.227929677867839E14, 2.251178790148006E12, 91620, 0, 0
WIN , 6469.95361862182, -4056.1000007629395, 21.03019561767578, 7.7951248417130365, 123.46381, 830, 144, 13, 1.2343065009131935E15, 0.0, 3.0849262110109494E14, 1.487116266160474E12, 91999, 0, 0
WIN , 10993.24638137815, -4066.0536193847656, 25.19921875, 6.5125867188259186, 191.0, 1688, 87, 24, 4.938311409036426E15, 0.0, 6.787145089299815E14, 2.9255399342632856E12, 92564, 0, 0
LOSS, 619.0632080078096, -4059.3000007629394, 17.45762481689453, 1.306040523223227, 207.0, 474, 168, 9, 1.6753928038783388E15, 0.0, 5.623161554490233E14, 3.534583974426875E12, 92720, 0, 0
WIN , 13783.097293090817, -1298.363208770752, 22.42132110595703, 9.8170208640248, 169.39499, 1404, 106, 27, 4.2778115180798745E15, 0.0, 8.863129470037135E14, 3.0468743006266914E12, 93409, 0, 0
LOSS, 973.3171112060553, -4061.460501861572, 18.11680450439453, 1.7664557372160714, 223.0, 551, 163, 6, 5.38358347711368E14, 0.0, 5.1533763734560475E14, 9.770568923981271E11, 93657, 0, 0
WIN , 12293.888813781745, -1384.777613067627, 25.887858581542968, 11.798357786738718, 197.33574, 1042, 130, 24, 1.757121723558067E15, 0.0, 8.863129470037129E14, 1.6862972394991045E12, 94113, 0, 0
WIN , 9602.190855407687, -4058.666426849365, 23.36669921875, 4.33311861706123, 175.42719, 2216, 52, 33, 1.3053306291973935E15, 0.0, 6.227929677867842E14, 5.890481178688599E11, 94998, 0, 0
WIN , 10179.454180908182, -4059.6572814941405, 22.84947967529297, 7.5291820864705485, 180.88538, 1352, 109, 32, 3.946747533364641E15, 0.0, 8.863129470037131E14, 2.9191919625478115E12, 95656, 0, 0
LOSS, 6998.93541259764, -4059.111462402344, 18.385966491699218, 7.485492419890524, 207.0, 935, 137, 18, 4.1486116919951325E15, 0.0, 8.863129470037136E14, 4.437017852401211E12, 96028, 0, 0
LOSS, 2769.0099899292018, -3408.046875, 18.173934936523438, 5.408222636580472, 201.8, 512, 165, 19, 1.1688546701465055E15, 0.0, 8.86312947003713E14, 2.2829192776298936E12, 96245, 0, 0
LOSS, 1611.1164825439673, -1957.0568649291993, 18.510604858398438, 0.5370388275146558, 206.2675, 3000, 0, 34, 5.850649540800068E15, 0.0, 8.863129470037135E14, 1.9502165136000227E12, 96764, 0, 0
WIN , 9196.276652526829, -3668.1733474731445, 25.428271484375, 8.725120163687693, 127.5, 1054, 129, 25, 5.386922998327069E15, 0.0, 8.86312947003713E14, 5.110932635983937E12, 97278, 0, 0
WIN , 7713.800712585424, -4064.45, 23.27259979248047, 9.096463104463943, 189.49287, 848, 143, 21, 1.8158082099125608E15, 0.0, 6.787145089299815E14, 2.1412832664063215E12, 97637, 0, 0
WIN , 8609.99999999997, -4057.0507118225096, 18.79191436767578, 5.616438356164364, 189.49287, 1533, 97, 28, 2.1835323086671112E14, 0.0, 1.0917661543172739E14, 1.424352451837646E11, 98198, 0, 0
LOSS, 4207.672065734834, -4058.250712585449, 19.768656921386718, 2.135874145043063, 170.448, 1970, 68, 18, 3.8211815401204475E15, 0.0, 1.0917661543172712E14, 1.9396860609748464E12, 98560, 0, 0
LOSS, 9749.937722778406, -2705.9227783203123, 18.46171875, 3.249979240926135, 203.39499, 3000, 0, 33, 2.383704872267718E15, 0.0, 8.863129470037131E14, 7.94568290755906E11, 99164, 0, 0
LOSS, 807.1701141357414, -3955.860501098633, 18.066142272949218, 2.28660088990295, 223.0, 353, 176, 11, 3.0754268799125015E15, 0.0, 8.863129470037131E14, 8.712257450177058E12, 99347, 0, 0
WIN , 11112.95257568356, -1553.030615234375, 22.8416015625, 8.141357198302973, 212.16809, 1365, 109, 29, 1.731024456131888E15, 0.0, 5.623161554490229E14, 1.2681497847120059E12, 100060, 0, 0
WIN , 8895.544091796848, -4055.983190917969, 21.846435546875, 6.584414575719355, 156.72717, 1351, 109, 15, 2.4109078388817455E15, 0.0, 8.86312947003713E14, 1.7845357800753113E12, 100684, 0, 0
LOSS, 6846.245422363268, -4061.5272827148438, 19.032821655273438, 7.914734592327477, 207.0, 865, 142, 21, 2.834824931295304E14, 0.0, 2.8254172313799056E14, 3.277254255832721E11, 101140, 0, 0
LOSS, 6285.462402343742, -3617.772705078125, 19.383647155761718, 6.72241968165106, 207.0, 935, 137, 15, 9.849218979736752E13, 0.0, 9.84921897913078E13, 1.0533924042499199E11, 101496, 0, 0
LOSS, 6853.354785156162, -3433.235107421875, 26.19596710205078, 3.512739510587474, 175.0, 1951, 69, 18, 1.5650274559378972E15, 0.0, 8.86312947003713E14, 8.021668149348525E11, 101882, 0, 0
WIN , 8935.770108032206, -3656.589892578125, 26.76823272705078, 7.427905326710063, 148.4, 1203, 119, 28, 7.473511247742779E14, 0.0, 5.6231615544902294E14, 6.212395052155261E11, 102377, 0, 0
WIN , 8818.890780639624, -4061.159999847412, 18.37381591796875, 6.023832500436901, 159.49219, 1464, 102, 29, 3.5479955974573165E15, 0.0, 8.863129470037136E14, 2.4234942605582764E12, 102880, 0, 0
WIN , 8829.194036865194, -4061.25078125, 23.691557312011717, 4.886106273860096, 167.55182, 1807, 79, 24, 3.231173877188717E15, 0.0, 6.787145089299815E14, 1.7881427101210388E12, 103499, 0, 0
WIN , 8449.965182495069, -4060.4448181152343, 22.45848693847656, 3.433549444329569, 167.9, 2461, 35, 24, 6.906185540192898E15, 0.0, 8.86312947003713E14, 2.8062517432722056E12, 104051, 0, 0
WIN , 8618.439743041967, -4060.4100006103517, 22.023681640625, 7.921360057942984, 183.50256, 1088, 127, 23, 2.912183871888072E15, 0.0, 8.86312947003713E14, 2.676639588132419E12, 104519, 0, 0
WIN , 8842.232159423791, -4058.849743652344, 23.43567352294922, 4.6101314699811216, 161.18097, 1918, 72, 30, 1.6751694238338238E15, 0.0, 6.787145089299818E14, 8.733938601844753E11, 105185, 0, 0
WIN , 8630.168096923808, -4059.8819023132323, 22.27177734375, 8.058046775839223, 159.5, 1071, 128, 23, 2.7753417567226225E15, 0.0, 8.863129470037129E14, 2.5913555151471733E12, 105736, 0, 0
WIN , 9125.249999999976, -4061.25, 19.444972229003906, 7.388866396761115, 207.0, 1235, 117, 31, 7.230429849925178E14, 0.0, 6.787145089299815E14, 5.854599068765326E11, 106235, 0, 0
LOSS, 3050.259126281684, -4056.5, 18.936630249023438, 1.0167530420938946, 214.40874, 3000, 0, 33, 2.855491551374012E15, 0.0, 5.623161554490233E14, 9.518305171246707E11, 106842, 0, 0
WIN , 8185.5523361205815, -3666.759126281738, 21.41027069091797, 8.08050576122466, 148.88538, 1013, 132, 27, 2.85669699370354E15, 0.0, 8.863129470037131E14, 2.8200365189570977E12, 107254, 0, 0
WIN , 7485.7885375976275, -4062.3114624023438, 25.58488311767578, 8.69429563019469, 191.0, 861, 142, 18, 3.352798511897557E15, 0.0, 8.863129470037129E14, 3.894074926710287E12, 107551, 0, 0
WIN , 7482.160501098608, -4056.8999992370605, 25.81414337158203, 6.298114899914653, 169.39499, 1188, 120, 18, 2252.1263533535957, 0.0, 105.04769015311321, 1.8957292536646428, 107875, 0, 0
WIN , 9163.278208923328, -4060.2605010986326, 20.89107666015625, 7.307239401055285, 136.6129, 1254, 116, 28, 7.382294163248162E14, 0.0, 5.62316155449023E14, 5.886996940389285E11, 108430, 0, 0
WIN , 8622.241289520236, -4063.5387100219727, 24.64519500732422, 7.968799713050125, 114.200005, 1082, 127, 20, 6.913874443939062E15, 0.0, 8.86312947003713E14, 6.389902443566601E12, 108844, 0, 0
WIN , 9285.301903533904, -4065.7799995422365, 22.84558563232422, 6.627624485034906, 161.18097, 1401, 106, 33, 4.1248905047064095E15, 0.0, 8.863129470037135E14, 2.9442473266997925E12, 109428, 0, 0
WIN , 9899.256806945798, -4061.081903076172, 20.07149658203125, 7.040723191284351, 168.6129, 1406, 106, 30, 4.3837035253262555E15, 0.0, 8.863129470037136E14, 3.117854569933325E12, 110168, 0, 0
LOSS, -6503.117088317992, -4060.3387100219725, 18.28697814941406, -2.1677056961059975, 187.92313, 3000, 0, 3, 9.407699965529097E11, 0.0, 9.407699900322715E11, 3.135899988509699E8, 110426, 0, 0
LOSS, 10241.933944702132, -397.22162170410155, 18.37492218017578, 9.829111271307228, 175.0, 1042, 130, 17, 3.505048318346129E15, 0.0, 8.863129470037131E14, 3.3637699792189336E12, 110886, 0, 0
LOSS, -1189.2607864379856, -3400.3555671691893, 18.20243682861328, -0.39642026214599524, 229.05196, 3000, 0, 18, 6.190747247434758E14, 0.0, 1.0917661543172716E14, 2.0635824158115857E11, 111240, 0, 0
LOSS, 4391.507661437982, -1811.0947807312011, 18.484538269042968, 2.398420350321126, 223.0, 1831, 77, 15, 3.275353997387449E14, 0.0, 1.0918216866750736E14, 1.7888334229314304E11, 111596, 0, 0
WIN , 10303.047558593724, -2552.6024421691895, 23.72587890625, 9.20737047238045, 127.5, 1119, 125, 12, 1.8591656616984788E15, 0.0, 5.6231615544902294E14, 1.661452780785057E12, 112173, 0, 0
WIN , 9108.399999999981, -4063.8500015258787, 24.239794921875, 7.223156225218066, 143.5, 1261, 115, 30, 3.187363380984178E15, 0.0, 8.863129470037129E14, 2.5276474076004585E12, 112871, 0, 0
WIN , 8629.510000610337, -4062.250001525879, 25.26579132080078, 6.483478587986729, 148.4, 1331, 111, 26, 2.0448444439199562E15, 0.0, 8.863129470037156E14, 1.5363218962584194E12, 113518, 0, 0
WIN , 7717.289999389628, -4061.7600021362305, 24.457080078125, 8.97359302254608, 175.5, 860, 142, 13, 1.030674101479446E15, 0.0, 5.153370507370017E14, 1.1984582575342395E12, 113836, 0, 0
WIN , 8860.829574584937, -4059.050001525879, 21.660917663574217, 4.243692324992786, 167.20425, 2088, 60, 31, 1.320901465518751E15, 0.0, 5.6231615544902294E14, 6.326156444055321E11, 114583, 0, 0
WIN , 9216.020425415023, -4061.6795753479005, 25.760498046875, 4.740751247641473, 207.0, 1944, 70, 18, 7.859506101811835E14, 0.0, 4.774579890678847E14, 4.042955813689216E11, 115265, 0, 0
WIN , 8814.906542968729, -4056.5, 19.46674041748047, 6.683022398005101, 157.93457, 1319, 112, 28, 3.4917132204172615E15, 0.0, 8.863129470037131E14, 2.647242775145763E12, 115892, 0, 0
WIN , 9315.09345703121, -4062.6065437316893, 25.21240234375, 5.7288397644718385, 207.0, 1626, 91, 37, 3.1803755468895475E15, 0.0, 7.540660356366642E14, 1.95595052084228E12, 116607, 0, 0
WIN , 9489.999999999964, -4057.7000007629395, 23.039794921875, 5.2928053541550275, 207.0, 1793, 80, 29, 1.1848172870528085E15, 0.0, 5.1533705073700125E14, 6.608016101800382E11, 117374, 0, 0
WIN , 8687.16256103512, -4057.7000007629395, 22.06822509765625, 5.252214365801161, 135.37439, 1654, 89, 32, 2.0522469670292505E15, 0.0, 7.716456875817311E14, 1.2407780937298975E12, 118034, 0, 0
LOSS, 8876.781091308569, -4064.8625617980956, 18.19572296142578, 6.6792935224293215, 175.0, 1329, 111, 29, 5.68207956181187E15, 0.0, 1.1767618961449622E15, 4.2754548997831978E12, 118760, 0, 0
WIN , 10273.920848083477, -3830.44365234375, 20.15471496582031, 7.085462653850674, 128.355, 1450, 103, 27, 5.306961892218584E15, 0.0, 1.1381300185237855E15, 3.659973718771437E12, 119466, 0, 0
LOSS, 5185.504640197746, -4065.5645011901856, 19.04362335205078, 6.597334147834283, 207.0, 786, 147, 10, 8.439196079999862E14, 0.0, 5.1533705073700175E14, 1.0736890687022726E12, 119860, 0, 0
WIN , 10441.991360473605, -3011.0691413879395, 25.10711212158203, 8.088296948469097, 153.39499, 1291, 113, 30, 3.859686757387891E15, 0.0, 8.863129470037136E14, 2.9896876509588623E12, 120516, 0, 0
WIN , 9014.63949890131, -4063.0605018615724, 20.540432739257813, 5.564592283272414, 207.0, 1620, 92, 13, 1.7617705543698082E15, 0.0, 8.863129470037129E14, 1.0875126878825977E12, 121077, 0, 0
WIN , 8681.890499877918, -4057.7000007629395, 22.931329345703126, 6.793341549200249, 188.095, 1278, 114, 24, 4.695319346035687E15, 0.0, 1.1588167562375645E15, 3.673958799714935E12, 121633, 0, 0
LOSS, -6326.883277893269, -4058.9905002593996, 17.967823791503907, -2.1089610926310898, 218.2675, 3000, 0, 6, 1.0917661544220858E14, 0.0, 1.0917661543172606E14, 3.639220514740286E10, 121814, 0, 0
WIN , 11483.392778015128, -612.7072227478027, 20.492431640625, 11.084355963335065, 223.0, 1036, 130, 30, 6.15631719762404E15, 0.0, 8.863129470037131E14, 5.942391117397722E12, 122330, 0, 0
LOSS, 3475.2316894531273, -4056.1000007629395, 19.51542510986328, 6.459538456232578, 223.0, 538, 164, 9, 4.0843016338124735E15, 0.0, 1.1381300185237852E15, 7.591638724558501E12, 122606, 0, 0
WIN , 9879.353945922843, -2731.3316902160645, 19.082822418212892, 8.465598925383755, 177.14365, 1167, 122, 30, 2.110988721843518E15, 0.0, 7.540660356366642E14, 1.8089020752729375E12, 123121, 0, 0
WIN , 7880.214364624007, -4060.685636138916, 23.4580078125, 7.650693557887386, 175.0, 1030, 131, 33, 3.6866878526030705E15, 0.0, 1.2532281148082142E15, 3.5793085947602627E12, 123600, 0, 0
LOSS, 5541.243847656248, -4059.7, 19.58854522705078, 5.845193932126844, 207.0, 948, 136, 11, 4.80324690978744E15, 0.0, 1.1767618961449625E15, 5.066716149564811E12, 123936, 0, 0
WIN , 8468.756152343729, -3442.1438484191895, 20.65380859375, 3.574823196430447, 175.0, 2369, 42, 24, 1.3010742088852888E15, 0.0, 8.863129470037131E14, 5.492081928599784E11, 124454, 0, 0
WIN , 9025.199999999975, -4060.9000007629393, 22.2666015625, 6.342375263527741, 223.0, 1423, 105, 34, 2.8220798513716915E15, 0.0, 8.863129470037131E14, 1.9831903382794739E12, 125113, 0, 0
WIN , 9461.599999999979, -4056.1000007629395, 24.501953125, 7.200608828006072, 207.0, 1314, 112, 30, 3.3909956875109285E15, 0.0, 6.787145089299821E14, 2.580666428851544E12, 125844, 0, 0
LOSS, 5875.574267578109, -4057.7000007629395, 18.66935577392578, 5.934923502604151, 184.41895, 990, 134, 9, 8.759901771270133E15, 0.0, 8.863129470037136E14, 8.84838562754559E12, 126290, 0, 0
WIN , 9948.225732421866, -3010.8742668151854, 26.790390014648438, 8.882344403948094, 169.0, 1120, 125, 29, 6.512746550204859E15, 0.0, 8.863129470037136E14, 5.814952276968624E12, 126964, 0, 0
WIN , 7536.199999999973, -4061.5000007629396, 19.400790405273437, 8.191521739130406, 207.0, 920, 138, 26, 8.70280275461997E15, 0.0, 1.5025049623593882E15, 9.459568211543445E12, 127466, 0, 0
LOSS, 2130.775314331028, -4057.7000007629395, 19.334941101074218, 0.7102584381103426, 215.90701, 3000, 0, 19, 6.260648283747104E15, 0.0, 1.2882773299026312E15, 2.0868827612490347E12, 128141, 0, 0
WIN , 8833.754685974089, -3668.475315093994, 26.31950225830078, 7.550217680319734, 161.7, 1170, 122, 25, 3.412959864911593E15, 0.0, 8.863129470037131E14, 2.9170597135996523E12, 128642, 0, 0
WIN , 9337.458103942865, -4062.230001068115, 22.50456085205078, 8.677935040839094, 187.11896, 1076, 128, 28, 2.789834865468711E15, 0.0, 8.863129470037131E14, 2.5927833322199917E12, 129208, 0, 0
WIN , 8063.291638183569, -4058.488104248047, 24.513671875, 7.424762097774925, 154.20258, 1086, 127, 23, 8.491472188324473E15, 0.0, 8.86312947003714E14, 7.819035164203014E12, 129702, 0, 0
WIN , 7658.480758666971, -4062.97974319458, 25.79363555908203, 6.403412005574391, 169.39499, 1196, 120, 27, 9.441075974418552E15, 0.0, 1.6887679480895622E15, 7.893876232791432E12, 130192, 0, 0
WIN , 7789.43949890135, -4061.460501861572, 25.58984375, 6.147939620285201, 175.0, 1267, 115, 36, 2.4893718573136615E15, 0.0, 8.863129470037135E14, 1.964776525109441E12, 130683, 0, 0
WIN , 7898.6272827148105, -4060.9000007629393, 23.677001953125, 6.380151278444919, 188.72717, 1238, 117, 19, 7.835698797057633E15, 0.0, 8.863129470037136E14, 6.329320514586133E12, 131277, 0, 0
LOSS, 6531.602160644516, -4059.5272834777834, 19.41453399658203, 6.280386692927419, 207.0, 1040, 130, 14, 1.0726132379256534E16, 0.0, 8.863129470037136E14, 1.0313588826208205E13, 131668, 0, 0
LOSS, -11877.095471191538, -3809.929443359375, 17.202833557128905, -3.9590318237305127, 205.0, 3000, 0, 8, 8.863129470135652E14, 0.0, 8.86312947003713E14, 2.954376490045217E11, 131841, 0, 0
WIN , 12633.955224609355, -614.0339729309082, 22.478291320800782, 9.52068969450592, 204.10803, 1327, 111, 28, 2.921514362070314E15, 0.0, 8.863123603951111E14, 2.201593339917343E12, 132411, 0, 0
WIN , 8033.877229309059, -4057.9891975402834, 21.912272644042968, 6.090884935033404, 165.33574, 1319, 112, 29, 5.916869002021449E15, 0.0, 2.825417231379907E14, 4.485874906763798E12, 133038, 0, 0
LOSS, 1346.511161804201, -4061.8664268493653, 19.180278015136718, 0.7282375131445111, 223.0, 1849, 76, 7, 1.8457290057322488E15, 0.0, 6.787145089299816E14, 9.982309387410756E11, 133283, 0, 0
WIN , 9272.522412109356, -2178.3775886535645, 25.03759765625, 6.303550246165436, 175.0, 1471, 101, 18, 3.42021742362419E15, 0.0, 8.863129470037131E14, 2.325096820954582E12, 133724, 0, 0
WIN , 6882.098335266093, -4058.4999992370604, 19.92619171142578, 4.46889502290006, 154.01665, 1540, 97, 30, 4.361166604626348E15, 0.0, 8.86312947003713E14, 2.831926366640486E12, 134184, 0, 0
WIN , 7587.901664733865, -4062.9983360290526, 24.76164093017578, 8.833412880947456, 175.0, 859, 142, 15, 4.068101188509316E15, 0.0, 8.863129470037136E14, 4.735857029696526E12, 134578, 0, 0
LOSS, 2175.9570022582993, -4060.9000007629393, 18.49351348876953, 4.4498098205691194, 209.7, 489, 167, 9, 1.93303498442803E15, 0.0, 8.863129470037131E14, 3.9530367779714316E12, 134806, 0, 0
LOSS, 3148.4240661621293, -2166.8570030212404, 19.30570831298828, 1.0494746887207098, 233.40611, 3000, 0, 12, 1.7576804591173208E15, 0.0, 8.86312947003713E14, 5.858934863724403E11, 135102, 0, 0
LOSS, 362.49867401121895, -1855.2810691833497, 19.220011901855468, 0.12083289133707298, 156.20258, 3000, 0, 10, 5113.790547911316, 0.0, 1409.350212097168, 1.704596849303772, 135212, 0, 0
WIN , 11293.410757446278, -1015.3797416687012, 24.013848876953126, 4.272951478413272, 172.095, 2643, 23, 27, 1.6289684752346972E15, 0.0, 8.863129470037131E14, 6.163331347842214E11, 135728, 0, 0
WIN , 7706.509500122048, -4061.1905006408692, 23.64013671875, 8.052778996992735, 207.0, 957, 136, 19, 4.869686319356947E15, 0.0, 8.863129470037131E14, 5.088491451783644E12, 136196, 0, 0
LOSS, -327.554902648941, -4057.7000007629395, 20.849955749511718, -0.10918496754964699, 198.55, 3000, 0, 15, 3.112069887953104E15, 0.0, 8.863129470037131E14, 1.0373566293177013E12, 136550, 0, 0
WIN , 8272.235614013649, -3670.1450981140138, 19.702101135253905, 8.819014513873826, 160.19289, 938, 137, 30, 1.1215018392235614E15, 0.0, 2.825417231379907E14, 1.1956309586605132E12, 136983, 0, 0
LOSS, 1562.7192886352534, -4062.3807121276855, 19.037577819824218, 3.5117287385061875, 223.0, 445, 170, 16, 1.661413735164635E15, 0.0, 1.5115271650351515E15, 3.7335140116059214E12, 137164, 0, 0
WIN , 10064.19999999999, -1952.6999992370606, 20.46337890625, 10.124949698189125, 191.0, 994, 133, 18, 4.563369104777576E15, 0.0, 1.4061206653158848E15, 4.590914592331565E12, 137635, 0, 0
LOSS, 2309.835127258298, -4059.3000007629394, 19.48258819580078, 5.3592462349380465, 177.7, 431, 171, 13, 3.161936408151253E15, 0.0, 5.62316155449023E14, 7.336279369260448E12, 137884, 0, 0
LOSS, 7885.22497100827, -2359.1351280212402, 19.93620147705078, 10.122240014131282, 196.4, 779, 148, 13, 5.381016025311579E15, 0.0, 1.0226089663705182E15, 6.907594384225391E12, 138248, 0, 0
LOSS, -1627.9290924072282, -3654.360099029541, 19.38907470703125, -11.88269410516225, 175.0, 137, 190, 2, 2.825417231422783E14, 0.0, 2.825417231379907E14, 2.0623483441042212E12, 138312, 0, 0
WIN , 11080.057098388668, -776.4310066223145, 19.80558624267578, 12.590973975441669, 219.11896, 880, 141, 27, 1.9975876542958165E15, 0.0, 5.62316155449023E14, 2.2699859707907007E12, 138767, 0, 0
LOSS, -7445.266722107121, -4056.488105010986, 19.229838562011718, -2.4817555740357067, 233.1259, 3000, 0, 6, 5.822642275449055E15, 0.0, 9.848108331974836E13, 1.9408807584830183E12, 138947, 0, 0
LOSS, 9515.947514343245, -611.2213829040527, 20.29569854736328, 13.19826284929715, 191.0, 721, 151, 13, 5.635084870101072E15, 0.0, 9.053346909247746E14, 7.815651692234496E12, 139278, 0, 0
LOSS, 1263.9311035156288, -3837.1688972473144, 19.672221374511718, 2.8402946146418624, 223.0, 445, 170, 8, 2.581951042905559E15, 0.0, 5.360237884507807E14, 5.802137175068672E12, 139490, 0, 0
WIN , 11312.21318969724, -1811.1000007629395, 24.525126647949218, 8.40431886307373, 150.8681, 1346, 110, 30, 3.6311061483517975E15, 0.0, 8.863129470037131E14, 2.6977014475124795E12, 140070, 0, 0
LOSS, 4390.786816406247, -4063.313190460205, 20.62394561767578, 6.642642687452719, 182.8681, 661, 155, 16, 4.4533805647518205E15, 0.0, 8.863129470037131E14, 6.737338222014857E12, 140412, 0, 0
LOSS, 4699.929994201655, -3201.7000053405764, 20.703959655761718, 9.197514665756664, 193.7, 511, 165, 9, 1.8971139110578952E15, 0.0, 3.084926211010949E14, 3.7125516850448047E12, 140668, 0, 0
WIN , 9033.352999877916, -3094.0300010681153, 25.59917221069336, 5.9823529800515995, 110.17, 1510, 99, 21, 1.0735049984099985E15, 0.0, 7.54066622245259E14, 7.109304625231779E11, 141212, 0, 0
LOSS, 10.008869934081961, -4067.383000946045, 20.467143249511718, 0.032923914256848555, 223.0, 304, 179, 10, 1.0668119735826194E15, 0.0, 5.62316155449023E14, 3.5092499131007217E12, 141370, 0, 0
WIN , 10440.308129882786, -1497.391870880127, 24.518798828125, 9.43969993660288, 207.0, 1106, 126, 24, 1.2960679406540565E15, 0.0, 2.825417231379907E14, 1.171851664244174E12, 141901, 0, 0
LOSS, 4824.000097656244, -4057.7000007629395, 20.27329864501953, 4.809571383505727, 223.0, 1003, 133, 20, 7.59999712208545E14, 0.0, 4.7745798906788494E14, 7.577265326107129E11, 142338, 0, 0
LOSS, 5731.442773437495, -3009.3000968933106, 20.68083038330078, 9.18500444461137, 207.0, 624, 158, 15, 8.008999060142787E15, 0.0, 8.863129470037135E14, 1.2834934391254467E13, 142593, 0, 0
LOSS, 2447.2172271728537, -3263.1428718566895, 20.866957092285155, 6.211211236479324, 196.4, 394, 173, 6, 2.5672713942062885E15, 0.0, 1.253228114808214E15, 6.515917244178397E12, 142831, 0, 0
LOSS, -1400.2600982666431, -2150.360099029541, 20.535136413574218, -0.466753366088881, 193.0, 3000, 0, 22, 5.391352349900509E15, 0.0, 8.863129470037131E14, 1.7971174499668364E12, 143145, 0, 0
LOSS, 2720.1015625000005, -3670.1000007629395, 20.71403350830078, 6.1401841139954865, 223.0, 443, 170, 12, 5.061638781297283E15, 0.0, 1.1951123725798238E15, 1.1425821176743303E13, 143343, 0, 0
WIN , 7541.258938598573, -2480.2015632629395, 20.91009063720703, 4.859058594457843, 169.39499, 1552, 96, 19, 7.638342094463341E15, 0.0, 8.863129470037136E14, 4.921612174267616E12, 143747, 0, 0
WIN , 7361.329998779281, -4059.060500335693, 22.754571533203126, 7.620424429378137, 156.095, 966, 135, 25, 8.26892082396524E15, 0.0, 8.863129470037131E14, 8.559959445098592E12, 144169, 0, 0
WIN , 7509.999999999986, -4062.790500640869, 23.239923095703126, 8.602520045818999, 156.095, 873, 141, 16, 4.54758856954268E15, 0.0, 8.863129470037185E14, 5.209150709670882E12, 144538, 0, 0
WIN , 6900.270001220634, -4062.790500640869, 25.20501251220703, 3.7178178885887037, 153.39499, 1856, 76, 25, 7.437719084760287E15, 0.0, 8.863129470037131E14, 4.007391748254465E12, 144914, 0, 0
WIN , 6790.903999328542, -4063.0605018615724, 20.66227569580078, 4.424041693373643, 144.355, 1535, 97, 18, 7.921215041996699E15, 0.0, 8.863129470037132E14, 5.160400678825211E12, 145259, 0, 0
LOSS, 3645.028565979005, -4063.9645011901857, 21.01652374267578, 6.864460576231648, 223.0, 531, 164, 7, 4.69697579949458E15, 0.0, 8.863129470037136E14, 8.845528812607496E12, 145468, 0, 0
LOSS, -6987.77582855238, -2918.9930671691895, 19.85777130126953, -2.32925860951746, 227.82738, 3000, 0, 6, 5.650828596761305E14, 0.0, 2.8254172313799075E14, 1.8836095322537683E11, 145595, 0, 0
WIN , 10964.88276214598, -611.2172386169434, 23.53545684814453, 11.211536566611432, 223.0, 978, 134, 24, 6.918341975667778E15, 0.0, 1.509105914790497E15, 7.073969300273802E12, 146008, 0, 0
LOSS, 798.8317871093834, -4056.1000007629395, 24.6320068359375, 0.4191142639608517, 223.0, 1906, 72, 16, 2.6202504768208515E15, 0.0, 8.863129470037131E14, 1.3747379206825034E12, 146430, 0, 0
LOSS, 5532.713029479832, -2453.131788635254, 21.049296569824218, 1.8442376764932773, 217.55183, 3000, 0, 29, 3.0305046225503E15, 0.0, 9.053346909247748E14, 1.0101682075167667E12, 146871, 0, 0
LOSS, 4082.975007629393, -3267.644817352295, 21.24772491455078, 6.793635620015629, 191.0, 601, 159, 14, 3.917523805344668E15, 0.0, 8.863129470037132E14, 6.518342438177484E12, 147153, 0, 0
WIN , 10131.340176391583, -2658.819825744629, 23.60880889892578, 5.171689727611834, 164.4, 1959, 69, 29, 3.12151322481913E15, 0.0, 9.579104331377149E14, 1.5934217584579531E12, 147774, 0, 0
WIN , 6582.493615722645, -4061.960001373291, 20.91300811767578, 7.233509467827083, 139.46384, 910, 139, 12, 8.017323497123084E15, 0.0, 8.863129470037132E14, 8.810245601234158E12, 148100, 0, 0
LOSS, -877.5197593689012, -4064.4536170959473, 20.09892578125, -0.2925065864563004, 103.33575, 3000, 0, 17, 2.4384901356571135E15, 0.0, 1.1767618961449625E15, 8.128300452190378E11, 148350, 0, 0
LOSS, 9286.771025848364, -2006.9338577270507, 21.127116394042968, 9.985775296611145, 207.0, 930, 138, 26, 4.965244693039401E15, 0.0, 7.994242795989675E14, 5.33897278821441E12, 148757, 0, 0
WIN , 8885.078308105449, -3793.7048835754395, 20.36442413330078, 8.3663637552782, 196.16809, 1062, 129, 22, 4.4214895865921105E15, 0.0, 8.863129470037132E14, 4.1633611926479385E12, 149187, 0, 0
WIN , 8582.615144348098, -4056.3831901550293, 24.729415893554688, 4.419472267944437, 170.01665, 1942, 70, 29, 5.206052158219275E15, 0.0, 8.863129470037145E14, 2.680768361595919E12, 149712, 0, 0
WIN , 7107.782376098524, -4060.198335266113, 23.84364471435547, 2.4102347833497877, 192.19289, 2949, 3, 32, 1.7481365664871138E15, 0.0, 6.787145089299815E14, 5.927896122370681E11, 150269, 0, 0
WIN , 6492.319288635234, -4057.380712890625, 21.159042358398438, 2.191130370784757, 169.0, 2963, 2, 27, 4.3273710474117875E15, 0.0, 8.863123603951106E14, 1.4604694726330703E12, 150838, 0, 0
WIN , 7411.560501098623, -4059.700001525879, 22.93426055908203, 5.858941107587844, 153.39499, 1265, 115, 25, 4.737781694435604E15, 0.0, 8.863129470037132E14, 3.745281971885853E12, 151272, 0, 0
LOSS, 2050.1988876343016, -4061.260502624512, 20.873942565917968, 0.6833996292114338, 201.40611, 3000, 0, 21, 1.3456323216216108E15, 0.0, 6.787145089299816E14, 4.485441072072036E11, 151595, 0, 0
WIN , 8339.840611267065, -2531.459390258789, 26.760848999023438, 6.004204903719989, 153.0, 1389, 107, 21, 3.920346702188304E15, 0.0, 8.863129470037131E14, 2.8224238316690454E12, 152057, 0, 0
WIN , 8180.096424865701, -4063.1000007629395, 22.455973815917968, 7.865477331601635, 152.03575, 1040, 130, 25, 5.223870288161049E15, 0.0, 8.86312947003713E14, 5.0229522001548545E12, 152544, 0, 0
WIN , 7299.033575439434, -4063.196425628662, 27.17716827392578, 7.114067812319136, 161.7, 1026, 131, 21, 2.446382620139966E15, 0.0, 8.863129470037131E14, 2.3843885186549375E12, 152938, 0, 0
WIN , 7225.469999694814, -4060.4300018310546, 25.37646484375, 2.8525345438984657, 207.0, 2533, 31, 24, 5.202216675159719E15, 0.0, 8.863129470037136E14, 2.05377681609148E12, 153563, 0, 0
WIN , 7918.788104248032, -4056.5, 21.94328155517578, 7.840384261631715, 219.11896, 1010, 132, 26, 7.40383720916397E15, 0.0, 8.863129470037138E14, 7.330531890261356E12, 154081, 0, 0
LOSS, -13502.988128662244, -4055.2881042480467, 18.938822937011718, -4.500996042887414, 205.0, 3000, 0, 6, 4770.243517798293, 0.0, 1799.1282386779785, 1.590081172599431, 154249, 0, 0
WIN , 11687.216815185508, -612.2999755859375, 20.22526397705078, 8.86738756842603, 176.83209, 1318, 112, 16, 5.123004457740292E15, 0.0, 8.86312947003713E14, 3.8869533063279907E12, 154842, 0, 0
