WIN , 10975.030000305152, -12.35818977355957, 38.8, 8.696537242714067, 209.7, 1261, 115, 28, 10031.464543478582, 0.0, 51.15818977355957, 7.94886255426195, 1058, 0, 0
LOSS, 1569.5769821167014, -4056.230000305176, 22.085185241699218, 2.828066634444507, 223.0, 555, 163, 12, 6775.398639818018, 0.0, 4070.9329349517825, 12.207925477149582, 1471, 0, 0
WIN , 8414.953018188453, -2174.6069816589356, 21.74723663330078, 6.4383726229444935, 164.4, 1307, 112, 16, 11597.492839121358, 0.0, 2195.011109161377, 8.873368660383594, 2507, 0, 0
WIN , 5773.689999389645, -4059.559999847412, 21.13542022705078, 7.834043418439139, 127.5, 737, 150, 13, 6347.128614607824, 0.0, 4076.841172027588, 8.612114809508581, 3067, 0, 0
WIN , 6848.907499694822, -4063.2499992370604, 21.37339630126953, 5.750552056838641, 138.425, 1191, 120, 27, 5872.961066870719, 0.0, 30.337670898437498, 4.931117604425457, 3950, 0, 0
WIN , 5069.89611663818, -4062.757501220703, 24.790074157714844, 2.406215527592871, 139.46384, 2107, 59, 7, 15432.44296760777, 0.0, 4082.4734970092773, 7.324367806173598, 5150, 0, 0
LOSS, -895.9504768371585, -4062.0536155700684, 21.276441955566405, -4.547971963640398, 119.9, 197, 186, 3, 4493.813428335174, 0.0, 4086.8436897277834, 22.811235676828293, 5328, 0, 0
LOSS, 7004.2728370666255, -1336.10313873291, 22.273173522949218, 7.296117538611068, 175.0, 960, 136, 12, 4076.0887798394, 0.0, 1349.073690753615, 4.245925812332708, 5874, 0, 0
LOSS, 4869.852539062499, -3360.3759757995604, 21.705180358886718, 7.538471422697367, 175.0, 646, 156, 9, 4990.36920421869, 0.0, 3378.86000517144, 7.72502972789271, 6330, 0, 0
LOSS, 6986.751660156241, -3330.2285148620604, 21.28898468017578, 5.137317397173707, 207.0, 1360, 109, 17, 11844.056113896811, 0.0, 3345.6660591125487, 8.708864789630008, 7280, 0, 0
LOSS, 1740.9313842773463, -3918.18017578125, 21.653910827636718, 3.5895492459326728, 196.88538, 485, 167, 14, 5610.135776445855, 0.0, 3930.1791549682616, 11.567290260713104, 7653, 0, 0
LOSS, 6961.007189941384, -2149.1115600585936, 21.44108428955078, 7.444927475873138, 223.0, 935, 137, 14, 6736.978248032298, 0.0, 2138.8498413085936, 7.2053243294463085, 8386, 0, 0
WIN , 6964.050250244131, -3260.11875, 23.126275634765626, 5.5801684697469005, 130.31, 1248, 116, 22, 11822.35951321467, 0.0, 3271.8737548828126, 9.473044481742523, 9380, 0, 0
WIN , 6670.4425003051565, -4064.1690002441405, 25.235767364501953, 7.85682273298605, 125.884995, 849, 143, 19, 8036.340259249429, 0.0, 4080.763844299316, 9.465654015605924, 10071, 0, 0
LOSS, 5807.7485977172755, -4064.6115005493166, 21.71159210205078, 5.204075804406161, 164.4, 1116, 125, 15, 6181.469195999139, 0.0, 83.1150101803485, 5.5389508924723465, 10932, 0, 0
LOSS, -575.0167663574435, -3432.3600982666017, 21.245280456542968, -0.19167225545248118, 199.90701, 3000, 0, 22, 14865.764942547488, 0.0, 3443.0900009155275, 4.955254980849163, 11826, 0, 0
LOSS, 787.8166442871084, -3237.3433319091796, 22.03410186767578, 2.5250533470740653, 196.4, 312, 179, 5, 4227.3149898332895, 0.0, 3227.3433319091796, 13.549086505875929, 12114, 0, 0
WIN , 8096.77873382567, -1603.9599754333497, 23.12301025390625, 11.73446193308068, 152.6129, 690, 154, 11, 3823.411802026207, 0.0, 1614.1904991149902, 5.541176524675662, 12715, 0, 0
WIN , 6689.421290588361, -4060.7387092590334, 22.52550811767578, 6.989990899256386, 158.4, 957, 136, 22, 8246.538042339525, 0.0, 4078.6802543640138, 8.617072144555408, 13493, 0, 0
LOSS, 2144.4162689208997, -4061.9600009918213, 21.838603210449218, 5.1179385893100235, 191.0, 419, 172, 9, 5474.293938352743, 0.0, 4084.485509109497, 13.065140664326355, 13870, 0, 0
LOSS, 7019.730879211415, -2594.5762687683105, 21.60563507080078, 9.44782083339356, 177.7, 743, 150, 15, 4989.216336683575, 0.0, 2611.074437713623, 6.714961422185161, 14507, 0, 0
LOSS, 5338.097099304196, -3844.3071479797363, 21.54655303955078, 5.7275719949615835, 207.0, 932, 137, 17, 17001.859738199986, 0.0, 4074.7129516601562, 18.24233877489269, 15165, 0, 0
WIN , 6656.65625305175, -3442.4042472839355, 21.35125274658203, 3.5559061180832, 169.39499, 1872, 75, 30, 57714.58695545356, 0.0, 42240.32446306814, 30.830441749708097, 16423, 0, 0
LOSS, 3647.4970962524417, -4059.060500335693, 22.132548522949218, 4.850395074803779, 170.425, 752, 149, 15, 7892.581899965186, 0.0, 4075.7018989562985, 10.495454654209023, 17065, 0, 0
LOSS, 5055.12375030517, -3448.9575981140138, 26.19602813720703, 7.150104314434469, 207.0, 707, 152, 12, 5874.487052308513, 0.0, 3459.0026344299317, 8.309034020238348, 17645, 0, 0
WIN , 8922.07615203855, -3454.0813484191895, 24.65349578857422, 8.687513293124196, 122.425, 1027, 131, 17, 9665.370664744274, 0.0, 3470.3983169555663, 9.411266470052848, 18493, 0, 0
WIN , 7066.592500305166, -4066.1575004577635, 25.943905639648438, 2.9237039719922078, 156.5, 2417, 38, 30, 195638.20113367302, 0.0, 173467.39673329555, 80.94257390718785, 19572, 0, 0
WIN , 6477.828392028802, -4062.7500007629396, 21.99699249267578, 6.439193232633004, 178.21608, 1006, 132, 19, 4393.1389806800125, 0.0, 28.6796875, 4.366937356540768, 20357, 0, 0
LOSS, 2784.3216079711938, -4060.5783927917482, 21.26798858642578, 4.842298448645554, 185.0, 575, 161, 11, 6105.166467477715, 0.0, 4078.22503556761, 10.617680813004721, 20809, 0, 0
WIN , 7173.883190917958, -2614.9000007629393, 21.68888702392578, 8.93385204348438, 196.16809, 803, 146, 19, 5557.562894099727, 0.0, 2604.369049835205, 6.920999868119211, 21468, 0, 0
LOSS, 4008.6192016601576, -4058.783191680908, 22.097941589355468, 7.5777300598490696, 207.0, 529, 164, 12, 5022.847660916523, 0.0, 4074.4068524276063, 9.494986126496261, 21887, 0, 0
LOSS, 2610.2850173950087, -3457.4023933410645, 22.02335968017578, 0.8700950057983362, 217.1259, 3000, 0, 17, 4150.399134900293, 0.0, 30.469350037658355, 1.3834663783000976, 22507, 0, 0
WIN , 6115.373091125481, -3667.687410736084, 22.42351837158203, 8.308930830333534, 153.39499, 736, 150, 10, 5739.012739762026, 0.0, 3656.487459564209, 7.797571657285362, 23081, 0, 0
LOSS, 3209.3671340942396, -4063.0605018615724, 22.11686553955078, 5.562161410908561, 208.19289, 577, 161, 12, 6349.220658391371, 0.0, 4084.680688461152, 11.003848628061302, 23506, 0, 0
WIN , 7228.150756835926, -3122.4276359558107, 24.586256408691405, 4.274483002268436, 178.21608, 1691, 87, 24, 7420.2161005414055, 0.0, 330.48402781843197, 4.388063926990778, 24281, 0, 0
LOSS, 2058.9849380493147, -4060.5783927917482, 21.781718444824218, 4.037225368724147, 175.0, 510, 166, 12, 5008.41183834226, 0.0, 2610.814427947998, 9.82041536929855, 24679, 0, 0
LOSS, 6065.191870117176, -2419.5633308410643, 22.039042663574218, 7.02803229445791, 186.448, 863, 142, 16, 4966.170385187419, 0.0, 1033.9202896039128, 5.754542740657496, 25327, 0, 0
LOSS, 1554.624365234373, -3654.755200958252, 21.805155944824218, 3.4779068573475906, 207.0, 447, 170, 4, 5113.371645677084, 0.0, 3644.3578353881835, 11.439310169299965, 25677, 0, 0
WIN , 6703.474052429201, -1899.379566192627, 21.867839050292968, 3.3821766157564084, 155.46382, 1982, 67, 17, 6000.99749155531, 0.0, 520.1837646484373, 3.0277484821167056, 26437, 0, 0
LOSS, -10809.193141174443, -4062.853618621826, 19.35423812866211, -3.603064380391481, 203.39499, 3000, 0, 5, 4302.582642782745, 0.0, 40.4476410201172, 1.434194214260915, 26776, 0, 0
LOSS, 5887.938693237301, -613.6604774475097, 20.91251983642578, 11.130318890807752, 207.0, 529, 164, 7, 3769.5761289518123, 0.0, 2001.2395233154296, 7.125852795750117, 27171, 0, 0
LOSS, 5408.0074707031135, -2691.5991706848145, 24.31096649169922, 4.698529514077423, 191.0, 1151, 123, 13, 6602.915823923966, 0.0, 761.0368744343673, 5.73667751861335, 27862, 0, 0
LOSS, 4909.21411132812, -3529.6066413879394, 21.37443389892578, 6.780682474210111, 191.0, 724, 151, 10, 4960.443587574795, 0.0, 1110.043310546875, 6.851441419302203, 28361, 0, 0
LOSS, 3983.651904296878, -3198.8207527160644, 21.468882751464843, 7.999301012644334, 169.0, 498, 166, 13, 1770.1968060063668, 0.0, 507.2215820312499, 3.5546120602537488, 28728, 0, 0
LOSS, 1477.4873199462909, -3200.0726554870607, 21.65061798095703, 4.646186540711606, 180.4, 318, 178, 7, 3916.0692411534123, 0.0, 3219.575945778714, 12.314683148281171, 28981, 0, 0
LOSS, 5786.089797973631, -1959.9599769592285, 21.781474304199218, 1.9286965993245437, 173.11896, 3000, 0, 19, 8884.896954054067, 0.0, 3226.5275817871093, 2.9616323180180224, 29665, 0, 0
LOSS, 2737.602520751954, -3926.0497749328615, 21.19035186767578, 5.378393950396767, 191.0, 509, 166, 7, 5747.653507614612, 0.0, 3942.782520690692, 11.292050113191772, 30008, 0, 0
LOSS, 5037.44770507812, -2533.6522956848144, 21.590956115722655, 6.844358294943097, 223.0, 736, 150, 16, 3886.5061231747763, 0.0, 665.16845703125, 5.280578971704859, 30458, 0, 0
WIN , 7090.8816375732285, -3011.1000007629395, 22.773597717285156, 6.187505791948716, 164.18362, 1146, 123, 25, 7296.586860770463, 0.0, 656.5874099731445, 6.367004241510003, 31250, 0, 0
WIN , 6601.798362731921, -4059.581636810303, 21.83219757080078, 7.160301911856747, 146.2, 922, 138, 18, 29764.288005281527, 0.0, 21707.865051360663, 32.2823080317587, 31812, 0, 0
LOSS, -2173.2826736450197, -4062.580000305176, 21.79496612548828, -18.26287961046235, 191.0, 119, 192, 2, 4189.153023234643, 0.0, 4081.833713548301, 35.20296658180372, 31874, 0, 0
WIN , 9699.363174438446, -799.2973266601563, 25.06438751220703, 11.226114785229683, 185.39499, 864, 142, 29, 3529.2284790190947, 0.0, 815.2858743540628, 4.084755184049878, 32416, 0, 0
WIN , 7061.8190734863165, -4058.6605010986327, 23.081816101074217, 8.570168778502811, 167.20425, 824, 145, 27, 1884.3262074346846, 0.0, 26.04443359375, 2.2868036497993747, 32915, 0, 0
LOSS, 4336.750425720214, -4061.6795753479005, 22.05558624267578, 7.1919575882590605, 209.7, 603, 159, 12, 1785.9675762338209, 0.0, 55.07242416259078, 2.9618036090113113, 33243, 0, 0
WIN , 5696.308709716783, -3586.630001831055, 22.07975616455078, 6.473078079223617, 136.6129, 880, 141, 19, 48874.69346202386, 0.0, 36832.86184209604, 55.53942438866348, 33716, 0, 0
LOSS, -353.572120666505, -4064.738710784912, 21.18040313720703, -1.3443806869448858, 191.88, 263, 182, 9, 1214.7584204230768, 0.0, 153.99875347923984, 4.618853309593448, 33886, 0, 0
WIN , 8271.893911743144, -1441.1665901184083, 25.70501251220703, 11.193361179625363, 153.39499, 739, 150, 23, 4326.0151847551415, 0.0, 1173.733410644531, 5.85387711062942, 34360, 0, 0
LOSS, 5114.139010620112, -4063.0605018615724, 21.584696960449218, 6.667717093376938, 207.0, 767, 148, 11, 2633.7490369728584, 0.0, 137.97841250367233, 3.43383186046005, 34738, 0, 0
WIN , 7248.900488281238, -3647.1995124816895, 22.172099304199218, 7.263427342967172, 223.0, 998, 133, 23, 142072.52867748754, 0.0, 134871.97361957488, 142.35724316381518, 35278, 0, 0
LOSS, -6044.7567291261485, -4056.1000007629395, 20.614024353027343, -2.014918909708716, 231.90701, 3000, 0, 8, 8865.76652770601, 0.0, 3443.330097961426, 2.9552555092353363, 35634, 0, 0
LOSS, 10400.377090454009, -611.3432716369629, 21.38883819580078, 5.202789940197103, 223.0, 1999, 66, 25, 81367.46510118616, 0.0, 64953.0725506126, 40.70408459288952, 36596, 0, 0
WIN , 9051.379638671851, -3901.7203620910645, 20.52848663330078, 5.327474772614392, 153.0, 1699, 86, 32, 10371.31668587104, 0.0, 814.3214752197266, 6.104365324232512, 37792, 0, 0
WIN , 8451.05138244626, -4063.1000007629395, 24.910562133789064, 6.164151263636951, 142.48618, 1371, 108, 28, 15460.64231939733, 0.0, 4078.5819048780104, 11.276909058641378, 38799, 0, 0
LOSS, -2122.665104675296, -4064.1513832092287, 20.345927429199218, -16.454768253296866, 165.88466, 129, 191, 2, 292.3250801811912, 0.0, 51.62225177230994, 2.266085892877451, 38887, 0, 0
LOSS, 4809.239851379391, -789.686279296875, 21.645121765136718, 11.70131350700582, 166.8681, 411, 172, 3, 1843.3430153389777, 0.0, 806.0001037597656, 4.485019502041308, 39184, 0, 0
WIN , 9292.587060546848, -1950.7261299133302, 20.940478515625, 11.08900603883872, 150.8681, 838, 144, 17, 3251.971310640918, 0.0, 1248.0946228027342, 3.880634022244532, 39718, 0, 0
LOSS, -503.2619445800764, -4063.313190460205, 20.54032745361328, -1.5926010904432797, 175.0, 316, 178, 3, 1034.232088869443, 0.0, 27.94244384765625, 3.2728863571817817, 39931, 0, 0
LOSS, 9290.439770507792, -1280.051245880127, 20.59019317626953, 9.29973951001781, 207.0, 999, 133, 16, 6046.048916720748, 0.0, 1295.6574198007445, 6.052101017738487, 40628, 0, 0
LOSS, 8852.126464843712, -3818.0910148620605, 19.44865264892578, 4.731227399702679, 207.0, 1871, 75, 24, 15920.11872448747, 0.0, 3838.059381866455, 8.508882268566259, 41947, 0, 0
WIN , 9455.082519531215, -3820.817481994629, 25.9775390625, 6.993404230422497, 207.0, 1352, 109, 30, 9644.652024583884, 0.0, 3839.1090927124023, 7.133618361378613, 42835, 0, 0
LOSS, 563.7392578124999, -4055.2999992370605, 19.314955139160155, 1.460464398477979, 207.0, 386, 174, 4, 5757.264697942108, 0.0, 4071.1100490231856, 14.915193517984735, 43088, 0, 0
LOSS, 7689.2608398437615, -1521.4392585754395, 20.335429382324218, 2.5630869466145874, 193.0, 3000, 0, 32, 92761.31244034012, 0.0, 49989.584716791614, 30.92043748011337, 44476, 0, 0
WIN , 8762.360403442348, -3668.3000968933106, 23.24602813720703, 7.444656247614569, 153.39499, 1177, 121, 20, 8735.45370035283, 0.0, 3657.1451210021974, 7.421795837173177, 45152, 0, 0
WIN , 8880.288891601549, -4063.0605018615724, 23.786225891113283, 5.788975809388233, 150.50607, 1534, 97, 30, 11934.927509845294, 0.0, 4078.7835516425735, 7.780265651789631, 46089, 0, 0
WIN , 8218.111108398414, -4061.549394226074, 23.76629180908203, 6.390444096732826, 169.39499, 1286, 114, 24, 11076.22580516045, 0.0, 4072.5474586486816, 8.612928308833942, 46760, 0, 0
LOSS, 4028.921255493163, -4059.060500335693, 19.065489196777342, 5.074208130344034, 177.35284, 794, 147, 13, 7031.753198549911, 0.0, 4076.9744308469794, 8.85611234074296, 47147, 0, 0
LOSS, 8232.04824371335, -2707.9817558288573, 19.78874969482422, 7.686319555287909, 209.7, 1071, 128, 22, 393248.89686899655, 0.0, 311792.37256444176, 367.1791754145626, 47746, 0, 0
WIN , 7847.683189392066, -3650.0299995422365, 22.49638671875, 7.473983989897206, 182.8681, 1050, 130, 31, 7975.931621420293, 0.0, 3660.8605003356934, 7.596125353733612, 48442, 0, 0
WIN , 5919.477310180676, -4057.7131889343264, 23.604669189453126, 2.808101190787797, 188.095, 2108, 59, 27, 10209.044868804871, 0.0, 4069.550859238798, 4.843000412146523, 49149, 0, 0
LOSS, -11805.930023193489, -4057.1904991149904, 19.64697265625, -3.9353100077311627, 203.39499, 3000, 0, 7, 12789.208710825835, 0.0, 4076.2390983181867, 4.263069570275278, 49339, 0, 0
WIN , 11085.05450439454, -611.2604759216308, 21.32816925048828, 10.437904429750038, 196.85019, 1062, 129, 29, 7895.991541995781, 0.0, 3444.034033203125, 7.435020284365142, 50069, 0, 0
LOSS, 4638.7295501709, -4056.3149803161623, 21.74546661376953, 7.017745159108776, 191.0, 661, 155, 17, 6878.530291138144, 0.0, 4071.7412592193755, 10.40624854937692, 50533, 0, 0
WIN , 7468.1214721679435, -3525.0445304870605, 24.61096649169922, 7.201660050306599, 128.33997, 1037, 130, 22, 7285.268080414481, 0.0, 3526.4463176312142, 7.025330839358227, 51189, 0, 0
LOSS, 2625.9940948486296, -4063.1660026550294, 21.019450378417968, 6.121198356290512, 164.4, 429, 171, 8, 5050.891984467253, 0.0, 4084.5118713983684, 11.773640989434156, 51474, 0, 0
WIN , 9120.089645385715, -2679.160097503662, 23.140625, 5.937558362881325, 167.50256, 1536, 97, 19, 13487.829050114466, 0.0, 2689.3906211853027, 8.781138704501606, 52430, 0, 0
LOSS, 4386.296905517571, -4059.2497428894044, 21.71916046142578, 3.128599789955471, 186.74542, 1402, 106, 16, 16428.7276197218, 0.0, 4079.0461021399415, 11.718065349302284, 53251, 0, 0
LOSS, 2657.984893798832, -2865.5466484069825, 21.76811065673828, 5.284264202383365, 223.0, 503, 166, 11, 8945.932970487125, 0.0, 4081.8596992492676, 17.7851550109088, 53567, 0, 0
WIN , 10097.278457641585, -2093.5315422058106, 25.05150451660156, 7.4628813434158054, 151.9, 1353, 109, 25, 10989.757604863396, 0.0, 2108.686862772043, 8.122511163978858, 54251, 0, 0
WIN , 7859.747499084456, -4060.809999847412, 23.27703094482422, 6.140427733659731, 154.425, 1280, 114, 24, 5419.415496819656, 0.0, 216.58807507078345, 4.2339183568903564, 54904, 0, 0
WIN , 9277.899781799282, -4061.757499694824, 23.53076171875, 7.655032823266734, 175.42719, 1212, 119, 25, 12755.78179037339, 0.0, 4080.907985687256, 10.524572434301477, 55655, 0, 0
LOSS, -471.6729644775388, -4058.457280731201, 21.38346710205078, -1.8643200176977819, 196.4, 253, 183, 6, 4415.209140485033, 0.0, 4074.536012342255, 17.451419527608824, 55804, 0, 0
WIN , 10452.315682983397, -1296.7843162536622, 24.880966186523438, 9.907408230316015, 169.0, 1055, 129, 24, 6247.821014371416, 0.0, 1316.0280601276474, 5.922105226892337, 56386, 0, 0
WIN , 8130.311534118631, -4059.0999992370607, 21.70133819580078, 7.521102251728614, 165.88466, 1081, 127, 27, 2.1851410309942108E7, 0.0, 5269424.2431902755, 20214.07059199085, 56948, 0, 0
LOSS, 6166.618466186507, -4059.411533355713, 21.42057647705078, 6.91324940155438, 209.7, 892, 140, 11, 7053599.575836725, 0.0, 3023724.3647796395, 7907.6228428662835, 57303, 0, 0
WIN , 8242.697282409641, -3586.630001831055, 22.092265319824218, 7.2240992834440325, 172.72717, 1141, 123, 12, 5947578.209183594, 0.0, 1412564.960173525, 5212.601410327427, 57823, 0, 0
LOSS, 3364.807756042478, -4061.1272834777833, 20.705790710449218, 4.628346294418814, 153.8, 727, 151, 10, 4219992.673763781, 0.0, 1412564.8026654313, 5804.666676428859, 58215, 0, 0
WIN , 8768.126945495576, -2453.5350379943848, 22.225321960449218, 9.551336541934178, 143.38016, 918, 138, 20, 5759868.130677978, 0.0, 1938560.9044575386, 6274.366155422634, 58750, 0, 0
LOSS, 2371.146804809566, -4061.6619834899902, 21.649882507324218, 4.714009552305301, 207.0, 503, 166, 7, 1064603.72723339, 0.0, 792656.2548302058, 2116.508404042525, 59074, 0, 0
WIN , 8544.381710815398, -2182.8087882995605, 24.426446533203126, 5.459668824802171, 188.095, 1565, 95, 21, 4139158.052847269, 0.0, 2180665.7230622503, 2644.829426739469, 59824, 0, 0
LOSS, -11104.600024414189, -4057.1904991149904, 19.695921325683592, -3.7015333414713965, 190.095, 3000, 0, 4, 6935.724336522491, 0.0, 3656.9156608581543, 2.3119081121741636, 60024, 0, 0
LOSS, 8257.873391723615, -612.5904747009278, 21.77665557861328, 12.306815784983034, 175.0, 671, 155, 9, 1128112.3639771834, 0.0, 592769.848579398, 1681.240482827397, 60425, 0, 0
LOSS, 311.84631958009953, -3400.4638664245604, 21.23539581298828, 0.10394877319336651, 180.31, 3000, 0, 20, 369530.6061802936, 0.0, 266660.3549644273, 123.17686872676454, 61029, 0, 0
LOSS, 8695.381346130347, -1812.3101860046386, 20.450926208496092, 2.8984604487101158, 124.425, 3000, 0, 27, 2976333.100306763, 0.0, 2662290.0271259607, 992.1110334355876, 61914, 0, 0
WIN , 8063.158210754366, -3307.6915321350098, 21.19450225830078, 6.897483499362161, 151.50256, 1169, 122, 25, 8715.664096321829, 0.0, 3317.4516560733823, 7.455657909599512, 62526, 0, 0
WIN , 8507.877539062474, -4060.8497428894043, 21.606596374511717, 5.320748929995293, 172.72717, 1599, 93, 28, 5031.506379933687, 0.0, 1051.7302798933733, 3.146658148801555, 63141, 0, 0
LOSS, 6604.737255859246, -4058.7272819519044, 20.076396179199218, 2.2015790852864154, 174.72717, 3000, 0, 18, 22387.74591259912, 0.0, 8963.385255442647, 7.462581970866373, 64040, 0, 0
LOSS, -1251.9745529174822, -3563.464537811279, 21.10130157470703, -8.402513777969679, 193.7, 149, 190, 5, 3687.2650579231768, 0.0, 3577.8970825274887, 24.746745355189105, 64116, 0, 0
WIN , 10917.546189880346, -861.4899848937988, 21.59171905517578, 12.350165373167812, 169.63824, 884, 141, 16, 1381921.2055852388, 0.0, 1378532.371908761, 1563.259282336243, 64617, 0, 0
LOSS, 4844.063922119136, -4059.03617477417, 21.53837432861328, 6.7372238137957385, 185.0, 719, 152, 13, 5998.840924094356, 0.0, 4078.3406869709834, 8.343311438239716, 64954, 0, 0
WIN , 9672.199902343724, -3013.7000991821287, 21.61369171142578, 8.521762028496672, 207.0, 1135, 124, 23, 6496.650828615825, 0.0, 3023.7691238403318, 5.723921434903811, 65507, 0, 0
LOSS, 2095.6229492187535, -4055.2999992370605, 21.363139343261718, 3.331674005117255, 191.0, 629, 158, 23, 1384992.750148821, 0.0, 1378531.3092250268, 2201.896264147569, 65832, 0, 0
LOSS, 1788.749340820315, -1960.9229484558105, 21.50865020751953, 8.130678821910523, 223.0, 220, 185, 5, 2115.386340381421, 0.0, 1977.506027646968, 9.615392456279187, 65935, 0, 0
WIN , 8700.988211059554, -1569.6722892761231, 24.29363555908203, 11.616806690333183, 153.39499, 749, 150, 15, 2252.574576199089, 0.0, 613.1364990234374, 3.007442691854591, 66252, 0, 0
LOSS, 6594.909323120104, -4060.6605003356935, 22.02335968017578, 6.641399116938675, 175.0, 993, 133, 22, 7522.9790301842, 0.0, 4078.7079971281873, 7.576011107939779, 66710, 0, 0
WIN , 6961.33017578124, -3825.5698234558104, 25.55615234375, 3.103580105118698, 191.0, 2243, 50, 28, 6785.277644990702, 0.0, 425.10595703125, 3.0250903455152485, 67510, 0, 0
LOSS, 3464.283097839352, -4056.8999992370605, 20.272265625, 1.1547610326131175, 144.17, 3000, 0, 27, 44199.15895485803, 0.0, 30591.155191872364, 14.733052984952677, 68557, 0, 0
WIN , 7169.696475219619, -3161.183097076416, 21.75602569580078, 2.532566752108661, 151.20427, 2831, 11, 25, 14085.772711204063, 0.0, 3443.3100982666015, 4.9755467012377474, 69221, 0, 0
WIN , 6268.889427185042, -4060.8795722961427, 21.654595947265626, 2.9334999659265524, 162.31, 2137, 57, 16, 4028.10289367414, 0.0, 42.2552513576868, 1.884933501953271, 69752, 0, 0
WIN , 6497.421499633787, -4059.7689994812013, 24.464288330078126, 5.239856048091764, 188.095, 1240, 117, 19, 10631.637777777694, 0.0, 4078.586708901259, 8.573901433691688, 70253, 0, 0
WIN , 8027.165499877913, -4057.1904991149904, 22.782767486572265, 8.09190070552209, 116.44, 992, 133, 20, 6617.097272795579, 0.0, 4076.159044757896, 6.670460960479414, 70848, 0, 0
WIN , 7956.166928100568, -4064.35599899292, 21.98844757080078, 6.294435860839057, 154.77072, 1264, 115, 18, 9384.449311673994, 0.0, 4083.3933367193194, 7.424406101007906, 71531, 0, 0
LOSS, 2049.231515502932, -4060.522927093506, 21.86369171142578, 3.5029598555605674, 223.0, 585, 161, 6, 5857.818706795978, 0.0, 4078.878058734169, 10.013365310762355, 71879, 0, 0
LOSS, 5757.545654296869, -2439.7544425964356, 21.91569366455078, 8.132126630362809, 223.0, 708, 152, 18, 3350.8032319335853, 0.0, 960.7094238281247, 4.732772926459866, 72352, 0, 0
LOSS, -2229.1003433227543, -2977.3000968933106, 20.929240417480468, -46.43959048589071, 185.8, 48, 196, 3, 3045.2260569605896, 2.9752250583214845E-6, 2966.428528594971, 63.442209520012284, 72384, 0, 0
WIN , 9658.700245666485, -288.19975357055665, 25.99755859375, 13.93751839201513, 191.0, 693, 153, 7, 1807.0969553844589, 0.0, 309.0534355163574, 2.6076435142632883, 72832, 0, 0
WIN , 6837.299626159655, -4056.8999992370605, 23.778008270263673, 6.1988210572617, 118.00374, 1103, 126, 18, 11118.591063642587, 0.0, 4076.7935749592657, 10.08031828072764, 73442, 0, 0
LOSS, 1136.2567459106435, -4064.1996253967286, 21.78532257080078, 2.661022824146706, 207.0, 427, 171, 10, 5199.431907382177, 0.0, 4083.5502047019704, 12.17665552080135, 73653, 0, 0
LOSS, 4664.155529785156, -1870.456371307373, 21.542796325683593, 10.296149072373414, 188.72717, 453, 169, 8, 1128.3970837573256, 0.0, 300.7840820312499, 2.4909427897512706, 73842, 0, 0
WIN , 9396.076972961417, -2604.6119010925295, 25.355252075195313, 8.480213874513915, 153.11125, 1108, 126, 29, 4449.760761825916, 0.0, 734.1555297851564, 4.016029568434942, 74490, 0, 0
WIN , 7499.868624877914, -4060.6888740539553, 26.19596710205078, 6.058052201032241, 154.425, 1238, 117, 24, 9273.781804445654, 0.0, 4080.0153910841073, 7.490938452702467, 75178, 0, 0
LOSS, 393.6925735473617, -4060.5574989318848, 21.906474304199218, 1.1248359244210333, 207.0, 350, 176, 11, 5265.352395492, 0.0, 4079.7492453237755, 15.04386398712, 75395, 0, 0
LOSS, 1091.5892410278184, -1874.250072479248, 22.04173126220703, 0.3638630803426061, 206.2675, 3000, 0, 13, 705264.7133793122, 0.0, 697882.5571256793, 235.08823779310407, 75889, 0, 0
WIN , 6672.660685729974, -3665.83931350708, 21.917948913574218, 9.345463145280075, 175.0, 714, 152, 22, 4850.104763646404, 0.0, 3654.9677452087403, 6.792863814630818, 76249, 0, 0
LOSS, 35.60975799560595, -4058.4999992370604, 21.49040069580078, 0.13910061717033576, 197.56209, 256, 182, 4, 4429.434192038224, 0.0, 4077.958443613165, 17.302477312649312, 76399, 0, 0
LOSS, 4774.870710754393, -1714.109757232666, 21.21549835205078, 9.271593613115327, 175.0, 515, 165, 6, 2905.3437484470464, 0.0, 1703.2381889343262, 5.6414441717418375, 76632, 0, 0
WIN , 7688.831065368647, -2638.9804679870604, 21.835673522949218, 3.9983520880752192, 181.88466, 1923, 71, 23, 11411.560187446305, 0.0, 3597.460501098633, 5.9342486674187755, 77229, 0, 0
WIN , 5590.688465881343, -4057.811533355713, 22.414286804199218, 4.88269735011471, 175.0, 1145, 123, 19, 11168.453217635019, 0.0, 4077.4325154313474, 9.754107613655037, 77769, 0, 0
LOSS, 331.541308593751, -4058.4999992370604, 21.88896026611328, 1.1014661415074785, 223.0, 301, 179, 3, 624.3439355847974, 0.0, 104.15907399669305, 2.0742323441355395, 77890, 0, 0
WIN , 8166.453495788562, -1720.0413078308106, 21.97624053955078, 11.784204178627073, 195.05196, 693, 153, 21, 4541.918498369216, 0.0, 1734.23254662097, 6.553994947141725, 78182, 0, 0
WIN , 6215.256578063968, -4056.4948036193846, 23.849282836914064, 7.0547747764630735, 142.48618, 881, 141, 19, 8579.993232712604, 0.0, 4076.0250373130402, 9.738925349276508, 78593, 0, 0
WIN , 6923.278617858874, -4061.75138168335, 23.98087921142578, 8.494820390010888, 209.7, 815, 145, 17, 6551.708832187824, 0.0, 4077.6710829890294, 8.038906542561747, 78972, 0, 0
LOSS, 783.6699996948266, -4055.0299995422365, 19.975204467773438, 1.9160635689360064, 223.0, 409, 172, 5, 5140.781547120207, 0.0, 4074.510784923241, 12.56914803696872, 79152, 0, 0
LOSS, 3120.000000000001, -1808.6999992370606, 20.293731689453125, 7.500000000000002, 223.0, 416, 172, 10, 2761.852730198842, 0.0, 1797.8284309387209, 6.639069062977986, 79325, 0, 0
LOSS, 6416.860098266592, -1808.6999992370606, 21.54167022705078, 10.913027378004408, 180.4, 588, 160, 13, 701123.9427460096, 0.0, 697882.8502095398, 1192.3876577313088, 79603, 0, 0
LOSS, -1529.8074615478458, -3205.5600975036623, 19.149671936035155, -6.860123145954466, 207.0, 223, 185, 2, 4213.3404901721415, 0.0, 3215.790621185303, 18.893903543372833, 79687, 0, 0
WIN , 10822.747363281242, -665.7526359558105, 23.356689453125, 10.70499244637116, 175.0, 1011, 132, 21, 6454.040280419579, 0.0, 1913.857837677002, 6.383818279346765, 80191, 0, 0
WIN , 6706.53000030517, -4058.4999992370604, 21.390116882324218, 7.735328720075167, 209.7, 867, 142, 20, 2210.9560910525634, 0.0, 145.25214689902953, 2.550122365689231, 80567, 0, 0
WIN , 7733.76049957274, -4055.0299995422365, 20.950860595703126, 7.649614737460673, 172.095, 1011, 132, 21, 7714.708645252062, 0.0, 4074.72646658525, 7.6307701733452635, 81006, 0, 0
WIN , 8026.509500122056, -4058.7904991149903, 20.79044952392578, 8.132228470235113, 207.0, 987, 134, 28, 6727.880137218133, 0.0, 4076.102805915819, 6.816494566583722, 81433, 0, 0
WIN , 8259.99999999998, -4055.2999992370605, 20.75030059814453, 7.690875232774656, 207.0, 1074, 128, 20, 8875.524481770022, 0.0, 4072.5812097054772, 8.263989275391083, 81955, 0, 0
LOSS, 4532.337207031251, -4055.2999992370605, 19.625595092773438, 7.89605785197082, 175.0, 574, 161, 9, 939.8520877203158, 0.0, 268.8640464790566, 1.6373729751225015, 82235, 0, 0
LOSS, 3060.1078903198077, -3127.6372062683104, 20.980726623535155, 1.0200359634399359, 198.55, 3000, 0, 12, 1386057.4003927382, 0.0, 1378531.3864479505, 462.01913346424607, 82568, 0, 0
WIN , 8184.554902648912, -3667.745096588135, 24.362167358398438, 8.905935693850829, 137.0, 919, 138, 27, 7347.040736873268, 0.0, 3656.873528289795, 7.994603630982881, 82967, 0, 0
WIN , 7650.450100707984, -4062.2999992370605, 23.752888488769532, 6.752383142725494, 132.499, 1133, 124, 29, 8441.079078678951, 0.0, 4077.703415865462, 7.450202187713108, 83551, 0, 0
LOSS, 5529.877877807617, -4062.7500999450685, 20.4872314453125, 6.1648582807219805, 223.0, 897, 140, 16, 6785.3849510567925, 0.0, 4082.584953818672, 7.564531718012032, 83933, 0, 0
WIN , 8586.651596069301, -3322.6279777526856, 23.917997741699217, 7.185482507170963, 167.20425, 1195, 120, 27, 6650.997811644706, 0.0, 1139.819189453125, 5.565688545309378, 84606, 0, 0
WIN , 6755.703425598136, -4059.2795738220216, 21.510234069824218, 7.16405453403832, 110.17, 943, 137, 24, 6203.071984979729, 0.0, 3212.7962806701657, 6.578019072088789, 85120, 0, 0
WIN , 6565.574499511699, -4064.982999420166, 21.80486297607422, 7.418728248035818, 154.425, 885, 141, 20, 4434.276354095157, 0.0, 1459.0918174743654, 5.0104817560397255, 85598, 0, 0
LOSS, 3158.112252807618, -4060.5574989318848, 21.675273132324218, 6.316224505615236, 184.8308, 500, 166, 7, 8258.357704395758, 0.0, 4081.793828815671, 16.516715408791516, 85862, 0, 0
WIN , 7715.087747192372, -2938.669751739502, 21.31486358642578, 10.032623858507636, 122.425, 769, 148, 21, 4494.576367854062, 0.0, 2955.7504327968004, 5.8447026890169855, 86322, 0, 0
WIN , 5824.40153808593, -4063.7574989318846, 23.498982238769532, 6.925566632682438, 178.40962, 841, 143, 22, 6892.663994150721, 0.0, 4083.691568484272, 8.195795474614412, 86801, 0, 0
LOSS, 4512.958345031739, -4058.1590370178224, 21.08976593017578, 6.18213471922156, 207.0, 730, 151, 18, 6214.1097839633585, 0.0, 4077.2345641574566, 8.512479156114189, 87184, 0, 0
LOSS, 5559.674462890621, -3451.1173820495605, 21.825175476074218, 8.17599185719209, 191.0, 680, 154, 10, 4032731.734505139, 0.0, 4030598.183576774, 5930.487844860499, 87532, 0, 0
LOSS, -2417.471447753907, -3530.7918449401855, 21.81425323486328, -25.18199424743653, 98.045105, 96, 193, 2, 346.31455469753433, 0.0, 79.67446289062491, 3.607443278099316, 87576, 0, 0
LOSS, 8908.309602355937, -473.3203971862793, 21.15202178955078, 11.989649532107588, 193.7, 743, 150, 18, 2659.7670384369526, 0.0, 494.6956977844238, 3.5797672118936106, 88018, 0, 0
LOSS, 5915.878251647945, -3651.6299995422364, 21.31584014892578, 7.110430590923011, 207.0, 832, 144, 10, 6008.395150457859, 0.0, 3662.4605003356933, 7.221628786608004, 88369, 0, 0
LOSS, 3415.7326660156227, -3647.5082511901855, 22.183573913574218, 7.329898424926229, 207.0, 466, 168, 9, 680.3509330051053, 0.0, 116.71640625000009, 1.4599805429294104, 88597, 0, 0
WIN , 7504.082008361799, -2863.2409172058105, 21.34318389892578, 7.407780857217966, 186.77074, 1013, 132, 26, 7544.36720026459, 0.0, 2882.535000956715, 7.447549062452705, 89105, 0, 0
WIN , 7093.234573364248, -4057.322925567627, 25.33586883544922, 7.490216022559924, 154.425, 947, 136, 23, 6814.847230723619, 0.0, 4076.489970621136, 7.19624839569548, 89609, 0, 0
WIN , 8117.899781799296, -4060.5574989318848, 24.078125, 6.810318608892027, 175.42719, 1192, 120, 25, 7786.573590731743, 0.0, 3275.5363693237305, 6.532360394909181, 90156, 0, 0
LOSS, 1029.6765563964855, -4058.457280731201, 21.59867706298828, 3.187853115778593, 175.5, 323, 178, 8, 4572.808639823823, 0.0, 4075.117763739563, 14.157302290476231, 90339, 0, 0
LOSS, 4629.011161804177, -2139.333837890625, 21.52433624267578, 1.5430037206013925, 198.55, 3000, 0, 24, 6928.452822999507, 0.0, 2154.9330003710143, 2.309484274333169, 90742, 0, 0
WIN , 7395.404393005355, -3668.3449996948243, 24.128022766113283, 8.42301183713594, 134.50607, 878, 141, 27, 6064.602322713207, 0.0, 3657.5732498168945, 6.907291939308892, 91160, 0, 0
WIN , 5577.0322448730485, -4062.5493919372557, 21.56193389892578, 7.660758578122319, 164.18362, 728, 151, 12, 5808.841195875236, 0.0, 4078.512203147359, 7.979177466861588, 91513, 0, 0
WIN , 7207.706466674786, -4059.581636810303, 22.035380554199218, 7.563175725786763, 187.11896, 953, 136, 24, 6496.794275560147, 0.0, 4079.0230718342436, 6.8172028075132705, 91960, 0, 0
LOSS, 1865.9418960571277, -4057.2881034851075, 22.02604522705078, 4.269889922327524, 177.7, 437, 170, 8, 1018.428357890202, 0.0, 131.09524315253066, 2.3304996748059543, 92155, 0, 0
WIN , 7955.2699996948, -2373.2299995422363, 21.26896514892578, 9.642751514781576, 175.0, 825, 145, 20, 4310.325788109191, 0.0, 1278.4, 5.224637318920232, 92549, 0, 0
WIN , 6382.499627685536, -4058.4999992370604, 24.351739501953126, 7.978124534606921, 150.00372, 800, 146, 24, 8230.304542621467, 0.0, 4076.123680327228, 10.287880678276833, 92974, 0, 0
LOSS, 3625.7571960449222, -4060.9996269226076, 21.75285186767578, 6.197875548794739, 212.16809, 585, 161, 5, 5766.544145377295, 0.0, 4081.4316525906834, 9.857340419448366, 93260, 0, 0
WIN , 6928.025450897207, -3216.7568229675294, 25.669628143310547, 8.974126231732132, 112.17725, 772, 148, 11, 2964.8212714710126, 0.0, 430.75142822265616, 3.8404420614909487, 93709, 0, 0
WIN , 7294.767826080311, -4064.782273864746, 21.46061553955078, 8.643089841327383, 164.499, 844, 143, 26, 6249.264828243282, 0.0, 4085.6039198360304, 7.404342213558391, 94116, 0, 0
WIN , 6025.029898834232, -4059.5500999450683, 24.30583953857422, 5.716347152594148, 114.200005, 1054, 129, 23, 11268.942928288661, 0.0, 4077.5151977175087, 10.691596706156226, 94582, 0, 0
WIN , 5675.747283172605, -4064.579998779297, 23.881103515625, 6.089857599970607, 156.72717, 932, 137, 17, 7186.464299850226, 0.0, 4084.3037478163105, 7.710798604989512, 95017, 0, 0
LOSS, -2045.9336791992218, -4060.3272819519043, 20.42601089477539, -16.367469433593776, 167.50256, 125, 191, 4, 200.64794944305712, 0.0, 31.401037731725147, 1.6051835955444569, 95090, 0, 0
WIN , 9052.506396484358, -785.593603515625, 22.672607421875, 12.750009009132897, 191.0, 710, 152, 21, 3045.7632714231195, 0.0, 802.7153171552675, 4.289807424539605, 95492, 0, 0
WIN , 6278.059999847401, -4056.8999992370605, 26.08117218017578, 6.921786107880266, 110.4, 907, 139, 12, 10460.129115327807, 0.0, 4076.2900522127156, 11.53266716133165, 96013, 0, 0
WIN , 6745.004500579822, -4064.9599990844727, 22.90373840332031, 6.193759871974125, 160.355, 1089, 127, 18, 9089.348471135692, 0.0, 4084.5512356920867, 8.346509156231122, 96671, 0, 0
WIN , 6807.496000671381, -4059.9644996643065, 22.34832305908203, 7.623175812621927, 185.39499, 893, 140, 19, 7530.2274915616845, 0.0, 4077.8336816547167, 8.432505589654742, 97206, 0, 0
LOSS, 4165.13592376709, -4057.4605003356933, 21.77018585205078, 4.685192265204826, 184.03575, 889, 140, 11, 9003.096935445295, 0.0, 4075.9855311091283, 10.127218150107193, 97639, 0, 0
WIN , 8437.904118347156, -2612.596424102783, 24.305076599121094, 10.353256586929026, 154.99457, 815, 145, 10, 4529.067311952153, 0.0, 2602.0414848327637, 5.557137806076262, 98059, 0, 0
LOSS, 505.17707595825175, -4060.5005424499514, 20.53361358642578, 1.2291413040346757, 106.99456, 411, 172, 11, 2518243.7058431413, 0.0, 2516478.400170022, 6127.113639521025, 98326, 0, 0
LOSS, 1301.8034400939941, -1495.6776184082032, 21.47764434814453, 6.381389412225461, 169.8, 204, 186, 7, 2014.0458185684035, 0.0, 1511.1141723632813, 9.872773620433351, 98434, 0, 0
WIN , 9414.698683166494, -1057.4810585021974, 21.353251647949218, 10.858937350826407, 138.20258, 867, 142, 25, 3563.7416043323383, 0.0, 769.2813049316408, 4.110428609379859, 98900, 0, 0
LOSS, 70.79996948242405, -4062.1797416687014, 21.91227569580078, 0.23758379020947668, 186.448, 298, 180, 3, 713.1719834776329, 0.0, 23.312815515829445, 2.3931945754282986, 99063, 0, 0
WIN , 9519.358998107886, -1692.979711151123, 24.78438720703125, 10.052121434116035, 136.6129, 947, 136, 26, 5302.7710755786, 0.0, 1711.5890937805175, 5.599547070304752, 99496, 0, 0
WIN , 8261.072790527336, -4062.3387092590333, 24.861743927001953, 7.735086882516232, 125.884995, 1068, 128, 24, 6950.183313975422, 0.0, 1971.4218238830565, 6.5076622790032035, 99996, 0, 0
WIN , 7785.08849945066, -4063.411499786377, 20.874755859375, 6.8955611155453145, 175.0, 1129, 124, 25, 8641.819606372677, 0.0, 4083.9591737055375, 7.654401777123717, 100396, 0, 0
WIN , 7566.79999999998, -4058.4999992370604, 23.240478515625, 6.885168334849846, 207.0, 1099, 126, 16, 3901.186150698096, 0.0, 227.46950147021366, 3.5497599187425806, 100832, 0, 0
LOSS, 124.69049987794764, -4055.2999992370605, 20.45133819580078, 0.04156349995931588, 190.095, 3000, 0, 18, 4096.206415257797, 0.0, 279.83284435214307, 1.3654021384192656, 101104, 0, 0
LOSS, -9967.69052429211, -2339.99049911499, 19.41332092285156, -3.3225635080973697, 193.0, 3000, 0, 6, 8462.405927654989, 0.0, 3654.922051239014, 2.8208019758849963, 101216, 0, 0
LOSS, 6451.85549316405, -612.299974822998, 21.07877960205078, 12.265884967992491, 207.0, 526, 164, 10, 1898.2001018553174, 0.0, 601.777513885498, 3.6087454407895767, 101541, 0, 0
LOSS, -232.17290802000048, -2944.1554679870605, 20.90000762939453, -0.07739096934000016, 196.17415, 3000, 0, 13, 83781.00679461408, 0.0, 77707.49639162282, 27.92700226487136, 101805, 0, 0
LOSS, 6501.688169860834, -1811.982559967041, 21.550151062011718, 7.305267606585207, 186.99875, 890, 140, 17, 2.306847396625205E7, 0.0, 2.3064289654711634E7, 25919.633669946124, 102240, 0, 0
LOSS, -1344.2632843017582, -3193.6707298278807, 21.085734558105468, -12.681729097186398, 114.92456, 106, 192, 4, 3593.8858038535564, 0.0, 3209.3308753967285, 33.90458305522223, 102306, 0, 0
LOSS, 3098.5477539062504, -809.4074455261231, 21.045451354980468, 11.518764884409853, 170.448, 269, 182, 5, 1293.9110385826148, 0.0, 829.5048477172852, 4.810078210344293, 102460, 0, 0
WIN , 9955.530622100805, -1557.955199432373, 21.18461456298828, 9.347916077089957, 125.14178, 1065, 129, 27, 1251403.7325327543, 0.0, 1242573.4499940579, 1175.0269789039946, 102990, 0, 0
WIN , 5264.683177947992, -4063.4858215332033, 22.689508056640626, 8.013216404791464, 178.31, 657, 156, 15, 1945675.287696634, 0.0, 1242510.2501232442, 2961.454014758956, 103433, 0, 0
WIN , 8373.211000061012, -4058.1689994812014, 25.81682586669922, 5.370885824285447, 146.2, 1559, 96, 27, 16417.564835256624, 0.0, 4076.947659301758, 10.530830555007457, 104232, 0, 0
WIN , 6938.6699996948155, -4061.3799995422364, 23.189501953125, 6.842869822184237, 159.5, 1014, 132, 26, 4082.4200542144454, 0.0, 150.2537480760946, 4.02605528029038, 104820, 0, 0
WIN , 8007.357687377919, -4060.0499992370605, 21.165751647949218, 7.589912499884283, 185.92313, 1055, 129, 25, 1822761.5405990055, 0.0, 1815036.6068987756, 1727.7360574398156, 105422, 0, 0
LOSS, 928.813055419923, -4057.4076866149903, 21.589335632324218, 3.180866628150421, 167.9, 292, 180, 8, 4558.983314294998, 0.0, 4075.381620702309, 15.61295655580479, 105593, 0, 0
WIN , 9404.589257812466, -2146.2207420349123, 26.61083068847656, 7.652228850945863, 151.9, 1229, 118, 13, 1306481.111166247, 0.0, 1298803.0956605, 1063.044028613708, 106189, 0, 0
LOSS, 3287.379306030277, -4060.809999847412, 21.73985137939453, 1.8980250034816841, 191.0, 1732, 84, 12, 8749.111350920204, 0.0, 4073.3399604452784, 5.051449971662936, 106501, 0, 0
WIN , 7300.846868896483, -3288.1893058776855, 20.70982208251953, 9.39619931646909, 169.63824, 777, 148, 13, 2070.8028415752756, 0.0, 160.5520996093751, 2.665125922233302, 106935, 0, 0
WIN , 7157.863824462885, -4060.2361755371094, 20.34684600830078, 8.024511013971845, 191.0, 892, 140, 10, 10956.637134434595, 0.0, 4077.7345089637074, 12.283225487034299, 107341, 0, 0
WIN , 7966.511500549299, -4056.8999992370605, 21.500904083251953, 6.975929510113222, 125.884995, 1142, 123, 21, 8788.382620921853, 0.0, 4073.8503995552087, 7.695606498180257, 107835, 0, 0
LOSS, 806.9848571777314, -4063.411499786377, 21.29508819580078, 0.5394283804663981, 193.7, 1496, 100, 11, 7116.074002186951, 0.0, 4081.1654499213228, 4.756733958681116, 108100, 0, 0
WIN , 9524.903642272871, -2070.3963569641114, 24.876708984375, 4.275091401379206, 207.0, 2228, 51, 17, 19915.98601255802, 0.0, 8778.834411620175, 8.938952429334838, 108598, 0, 0
LOSS, 6345.284346008303, -4055.2999992370605, 21.36930694580078, 8.460379128011072, 193.7, 750, 150, 5, 9694.77153762651, 0.0, 4066.6979235090093, 12.92636205016868, 108898, 0, 0
LOSS, -11308.839370727663, -3820.5843452453614, 19.603720092773436, -3.7696131235758874, 198.55, 3000, 0, 7, 11721.987236556693, 0.0, 3841.0091789999265, 3.9073290788522312, 108999, 0, 0
WIN , 11076.449806213372, -611.7449745178222, 22.002671813964845, 10.559056059307313, 178.05219, 1049, 130, 24, 4579.144826435071, 0.0, 600.8734062194824, 4.365247689642584, 109480, 0, 0
LOSS, -226.20428161620325, -4058.1947807312013, 19.558721923828124, -0.07540142720540108, 190.095, 3000, 0, 18, 12677.473880011292, 0.0, 4075.153260840882, 4.2258246266704305, 109806, 0, 0
WIN , 9658.589242553699, -1811.9904991149901, 26.19596710205078, 10.532812696350817, 154.20258, 917, 138, 16, 4576.638159529036, 0.0, 1801.1189308166504, 4.990881308101457, 110129, 0, 0
LOSS, -1955.085302734377, -4060.579741668701, 19.724497985839843, -14.81125229344225, 152.70941, 132, 191, 3, 4299.268071071152, 0.0, 4077.9695775422465, 32.57021265962994, 110177, 0, 0
WIN , 10277.888561248765, -805.4944389343261, 24.54204330444336, 11.522296593328212, 126.16999, 892, 140, 25, 3480.5881899572373, 0.0, 821.2775100344327, 3.902004697261477, 110447, 0, 0
WIN , 7660.374498748771, -4063.3830001831057, 21.20609893798828, 7.28172480869655, 122.425, 1052, 129, 16, 4057.8701224105807, 0.0, 159.24943156257697, 3.8572909908845823, 110871, 0, 0
WIN , 6305.1999999999925, -4063.7574989318846, 23.92107391357422, 9.368796433878146, 170.425, 673, 155, 14, 5965.592224355938, 0.0, 4080.975968727258, 8.864178639459046, 111067, 0, 0
WIN , 7352.825500488255, -4059.557501220703, 23.756398010253907, 6.101929875923863, 142.17, 1205, 119, 18, 9329.477907339382, 0.0, 4078.973273609536, 7.742305317294093, 111571, 0, 0
WIN , 7523.516999816879, -4062.3830017089845, 20.40995635986328, 7.397755162061828, 207.0, 1017, 132, 27, 6.0454575367136985E7, 0.0, 6.0446781243874624E7, 59444.02690967255, 112018, 0, 0
WIN , 7929.999999999984, -4055.2999992370605, 20.13493194580078, 7.295308187672478, 207.0, 1087, 127, 29, 7725.3556262956035, 0.0, 4072.9275474550273, 7.1070428944761765, 112550, 0, 0
LOSS, -1183.4984374999983, -4055.2999992370605, 20.05577392578125, -6.841031430635828, 223.0, 173, 188, 1, 4703.881145714026, 0.0, 4071.8708912455368, 27.19006442609264, 112640, 0, 0
LOSS, 8944.953182983392, -1162.401564025879, 20.199687194824218, 2.981651060994464, 213.79288, 3000, 0, 33, 18657.892279868818, 0.0, 3658.3000968933106, 6.21929742662294, 113173, 0, 0
WIN , 7683.225965881334, -3666.754744720459, 21.03092803955078, 8.378654270317703, 160.19289, 917, 138, 28, 12491.091601290282, 0.0, 3655.883176422119, 13.62169204066552, 113574, 0, 0
WIN , 6910.40978851318, -4059.9807106018065, 25.139581298828126, 7.312602950807597, 156.095, 945, 137, 14, 2.306872096948216E7, 0.0, 2.3064236706441335E7, 24411.344941250965, 114002, 0, 0
WIN , 3022.77400054932, -4060.3904991149902, 24.48821105957031, 1.0316634814161503, 128.355, 2930, 4, 14, 5292.103757941168, 0.0, 118.14447441235525, 1.8061787569765078, 114460, 0, 0
LOSS, 3921.921144104003, -4063.1644996643067, 21.270487976074218, 6.418856209662852, 207.0, 611, 159, 9, 1.0148233805768361E7, 0.0, 1.014290402395416E7, 16609.220631372114, 114696, 0, 0
WIN , 8293.414355468733, -2955.0856437683105, 21.24876251220703, 10.0770526797919, 175.0, 823, 145, 25, 5028.732948752218, 0.0, 2969.2942922218863, 6.110246596296742, 115012, 0, 0
WIN , 8100.741461181626, -4058.4999992370604, 22.02648162841797, 7.500686538131135, 167.58539, 1080, 128, 30, 11456.568940304314, 0.0, 4074.733181184983, 10.607934203985476, 115398, 0, 0
WIN , 7258.258538818346, -4059.241460418701, 21.485214233398438, 7.331574281634693, 185.0, 990, 134, 26, 7441.90146531527, 0.0, 4073.9059957556346, 7.517072187187141, 115793, 0, 0
LOSS, -12369.690701294081, -4057.4999992370604, 19.512083435058592, -4.123230233764693, 231.90701, 3000, 0, 6, 4647.656167013666, 0.0, 158.99597910887758, 1.5492187223378888, 115949, 0, 0
WIN , 10316.802235412564, -607.8092979431152, 23.364637756347655, 8.041155288708156, 213.88466, 1283, 114, 29, 4022.888775795926, 0.0, 596.9377296447753, 3.135532950737277, 116298, 0, 0
WIN , 7004.2765701293865, -4054.6115333557127, 24.18400421142578, 4.608076690874596, 171.11896, 1520, 98, 25, 5740968.278130608, 0.0, 5733557.041084824, 3776.9528145596105, 116687, 0, 0
LOSS, 3929.702493286042, -4058.8881034851074, 21.29143829345703, 1.3099008310953475, 190.095, 3000, 0, 23, 1.7574635466565013E7, 0.0, 1.5026493154747846E7, 5858.2118221883375, 117110, 0, 0
WIN , 7023.997651672354, -3268.59059677124, 24.61096649169922, 9.851329104729809, 134.11751, 713, 152, 25, 3039.5427573627767, 0.0, 1456.60009765625, 4.263033320284399, 117422, 0, 0
WIN , 6940.405526733389, -4062.5882484436033, 23.087158203125, 7.6944628899483245, 130.06224, 902, 139, 25, 6888.680925124272, 0.0, 4079.0565492739415, 7.637118542266377, 117804, 0, 0
LOSS, 2280.8067321777326, -4065.393776702881, 21.408061218261718, 3.450539685594149, 209.7, 661, 155, 9, 6004.284699621024, 0.0, 2785.3425308227543, 9.083637972195195, 118080, 0, 0
LOSS, 2708.8522628784153, -2573.8005073547365, 21.34886016845703, 7.341063043030936, 196.88538, 369, 175, 5, 4137.470850800762, 0.0, 2593.2722281759966, 11.212658132251386, 118211, 0, 0
WIN , 9062.647229003887, -2172.652770233154, 21.626708984375, 9.600261895131236, 207.0, 944, 137, 25, 5328.0449376756615, 0.0, 2191.2978507995604, 5.64411540008015, 118554, 0, 0
WIN , 7149.999999999987, -4055.2999992370605, 21.36833038330078, 6.470588235294106, 207.0, 1105, 126, 25, 4968.850239330265, 0.0, 162.04706778408675, 4.49669704916766, 119010, 0, 0
WIN , 7382.379574584947, -4055.2999992370605, 22.934355163574217, 8.604171998350754, 183.20425, 858, 142, 23, 6111.441255132524, 0.0, 4074.810830696676, 7.122891905748863, 119290, 0, 0
LOSS, 1800.8204254150423, -4057.6795738220217, 21.105082702636718, 3.9233560466558655, 185.0, 459, 169, 18, 6115.875689843683, 0.0, 4069.7815390952765, 13.324347908156172, 119494, 0, 0
WIN , 9089.179574584941, -2148.4999992370604, 24.700224304199217, 10.593449387628137, 183.20425, 858, 142, 23, 4285.43392706426, 0.0, 2159.0246474393502, 4.994678236671632, 119831, 0, 0
LOSS, 3739.176675415043, -4057.6795738220217, 21.31565704345703, 5.888467205378021, 223.0, 635, 157, 12, 6034.543389340414, 0.0, 4069.3968312643733, 9.503217935969156, 120057, 0, 0
WIN , 7184.512750244138, -3006.8562492370606, 25.905328369140626, 8.924860559309488, 146.31, 805, 146, 14, 3431.644871709271, 0.0, 824.0474609375001, 4.262912884110896, 120270, 0, 0
LOSS, 4550.306575012219, -4061.368999481201, 20.60441436767578, 1.5167688583374062, 138.6129, 3000, 0, 14, 10391.684379264729, 0.0, 4080.6710608704325, 3.463894793088243, 120654, 0, 0
LOSS, 4618.95294036865, -4011.675574493408, 21.814799499511718, 7.6094776612333614, 191.0, 607, 159, 15, 7132.043192117492, 0.0, 4029.431213330561, 11.749659295086477, 120854, 0, 0
WIN , 7239.979171752924, -3200.6285148620605, 23.1302734375, 9.576692026128207, 153.92313, 756, 149, 24, 4786.714919971938, 0.0, 3216.342996440177, 6.331633492026373, 121071, 0, 0
LOSS, -1862.4522430419934, -4060.60768661499, 19.474635314941406, -12.093845734038918, 128.33997, 154, 189, 2, 4327.996996938488, 0.0, 4076.924155469224, 28.103876603496676, 121116, 0, 0
WIN , 10275.544555664046, -858.155443572998, 23.38623046875, 10.234606131139488, 223.0, 1004, 133, 23, 4153.114957313259, 0.0, 874.2283506822661, 4.1365686825829275, 121475, 0, 0
LOSS, -8323.32675018325, -4054.300001525879, 18.639370727539063, -2.7744422500610835, 206.2675, 3000, 0, 6, 9241.24415134097, 0.0, 4072.9011543214624, 3.0804147171136567, 121572, 0, 0
WIN , 10514.79599761962, -610.9732513427734, 21.47599639892578, 11.416716609793289, 208.30753, 921, 138, 21, 3638.0443042342986, 0.0, 600.0172637939453, 3.950102393305427, 122082, 0, 0
LOSS, 4708.656143188477, -4055.7692489624023, 21.138407897949218, 7.091349613235657, 207.0, 664, 155, 19, 6017.566988372083, 0.0, 4070.83550964552, 9.062600886102535, 122502, 0, 0
WIN , 7314.460244750973, -3444.425392150879, 21.707167053222655, 8.898370127434275, 177.14365, 822, 145, 16, 5510.076534592152, 0.0, 3457.1025665283205, 6.703256124807971, 122884, 0, 0
WIN , 6660.214364624015, -4058.8856369018554, 23.074951171875, 6.44121311859189, 175.0, 1034, 131, 21, 8182.570121297429, 0.0, 4077.218963321996, 7.913510755606798, 123408, 0, 0
WIN , 7970.966426086407, -4059.1000015258787, 23.787272644042968, 8.525097781910596, 165.33574, 935, 137, 26, 6155.550017028391, 0.0, 3657.6539306640625, 6.58347595404106, 123845, 0, 0
WIN , 6221.194075012204, -4060.666426086426, 21.92765655517578, 7.624012346828681, 153.39499, 816, 145, 9, 6510.0239473306065, 0.0, 4074.7622016006453, 7.977970523689469, 124142, 0, 0
WIN , 6576.5299987792805, -4061.860501098633, 23.095391845703126, 8.959850134576676, 188.095, 734, 151, 14, 5370.0381959676115, 0.0, 4079.1704751714933, 7.316128332380942, 124373, 0, 0
WIN , 7148.109500122056, -4057.790501403809, 23.15478515625, 6.866579731145106, 207.0, 1041, 130, 25, 10086.531732879726, 0.0, 4076.965895076407, 9.689271597386865, 124762, 0, 0
WIN , 7269.999999999985, -4055.900001525879, 25.5947265625, 7.9280261723009655, 207.0, 917, 138, 31, 6445.1519040764115, 0.0, 4072.308941593264, 7.028518979363589, 125177, 0, 0
WIN , 7319.9999999999845, -4055.2999992370605, 21.771240234375, 8.433179723502287, 207.0, 868, 142, 25, 6220.920707686893, 0.0, 4071.7338121414186, 7.166959340653103, 125523, 0, 0
WIN , 6505.579573059079, -4055.900001525879, 21.95890655517578, 7.512216597065911, 151.20427, 866, 142, 16, 7264.166949533365, 0.0, 4073.1687877943364, 8.388183544495803, 125891, 0, 0
LOSS, 2464.020861816396, -4061.479574584961, 21.525587463378905, 0.821340287272132, 214.40874, 3000, 0, 11, 7721.678726620019, 0.0, 4078.7584453317772, 2.5738929088733395, 126236, 0, 0
WIN , 6954.3791397094665, -3665.500436401367, 21.60636749267578, 8.961828788285395, 167.20425, 776, 148, 21, 5769.50918268579, 0.0, 3655.262990955434, 7.434934513770347, 126576, 0, 0
WIN , 7492.820968627912, -4059.87957611084, 24.424461364746094, 8.082870516319215, 138.99457, 927, 138, 29, 6894.49652389773, 0.0, 4075.807683063046, 7.437428828368641, 127028, 0, 0
WIN , 6858.599456787106, -4062.1005424499513, 24.534286499023438, 8.384595912942672, 153.0, 818, 145, 23, 6618.422837594915, 0.0, 4078.9022149957705, 8.090981464052463, 127403, 0, 0
LOSS, 5417.304980468748, -4061.300001525879, 20.819560241699218, 6.336029216922512, 191.0, 855, 143, 13, 7078.715615235952, 0.0, 4078.818725550686, 8.27919954998357, 127780, 0, 0
WIN , 7752.908209228505, -3208.604981994629, 21.44279327392578, 9.813807859782917, 150.8681, 790, 147, 26, 4387.699174830628, 0.0, 3226.8486121355777, 5.5540495883932, 128089, 0, 0
WIN , 7827.548794555649, -4061.5131912231445, 20.89616241455078, 6.650423784669201, 175.38016, 1177, 121, 29, 9102.755514963306, 0.0, 4078.6995185032683, 7.733861949841382, 128695, 0, 0
WIN , 6668.399999999988, -4059.061985778809, 21.589674377441405, 7.948033373063156, 191.38016, 839, 144, 15, 2291.9389430271403, 0.0, 78.56781282182149, 2.731750826015662, 129071, 0, 0
LOSS, -11768.70771026624, -4057.4619857788084, 20.26505889892578, -3.922902570088747, 234.45702, 3000, 0, 4, 3844.998568323963, 0.0, 1801.026572418213, 1.281666189441321, 129155, 0, 0
WIN , 10915.54572601316, -608.7542755126954, 23.43424835205078, 12.389949745758411, 223.0, 881, 141, 24, 2950.8837230169675, 0.0, 595.7207850223803, 3.3494707412224374, 129534, 0, 0
WIN , 6984.58563537597, -4054.300001525879, 21.299174499511718, 8.217159571030553, 177.14365, 850, 143, 18, 1572.5160783487079, 0.0, 25.937854416104827, 1.8500189157043623, 129841, 0, 0
WIN , 7230.964108276361, -4058.8856369018554, 23.462646484375, 7.92000449975505, 167.50256, 913, 139, 19, 704048.015452646, 0.0, 697882.738630019, 771.1369282066221, 130133, 0, 0
LOSS, -2255.6494934082043, -4059.8497451782227, 20.81895294189453, -21.688937436617348, 151.58539, 104, 193, 2, 4326.690037192835, 0.0, 4076.59049822782, 41.60278881916187, 130164, 0, 0
WIN , 9613.299749755846, -783.6002494812012, 21.05631866455078, 12.783643284249795, 191.0, 752, 149, 17, 2625.822641869924, 0.0, 799.5808759971885, 3.4917854280185163, 130484, 0, 0
WIN , 7135.496424865777, -4056.8999992370605, 25.910563659667968, 2.927983760716363, 136.03575, 2437, 37, 26, 6999.3798246576625, 0.0, 1800.8085166931153, 2.872129595674051, 130959, 0, 0
WIN , 6211.303575134273, -4062.3964241027834, 24.417164611816407, 7.983680687833256, 223.0, 778, 148, 13, 2541557.8993817177, 0.0, 2535733.2511590696, 3266.7839323672465, 131302, 0, 0
WIN , 6115.54146118164, -4053.6999992370606, 22.00846710205078, 8.208780484807571, 167.58539, 745, 150, 14, 1903.828131106034, 0.0, 146.9710951361601, 2.5554740014846096, 131603, 0, 0
LOSS, 2893.2585388183597, -4059.241460418701, 21.61173858642578, 2.3295157317378097, 185.0, 1242, 117, 12, 3533.5350387028975, 0.0, 75.41270392790086, 2.8450362630458113, 131934, 0, 0
WIN , 7197.549999999989, -3013.7, 24.61096649169922, 8.91889714993803, 159.5, 807, 146, 19, 5715.518214418926, 0.0, 3024.6499999999996, 7.0824265358351, 132333, 0, 0
LOSS, -499.6736320495614, -4060.0499992370605, 21.348600769042967, -2.390782928466801, 111.49999, 209, 186, 3, 153.29607024514775, 0.0, 32.95511910796238, 0.7334740203117117, 132424, 0, 0
WIN , 9324.923632049527, -1490.3763671875, 20.36991729736328, 11.07473115445312, 207.0, 842, 143, 17, 4708.508230874976, 0.0, 1505.017964063969, 5.592052530730375, 132764, 0, 0
LOSS, 2039.2303222656265, -4055.2999992370605, 20.84532012939453, 4.677133766664281, 153.0, 436, 170, 5, 117876.71818682924, 0.0, 116823.63464844428, 270.3594453826359, 132920, 0, 0
WIN , 8752.369677734348, -2234.5303215026856, 22.387451171875, 9.714061795487623, 191.0, 901, 139, 20, 4640.062088568261, 0.0, 2253.4522453308105, 5.149902429043575, 133282, 0, 0
WIN , 6269.999999999993, -4058.1, 23.051025390625, 7.827715355805235, 191.0, 801, 146, 12, 6330.971712756119, 0.0, 4074.741812044809, 7.903834847385916, 133572, 0, 0
LOSS, 5923.856933593743, -4056.8999992370605, 21.357402038574218, 7.693320692978887, 191.0, 770, 148, 20, 1755.2156268693327, 0.0, 107.35285563218073, 2.2795008141160165, 133887, 0, 0
WIN , 6754.254566192621, -3700.7569328308105, 21.43577423095703, 9.066113511667947, 109.885, 745, 150, 13, 2650709.8346658824, 0.0, 2645450.875253561, 3557.99977807501, 134177, 0, 0
WIN , 6032.970137786859, -4065.0114990234374, 21.89371337890625, 8.379125191370637, 180.18362, 720, 152, 11, 265794.0944376607, 0.0, 259813.75716052487, 369.158464496751, 134464, 0, 0
LOSS, 6155.424241638173, -4057.981636810303, 21.44560089111328, 7.5712475296902495, 193.7, 813, 145, 16, 2206.7642950810596, 0.0, 271.0194976455035, 2.7143472264219675, 134770, 0, 0
LOSS, -10854.5012313844, -3823.4058784484864, 20.358045959472655, -3.6181670771281333, 226.95328, 3000, 0, 6, 4572378.2008518735, 0.0, 1116403.2583121145, 1524.1260669506246, 134927, 0, 0
WIN , 9456.622634887688, -608.904647064209, 23.066162109375, 14.306539538408, 204.72717, 661, 155, 8, 1704099.071544678, 0.0, 902109.145259025, 2578.062135468499, 135194, 0, 0
