LOSS, 25531.805908203125, -33.373451232910156, 51.65283203125, 6.819392603686732, 3744, 191.0, 150, 25, 10305.902953147888, 6.453166484832764, 26.825164794921875, 2.7526450195373635
WIN , 28022.0, -44.999755859375, 88.624267578125, 7.235218177123676, 3873, 191.0, 141, 33, 55152.48306846619, 10.392970085144043, 50.26856231689453, 14.240248662139475
LOSS, 15050.261474609375, -42.999755859375, 59.76066970825195, 15.341754816115571, 981, 223.0, 334, 18, 25224.466806411743, 21.389989852905273, 68.96916961669922, 25.713014073814215
LOSS, 11775.000244140625, -20.662147521972656, 57.473365783691406, 25.993378022385485, 453, 223.0, 369, 14, 14710.342012405396, 28.5384521484375, 71.42052459716797, 32.47316117528785
WIN , 27785.33000946045, -22.184890747070312, 88.98136138916016, 26.487445194909867, 1049, 144.33998107910156, 330, 33, 41237.086475372314, 34.51933288574219, 88.56905364990234, 39.31085459997361
LOSS, 24140.111572265625, -20.20429229736328, 59.208984375, 27.779184778211306, 869, 191.0, 342, 16, 35809.19765472412, 33.15087890625, 87.90391540527344, 41.207362088290125
LOSS, 14535.079383850098, -22.096923828125, 63.396827697753906, 26.768101996040695, 543, 200.2928924560547, 363, 17, 21500.046354293823, 27.473093032836914, 88.16216278076172, 39.594928829270394
LOSS, 22224.76318359375, -18.77500343322754, 63.092262268066406, 30.57051331993638, 727, 175.0, 351, 14, 35696.89251327515, 36.45905303955078, 106.47798919677734, 49.101640320873656
WIN , 27554.0, -19.56970977783203, 62.1044921875, 27.74823766364552, 993, 207.0, 333, 19, 63747.49459075928, 46.5186767578125, 118.97285461425781, 64.19687269965688
LOSS, 14904.60693359375, -19.48956298828125, 61.03324890136719, 27.652331973272265, 539, 175.0, 364, 11, 39210.94500732422, 51.59696960449219, 115.74695587158203, 72.74757886331024
LOSS, 16318.2431640625, -29.150856018066406, 67.4937973022461, 30.218968822337963, 540, 207.0, 363, 11, 35521.115215301514, 50.51028060913086, 112.82379150390625, 65.7798429912991
WIN , 18436.415000915527, -42.97679138183594, 76.68238067626953, 9.572385774099443, 1926, 142.1699981689453, 271, 24, 138146.01453781128, 51.10753631591797, 146.21316528320312, 71.7269026676071
LOSS, 12738.648681640625, -19.156455993652344, 64.8674545288086, 33.26017932543244, 383, 175.0, 374, 8, 35561.6125869751, 86.2795181274414, 145.35763549804688, 92.85016341246762
LOSS, 20659.0, -18.24425506591797, 70.2684555053711, 32.07919254658385, 644, 207.0, 357, 9, 60180.32635498047, 54.29954528808594, 144.15884399414062, 93.44771173133613
LOSS, 10868.298828125, -30.000244140625, 58.44482421875, 19.100700928163445, 569, 191.0, 362, 9, 50949.51681518555, 66.79730987548828, 139.03179931640625, 89.54220881403435
LOSS, 7498.0001220703125, -16.612945556640625, 61.90253448486328, 23.358255831994743, 321, 223.0, 378, 4, 28129.97230529785, 66.29621887207031, 138.61947631835938, 87.6323124775634
LOSS, 10877.733154296875, -40.00006103515625, 67.4596176147461, 20.48537317193385, 531, 175.0, 364, 9, 48984.10890197754, 66.37892150878906, 151.81378173828125, 92.24879265909141
LOSS, 4453.557434082031, -15.300285339355469, 60.0482177734375, 21.106907270530954, 211, 175.0, 385, 3, 20405.80199432373, 87.04016876220703, 140.29534912109375, 96.7099620584063
LOSS, 8274.75, -16.48968505859375, 67.36959075927734, 36.13427947598253, 229, 223.0, 384, 6, 20462.498626708984, 75.76897430419922, 148.29281616210938, 89.35588919960256
LOSS, 4692.867004394531, -17.768142700195312, 61.41900634765625, 16.76023930140904, 280, 191.0, 381, 3, 26405.19305419922, 71.78948211669922, 148.38414001464844, 94.30426090785436
LOSS, 13711.051025390625, -15.999755859375, 63.423683166503906, 30.20055291936261, 454, 175.0, 369, 7, 41914.30001068115, 85.1590347290039, 150.14910888671875, 92.322246719562
LOSS, 5884.453369140625, -18.14130401611328, 90.9798355102539, 2.812836218518463, 2092, 223.0, 260, 13, 226699.95332336426, 60.25965881347656, 176.89373779296875, 108.36517845285098
LOSS, 23260.52490234375, -19.227294921875, 70.4717025756836, 29.369349624171402, 792, 175.0, 347, 14, 90784.62097930908, 85.18740844726562, 165.0007781982422, 114.62704669104681
LOSS, 3133.6431884765625, -20.002357482910156, 47.31464385986328, 15.826480749881629, 198, 175.0, 386, 1, 21358.618530273438, 68.66224670410156, 156.04806518554688, 107.87181075895676
LOSS, 8689.13330078125, -13.493606567382812, 62.719032287597656, 31.368712277188628, 277, 175.0, 381, 6, 32451.332626342773, 97.64854431152344, 164.2097625732422, 117.15282536585839
WIN , 23345.40818786621, -18.463523864746094, 72.78400421142578, 19.784244227005264, 1180, 164.18362426757812, 321, 19, 139280.24241638184, 64.6675796508789, 182.00648498535156, 118.03410374269647
LOSS, 12451.0, -17.662879943847656, 66.25785064697266, 22.638181818181817, 550, 223.0, 363, 10, 71865.67545318604, 82.5271987915039, 184.05467224121094, 130.66486446033824
LOSS, 16593.949996948242, -20.87433624267578, 69.0477523803711, 16.727772174342984, 992, 177.10000610351562, 333, 17, 128970.28359985352, 79.13906860351562, 184.42588806152344, 130.0103665321104
LOSS, 13301.0, -28.43994140625, 66.23494720458984, 21.01263823064771, 633, 223.0, 357, 13, 79766.43939971924, 74.1595458984375, 183.423583984375, 126.0133323850225
LOSS, 9724.501220703125, -15.999984741210938, 71.4171371459961, 37.116416872912694, 262, 191.0, 382, 6, 35937.995193481445, 100.28923797607422, 181.0454559326172, 137.16792058580705
LOSS, 4536.911376953125, -18.46306610107422, 57.85003662109375, 12.816133833200919, 354, 207.0, 376, 1, 48500.60472869873, 94.22573852539062, 181.5899200439453, 137.0073579906744
LOSS, 9341.0, -15.999755859375, 69.8686752319336, 22.61743341404358, 413, 223.0, 372, 7, 53366.96475982666, 78.96328735351562, 177.4188232421875, 129.21783234824858
LOSS, 8152.701171875, -19.72021484375, 64.3266830444336, 11.168083797089041, 730, 207.0, 351, 8, 103804.64978027344, 102.28376770019531, 202.56692504882812, 142.19815038393622
LOSS, 4381.0, -19.275314331054688, 63.07744598388672, 15.264808362369338, 287, 223.0, 380, 4, 40573.52882385254, 104.23094940185547, 195.40127563476562, 141.37118057091476
LOSS, 9101.0, -19.439720153808594, 62.450157165527344, 19.16, 475, 223.0, 368, 10, 69613.76747131348, 88.08878326416016, 197.37588500976562, 146.55529993960732
LOSS, 7020.472679138184, -18.87189483642578, 64.7472152709961, 16.479982814878365, 426, 201.8000030517578, 371, 7, 59033.39540863037, 85.75089263916016, 191.1181640625, 138.5760455601652
LOSS, 9115.361328125, -32.99993896484375, 62.891845703125, 12.76661250437675, 714, 175.0, 352, 8, 109614.50482940674, 73.04104614257812, 191.0588836669922, 153.52171544734838
LOSS, 21088.22607421875, -26.53656005859375, 66.98651885986328, 15.370427167797923, 1372, 207.0, 308, 14, 193248.98920440674, 96.71231079101562, 183.35870361328125, 140.85203294781832
LOSS, 15185.0, -21.121994018554688, 70.8623275756836, 28.923809523809524, 525, 175.0, 364, 11, 74330.14395141602, 88.8995361328125, 194.930908203125, 141.58122657412574
LOSS, 4131.7808837890625, -29.78668212890625, 59.69657897949219, 20.658904418945312, 200, 191.0, 386, 2, 32603.182174682617, 134.29701232910156, 194.6029510498047, 163.01591087341308
LOSS, 9863.578979492188, -16.046707153320312, 65.3102798461914, 19.687782394195985, 501, 191.0, 366, 4, 84174.87568664551, 137.80908203125, 201.59603881835938, 168.01372392544013
LOSS, 3481.0, -33.53660583496094, 71.22212982177734, 12.387900355871887, 281, 223.0, 381, 2, 41380.12830352783, 103.47621154785156, 196.23941040039062, 147.26024307305278
LOSS, 7040.103736877441, -18.204200744628906, 70.39327239990234, 23.006874957115823, 306, 185.0610809326172, 379, 6, 46475.1558303833, 101.55803680419922, 192.25286865234375, 151.8795942169389
LOSS, 7191.0, -16.17242431640625, 69.80155181884766, 49.9375, 144, 223.0, 390, 2, 24205.04428100586, 122.26214599609375, 196.94610595703125, 168.0905852847629
LOSS, 1785.7438049316406, -16.48967742919922, 58.488136291503906, 14.518242316517403, 123, 223.0, 391, 1, 20469.98648071289, 157.416015625, 195.3111572265625, 166.42265431473893
LOSS, 17671.0, -18.33984375, 68.5991439819336, 18.640295358649787, 948, 223.0, 336, 17, 158079.38818359375, 104.81236267089844, 196.57843017578125, 166.75040947636472
LOSS, 12919.176513671875, -18.462913513183594, 66.3268051147461, 16.821844418843586, 768, 191.0, 348, 13, 126640.46406555176, 87.26638793945312, 206.51516723632812, 164.89643758535385
LOSS, 16334.300003051758, -16.48967742919922, 66.3475570678711, 21.02226512619274, 777, 196.39999389648438, 348, 10, 128248.3536605835, 111.09684753417969, 212.98789978027344, 165.05579621696717
LOSS, 9468.116943359375, -17.176513671875, 67.3177261352539, 18.898437012693364, 501, 191.0, 366, 6, 90824.01712036133, 150.62413024902344, 214.9528350830078, 181.28546331409447
LOSS, 14449.0, -17.983718872070312, 67.9341812133789, 18.69210866752911, 773, 207.0, 348, 13, 136954.97323608398, 145.48989868164062, 208.8461151123047, 177.1733159587115
LOSS, 4489.0, -16.00006103515625, 69.18401336669922, 9.332640332640333, 481, 207.0, 367, 2, 85624.35733032227, 123.65823364257812, 204.10687255859375, 178.01321690295688
LOSS, 9812.923461914062, -16.00006103515625, 65.59606170654297, 21.662082697382036, 453, 191.0, 369, 7, 78723.30433654785, 116.79010772705078, 205.71946716308594, 173.78212877825132
LOSS, 15252.279541015625, -16.773841857910156, 68.3940658569336, 16.435646057128906, 928, 191.0, 338, 9, 158362.89204406738, 116.46056365966797, 208.81849670410156, 170.64966815093467
LOSS, 4841.880676269531, -13.720458984375, 58.381614685058594, 21.23631875556812, 228, 191.0, 384, 1, 38298.474754333496, 126.93903350830078, 204.6244659423828, 167.97576646637498
LOSS, 15811.0, -17.632308959960938, 70.9618148803711, 13.421901528013583, 1178, 223.0, 321, 19, 203397.18612670898, 123.98751068115234, 217.22434997558594, 172.66314611774956
LOSS, 2631.0, -34.0, 68.8365707397461, 5.527310924369748, 476, 223.0, 368, 2, 74654.72964477539, 134.92750549316406, 222.6279754638672, 156.8376673209567
LOSS, 13013.166259765625, -18.360992431640625, 71.2846908569336, 19.27876482928241, 675, 207.0, 354, 10, 127762.30450439453, 133.353759765625, 214.71986389160156, 189.27748815465856
LOSS, 20779.777099609375, -39.456581115722656, 70.0707015991211, 16.070979968762085, 1293, 191.0, 313, 15, 234949.28561401367, 147.20249938964844, 216.6750030517578, 181.7086509002426
LOSS, 5333.201965332031, -13.304298400878906, 63.941650390625, 32.920999786000195, 162, 207.0, 389, 1, 27102.762939453125, 138.20559692382812, 215.3470001220703, 167.30100579909336
LOSS, 4591.791259765625, -16.48968505859375, 62.89093017578125, 17.39314871123343, 264, 191.0, 382, 2, 47366.075439453125, 150.47802734375, 207.9194793701172, 179.41695242217094
LOSS, 1741.80810546875, -16.00006103515625, 56.86683654785156, 4.906501705545774, 355, 223.0, 376, 1, 64259.88771057129, 151.27854919433594, 216.44761657714844, 181.01376819879238
LOSS, 8441.0, -16.156822204589844, 71.22212982177734, 22.15485564304462, 381, 223.0, 374, 7, 69407.5825805664, 147.81527709960938, 217.5216827392578, 182.17213275739215
LOSS, 4001.0, -33.34564208984375, 71.7516098022461, 27.217687074829932, 147, 223.0, 390, 3, 26807.696990966797, 146.3536376953125, 228.71328735351562, 182.36528565283535
LOSS, 4331.0, -17.115638732910156, 63.18793487548828, 28.873333333333335, 150, 223.0, 389, 2, 27403.370025634766, 140.68280029296875, 233.0740509033203, 182.68913350423176
LOSS, 8130.79345703125, -16.48968505859375, 70.5309066772461, 29.142628878248207, 279, 175.0, 381, 6, 52513.654235839844, 162.2208251953125, 226.90396118164062, 188.22098292415714
LOSS, 17415.232612609863, -40.4193115234375, 71.8889389038086, 21.7962861234166, 799, 187.15196228027344, 346, 18, 149350.35340881348, 130.715087890625, 225.0203399658203, 186.92159375320836
LOSS, 8099.0511474609375, -16.00006103515625, 67.6433334350586, 27.64181278996907, 293, 223.0, 380, 3, 56880.55661010742, 151.6326446533203, 222.50086975097656, 194.1315925259639
LOSS, 14056.744384765625, -18.462913513183594, 67.94454193115234, 11.832276418152883, 1188, 175.0, 320, 15, 224138.71592712402, 129.80166625976562, 224.88232421875, 188.66895280060945
LOSS, 8421.0, -19.922462463378906, 70.01668548583984, 14.105527638190955, 597, 223.0, 360, 12, 114489.72870635986, 121.35637664794922, 218.75428771972656, 191.77508996040177
LOSS, 9888.781616210938, -19.79766845703125, 66.2425765991211, 25.685147055093346, 385, 191.0, 374, 8, 75986.01806640625, 162.65200805664062, 222.19009399414062, 197.36628069196428
LOSS, 8662.403221130371, -14.662391662597656, 59.507057189941406, 18.74979052192721, 462, 201.8000030517578, 369, 5, 90903.94812011719, 147.87648010253906, 226.922607421875, 196.7617924677861
LOSS, 9385.419189453125, -16.63652801513672, 64.94451141357422, 16.350904511242376, 574, 191.0, 361, 7, 116107.34457397461, 150.48634338378906, 226.096923828125, 202.2776037874122
LOSS, 2260.2546997070312, -16.00006103515625, 60.229949951171875, 4.000450795941648, 565, 191.0, 362, 2, 107325.42036437988, 166.4459228515625, 227.991455078125, 189.9564962201414
WIN , 24442.0, -15.999984741210938, 89.17724609375, 25.809926082365365, 947, 191.0, 336, 18, 189084.40097045898, 137.58766174316406, 225.20352172851562, 199.66673808918583
WIN , 22818.65000152588, -33.000244140625, 83.7789077758789, 14.068218250015954, 1622, 177.6999969482422, 291, 22, 313706.9503097534, 124.65816497802734, 232.50537109375, 193.40749094312787
LOSS, 10055.078979492188, -43.13868713378906, 69.4127426147461, 11.857404456948334, 848, 223.0, 343, 8, 160775.87548828125, 142.5522003173828, 237.94094848632812, 189.5941927927845
LOSS, 15585.000244140625, -26.623886108398438, 67.23516082763672, 18.913835247743478, 824, 223.0, 345, 12, 168548.5347290039, 161.8079833984375, 231.07762145996094, 204.5491926322863
LOSS, 8985.317749023438, -25.2093505859375, 64.81511688232422, 11.161885402513587, 805, 207.0, 346, 5, 162694.45581054688, 167.24960327148438, 232.2351837158203, 202.1049140503688
LOSS, 5823.206848144531, -15.141426086425781, 63.50433349609375, 25.99645914350237, 224, 207.0, 385, 4, 44431.094665527344, 163.5829315185547, 229.7517852783203, 198.35310118538993
LOSS, 5380.9154052734375, -13.279052734375, 61.32293701171875, 27.736677346770296, 194, 191.0, 387, 1, 37808.01171875, 168.02613830566406, 225.84165954589844, 194.88665834407217
LOSS, 4702.473205566406, -16.48968505859375, 60.80657958984375, 13.995455968947638, 336, 207.0, 377, 2, 65000.62467956543, 176.96743774414062, 226.73788452148438, 193.45424011775427
LOSS, 11176.704345703125, -25.20965576171875, 70.0548324584961, 15.310553898223459, 730, 223.0, 351, 11, 147219.54566955566, 164.38552856445312, 238.72122192382812, 201.67061050624065
LOSS, 10292.701171875, -17.215042114257812, 70.4918441772461, 21.26591151213843, 484, 207.0, 367, 8, 99882.84274291992, 188.0528564453125, 239.18374633789062, 206.36950979942134
LOSS, 7201.0, -10.0, 70.63542938232422, 51.0709219858156, 141, 223.0, 390, 5, 29377.692138671875, 179.88072204589844, 235.9744110107422, 208.35242651540338
LOSS, 11581.0, -16.00006103515625, 71.7571029663086, 16.906569343065694, 685, 223.0, 354, 8, 145036.1919555664, 201.4785919189453, 239.8553466796875, 211.7316670884181
LOSS, 15877.80419921875, -18.870094299316406, 71.97042083740234, 22.81293706784303, 696, 223.0, 353, 14, 147797.88049316406, 173.1481170654297, 240.76502990722656, 212.35327657063803
LOSS, 7513.843193054199, -21.12274169921875, 70.77994537353516, 31.177772585287133, 241, 178.53675842285156, 383, 2, 52268.91207885742, 201.4502410888672, 246.17408752441406, 216.88345260936688
LOSS, 8313.999877929688, -16.00006103515625, 63.3795166015625, 14.63732372874945, 568, 223.0, 362, 8, 122051.89552307129, 173.91543579101562, 244.95135498046875, 214.88009775188607
LOSS, 11565.47021484375, -17.46379852294922, 71.84896087646484, 19.536267254803633, 592, 223.0, 360, 10, 126551.82263183594, 181.77401733398438, 247.89483642578125, 213.76997066188503
LOSS, 10855.0, -18.462913513183594, 71.9988021850586, 13.810432569974555, 786, 175.0, 347, 10, 177777.19479370117, 196.58001708984375, 251.671142578125, 226.17963714211345
LOSS, 4755.30859375, -15.999984741210938, 64.14337158203125, 13.547887731481481, 351, 207.0, 376, 1, 77658.62020874023, 200.01150512695312, 250.4607696533203, 221.24963022433116
LOSS, 18787.783447265625, -20.1611328125, 71.22212982177734, 23.5731285411112, 797, 223.0, 346, 10, 180354.57382202148, 194.59286499023438, 255.1077423095703, 226.2918115709178
LOSS, 10568.300003051758, -15.98406982421875, 68.9244613647461, 12.732891569941877, 830, 148.39999389648438, 344, 11, 186220.18338012695, 193.37855529785156, 262.0663757324219, 224.36166672304452
LOSS, 1661.0, -16.00006103515625, 54.62537384033203, 9.384180790960452, 177, 223.0, 388, 1, 37509.2364654541, 207.44900512695312, 249.88238525390625, 211.91659020030565
LOSS, 10284.9013671875, -30.322265625, 68.52750396728516, 15.489309287932983, 664, 223.0, 355, 10, 150085.9944152832, 189.39247131347656, 251.7550506591797, 226.0331241194024
LOSS, 11619.0, -45.4351806640625, 68.88387298583984, 15.70135135135135, 740, 207.0, 350, 8, 160498.44400024414, 156.67933654785156, 255.3279571533203, 216.88978918951912
LOSS, 10615.635375976562, -21.3397216796875, 61.1480712890625, 19.87946699621079, 534, 175.0, 364, 6, 125819.58622741699, 190.7642364501953, 257.7691650390625, 235.61720267306552
LOSS, 8805.000244140625, -36.728515625, 62.756568908691406, 14.529703373169347, 606, 223.0, 359, 8, 137075.57194519043, 159.47311401367188, 260.4676513671875, 226.1973134409083
LOSS, 12131.05859375, -40.4193115234375, 65.4497299194336, 20.286051160117058, 598, 223.0, 360, 10, 135631.4862060547, 192.9176483154297, 259.3277282714844, 226.80850536129546
LOSS, 2401.0, -16.00006103515625, 61.21795654296875, 7.622222222222222, 315, 223.0, 378, 1, 73004.9107208252, 205.1469268798828, 256.3801574707031, 231.761621335953
LOSS, 3071.0, -13.000030517578125, 61.5838623046875, 16.335106382978722, 188, 223.0, 387, 1, 43028.5022277832, 179.06961059570312, 253.20562744140625, 228.87501184991066
LOSS, 13309.702392578125, -17.283912658691406, 63.672706604003906, 21.855012138880337, 609, 223.0, 359, 12, 142246.0478668213, 186.0834503173828, 257.5394592285156, 233.5731492066031
LOSS, 6533.3760986328125, -45.6549072265625, 69.1838607788086, 10.798968758070764, 605, 223.0, 359, 8, 130843.68681335449, 175.13392639160156, 254.88021850585938, 216.2705567162884
LOSS, 4805.128356933594, -47.5372314453125, 63.72344970703125, 31.40606769237643, 153, 191.0, 389, 2, 35258.69209289551, 201.37380981445312, 268.5199890136719, 230.44896792742162
LOSS, 7729.9998779296875, -19.16912841796875, 71.5276107788086, 23.71165606726898, 326, 191.0, 378, 5, 75994.95393371582, 221.1114044189453, 262.2973327636719, 233.11335562489515
LOSS, 12891.0, -16.084640502929688, 59.89252853393555, 20.725080385852092, 622, 223.0, 358, 12, 148969.34367370605, 206.73159790039062, 265.2698669433594, 239.50055253007403
LOSS, 13899.142333984375, -18.14130401611328, 64.52948760986328, 23.28164545056009, 597, 191.0, 360, 15, 141454.42317199707, 181.85350036621094, 268.474365234375, 236.94208236515422
LOSS, 12666.035400390625, -18.094337463378906, 71.61199188232422, 21.467856610831568, 590, 223.0, 360, 11, 139262.0048675537, 195.5004119873047, 265.9806213378906, 236.03729638568424
LOSS, 9833.494506835938, -17.35771942138672, 71.14522552490234, 16.471515086827367, 597, 223.0, 360, 8, 142949.3095855713, 181.52069091796875, 270.7402648925781, 239.4460797078246
LOSS, 8907.41259765625, -18.897872924804688, 62.3193359375, 14.206399677282695, 627, 191.0, 358, 8, 148103.78494262695, 202.05825805664062, 263.8049011230469, 236.21018332157408
LOSS, 13198.452499389648, -14.662391662597656, 71.6899642944336, 37.17873943490042, 355, 188.09500122070312, 376, 13, 83017.48419189453, 182.81124877929688, 271.0460510253906, 233.85206814618178
WIN , 23794.0, -19.247482299804688, 70.48360443115234, 21.849403122130393, 1089, 207.0, 327, 16, 249054.75401306152, 184.85250854492188, 269.86962890625, 228.70041690822913
LOSS, 15211.0, -33.000244140625, 69.50971221923828, 12.912563667232597, 1178, 223.0, 321, 12, 281581.5434265137, 200.43411254882812, 268.25396728515625, 239.0335682737807
LOSS, 9304.4716796875, -15.999755859375, 68.40673065185547, 32.64726905153509, 285, 223.0, 380, 6, 69022.92314147949, 181.8036346435547, 266.1505126953125, 242.18569523326138
LOSS, 8462.254272460938, -18.14130401611328, 70.05765533447266, 20.48971978804101, 413, 223.0, 372, 6, 100324.77320861816, 236.4397430419922, 267.39801025390625, 242.91712641311904
LOSS, 13781.578125, -37.43743896484375, 70.4540023803711, 8.744656170685278, 1576, 207.0, 294, 19, 370283.6755065918, 169.64663696289062, 271.8807678222656, 234.95157075291357
LOSS, 10097.08251953125, -17.662269592285156, 68.2896957397461, 22.947914817116477, 440, 175.0, 370, 7, 105932.35838317871, 187.2365264892578, 278.5894775390625, 240.75535996176978
LOSS, 6601.23681640625, -17.64508056640625, 62.940216064453125, 42.04609437201433, 157, 223.0, 389, 4, 37584.32286071777, 219.32273864746094, 274.3193359375, 239.39059146953997
LOSS, 12870.287353515625, -16.1715087890625, 65.6667251586914, 29.05256738942579, 443, 191.0, 370, 6, 104769.62799072266, 180.9945831298828, 275.45880126953125, 236.50028891810985
LOSS, 4427.861511230469, -18.63581085205078, 62.81494140625, 13.217497048449161, 335, 191.0, 377, 1, 78602.43557739258, 187.11842346191406, 267.7403869628906, 234.63413605191815
LOSS, 12582.159423828125, -15.591896057128906, 69.6922836303711, 28.66095540735336, 439, 175.0, 370, 8, 108784.79696655273, 190.60458374023438, 275.0170593261719, 247.80135983269415
LOSS, 3904.9999389648438, -19.065750122070312, 70.56661224365234, 8.601321451464413, 454, 223.0, 369, 3, 88107.77920532227, 137.6790771484375, 274.0480041503906, 194.06999824960852
WIN , 24522.0, -33.000244140625, 81.10595703125, 26.115015974440894, 939, 191.0, 337, 20, 228411.97996520996, 145.24546813964844, 277.387939453125, 243.25024490437696
LOSS, 13846.061767578125, -16.504074096679688, 71.4458236694336, 37.62516784667969, 368, 207.0, 375, 9, 88657.6837310791, 143.14199829101562, 279.59613037109375, 240.9176188344541
LOSS, 3744.2285766601562, -14.662391662597656, 60.34454345703125, 30.944037823637654, 121, 207.0, 391, 1, 28768.148361206055, 215.58653259277344, 271.9618225097656, 237.75329224137235
LOSS, 9866.7431640625, -16.141563415527344, 62.289039611816406, 24.124066415800733, 409, 175.0, 372, 9, 99514.41610717773, 222.5257568359375, 279.08953857421875, 243.31153082439545
LOSS, 7619.564865112305, -10.0, 63.799644470214844, 47.034351019211755, 162, 177.15567016601562, 389, 8, 40050.78367614746, 227.3663787841797, 279.82757568359375, 247.22705972930532
LOSS, 5485.571960449219, -13.876869201660156, 70.05765533447266, 31.526275634765625, 174, 207.0, 388, 5, 42587.57978820801, 234.23593139648438, 280.0191650390625, 244.75620567935636
LOSS, 19389.184814453125, -43.07373046875, 69.7997055053711, 13.207891562978968, 1468, 223.0, 302, 20, 355782.3851470947, 177.74749755859375, 287.93365478515625, 242.35857298848416
LOSS, 8044.092041015625, -13.753593444824219, 60.99456024169922, 29.90368788481645, 269, 223.0, 382, 4, 67390.99668884277, 175.36477661132812, 293.62689208984375, 250.52415125963856
LOSS, 8912.93025970459, -16.123519897460938, 62.742530822753906, 17.074579041579675, 522, 160.7849884033203, 365, 8, 129097.95429992676, 173.64695739746094, 294.1710510253906, 247.3140886971777
LOSS, 4889.0, -28.76861572265625, 59.82188415527344, 20.98283261802575, 233, 207.0, 384, 2, 60139.85948181152, 240.36865234375, 291.4424743652344, 258.1109849004786
LOSS, 11815.802505493164, -16.00006103515625, 66.8041000366211, 19.725880643561208, 599, 153.39498901367188, 360, 9, 149446.7198486328, 218.85940551757812, 286.88494873046875, 249.49368922977098
LOSS, 6503.9998779296875, -18.20404815673828, 62.45361328125, 18.424928832662005, 353, 223.0, 376, 4, 85988.58738708496, 180.07887268066406, 285.4635009765625, 243.59373197474494
LOSS, 13595.166259765625, -19.140060424804688, 63.729835510253906, 16.439136952558194, 827, 223.0, 344, 11, 190679.91300964355, 136.2954864501953, 291.8206787109375, 230.56821403826305
LOSS, 6912.456298828125, -15.173095703125, 64.14969635009766, 20.15293381582544, 343, 223.0, 377, 4, 76661.75350952148, 159.26043701171875, 291.4052429199219, 223.50365454670987
LOSS, 8831.0, -54.61327362060547, 66.8355484008789, 11.869623655913978, 744, 223.0, 350, 10, 180140.57749938965, 146.2271270751953, 291.14569091796875, 242.12443212283554
LOSS, 20525.817626953125, -18.27733612060547, 71.1082992553711, 16.769458845549938, 1224, 207.0, 318, 17, 297929.12002563477, 169.10934448242188, 292.9327392578125, 243.4061438117931
WIN , 23206.0, -18.870094299316406, 70.6517562866211, 26.221468926553673, 885, 223.0, 340, 14, 212024.20184326172, 160.3568572998047, 288.1068115234375, 239.57536931442002
LOSS, 5582.110168457031, -13.000030517578125, 63.2354736328125, 29.53497443628059, 189, 191.0, 387, 1, 49008.81883239746, 166.27993774414062, 283.1151428222656, 259.3059197481347
LOSS, 5518.4696044921875, -21.34002685546875, 62.742530822753906, 9.698540605434424, 569, 207.0, 362, 4, 145397.51690673828, 204.7690887451172, 300.51763916015625, 255.53166415946973
LOSS, 10951.0, -18.0462646484375, 71.2419662475586, 19.01215277777778, 576, 223.0, 361, 12, 135992.6770324707, 150.88536071777344, 295.3233642578125, 236.0983976258172
LOSS, 1324.0000305175781, -19.3636474609375, 48.49781036376953, 11.126050676618304, 119, 223.0, 392, 1, 22882.667205810547, 148.49241638183594, 287.09954833984375, 192.2913210572315
LOSS, 10113.999877929688, -32.83905029296875, 64.444580078125, 23.412036754466868, 432, 223.0, 371, 6, 99606.93208312988, 153.98129272460938, 295.567626953125, 230.57160204428214
LOSS, 8787.319946289062, -14.941291809082031, 63.48114013671875, 37.71381951197023, 233, 175.0, 384, 5, 60380.22039794922, 215.35821533203125, 292.3170166015625, 259.1425768152327
LOSS, 10953.999877929688, -17.01622772216797, 62.449851989746094, 19.989050872134467, 548, 223.0, 363, 10, 144232.90565490723, 163.35995483398438, 297.1327209472656, 263.198732946911
LOSS, 1748.5749435424805, -13.000030517578125, 59.54686737060547, 19.646909478005398, 89, 201.8000030517578, 394, 1, 22798.40151977539, 257.39202880859375, 289.28448486328125, 256.161814828937
LOSS, 10701.0, -37.04993438720703, 71.6295394897461, 18.355060034305318, 583, 223.0, 361, 8, 154960.39239501953, 224.7963409423828, 297.0002136230469, 265.79827168957036
LOSS, 17260.050048828125, -41.983642578125, 72.11385345458984, 25.57044451678241, 675, 175.0, 354, 15, 176545.63304138184, 153.64389038085938, 296.8194885253906, 261.54908598723233
LOSS, 9699.273559570312, -18.514137268066406, 72.0146713256836, 32.76781607962943, 296, 191.0, 380, 9, 79046.43434143066, 224.78384399414062, 291.0110778808594, 267.0487646669955
LOSS, 4130.272155761719, -25.043487548828125, 65.35100555419922, 17.802897223110858, 232, 223.0, 384, 2, 61396.58920288086, 216.95802307128906, 293.1455078125, 264.64047070207266
LOSS, 19630.822998046875, -12.9998779296875, 71.2218246459961, 31.560808678531952, 622, 223.0, 358, 13, 165307.63246154785, 211.5418701171875, 293.1022033691406, 265.7678978481477
LOSS, 15981.0, -39.978431701660156, 71.6161117553711, 16.357215967246674, 977, 223.0, 334, 18, 258568.13804626465, 234.6406707763672, 294.649169921875, 264.65520782626885
LOSS, 7903.4945068359375, -25.763916015625, 71.1644515991211, 17.40857820888973, 454, 223.0, 369, 6, 113673.15106201172, 176.61500549316406, 288.4736633300781, 250.3813900044311
LOSS, 12123.918701171875, -34.0869140625, 65.79154205322266, 16.4280741208291, 738, 223.0, 350, 12, 189658.21517944336, 152.52398681640625, 297.8414306640625, 256.9894514626604
LOSS, 7991.0, -17.46379852294922, 63.799644470214844, 20.918848167539267, 382, 223.0, 374, 8, 99347.98425292969, 143.63710021972656, 297.97979736328125, 260.0732572066222
LOSS, 5389.8111572265625, -16.13641357421875, 68.8497085571289, 13.679723749305996, 394, 207.0, 373, 5, 104532.68475341797, 190.48316955566406, 291.93157958984375, 265.31138262288823
LOSS, 3258.698486328125, -16.00006103515625, 60.23040771484375, 15.017043715797811, 217, 207.0, 385, 2, 58479.94038391113, 224.3408660888672, 299.363037109375, 269.49281282908356
LOSS, 6831.0, -37.100830078125, 63.156959533691406, 11.98421052631579, 570, 223.0, 361, 8, 138548.41535949707, 164.5994110107422, 294.8141174316406, 243.06739536753872
LOSS, 5622.023193359375, -16.48968505859375, 61.72119140625, 15.836685051716549, 355, 191.0, 376, 2, 81654.8139038086, 152.57818603515625, 294.2070617675781, 230.01356029241856
LOSS, 7773.742431640625, -16.00006103515625, 65.7601089477539, 30.726254670516305, 253, 207.0, 383, 4, 65099.587005615234, 236.76478576660156, 296.53436279296875, 257.3106205755543
LOSS, 14363.01123046875, -41.5118408203125, 71.5660629272461, 5.896145825315579, 2436, 207.0, 237, 18, 623578.3991699219, 148.05030822753906, 299.6181640625, 255.98456451967238
LOSS, 13028.569580078125, -30.322265625, 70.1164779663086, 25.79914768332302, 505, 223.0, 366, 11, 131293.20404052734, 155.836181640625, 303.7823486328125, 259.9865426545096
LOSS, 4091.7808837890625, -18.48370361328125, 63.65234375, 15.859615828639777, 258, 191.0, 382, 3, 57188.016998291016, 166.04229736328125, 295.0777282714844, 221.65898061353107
LOSS, 7123.6529541015625, -16.00296401977539, 65.6209487915039, 26.383899830005788, 270, 175.0, 381, 3, 72769.43243408203, 236.6011505126953, 299.65924072265625, 269.51641642252605
LOSS, 6021.0, -16.00006103515625, 69.5866928100586, 27.746543778801843, 217, 223.0, 385, 5, 58285.392654418945, 236.96627807617188, 297.3900146484375, 268.59627951345135
LOSS, 7945.3682861328125, -33.480224609375, 68.14717864990234, 22.831518063600036, 348, 223.0, 376, 10, 91496.07931518555, 178.86502075195312, 298.17138671875, 262.9197681470849
LOSS, 5705.2750244140625, -35.60882568359375, 68.17540740966797, 21.448402347421286, 266, 207.0, 382, 6, 70763.84503173828, 252.1801300048828, 296.4586486816406, 266.02949260051986
LOSS, 14591.0, -34.0869140625, 70.05765533447266, 27.323970037453183, 534, 223.0, 364, 6, 137318.85125732422, 190.36741638183594, 298.07745361328125, 257.15140684892174
LOSS, 10142.443725585938, -18.406837463378906, 63.871055603027344, 23.10351645919348, 439, 191.0, 370, 10, 116710.26393127441, 246.43617248535156, 303.4786682128906, 265.8548153331991
LOSS, 3648.5650024414062, -15.775001525878906, 61.289268493652344, 19.721972986169764, 185, 223.0, 387, 2, 49643.61122131348, 241.260498046875, 300.2260437011719, 268.3438444395323
LOSS, 10353.7193069458, -19.75739288330078, 63.392333984375, 17.02914359695033, 608, 212.43321228027344, 359, 9, 139037.4384613037, 138.75796508789062, 303.8122253417969, 228.6799974692495
LOSS, 5575.25537109375, -36.9998779296875, 65.66596221923828, 15.974943756715616, 349, 223.0, 376, 3, 90107.26753234863, 222.75411987304688, 304.6428527832031, 258.1870129866723
LOSS, 5753.9998779296875, -23.881591796875, 70.54463958740234, 18.0943392387726, 318, 223.0, 378, 6, 77374.81408691406, 166.82095336914062, 305.2891540527344, 243.31702543054737
LOSS, 4307.0, -42.70892333984375, 69.35750579833984, 9.923963133640553, 434, 191.0, 371, 3, 119385.34463500977, 270.9042053222656, 304.9505310058594, 275.0814392511746
LOSS, 6122.624755859375, -16.046707153320312, 67.55179595947266, 16.02781349701407, 382, 223.0, 374, 3, 102156.63000488281, 172.27166748046875, 303.8596496582031, 267.42573299707544
LOSS, 4818.488525390625, -18.20404815673828, 64.7398910522461, 9.338156056958576, 516, 207.0, 365, 5, 138114.87295532227, 174.5848846435547, 304.03887939453125, 267.6644824715548
LOSS, 2614.6454162597656, -15.935630798339844, 59.110145568847656, 15.563365572974796, 168, 191.0, 388, 1, 42210.24638366699, 192.2264404296875, 302.0669860839844, 251.2514665694464
LOSS, 10593.614158630371, -32.523956298828125, 68.8982162475586, 23.23160999699643, 456, 201.8000030517578, 369, 9, 118402.86361694336, 193.91441345214844, 299.3641357421875, 259.65540266873546
LOSS, 781.0, -45.43510437011719, 59.04155731201172, 1.3038397328881468, 599, 223.0, 360, 1, 151648.45568847656, 177.88336181640625, 304.4161376953125, 253.1693751059709
LOSS, 11025.23681640625, -45.93263244628906, 71.0460433959961, 10.381578923169727, 1062, 175.0, 329, 11, 286500.82234191895, 198.13450622558594, 306.63494873046875, 269.77478563269204
LOSS, 3780.2843627929688, -36.92060852050781, 68.99053192138672, 4.593298132190728, 823, 184.9793701171875, 345, 7, 176461.05889892578, 159.515380859375, 307.0813293457031, 214.41197922105198
LOSS, 10003.999877929688, -30.84869384765625, 70.7213363647461, 17.76909392172236, 563, 223.0, 362, 12, 138823.3533782959, 161.47998046875, 305.4297180175781, 246.57789232379378
LOSS, 1874.1242294311523, 0, 56.193077087402344, 39.044254779815674, 48, 185.8000030517578, 396, 3, 12758.133651733398, 166.52713012695312, 314.470703125, 265.7944510777791
LOSS, 9411.397094726562, -40.4193115234375, 65.8299789428711, 14.96247550830932, 629, 170.447998046875, 358, 9, 167846.07313537598, 213.4709930419922, 314.3611145019531, 266.84590323589185
LOSS, 5661.0, -31.93695068359375, 63.85284423828125, 14.18796992481203, 399, 223.0, 373, 5, 106446.74822998047, 237.2020721435547, 302.76239013671875, 266.783830150327
LOSS, 5008.61149597168, -32.871925354003906, 63.35906982421875, 14.731210282269647, 340, 183.20425415039062, 377, 3, 92758.75109863281, 243.29827880859375, 310.1867370605469, 272.8198561724495
LOSS, 6761.0, -50.90580749511719, 69.99738311767578, 5.188795088257867, 1303, 223.0, 313, 10, 319569.62760925293, 165.1431427001953, 310.2105712890625, 245.25681320740824
LOSS, 12592.77734375, -16.48968505859375, 69.5097885131836, 20.052193222531848, 628, 223.0, 358, 13, 169111.04356384277, 174.07127380371094, 307.8428955078125, 269.2851012163101
LOSS, 9177.0, -15.204170227050781, 69.5097885131836, 13.925644916540213, 659, 191.0, 356, 10, 175622.80166625977, 191.41671752929688, 308.0513610839844, 266.498940312989
LOSS, 7821.0, -15.999984741210938, 63.3099365234375, 29.292134831460675, 267, 223.0, 382, 5, 72304.4542388916, 247.0097198486328, 309.469970703125, 270.80319939659773
LOSS, 9957.0, -17.983718872070312, 67.0091781616211, 10.558854718981973, 943, 191.0, 337, 7, 263216.3014831543, 197.96963500976562, 314.985107421875, 279.1265127074807
LOSS, 11814.7300491333, -43.061981201171875, 69.50971221923828, 15.648649071699737, 755, 147.56382751464844, 349, 12, 208289.15301513672, 256.61474609375, 313.3283386230469, 275.87967286773073
LOSS, 7316.753173828125, -30.322418212890625, 66.3963851928711, 12.297064157694328, 595, 223.0, 360, 4, 152541.37464904785, 178.26687622070312, 313.0118103027344, 256.37205823369385
LOSS, 8612.178588867188, -40.4193115234375, 61.1358642578125, 6.222672390799991, 1384, 223.0, 307, 11, 341006.68504333496, 178.45718383789062, 313.4535827636719, 246.39211347061774
LOSS, 13741.045700073242, -17.29344940185547, 71.4561996459961, 15.579416893507076, 882, 129.10000610351562, 341, 14, 229589.1971130371, 186.76734924316406, 312.599853515625, 260.30521214630056
LOSS, 8095.661865234375, -34.0869140625, 70.6633529663086, 15.508930776311063, 522, 223.0, 365, 11, 133277.5922088623, 183.150634765625, 309.5496826171875, 255.32105787138372
LOSS, 3766.6388549804688, -13.000030517578125, 62.007904052734375, 30.13311083984375, 125, 207.0, 391, 2, 33166.20642089844, 258.5700988769531, 303.1234436035156, 265.3296513671875
LOSS, 4912.254699707031, -16.00006103515625, 64.4970703125, 24.43907810799518, 201, 207.0, 386, 1, 54339.23452758789, 195.7592315673828, 301.6123962402344, 270.3444503860094
LOSS, 3315.9163208007812, -17.46379852294922, 63.226844787597656, 7.857621613271993, 422, 191.0, 371, 2, 107709.73979187012, 186.3616180419922, 301.6335754394531, 255.2363502177017
LOSS, 11997.064208984375, -16.00006103515625, 68.81795501708984, 21.616331908079953, 555, 175.0, 362, 9, 150587.6896057129, 198.01678466796875, 302.7007141113281, 271.32917046074397
LOSS, 949.385009765625, -30.5364990234375, 65.8818588256836, 1.6146003567442602, 588, 223.0, 360, 3, 117927.01164245605, 159.30140686035156, 308.03521728515625, 200.55614224907492
LOSS, 7689.130023956299, -16.48968505859375, 66.1864242553711, 29.573577015216532, 260, 119.13741302490234, 382, 7, 70356.73194885254, 225.80047607421875, 307.416015625, 270.6028151878944
LOSS, 1809.599998474121, -34.0869140625, 60.80718994140625, 26.611764683442956, 68, 185.8000030517578, 395, 3, 18096.3065032959, 204.6066436767578, 303.3329772949219, 266.1221544602338
LOSS, 14167.673095703125, -16.177879333496094, 71.60604095458984, 21.762938703076998, 651, 207.0, 356, 8, 182998.00039672852, 261.5243225097656, 305.6422119140625, 281.1029191962036
WIN , 23467.45249938965, -47.247314453125, 71.99673461914062, 20.676169602986473, 1135, 140.09500122070312, 324, 16, 301011.27853393555, 173.8567352294922, 319.4251403808594, 265.208174919767
WIN , 23926.0, -21.14118194580078, 70.8394546508789, 20.969325153374232, 1141, 223.0, 323, 20, 300032.8649597168, 161.06423950195312, 312.1720886230469, 262.9560604379639
LOSS, 16096.744384765625, -47.537841796875, 70.7109603881836, 11.732320980149872, 1372, 175.0, 308, 21, 362480.6114959717, 165.6436767578125, 317.431640625, 264.1986964256353
WIN , 24834.0, -17.083938598632812, 70.6639633178711, 30.029020556227326, 827, 207.0, 344, 19, 222306.82427978516, 159.99722290039062, 331.2434387207031, 268.8111539054234
LOSS, 11849.20654296875, -17.983718872070312, 70.6737289428711, 17.818355703712406, 665, 175.0, 355, 8, 187052.34678649902, 239.70013427734375, 329.2934265136719, 281.281724490976
LOSS, 3276.74951171875, -18.339996337890625, 63.040687561035156, 13.653122965494791, 240, 223.0, 383, 1, 64603.78446960449, 250.50015258789062, 325.96746826171875, 269.1824352900187
LOSS, 14307.650001525879, -17.97289276123047, 71.35335540771484, 19.256594887652597, 743, 209.6999969482422, 350, 12, 204484.55018615723, 187.31689453125, 336.3160705566406, 275.21473780101917
LOSS, 15032.06201171875, -15.740478515625, 70.20818328857422, 29.075555148392166, 517, 223.0, 365, 10, 143686.68856811523, 230.45693969726562, 322.03070068359375, 277.9239624141494
LOSS, 3231.0, -17.01622772216797, 62.710792541503906, 13.351239669421487, 242, 223.0, 383, 2, 66522.76863098145, 232.81361389160156, 320.6661682128906, 274.8874736817415
LOSS, 11807.06201171875, -16.97491455078125, 67.0439682006836, 17.236586878421534, 685, 223.0, 354, 7, 193769.22244262695, 276.5196533203125, 329.8619689941406, 282.8747772885065
LOSS, 7988.941474914551, -37.43743896484375, 71.1076889038086, 15.101968761653215, 529, 164.87095642089844, 364, 11, 146888.81448364258, 172.66421508789062, 323.9389343261719, 277.67261717134704
LOSS, 18022.726318359375, -16.909072875976562, 70.5879898071289, 21.05458682051329, 856, 191.0, 342, 11, 239149.04151916504, 253.1743621826172, 333.50140380859375, 279.37972140089374
LOSS, 9741.0, -30.322265625, 67.4254379272461, 19.521042084168336, 499, 223.0, 366, 10, 131653.1424255371, 173.24830627441406, 327.00286865234375, 263.8339527565874
LOSS, 18811.0, -40.4193115234375, 69.7887191772461, 28.160179640718564, 668, 223.0, 355, 15, 176771.71362304688, 187.2135772705078, 321.84515380859375, 264.6283138069564
LOSS, 5255.900451660156, -14.514633178710938, 61.21795654296875, 25.764217900294884, 204, 191.0, 386, 1, 55382.30302429199, 184.76644897460938, 325.5882263183594, 271.48187757005877
LOSS, 3141.0, -16.00006103515625, 61.5838623046875, 17.547486033519554, 179, 223.0, 388, 1, 48307.23384094238, 237.053955078125, 326.8988342285156, 269.87281475386806
LOSS, 17801.0, -37.43736267089844, 71.66829681396484, 25.53945480631277, 697, 223.0, 353, 20, 188931.89025878906, 163.19871520996094, 319.8382263183594, 271.06440496239463
LOSS, 4521.0, -16.00006103515625, 70.39449310302734, 18.303643724696357, 247, 223.0, 383, 3, 62630.63882446289, 173.41754150390625, 317.6905212402344, 253.5653393702951
LOSS, 5087.5364990234375, -10.0, 65.05850982666016, 32.61241345527844, 156, 191.0, 389, 2, 42034.92826843262, 174.63217163085938, 321.6539611816406, 269.45466838738855
LOSS, 11277.2880859375, -34.0, 67.1654281616211, 22.690720494844065, 497, 191.0, 366, 6, 138762.80639648438, 239.5576171875, 323.74652099609375, 279.20081769916374
LOSS, 11341.0, -42.00048828125, 68.81795501708984, 14.053283767038414, 807, 223.0, 346, 10, 228858.17533874512, 188.42735290527344, 323.9950866699219, 283.5912953392133
LOSS, 8197.652954101562, -17.283912658691406, 66.7082748413086, 32.65997192869148, 251, 127.0, 383, 5, 70038.02304077148, 264.63812255859375, 319.3342590332031, 279.0359483696075
LOSS, 1341.0, -13.329925537109375, 70.05765533447266, 7.327868852459017, 183, 223.0, 387, 2, 51739.085388183594, 267.63916015625, 318.03436279296875, 282.7272425583803
LOSS, 13724.25439453125, -16.654205322265625, 71.85750579833984, 31.695737631711893, 433, 223.0, 371, 11, 122368.99580383301, 179.2707061767578, 325.5732421875, 282.6073806093141
LOSS, 8331.999877929688, -15.999755859375, 65.0945053100586, 23.08033207182739, 361, 207.0, 375, 8, 101341.80224609375, 248.70733642578125, 323.5862121582031, 280.725213978099
LOSS, 9674.206787109375, -19.95404815673828, 66.1864242553711, 20.323963838465072, 476, 223.0, 368, 12, 136310.85192871094, 228.46905517578125, 326.78179931640625, 286.36733598468686
LOSS, 14969.184814453125, -17.17516326904297, 68.6607894897461, 24.30062469878754, 616, 223.0, 358, 9, 176279.28089904785, 193.29762268066406, 332.9840393066406, 286.1676637971556
WIN , 22730.802505493164, -18.111984252929688, 77.36905670166016, 17.786230442482914, 1278, 153.39498901367188, 314, 26, 362909.8331298828, 197.7267303466797, 334.3961181640625, 283.96700557893803
LOSS, 4391.0, -15.975685119628906, 67.16573333740234, 24.948863636363637, 176, 223.0, 388, 1, 45553.63731384277, 199.68629455566406, 326.3681640625, 258.827484737743
LOSS, 4482.0, -31.82281494140625, 68.0681381225586, 13.067055393586006, 343, 191.0, 377, 5, 99527.44436645508, 276.660400390625, 330.50286865234375, 290.16747628704104
LOSS, 16428.65048980713, -27.71759033203125, 67.4986801147461, 13.782424907556317, 1192, 193.6999969482422, 320, 25, 327402.2205963135, 190.23019409179688, 332.97607421875, 274.66629244657173
LOSS, 12354.201416015625, -18.463523864746094, 66.1864242553711, 13.651051288415056, 905, 207.0, 339, 17, 247201.46473693848, 172.10980224609375, 340.1390075683594, 273.1507897645729
LOSS, 3324.2792358398438, -16.00006103515625, 61.37214660644531, 13.191584269205729, 252, 207.0, 383, 1, 71879.68165588379, 192.06187438964844, 335.14990234375, 285.2368319677928
LOSS, 6871.0, -15.204170227050781, 71.4317855834961, 20.0906432748538, 342, 223.0, 377, 4, 89117.09773254395, 171.19140625, 336.3850402832031, 260.5763091594852
LOSS, 5505.110046386719, -16.366127014160156, 63.3795166015625, 18.04954113569416, 305, 191.0, 379, 4, 73054.80714416504, 172.88592529296875, 332.2477722167969, 239.52395784972143
LOSS, 3492.9999389648438, -17.35162353515625, 60.80665588378906, 7.216942022654636, 484, 207.0, 367, 4, 141056.37991333008, 229.28173828125, 342.9329833984375, 291.4388014738225
LOSS, 4263.9998779296875, -16.821670532226562, 66.80760955810547, 21.427135064973303, 199, 223.0, 386, 4, 50233.838150024414, 157.72463989257812, 335.0453796386719, 252.43134748755986
LOSS, 8703.999877929688, -16.48968505859375, 71.1900863647461, 26.617736629754397, 327, 223.0, 378, 11, 85368.28952026367, 172.97312927246094, 328.4607849121094, 261.0651055665556
LOSS, 4880.4661865234375, -13.000030517578125, 62.0672607421875, 36.421389451667444, 134, 191.0, 391, 2, 35283.3546295166, 162.9730987548828, 332.6133117675781, 263.3086166381836
LOSS, 5245.113586425781, -16.00006103515625, 64.3550796508789, 17.253663113242702, 304, 207.0, 379, 4, 87114.69300842285, 248.28372192382812, 332.42376708984375, 286.5614901592857
LOSS, 11044.00048828125, -36.9998779296875, 69.8955307006836, 12.14961549865924, 909, 223.0, 339, 11, 220199.806350708, 162.97511291503906, 336.436279296875, 242.2440113869175
LOSS, 4459.0, -16.00006103515625, 67.44527435302734, 11.1475, 400, 207.0, 373, 4, 115275.26698303223, 235.0277862548828, 331.1735534667969, 288.18816745758056
LOSS, 12267.2451171875, -33.000244140625, 71.7540512084961, 16.356326822916667, 750, 223.0, 349, 9, 202186.66551208496, 174.59173583984375, 333.5225830078125, 269.58222068277996
LOSS, 8982.0791015625, -22.04345703125, 71.6185531616211, 16.664339706052875, 539, 223.0, 364, 6, 154730.1224975586, 162.24876403808594, 334.54327392578125, 287.068872908272
LOSS, 6479.5804443359375, -15.999984741210938, 67.78966522216797, 30.420565466365904, 213, 207.0, 385, 4, 60858.15365600586, 179.9401092529297, 333.4112548828125, 285.7190312488538
LOSS, 2847.8115234375, -16.48968505859375, 57.54180908203125, 7.910587565104167, 360, 223.0, 375, 2, 102684.04609680176, 240.62255859375, 330.4159240722656, 285.2334613800049
LOSS, 10310.408813476562, -19.022003173828125, 71.42293548583984, 30.059500913925838, 343, 191.0, 377, 7, 96717.38865661621, 187.36756896972656, 331.29290771484375, 281.97489404261285
LOSS, 12735.668212890625, -43.99622344970703, 71.1980209350586, 19.180223212184675, 664, 191.0, 355, 12, 183239.59965515137, 171.27044677734375, 335.43280029296875, 275.96325249269785
LOSS, 10398.593406677246, -17.117263793945312, 69.3373794555664, 18.635472054977143, 558, 201.8000030517578, 362, 3, 158588.43867492676, 155.87596130371094, 335.044189453125, 284.2086714604422
LOSS, 11024.33203125, -35.47052001953125, 67.4254379272461, 9.72163318452381, 1134, 207.0, 324, 12, 319805.861328125, 135.88063049316406, 328.77996826171875, 282.01575073026896
LOSS, 4471.0, -18.96259307861328, 64.6468276977539, 15.742957746478874, 284, 223.0, 381, 5, 70581.05302429199, 163.8402099609375, 331.8977355957031, 248.52483459257743
LOSS, 10181.224365234375, -16.00006103515625, 69.79222869873047, 24.415406151641186, 417, 175.0, 372, 9, 115762.77452087402, 175.27362060546875, 338.3377990722656, 277.60857199250364
LOSS, 3842.423988342285, -16.463394165039062, 67.53118133544922, 24.015149927139284, 160, 193.6999969482422, 389, 2, 42508.07066345215, 213.26626586914062, 341.3950500488281, 265.6754416465759
LOSS, 14481.59326171875, -34.0, 71.8889389038086, 10.155394994192672, 1426, 223.0, 304, 14, 350735.28564453125, 157.95860290527344, 326.3290710449219, 245.9574233131355
LOSS, 5642.979309082031, -16.00006103515625, 63.86749267578125, 40.59697344663332, 139, 191.0, 390, 1, 38498.37548828125, 200.47607421875, 320.37786865234375, 276.9667301315198
LOSS, 5666.793701171875, -16.00006103515625, 63.604637145996094, 8.483224103550711, 668, 191.0, 355, 5, 178784.64474487305, 249.1302947998047, 329.42926025390625, 267.64168374980994
LOSS, 7241.0, -20.662147521972656, 71.7857894897461, 17.879012345679012, 405, 223.0, 372, 7, 103066.95141601562, 183.3120880126953, 331.1623229980469, 254.48629979263117
LOSS, 6951.0, -29.704055786132812, 71.7564926147461, 11.702020202020202, 594, 223.0, 360, 8, 139726.53408813477, 147.96035766601562, 329.2763671875, 235.22985536723024
LOSS, 4263.9998779296875, -17.12285614013672, 62.77679443359375, 35.23966841264205, 121, 223.0, 391, 4, 30993.599822998047, 146.57839965820312, 323.3897399902344, 256.1454530826285
LOSS, 8050.2783203125, -18.218711853027344, 62.0550537109375, 26.924007760242475, 299, 175.0, 380, 5, 86334.45901489258, 204.45884704589844, 332.1915588378906, 288.74401008325276
LOSS, 9646.7431640625, -19.48663330078125, 64.0086898803711, 22.59190436548595, 427, 175.0, 371, 12, 117756.23092651367, 257.96441650390625, 325.2236633300781, 275.77571645553553
LOSS, 4403.9998779296875, -16.00006103515625, 62.760231018066406, 10.76772586290877, 409, 223.0, 372, 7, 115116.16735839844, 184.40692138671875, 333.9681091308594, 281.45762190317464
LOSS, 14764.00048828125, -17.647682189941406, 70.94319915771484, 15.82422346010852, 933, 223.0, 337, 13, 255493.4758605957, 148.75454711914062, 335.9173583984375, 273.84081013997394
LOSS, 12405.84130859375, -28.28331756591797, 70.5376205444336, 17.11150525323276, 725, 223.0, 351, 9, 209518.898147583, 228.5159149169922, 340.3974304199219, 288.99158365183865
LOSS, 5860.1365966796875, -13.753593444824219, 65.9163589477539, 20.780626229360593, 282, 191.0, 381, 4, 73143.46202087402, 169.52767944335938, 338.2770080566406, 259.3739787974256
LOSS, 6158.649879455566, -16.123519897460938, 59.58839416503906, 18.060556831247997, 341, 193.6999969482422, 377, 4, 83446.87730407715, 167.3174591064453, 330.4032897949219, 244.71225015858403
LOSS, 8564.550537109375, -16.00006103515625, 71.2218246459961, 19.42074951725482, 441, 207.0, 370, 6, 125510.39846801758, 263.2635803222656, 333.23590087890625, 284.60407815877
LOSS, 7565.1798095703125, -14.662391662597656, 69.13350677490234, 13.93219117784588, 543, 207.0, 363, 6, 155643.2050933838, 173.62767028808594, 333.0655517578125, 286.635736820228
LOSS, 8583.494506835938, -13.000030517578125, 67.9448471069336, 23.452170783704748, 366, 223.0, 375, 4, 97606.00402832031, 161.37596130371094, 333.18572998046875, 266.6830711156293
LOSS, 17901.40283203125, -19.005264282226562, 68.91683197021484, 20.11393576632725, 890, 223.0, 340, 13, 242700.5699005127, 161.8365478515625, 336.9373474121094, 272.6972695511379
LOSS, 11119.0, -45.00006103515625, 67.94454193115234, 16.399705014749262, 678, 207.0, 354, 10, 184882.49571228027, 174.5986328125, 331.9800109863281, 272.6880467732747
LOSS, 4165.6661376953125, -18.997711181640625, 70.64994049072266, 3.6097626843113626, 1154, 223.0, 323, 8, 332610.3043060303, 175.73162841796875, 340.1177978515625, 288.2238338873746
LOSS, 10080.397705078125, -20.662147521972656, 64.8653335571289, 6.51188482240189, 1548, 207.0, 296, 11, 383989.44216918945, 181.78228759765625, 345.24456787109375, 248.05519519973478
LOSS, 4901.0, -33.000244140625, 66.8419418334961, 13.13941018766756, 373, 223.0, 375, 4, 88757.3200378418, 192.98873901367188, 336.98419189453125, 237.955281602793
LOSS, 4396.564208984375, -18.775062561035156, 60.463134765625, 15.758294655857975, 279, 191.0, 381, 2, 68095.50863647461, 166.9318389892578, 328.7496643066406, 244.0699234282244
LOSS, 12236.986083984375, -45.081703186035156, 63.83551788330078, 12.693968966788772, 964, 175.0, 335, 12, 254749.0720062256, 177.87982177734375, 351.28692626953125, 264.26252282803483
LOSS, 13661.809326171875, -39.57386779785156, 68.9592514038086, 13.407074903014598, 1019, 223.0, 332, 15, 278244.70933532715, 130.6241912841797, 345.1790466308594, 273.0566333025782
LOSS, 17081.0, -17.70580291748047, 71.3207015991211, 23.956521739130434, 713, 223.0, 352, 10, 200233.65690612793, 174.38157653808594, 348.736328125, 280.8326183816661
LOSS, 7545.6307373046875, -16.90406036376953, 66.46903228759766, 37.354607610419244, 202, 223.0, 386, 3, 56325.00183105469, 147.8472442626953, 347.88458251953125, 278.8366427279935
LOSS, 5781.748008728027, -17.908554077148438, 56.2420654296875, 24.39556121826172, 237, 201.8000030517578, 384, 5, 65644.62435913086, 214.3885955810547, 334.5371398925781, 276.98153738029896
LOSS, 8459.327392578125, -30.322418212890625, 66.1864242553711, 16.457835394120867, 514, 175.0, 365, 9, 144207.40278625488, 213.30670166015625, 341.8234558105469, 280.5591493896009
LOSS, 4941.0, -14.20379638671875, 63.406288146972656, 20.16734693877551, 245, 223.0, 383, 5, 70236.89239501953, 265.2803039550781, 341.0042724609375, 286.6811934490593
LOSS, 10620.70458984375, -16.48968505859375, 70.6737289428711, 19.52335402544807, 544, 223.0, 363, 10, 156024.54830932617, 228.39756774902344, 356.527099609375, 286.80983145096724
LOSS, 12352.77490234375, -18.462913513183594, 61.083580017089844, 13.60437764575303, 908, 223.0, 339, 12, 239241.84698486328, 151.0423126220703, 353.4528503417969, 263.48221033575254
LOSS, 13169.0, -17.983718872070312, 60.673439025878906, 12.114995400183993, 1087, 207.0, 327, 20, 310310.39739990234, 206.34251403808594, 343.83197021484375, 285.4741466420445
LOSS, 5972.22021484375, -16.720489501953125, 61.32909393310547, 16.18487863101287, 369, 207.0, 375, 4, 108393.27226257324, 178.3710479736328, 347.81121826171875, 293.74870531862666
LOSS, 6762.7431640625, -33.04634094238281, 63.765785217285156, 6.410183093898104, 1055, 223.0, 329, 6, 287909.11433410645, 117.45527648925781, 360.1357421875, 272.8996344399113
LOSS, 12160.26025390625, -32.872406005859375, 64.6227035522461, 13.061504032122718, 931, 223.0, 337, 12, 264821.1395111084, 167.41195678710938, 355.6084899902344, 284.44805532879525
LOSS, 4377.750793457031, -13.27532958984375, 63.246055603027344, 25.304917881254514, 173, 223.0, 388, 2, 45376.690826416016, 176.4990692138672, 346.4659729003906, 262.293010557318
LOSS, 15157.0, -17.999755859375, 69.80367279052734, 19.76140808344198, 767, 191.0, 348, 15, 220248.27239990234, 164.43862915039062, 347.24566650390625, 287.1555050846184
LOSS, 7361.0, -15.691791534423828, 70.2739486694336, 21.71386430678466, 339, 223.0, 377, 4, 94885.62040710449, 132.8551483154297, 351.8105163574219, 279.8985852716947
LOSS, 8227.299880981445, -18.792587280273438, 66.5501937866211, 15.700953971338636, 524, 196.39999389648438, 365, 6, 151844.53660583496, 149.24851989746094, 349.2885437011719, 289.7796500111354
LOSS, 8823.999877929688, -17.31627655029297, 62.449851989746094, 14.830251895680147, 595, 223.0, 360, 7, 162849.38235473633, 136.2745361328125, 344.1810607910156, 273.69644093232995
LOSS, 5111.0, -16.362045288085938, 69.04744720458984, 18.653284671532848, 274, 223.0, 381, 5, 64652.5895690918, 178.62591552734375, 341.1479187011719, 235.9583560915759
LOSS, 5854.522277832031, -14.229240417480469, 59.333717346191406, 20.760717297276706, 282, 191.0, 381, 1, 76825.61653137207, 166.6875457763672, 342.2783508300781, 272.43126429564563
