WIN , 32328.83213043213, -30.395492553710938, 80.29012298583984, 8.188660620676831, 3948, 197.3357391357422, 136, 35, 13738.092096805573, 6.62096643447876, 27.907840728759766, 3.479759902939608
LOSS, 17109.47900390625, -41.999755859375, 75.13116455078125, 9.293579035255975, 1841, 223.0, 277, 18, 28068.112957954407, 13.824930191040039, 48.905704498291016, 15.246123279714507
WIN , 27972.0, -39.999755859375, 83.0548324584961, 12.246935201401051, 2284, 191.0, 247, 36, 46598.753160476685, 29.184783935546875, 61.394107818603516, 20.402256199858442
LOSS, 21306.2626953125, -33.430776596069336, 55.105812072753906, 28.52244002049866, 747, 191.0, 350, 22, 24514.74147796631, 46.19222640991211, 72.47291564941406, 32.81759233998167
LOSS, 14464.918090820312, -21.869972229003906, 53.657447814941406, 23.482009887695312, 616, 191.0, 358, 13, 20352.285945892334, 48.277313232421875, 79.03728485107422, 33.039425236838206
WIN , 27700.0, -44.999755859375, 71.422119140625, 12.636861313868613, 2192, 175.0, 253, 25, 79792.2946510315, 37.12051773071289, 77.67894744873047, 36.40159427510561
LOSS, 9348.808349609375, -16.00006103515625, 58.035789489746094, 27.176768458166787, 344, 127.0, 377, 9, 12827.980472564697, 45.54270553588867, 74.62924194335938, 37.29064090861831
LOSS, 5969.506286621094, -16.00006103515625, 61.166282653808594, 26.06771304201351, 229, 207.0, 384, 6, 11076.086921691895, 32.048580169677734, 79.97610473632812, 48.367191797781196
LOSS, 6139.0, -17.30865478515625, 58.90167236328125, 22.405109489051096, 274, 207.0, 381, 6, 13546.776775360107, 48.56460189819336, 86.47522735595703, 49.440791150949295
WIN , 27473.0, -43.999755859375, 63.404541015625, 19.360817477096546, 1419, 169.0, 305, 31, 76499.00908660889, 56.329673767089844, 106.17970275878906, 53.91050675589069
LOSS, 19697.480712890625, -39.0, 62.633888244628906, 23.93375542271036, 823, 223.0, 345, 26, 47008.53855133057, 64.18196868896484, 107.30342864990234, 57.118515858238844
WIN , 12375.940521240234, -41.530517578125, 66.6209945678711, 2.4434235974807965, 5065, 203.11895751953125, 62, 18, 336235.65827941895, 64.22721862792969, 110.42937469482422, 66.38413786365626
LOSS, 15864.533935546875, -26.002418518066406, 69.1441879272461, 25.181799897693452, 630, 223.0, 357, 16, 57610.86740112305, 59.153594970703125, 136.2435302734375, 91.44582127162388
LOSS, 3541.0, -16.351959228515625, 59.39824676513672, 19.14054054054054, 185, 223.0, 387, 3, 17917.966583251953, 82.94976043701172, 133.15411376953125, 96.85387342298353
WIN , 26032.40000152588, -16.803688049316406, 90.9347152709961, 26.00639360791796, 1001, 130.1999969482422, 333, 20, 93221.19621276855, 77.30545043945312, 134.48268127441406, 93.12806814462392
LOSS, 18537.77197265625, -18.612060546875, 69.2394027709961, 26.750031706574674, 693, 207.0, 353, 16, 67865.76737213135, 79.69163513183594, 140.12147521972656, 97.93040024838578
LOSS, 11259.132080078125, -13.176620483398438, 66.49556732177734, 31.275366889105904, 360, 175.0, 375, 4, 35594.12943267822, 78.57588958740234, 136.6131134033203, 98.8725817574395
LOSS, 4918.7030029296875, -18.774986267089844, 62.720558166503906, 23.53446412885018, 209, 175.0, 386, 1, 20875.127265930176, 83.4691390991211, 139.6360321044922, 99.8809917030152
LOSS, 12393.474365234375, -18.282470703125, 66.1864242553711, 26.53848900478453, 467, 223.0, 368, 8, 44552.58045196533, 81.95972442626953, 141.82916259765625, 95.4016712033519
LOSS, 6383.0667724609375, -20.67157745361328, 63.64501953125, 17.535897726541037, 364, 207.0, 375, 3, 33787.965759277344, 81.3825454711914, 138.6426544189453, 92.82408175625643
LOSS, 7152.7799072265625, -16.00006103515625, 66.44918060302734, 16.25631797096946, 440, 207.0, 370, 5, 45127.09539794922, 78.13484954833984, 168.59828186035156, 102.56158044988459
LOSS, 15911.0, -21.2139892578125, 69.7997055053711, 15.124524714828897, 1052, 223.0, 329, 20, 115492.16770935059, 85.24564361572266, 182.318115234375, 109.78342938151197
LOSS, 2874.6865234375, -33.00001525878906, 60.806732177734375, 8.818056820360429, 326, 223.0, 378, 3, 38241.77908325195, 95.46121978759766, 174.1300048828125, 117.30607080752132
LOSS, 8337.650512695312, -19.266006469726562, 63.61572265625, 44.82607802524362, 186, 207.0, 387, 5, 22602.44635772705, 94.64244842529297, 176.45263671875, 121.51852880498414
LOSS, 9533.375122070312, -17.662269592285156, 61.5838623046875, 26.408241335374825, 361, 191.0, 375, 8, 44528.09071350098, 97.44908142089844, 170.8856964111328, 123.34651167174786
LOSS, 12381.0, -17.662879943847656, 68.81795501708984, 11.64722483537159, 1063, 223.0, 329, 13, 125669.2797088623, 94.51876068115234, 177.26065063476562, 118.22133556807367
LOSS, 9931.0, -15.999755859375, 63.4014892578125, 15.565830721003135, 638, 223.0, 357, 12, 78608.0157699585, 102.82345581054688, 179.3850555419922, 123.21005606576567
LOSS, 9341.0, -15.66986083984375, 72.11385345458984, 20.711751662971174, 451, 223.0, 369, 6, 57780.837089538574, 87.85433959960938, 187.8409881591797, 128.11715540917643
LOSS, 4757.8726806640625, -17.812767028808594, 62.337188720703125, 20.686402959408966, 230, 207.0, 384, 4, 31201.698890686035, 100.57158660888672, 207.82810974121094, 135.6595603942871
WIN , 24091.193550109863, -31.2774658203125, 65.4503402709961, 21.35744109052293, 1128, 152.61289978027344, 324, 25, 163372.932472229, 119.56560516357422, 196.4542694091797, 144.83415999311083
LOSS, 3885.5819091796875, -25.20965576171875, 58.0853271484375, 18.680682255671574, 208, 223.0, 386, 2, 28460.671073913574, 96.21537780761719, 188.75949096679688, 136.83014939381525
LOSS, 7118.5233154296875, -12.250532150268555, 68.0416030883789, 29.174275882908557, 244, 207.0, 383, 4, 35596.41898345947, 100.77130126953125, 193.78289794921875, 145.88696304696506
LOSS, 20904.047119140625, -16.00006103515625, 67.9448471069336, 24.506503070504834, 853, 191.0, 343, 11, 120976.4136428833, 99.27813720703125, 205.39642333984375, 141.8246349857952
LOSS, 15694.61962890625, -28.380958557128906, 66.6087875366211, 19.257201998657976, 815, 191.0, 345, 13, 111113.13787078857, 107.87530517578125, 197.40005493164062, 136.33513849176512
LOSS, 7115.315231323242, -16.54261016845703, 60.516563415527344, 19.930854989700958, 357, 208.95327758789062, 376, 7, 51499.45299530029, 117.89141082763672, 200.2642822265625, 144.2561708551829
LOSS, 6221.0, -23.7188720703125, 59.82536315917969, 11.089126559714796, 561, 223.0, 362, 6, 81608.52939605713, 103.6793441772461, 210.61239624023438, 145.4697493690858
LOSS, 9090.15869140625, -20.46367645263672, 63.38134765625, 18.589281577517895, 489, 175.0, 367, 8, 76854.3895187378, 107.75269317626953, 218.71511840820312, 157.1664407336151
LOSS, 1219.6599731445312, -27.71759033203125, 61.14537811279297, 11.50622616174086, 106, 223.0, 392, 2, 14829.234550476074, 112.84622955322266, 204.2418670654297, 139.89843915543466
LOSS, 6451.0, -33.000244140625, 63.19549560546875, 17.341397849462364, 372, 223.0, 375, 6, 51885.29734802246, 118.60442352294922, 209.5215606689453, 139.47660577425393
LOSS, -873.037353515625, -35.1116943359375, 66.6045150756836, -0.28226231927436957, 3093, 207.0, 193, 7, 428916.49838256836, 111.08055114746094, 231.34071350097656, 138.6732940131162
LOSS, 11251.581909179688, -16.00006103515625, 61.3568115234375, 19.809123079541703, 568, 191.0, 362, 7, 91052.6683807373, 133.8056640625, 230.5500030517578, 160.30399362805863
LOSS, 15747.983642578125, -23.13365936279297, 65.63916778564453, 20.969352386921603, 751, 223.0, 349, 16, 124696.30843353271, 116.31040954589844, 232.2599639892578, 166.04035743479722
LOSS, 15391.42724609375, -39.9998779296875, 65.6932601928711, 14.943133248634709, 1030, 223.0, 331, 14, 165185.4023590088, 126.5350112915039, 236.02554321289062, 160.37417704758136
LOSS, 2930.644073486328, -17.275096893310547, 59.414825439453125, 32.204879928421185, 91, 175.0, 393, 2, 14420.561508178711, 137.87066650390625, 211.81517028808594, 158.46770888108475
LOSS, 8457.840576171875, -16.22850799560547, 62.4578857421875, 32.78232781461967, 258, 175.0, 382, 5, 38973.49430847168, 131.75611877441406, 222.3124237060547, 151.06005545919257
LOSS, 6531.0, -23.8665771484375, 62.53837966918945, 13.00996015936255, 502, 223.0, 366, 7, 82805.95129394531, 140.12042236328125, 227.838623046875, 164.95209421104644
LOSS, 6200.4202880859375, -13.000030517578125, 58.871612548828125, 23.397812407871463, 265, 207.0, 382, 3, 44308.32940673828, 141.0934295654297, 227.61898803710938, 167.2012430442954
LOSS, 13055.871826171875, -15.999755859375, 69.44051361083984, 19.342032335069444, 675, 223.0, 354, 9, 115450.9988861084, 143.40609741210938, 236.8563690185547, 171.03851686830873
LOSS, 12051.0, -16.757362365722656, 67.19747161865234, 9.975993377483444, 1208, 223.0, 319, 15, 202990.15185546875, 144.98651123046875, 241.65142822265625, 168.03820517836817
LOSS, 18390.744384765625, -17.633529663085938, 71.7546615600586, 19.92496683073199, 923, 207.0, 338, 17, 164397.2218017578, 151.89459228515625, 242.7418212890625, 178.11183293798246
LOSS, 3837.4752197265625, -12.225341796875, 59.204978942871094, 25.246547498201068, 152, 223.0, 389, 2, 26872.74087524414, 152.47865295410156, 236.23326110839844, 176.79434786344828
LOSS, 14227.94091796875, -37.4371337890625, 65.7918472290039, 17.71848184055884, 803, 223.0, 346, 10, 135178.365524292, 139.7074737548828, 240.62449645996094, 168.3416756217833
LOSS, 15569.0, -18.983497619628906, 71.4134750366211, 36.12296983758701, 431, 207.0, 371, 17, 80806.36042785645, 155.4894561767578, 252.9598846435547, 187.4857550530312
LOSS, 5142.0791015625, -22.04345703125, 70.23062896728516, 15.44167898367117, 333, 223.0, 377, 5, 59812.2854309082, 140.84274291992188, 252.77781677246094, 179.6164727654901
LOSS, 8681.999877929688, -27.44140625, 68.00696563720703, 11.925824008145176, 728, 207.0, 351, 9, 124761.61380004883, 148.81857299804688, 249.356201171875, 171.3758431319352
LOSS, 5801.0, -17.985244750976562, 55.5535888671875, 12.4752688172043, 465, 223.0, 368, 6, 78368.55265808105, 151.53689575195312, 258.50048828125, 168.5345218453356
LOSS, 7314.7935791015625, -34.0, 66.8419418334961, 19.8771564649499, 368, 191.0, 375, 4, 70644.86810302734, 163.6471405029297, 261.4359436035156, 191.9697502799656
LOSS, 12470.896240234375, -20.054153442382812, 63.654075622558594, 17.515303708194345, 712, 223.0, 352, 6, 125349.73583984375, 159.30859375, 256.93634033203125, 176.05299977506144
LOSS, 16957.392028808594, -20.1611328125, 71.5776596069336, 23.07128167184843, 735, 186.4561767578125, 350, 10, 130329.83261108398, 161.02842712402344, 260.7239685058594, 177.31950015113466
LOSS, 2721.0, -14.93670654296875, 61.036376953125, 9.223728813559323, 295, 223.0, 380, 1, 50759.40830993652, 162.25491333007812, 247.7442169189453, 172.06579088114077
LOSS, 7680.8482666015625, -18.6700439453125, 70.0902328491211, 22.590730195886948, 340, 191.0, 377, 4, 62561.61518859863, 165.49020385742188, 267.1271057128906, 184.00475055470187
LOSS, 7411.0, -18.77500343322754, 71.22212982177734, 20.02972972972973, 370, 223.0, 375, 5, 69424.15310668945, 171.9740447998047, 273.9049377441406, 187.6328462342958
LOSS, 12130.71435546875, -32.94122314453125, 70.0798568725586, 19.66080122442261, 617, 223.0, 358, 15, 115998.15026855469, 165.20703125, 269.7405700683594, 188.00348503817617
LOSS, 1669.599998474121, -14.176841735839844, 59.82658386230469, 21.968421032554225, 76, 185.8000030517578, 394, 3, 13826.40364074707, 171.70997619628906, 262.45947265625, 181.9263636940404
LOSS, 9629.5458984375, -32.579689025878906, 70.6633529663086, 19.73267602138832, 488, 175.0, 367, 7, 95027.9969329834, 180.37100219726562, 275.0421142578125, 194.72950191185123
LOSS, 11367.5673828125, -26.092529296875, 68.81795501708984, 15.550707774025307, 731, 223.0, 351, 7, 137423.59587097168, 153.0329132080078, 273.7765808105469, 187.99397519968767
LOSS, 2102.1691818237305, -15.999984741210938, 70.3136215209961, 4.09779567606965, 513, 160.71290588378906, 365, 2, 98399.02185058594, 169.91363525390625, 269.976318359375, 191.810958773072
LOSS, 13364.846435546875, -20.392532348632812, 63.672706604003906, 15.48649644906938, 863, 223.0, 342, 14, 161865.17559814453, 161.4479217529297, 270.2690124511719, 187.56103777305276
LOSS, 18294.00048828125, -17.662879943847656, 71.8456039428711, 26.2091697539846, 698, 223.0, 353, 15, 141097.54391479492, 167.71554565429688, 274.26959228515625, 202.14547838795835
LOSS, 12691.8017578125, -18.04467010498047, 62.742835998535156, 16.27154071514423, 780, 175.0, 347, 8, 160136.75736999512, 172.23233032226562, 279.23809814453125, 205.30353508973732
LOSS, 2922.7266845703125, -15.999984741210938, 58.586578369140625, 13.345783947809647, 219, 223.0, 385, 1, 43320.0774230957, 172.34446716308594, 275.0622253417969, 197.80857270819956
LOSS, 8507.865844726562, -22.794231414794922, 66.11470794677734, 16.584533810383164, 513, 223.0, 365, 7, 105124.76901245117, 156.04791259765625, 278.92938232421875, 204.92157702232197
LOSS, 11166.24462890625, -24.4195556640625, 67.9448471069336, 13.85390152469758, 806, 159.0, 346, 9, 164681.7722015381, 169.20574951171875, 285.7586669921875, 204.31981662721847
WIN , 22152.0, -43.0731201171875, 66.1217269897461, 14.768, 1500, 191.0, 299, 28, 292756.37965393066, 159.69003295898438, 297.4365234375, 195.1709197692871
LOSS, 5826.5364990234375, -16.00006103515625, 63.38822937011719, 9.146839087948882, 637, 223.0, 357, 6, 130076.84872436523, 168.71493530273438, 299.7181701660156, 204.2022742925671
LOSS, 9739.0, -35.6182861328125, 70.0127182006836, 8.009046052631579, 1216, 207.0, 318, 10, 241890.39978027344, 153.90823364257812, 294.5935974121094, 198.9230261350933
LOSS, 7684.6007080078125, -15.141426086425781, 68.2338638305664, 22.535485947236985, 341, 191.0, 377, 5, 71811.35610961914, 165.55108642578125, 291.6177978515625, 210.59048712498281
LOSS, 6781.0, -18.204200744628906, 64.50003814697266, 22.379537953795378, 303, 223.0, 379, 4, 62114.94009399414, 161.30999755859375, 295.0225830078125, 204.99980229040972
LOSS, 15418.702392578125, -15.870216369628906, 65.4497299194336, 25.235192131879092, 611, 175.0, 359, 9, 121179.93141174316, 158.7036590576172, 295.74945068359375, 198.33049330890861
LOSS, 4857.3961181640625, -18.77500343322754, 56.18357849121094, 11.456122920198261, 424, 191.0, 371, 1, 78608.84481811523, 161.3036651611328, 296.41082763671875, 185.39821891064915
LOSS, 15716.42626953125, -35.792236328125, 64.1353530883789, 17.94112587846033, 876, 191.0, 341, 14, 180667.09799194336, 174.5463104248047, 312.548828125, 206.2409794428577
LOSS, 16125.329833984375, -16.6807861328125, 66.79967498779297, 24.58129547863472, 656, 223.0, 356, 12, 138481.3827972412, 170.58956909179688, 311.8041687011719, 211.09966889823355
LOSS, 13149.275390625, -17.999755859375, 90.9798355102539, 6.788474646683015, 1937, 191.0, 270, 22, 399283.03999328613, 154.08494567871094, 312.4127197265625, 206.13476509720502
LOSS, 3761.0, -16.424911499023438, 62.04246520996094, 19.691099476439792, 191, 223.0, 387, 4, 38922.58233642578, 173.7843017578125, 300.98284912109375, 203.78315359385226
LOSS, 14782.314697265625, -30.322265625, 70.7579574584961, 21.643213319568996, 683, 223.0, 354, 9, 149206.03338623047, 173.76712036132812, 311.71484375, 218.45685708086452
LOSS, 21455.599853515625, -20.038589477539062, 65.6279525756836, 17.93946476046457, 1196, 191.0, 320, 16, 246901.3351135254, 171.10621643066406, 313.156494140625, 206.43924340595768
LOSS, 8909.31982421875, -25.20965576171875, 63.985595703125, 16.6218653436917, 536, 207.0, 364, 7, 115943.74948120117, 175.7583465576172, 319.5634765625, 216.3129654500022
LOSS, 12818.98828125, -19.48956298828125, 65.4497299194336, 21.436435252926422, 598, 223.0, 360, 9, 130338.95693969727, 174.05133056640625, 321.6817626953125, 217.9581219727379
LOSS, 19219.83251953125, -30.322265625, 65.4430160522461, 20.868439217732085, 921, 207.0, 338, 19, 199236.42979431152, 176.49331665039062, 324.06787109375, 216.32619955951304
LOSS, 13223.206787109375, -19.291973114013672, 62.6751708984375, 23.655110531501567, 559, 175.0, 362, 8, 125650.44793701172, 181.71774291992188, 320.46893310546875, 224.7771877227401
LOSS, 11068.01237487793, -16.00006103515625, 71.1369857788086, 22.587780356893735, 490, 216.37759399414062, 367, 4, 114973.50735473633, 183.11239624023438, 335.8005676269531, 234.6398109280333
LOSS, 11707.0, -16.00006103515625, 71.22212982177734, 20.046232876712327, 584, 191.0, 361, 8, 128810.55732727051, 185.06402587890625, 337.0121154785156, 220.56602282066868
LOSS, 15076.0, -27.71728515625, 69.3150863647461, 11.852201257861635, 1272, 223.0, 315, 16, 274524.8744049072, 190.6626739501953, 321.91802978515625, 215.82144214222265
LOSS, 2867.5570068359375, -27.71759033203125, 71.83736419677734, 7.296582714595261, 393, 223.0, 373, 4, 79603.31008911133, 181.0972442626953, 316.98431396484375, 202.55295188069042
LOSS, 10181.41015625, -44.3841552734375, 70.05765533447266, 9.01009748340708, 1130, 223.0, 324, 13, 237013.94329833984, 171.36328125, 328.662109375, 209.74685247640693
LOSS, 4537.0, -17.633834838867188, 69.23543548583984, 14.588424437299036, 311, 191.0, 379, 4, 68129.92654418945, 185.82945251464844, 334.6285705566406, 219.06728792343876
LOSS, 9238.701171875, -16.358295440673828, 64.39351654052734, 17.732631807821498, 521, 175.0, 365, 7, 118169.14628601074, 179.1347198486328, 346.4095764160156, 226.81218097122982
LOSS, 4498.7030029296875, -13.000030517578125, 68.4026107788086, 19.47490477458739, 231, 175.0, 384, 3, 50246.45472717285, 189.42433166503906, 335.9593200683594, 217.5171200310513
LOSS, 13134.087158203125, -62.2760009765625, 67.18924713134766, 18.577209558986034, 707, 223.0, 352, 8, 150179.45179748535, 179.27708435058594, 334.77520751953125, 212.41789504594817
LOSS, 4427.384521484375, -26.092529296875, 62.19970703125, 17.78066072885291, 249, 191.0, 383, 1, 53766.851806640625, 181.47311401367188, 317.55279541015625, 215.9311317535768
LOSS, 19212.78076171875, -57.02249050140381, 63.8946533203125, 19.930270499708246, 964, 175.0, 335, 11, 219249.06463623047, 175.91693115234375, 340.8079833984375, 227.43678904173285
LOSS, 2511.027557373047, -15.999984741210938, 61.70654296875, 18.064946455921202, 139, 191.0, 390, 1, 28411.431884765625, 178.7664794921875, 335.466796875, 204.3987905378822
LOSS, 11262.143798828125, -20.42236328125, 70.69844818115234, 11.930237075029794, 944, 223.0, 337, 9, 199570.5615386963, 179.5031280517578, 344.5602722167969, 211.40949315539862
LOSS, 7399.701171875, -17.911758422851562, 64.74417877197266, 34.740381088615024, 213, 223.0, 385, 5, 48269.2248840332, 176.5255126953125, 341.7450256347656, 226.6160792677615
LOSS, 15968.18505859375, -15.85565185546875, 70.4094467163086, 34.193115757160065, 467, 223.0, 368, 9, 113375.28866577148, 182.4564208984375, 336.7802734375, 242.77363739993893
LOSS, 12854.00048828125, -17.308658599853516, 69.6758041381836, 18.1553679213012, 708, 223.0, 352, 13, 159045.42987060547, 165.11842346191406, 345.2853698730469, 224.6404376703467
LOSS, 9262.793823242188, -15.999984741210938, 63.712059020996094, 31.940668356007542, 290, 223.0, 380, 6, 65756.80767822266, 174.37554931640625, 343.2574768066406, 226.7476126835264
LOSS, 4291.0, -16.123367309570312, 53.64570617675781, 19.504545454545454, 220, 223.0, 385, 2, 48097.41687011719, 180.4777069091797, 334.2416687011719, 218.6246221368963
LOSS, 15377.945899963379, -18.98064422607422, 70.03499603271484, 21.905905840403673, 702, 197.3357391357422, 353, 8, 163446.12977600098, 183.7410125732422, 336.4529113769531, 232.82924469515808
LOSS, 11656.36962890625, -16.48967742919922, 67.94454193115234, 17.09145106877749, 682, 175.0, 354, 8, 158676.01679992676, 184.5907440185547, 335.4268798828125, 232.66278123156417
LOSS, 5085.9427490234375, -14.707183837890625, 62.74268341064453, 22.017068177590637, 231, 207.0, 384, 2, 53614.00793457031, 172.38600158691406, 334.9736022949219, 232.09527244402733
LOSS, 10258.649879455566, -15.999755859375, 63.8690185546875, 20.641146638743596, 497, 193.6999969482422, 366, 6, 110381.89785766602, 161.81993103027344, 334.0213928222656, 222.09637395908655
LOSS, 15069.75244140625, -16.00006103515625, 67.9448471069336, 23.92024197048611, 630, 223.0, 357, 10, 149249.7060546875, 180.59158325195312, 346.3037109375, 236.9042953249008
LOSS, 11026.906616210938, -19.036766052246094, 58.41120529174805, 26.192177235655432, 421, 186.447998046875, 371, 8, 100446.83793640137, 169.711181640625, 350.3100891113281, 238.59106398195098
LOSS, 12492.956787109375, -16.248207092285156, 63.113014221191406, 19.13163367091788, 653, 223.0, 356, 11, 154650.41007995605, 175.7826690673828, 354.39825439453125, 236.8306433077428
LOSS, 18147.77197265625, -17.844223022460938, 66.8736801147461, 23.629911422729492, 768, 207.0, 348, 17, 181982.0673980713, 176.6027374267578, 355.82550048828125, 236.955816924572
LOSS, 8877.226806640625, -20.790794372558594, 64.76476287841797, 25.363505161830357, 350, 223.0, 376, 6, 85079.17387390137, 173.1625213623047, 349.3919677734375, 243.08335392543248
LOSS, 5268.7030029296875, -17.01622772216797, 61.91172790527344, 20.742925208384598, 254, 175.0, 383, 4, 57548.50961303711, 177.7091522216797, 355.10650634765625, 226.56893548439808
LOSS, 11117.902488708496, -21.20392608642578, 71.14034271240234, 30.883062468634712, 360, 201.8000030517578, 375, 9, 81003.95358276367, 173.8540802001953, 358.0489501953125, 225.01098217434352
LOSS, 5430.866882324219, -16.92304229736328, 63.672401428222656, 16.163294292631605, 336, 191.0, 377, 5, 70063.83459472656, 174.89190673828125, 350.9731750488281, 208.52331724621
WIN , 22236.0, -23.023475646972656, 82.83203125, 17.263975155279503, 1288, 223.0, 314, 19, 296921.2545013428, 183.01336669921875, 357.89068603515625, 230.52892430228476
LOSS, 5501.0, -21.14148712158203, 68.99053192138672, 23.01673640167364, 239, 223.0, 384, 6, 56020.7724609375, 178.7984619140625, 360.112548828125, 234.39653749346235
LOSS, 15208.31201171875, -20.719970703125, 69.73104095458984, 25.77680001986229, 590, 223.0, 360, 14, 138819.18702697754, 176.44100952148438, 363.4652404785156, 235.2867576728433
LOSS, 7151.0, -14.796043395996094, 67.58658599853516, 31.924107142857142, 224, 223.0, 385, 4, 51452.212142944336, 177.59622192382812, 355.4197692871094, 229.69737563814436
LOSS, 5097.172065734863, -16.00006103515625, 63.812255859375, 29.29409233180956, 174, 216.34007263183594, 388, 2, 40219.648498535156, 191.43162536621094, 358.7220764160156, 231.14740516399516
LOSS, 6641.0, -16.275360107421875, 67.5188217163086, 21.917491749174918, 303, 223.0, 379, 4, 71882.31616210938, 201.75924682617188, 355.3045654296875, 237.2353668716481
LOSS, 8446.026245117188, -16.00006103515625, 68.1902084350586, 24.69598317285727, 342, 223.0, 377, 6, 81772.09384155273, 196.595458984375, 354.90423583984375, 239.09968959518343
LOSS, 18623.949996948242, -18.380409240722656, 71.2120590209961, 19.219762638749476, 969, 177.10000610351562, 335, 21, 227447.7128753662, 170.53286743164062, 364.7488708496094, 234.72416189408278
LOSS, 8066.832763671875, -18.412506103515625, 67.94454193115234, 16.66700984229726, 484, 191.0, 367, 5, 117881.20512390137, 187.11399841308594, 356.7332458496094, 243.55620893368052
LOSS, 7263.21875, -16.48968505859375, 71.7528305053711, 14.130775778210117, 514, 207.0, 365, 7, 123266.21450805664, 181.59121704101562, 368.23974609375, 239.8175379534176
LOSS, 5592.3502197265625, -15.999984741210938, 61.012969970703125, 23.596414429226, 237, 207.0, 384, 2, 59734.24752807617, 173.2470703125, 370.9687194824219, 252.04323851508934
LOSS, 8048.4212646484375, -16.084793090820312, 68.44976043701172, 10.466087470284053, 769, 223.0, 348, 7, 170047.87284851074, 154.66908264160156, 369.73333740234375, 221.12857327504648
LOSS, 4469.496643066406, -34.0869140625, 59.241943359375, 9.910192113229282, 451, 191.0, 369, 2, 99845.74409484863, 194.60366821289062, 362.6930847167969, 221.38745919035173
LOSS, 4317.126403808594, -28.58673095703125, 71.63899993896484, 20.65610719525643, 209, 223.0, 386, 3, 48689.224060058594, 172.9680633544922, 359.2398681640625, 232.9627945457349
LOSS, 2853.3301391601562, -30.9962158203125, 63.307647705078125, 13.088670363119983, 218, 207.0, 385, 2, 49734.370056152344, 171.60682678222656, 355.79815673828125, 228.13931218418506
LOSS, 6716.4998779296875, -16.046707153320312, 70.2107925415039, 23.48426530744646, 286, 223.0, 380, 4, 67572.69151306152, 166.1486053466797, 352.66021728515625, 236.26815214357177
LOSS, 6033.2987060546875, -18.89850616455078, 57.02239990234375, 11.829997462852328, 510, 207.0, 365, 3, 130461.29780578613, 169.79534912109375, 357.44903564453125, 255.80646628585515
LOSS, 4209.0, -13.000030517578125, 59.4647216796875, 20.53170731707317, 205, 207.0, 386, 3, 44674.1662902832, 181.5188751220703, 342.28216552734375, 217.92276239162538
LOSS, 23228.4013671875, -19.72052001953125, 67.4254379272461, 28.292815307171132, 821, 191.0, 345, 15, 192844.10681152344, 161.13064575195312, 360.252197265625, 234.8892896608081
LOSS, 4089.9949951171875, -17.70135498046875, 59.07451629638672, 22.84913405093401, 179, 191.0, 388, 2, 42973.76168823242, 180.7080078125, 356.7312316894531, 240.07688093984592
LOSS, 3901.0, -13.000030517578125, 58.919898986816406, 22.81286549707602, 171, 223.0, 388, 1, 38772.794204711914, 189.82443237304688, 355.98883056640625, 226.74148657726266
LOSS, 6029.0, -17.278419494628906, 62.335205078125, 18.781931464174455, 321, 207.0, 378, 5, 73114.62438964844, 177.62112426757812, 360.1749267578125, 227.77141554407612
LOSS, 6886.284118652344, -14.940399169921875, 63.2354736328125, 23.994021319346146, 287, 184.9793701171875, 380, 4, 67227.29689025879, 171.6887969970703, 364.13702392578125, 234.2414525792989
LOSS, 1869.599998474121, -14.176841735839844, 59.82658386230469, 32.23448273231243, 58, 185.8000030517578, 396, 2, 13661.776672363281, 180.32484436035156, 358.18316650390625, 235.5478736614359
LOSS, 7348.4228515625, -16.00006103515625, 63.99658203125, 23.035808312108152, 319, 175.0, 378, 3, 81036.62231445312, 206.81309509277344, 366.3371887207031, 254.03329879138911
LOSS, 11541.0, -16.4058837890625, 69.00106048583984, 23.128256513026052, 499, 223.0, 366, 12, 121842.40336608887, 167.53945922851562, 362.4438171386719, 244.17315303825424
LOSS, 6007.0, -17.316200256347656, 64.6227035522461, 13.408482142857142, 448, 191.0, 370, 7, 104520.98425292969, 189.85455322265625, 355.348876953125, 233.30576842171806
LOSS, 5249.0, -31.937103271484375, 58.293128967285156, 12.011441647597254, 437, 207.0, 370, 5, 99333.11814880371, 201.33786010742188, 351.9200744628906, 227.30690651900161
LOSS, 7287.0, -13.283279418945312, 70.05765533447266, 33.42660550458716, 218, 191.0, 385, 5, 54510.02111816406, 208.28271484375, 352.559814453125, 250.04596843194525
LOSS, 18272.626708984375, -22.002723693847656, 68.9537582397461, 13.780261469822303, 1326, 207.0, 311, 13, 334966.7729187012, 171.5331268310547, 370.1839904785156, 252.61445921470676
LOSS, 8281.70011138916, -16.123519897460938, 62.74268341064453, 24.502071335470887, 338, 218.3160858154297, 377, 4, 88628.6333618164, 180.6360626220703, 364.7784729003906, 262.2148916030071
LOSS, 2464.8033447265625, -16.15697479248047, 60.80665588378906, 8.327038326778927, 296, 191.0, 380, 2, 64009.303619384766, 175.88824462890625, 359.25006103515625, 216.24764736278638
LOSS, 14058.40966796875, -16.48968505859375, 71.6295394897461, 28.51604395125507, 493, 223.0, 367, 11, 128076.08488464355, 188.8555908203125, 361.40679931640625, 259.7892188329484
LOSS, 10399.824462890625, -18.20404815673828, 70.76253509521484, 32.398207049503505, 321, 223.0, 378, 7, 77655.73667907715, 179.9867401123047, 361.152587890625, 241.91818280086338
LOSS, 10112.370849609375, -37.43743896484375, 68.3415756225586, 8.77809969584147, 1152, 223.0, 323, 8, 261157.34600830078, 173.3597412109375, 362.4217224121094, 226.69908507665
LOSS, 4743.9998779296875, -16.7203369140625, 69.1814193725586, 28.40718489778256, 167, 223.0, 388, 4, 37092.767166137695, 171.91819763183594, 352.3935546875, 222.1123782403455
LOSS, 9599.284057617188, -39.0924072265625, 64.4389877319336, 14.998881340026855, 640, 175.0, 357, 8, 152239.14498901367, 178.9141387939453, 356.20379638671875, 237.87366404533387
LOSS, 4150.834701538086, -16.00006103515625, 61.79283142089844, 11.825739890421897, 351, 112.71292114257812, 376, 5, 85236.45462036133, 190.3681182861328, 361.1181945800781, 242.83890205231148
LOSS, 10518.846092224121, -34.28203582763672, 72.0165023803711, 23.271783389876376, 452, 201.8000030517578, 369, 7, 102376.58921813965, 191.179931640625, 363.26885986328125, 226.4968788011939
LOSS, 4097.0, -15.999984741210938, 63.62213134765625, 11.412256267409472, 359, 191.0, 376, 1, 87881.01512145996, 194.93101501464844, 367.2143249511719, 244.79391398735365
LOSS, 14519.0, -15.999984741210938, 67.1458969116211, 29.15461847389558, 498, 207.0, 366, 11, 125181.77304077148, 175.3177947998047, 357.7412109375, 251.36902217022387
LOSS, 7801.22412109375, -25.20965576171875, 70.9251937866211, 11.678479223194236, 668, 207.0, 355, 8, 150449.1375427246, 174.93685913085938, 354.7427978515625, 225.22325979449792
LOSS, 7076.479904174805, -14.284034729003906, 71.19771575927734, 31.037192562170198, 228, 177.10000610351562, 384, 6, 55460.55294799805, 186.0392303466797, 349.11798095703125, 243.24803924560547
LOSS, 4761.7808837890625, -34.0869140625, 65.7070083618164, 38.7136657218623, 123, 191.0, 391, 2, 29134.63018798828, 163.54318237304688, 361.50140380859375, 236.8669120974657
LOSS, 14194.550537109375, -40.4193115234375, 64.0969009399414, 16.505291322220202, 860, 207.0, 342, 9, 218025.87924194336, 196.04751586914062, 361.93499755859375, 253.51846423481786
LOSS, 3615.2020874023438, -15.721900939941406, 59.82536315917969, 14.877374845277135, 243, 207.0, 383, 2, 55854.52746582031, 190.5636444091797, 350.5767822265625, 229.8540224930877
LOSS, 5018.786376953125, -19.034423828125, 65.45003509521484, 24.845477113629332, 202, 207.0, 386, 1, 49705.20420837402, 212.28517150878906, 350.7021179199219, 246.06536736818825
LOSS, 14815.029945373535, -34.0, 68.2002944946289, 11.68377755944285, 1268, 186.9396209716797, 315, 14, 294348.15327453613, 194.21044921875, 354.36175537109375, 232.13576756666887
LOSS, 13103.496337890625, -17.27509307861328, 70.05765533447266, 23.91148966768362, 548, 223.0, 363, 11, 136800.10862731934, 197.47105407714844, 356.1565856933594, 249.63523472138564
LOSS, 9658.253173828125, -18.809066772460938, 69.09383392333984, 12.287853910722806, 786, 175.0, 347, 7, 197347.31105041504, 200.3472442626953, 350.31964111328125, 251.07800388093517
LOSS, 3033.4111938476562, -23.71856689453125, 60.51981735229492, 18.056019010997954, 168, 223.0, 388, 1, 42890.22178649902, 211.18687438964844, 348.9339599609375, 255.29893920535133
LOSS, 8936.0, -28.76861572265625, 69.3327865600586, 18.386831275720166, 486, 223.0, 367, 9, 111831.4359741211, 195.0400390625, 354.45404052734375, 230.10583533769773
LOSS, 3246.2435302734375, -30.322265625, 60.11077880859375, 5.5396647274290745, 586, 223.0, 360, 2, 128620.96012878418, 197.31045532226562, 349.6054992675781, 219.48969305253274
LOSS, 6874.9508056640625, -43.0731201171875, 62.1990966796875, 10.307272572209989, 667, 223.0, 355, 9, 155304.21043395996, 177.7476806640625, 356.44635009765625, 232.8398957030884
LOSS, 13419.0, -25.2093505859375, 70.05765533447266, 22.51510067114094, 596, 207.0, 360, 12, 149087.37606811523, 194.03439331054688, 351.057861328125, 250.14660414113294
LOSS, 10407.0, -30.61004638671875, 63.692527770996094, 9.565257352941176, 1088, 191.0, 327, 11, 256904.27114868164, 185.2895965576172, 348.286376953125, 236.12524921753828
LOSS, 8730.517822265625, -25.953369140625, 70.0182113647461, 17.32245599655878, 504, 223.0, 366, 12, 122911.04974365234, 190.9823455810547, 352.9099426269531, 243.87113044375465
LOSS, 6297.775634765625, -16.00006103515625, 61.9488525390625, 17.254179821275685, 365, 207.0, 375, 2, 85215.43405151367, 200.6714324951172, 355.2272644042969, 233.46694260688676
LOSS, 11906.0, -63.507843017578125, 72.00704193115234, 11.8703888334995, 1003, 223.0, 333, 10, 224288.31607055664, 190.43588256835938, 350.89990234375, 223.6174636795181
LOSS, 11881.273193359375, -16.084640502929688, 70.1299057006836, 31.431939664971893, 378, 175.0, 374, 7, 95678.95071411133, 202.62474060058594, 349.4029235839844, 253.11891723309876
LOSS, 2370.0189819335938, -25.20965576171875, 59.1998291015625, 3.6238822353724673, 654, 207.0, 356, 3, 152457.58628845215, 202.96165466308594, 350.7696533203125, 233.11557536460572
LOSS, 20947.792724609375, -15.999755859375, 71.6423568725586, 32.83353091631564, 638, 207.0, 357, 16, 161109.9214477539, 199.43309020996094, 353.43524169921875, 252.52338784914406
LOSS, -35876.00679016113, -38.27638244628906, 68.5802230834961, -5.980331186891338, 5999, 177.01358032226562, 0, 15, 1500357.9696350098, 201.8399658203125, 347.79119873046875, 250.1013451633622
LOSS, 2875.2165451049805, -15.999984741210938, 64.61370086669922, 33.04846603568943, 87, 153.8000030517578, 394, 4, 19702.118202209473, 124.45452117919922, 318.154296875, 226.46112876102842
LOSS, 7622.9693603515625, -15.999755859375, 63.115455627441406, 21.174914889865452, 360, 175.0, 375, 6, 88049.88902282715, 236.140869140625, 318.3271789550781, 244.58302506340874
LOSS, 8446.7431640625, -15.999984741210938, 66.60298919677734, 17.708056947720127, 477, 175.0, 368, 11, 119830.06864929199, 228.2390594482422, 311.2857360839844, 251.21607683289727
LOSS, 6679.669189453125, -18.77500343322754, 67.85941314697266, 21.900554719518443, 305, 175.0, 379, 3, 75570.22889709473, 224.14202880859375, 298.3820495605469, 247.77124228555647
LOSS, 2641.0, -16.00006103515625, 62.079010009765625, 9.202090592334494, 287, 223.0, 380, 5, 67319.07531738281, 234.85191345214844, 300.0661926269531, 234.56123803966136
LOSS, 1591.0, -16.00006103515625, 64.50003814697266, 4.100515463917525, 388, 223.0, 374, 4, 92751.03689575195, 234.2979736328125, 303.21295166015625, 239.04906416430916
LOSS, 9583.18359375, -39.0924072265625, 65.4497299194336, 8.998294454225352, 1065, 175.0, 328, 10, 258459.96249389648, 218.01712036132812, 300.6031188964844, 242.68541079239105
LOSS, 5517.1005859375, -16.123519897460938, 68.40673065185547, 19.989494876585145, 276, 207.0, 381, 3, 66866.56192016602, 206.9527587890625, 306.1858215332031, 242.27015188465947
LOSS, 7659.0, -16.00006103515625, 70.3880844116211, 22.00862068965517, 348, 207.0, 376, 6, 81591.37557983398, 217.17575073242188, 299.84893798828125, 234.45797580412065
LOSS, 11195.0, -26.092529296875, 66.5355453491211, 15.901988636363637, 704, 175.0, 353, 9, 168534.71614074707, 220.52810668945312, 309.51312255859375, 239.39590360901573
LOSS, 2191.0, -18.360992431640625, 52.571563720703125, 3.4667721518987342, 632, 223.0, 357, 4, 143514.85600280762, 150.69439697265625, 302.9444885253906, 227.08046835887282
LOSS, 11752.905517578125, -19.6243896484375, 63.915626525878906, 16.553388052926937, 710, 223.0, 352, 7, 171574.2986755371, 215.06381225585938, 307.8946228027344, 241.65394179653114
LOSS, 11311.0, -28.44024658203125, 61.675636291503906, 16.345375722543352, 692, 223.0, 353, 9, 166283.93955993652, 211.33009338378906, 306.12847900390625, 240.2947103467291
LOSS, 7951.0, -16.13641357421875, 63.87700653076172, 11.262039660056658, 706, 223.0, 352, 9, 171118.61752319336, 231.84133911132812, 302.2049255371094, 242.37764521698776
LOSS, 2547.7716674804688, -16.00006103515625, 61.09489440917969, 9.03465130312223, 282, 207.0, 381, 2, 70512.83345031738, 237.4350128173828, 308.78515625, 250.04550868906873
LOSS, 14554.597213745117, -31.2774658203125, 71.6844711303711, 14.71647847699203, 989, 167.60000610351562, 334, 13, 241511.09175109863, 227.0730743408203, 307.72991943359375, 244.19726162901782
LOSS, 5061.546203613281, -18.114967346191406, 62.9925537109375, 22.00672262440557, 230, 191.0, 384, 3, 55527.58203125, 229.75543212890625, 310.00360107421875, 241.42426970108696
LOSS, 13771.62939453125, -16.591751098632812, 64.6227035522461, 17.00201159818673, 810, 207.0, 345, 10, 199655.87272644043, 226.79090881347656, 325.5657653808594, 246.48873176103757
LOSS, 11945.2626953125, -21.65306854248047, 69.1838607788086, 11.768731719519705, 1015, 223.0, 332, 13, 241199.3618927002, 209.5268096923828, 330.1401062011719, 237.63483930315292
LOSS, 10301.0, -43.0731201171875, 63.7115478515625, 22.73951434878587, 453, 223.0, 369, 8, 113957.57652282715, 230.25253295898438, 330.1102600097656, 251.56197907908862
LOSS, 2747.5730895996094, -16.48968505859375, 61.81671142578125, 25.678253173828125, 107, 175.0, 392, 1, 25423.001876831055, 175.5848388671875, 311.9200134277344, 237.59814838159863
LOSS, 14517.260498046875, -16.00006103515625, 71.5147933959961, 20.418087901613045, 711, 207.0, 352, 10, 181212.77905273438, 246.83270263671875, 328.6535949707031, 254.87029402634934
LOSS, 8677.672729492188, -19.957969665527344, 65.45003509521484, 20.71043610857324, 419, 175.0, 372, 10, 103330.83769226074, 247.42233276367188, 325.46771240234375, 246.61297778582517
LOSS, 5094.999938964844, -16.00006103515625, 65.23253631591797, 27.245988978421625, 187, 223.0, 387, 3, 46281.41297912598, 244.34764099121094, 305.2740783691406, 247.49418705414962
LOSS, 16871.368408203125, -27.71728515625, 71.61763763427734, 26.320387532298167, 641, 175.0, 357, 15, 156252.63623046875, 226.9014434814453, 318.3238525390625, 243.7638630740542
LOSS, 9901.0, -23.7188720703125, 70.6825942993164, 33.11371237458194, 299, 223.0, 380, 9, 75357.70207214355, 224.7783966064453, 308.6204833984375, 252.0324484018179
LOSS, 4770.7957763671875, -34.6209716796875, 62.015037536621094, 16.622981799188807, 287, 191.0, 380, 2, 71196.99877929688, 234.20018005371094, 311.2362365722656, 248.07316647838633
LOSS, 5512.4735107421875, -16.123519897460938, 63.60198974609375, 17.389506343035293, 317, 207.0, 378, 1, 78997.06018066406, 226.7720489501953, 309.35211181640625, 249.20208258884563
LOSS, 5302.253173828125, -13.000030517578125, 67.3705062866211, 15.97064208984375, 332, 207.0, 377, 4, 82612.56188964844, 229.9716339111328, 314.83251953125, 248.83301773990493
LOSS, 13909.963623046875, -16.00006103515625, 67.9448471069336, 22.991675409994834, 605, 223.0, 359, 12, 152218.8115081787, 230.3678436279297, 317.0661315917969, 251.6013413358326
LOSS, 16582.6982421875, -17.888771057128906, 70.1927719116211, 16.483795469371273, 1006, 191.0, 332, 13, 239738.23652648926, 199.68019104003906, 319.73797607421875, 238.30838620923384
LOSS, 12275.806365966797, -18.34014892578125, 69.63109588623047, 15.963337276939917, 769, 200.97515869140625, 348, 9, 196313.24584960938, 217.3175811767578, 314.0225524902344, 255.28380474591597
LOSS, 7613.15087890625, -27.71759033203125, 63.18425750732422, 18.79790340470679, 405, 223.0, 372, 6, 94668.41418457031, 221.48382568359375, 311.2383728027344, 233.74917082609954
LOSS, 8240.760986328125, -16.00006103515625, 64.62239837646484, 23.680347661862427, 348, 191.0, 376, 5, 90054.51135253906, 244.63026428222656, 322.72589111328125, 258.7773314728134
LOSS, 11211.221069335938, -18.93566131591797, 57.6904296875, 17.195124339472297, 652, 207.0, 356, 7, 161449.68531799316, 224.90890502929688, 328.1181945800781, 247.6222167453883
LOSS, 11600.349975585938, -35.41595458984375, 57.31352615356445, 11.717525227864583, 990, 223.0, 333, 9, 237084.1325531006, 222.47970581054688, 323.5466613769531, 239.47892177080868
LOSS, 4363.3323974609375, -18.0462646484375, 54.4610595703125, 11.921673217106386, 366, 191.0, 375, 1, 90191.93148803711, 225.2141876220703, 318.544677734375, 246.4260423170413
LOSS, 5425.7148361206055, -51.88106060028076, 60.13214111328125, 8.18358195493304, 663, 197.54981994628906, 355, 5, 159033.7187652588, 223.61094665527344, 320.2358093261719, 239.8698623910389
LOSS, 3146.5105590820312, -30.443801879882812, 60.634613037109375, 10.282714245366115, 306, 223.0, 379, 3, 70950.68827819824, 211.78504943847656, 320.2203369140625, 231.86499437319688
LOSS, -35696.02117919922, -19.15692901611328, 69.25008392333984, -5.9503285846306415, 5999, 177.0423583984375, 0, 15, 1560302.985748291, 209.7843017578125, 324.4974060058594, 260.0938465991484
LOSS, 4900.24951171875, -16.83063507080078, 64.93094635009766, 42.2435302734375, 116, 191.0, 392, 2, 29530.049896240234, 186.85426330566406, 321.9159240722656, 254.5693956572434
LOSS, 7563.5467529296875, -16.00006103515625, 60.34454345703125, 15.956849689725079, 474, 175.0, 368, 7, 124820.24209594727, 245.52940368652344, 328.4790954589844, 263.3338440842769
LOSS, 7138.8021240234375, -16.00006103515625, 66.1864242553711, 23.716950578150954, 301, 223.0, 379, 4, 78066.99723815918, 237.5083465576172, 328.922119140625, 259.35879481116007
LOSS, 9373.861938476562, -17.363311767578125, 65.3673324584961, 35.5070527972597, 264, 223.0, 382, 3, 69476.33227539062, 242.70489501953125, 337.06463623046875, 263.16792528557056
LOSS, 16174.640869140625, -34.912109375, 70.0572738647461, 11.24019518355846, 1439, 207.0, 304, 21, 362022.3783569336, 222.00640869140625, 332.313720703125, 251.57913714866822
LOSS, 5571.9998779296875, -13.000030517578125, 61.9097900390625, 21.513513042199566, 259, 207.0, 382, 5, 65740.41255187988, 249.66473388671875, 332.54339599609375, 253.8239866867949
LOSS, 2549.0, -20.35790252685547, 64.05767059326172, 14.401129943502825, 177, 207.0, 388, 3, 47457.17247009277, 250.66380310058594, 336.04150390625, 268.1196184751004
LOSS, 6069.0, -14.743270874023438, 63.621826171875, 28.76303317535545, 211, 207.0, 385, 4, 55461.19006347656, 231.99485778808594, 330.8047180175781, 262.84924200699794
LOSS, 11707.0, -16.00006103515625, 70.5803451538086, 23.60282258064516, 496, 191.0, 366, 4, 132594.3426208496, 256.3292541503906, 335.56439208984375, 267.32730367106774
LOSS, 10911.650001525879, -20.28378677368164, 69.10758209228516, 14.927017785945115, 731, 161.6999969482422, 351, 5, 190725.15812683105, 252.15504455566406, 340.4266662597656, 260.90992903807256
LOSS, 11602.317993164062, -18.20404815673828, 70.7536849975586, 21.172113126211794, 548, 191.0, 363, 7, 137247.99884033203, 203.97412109375, 352.5804138183594, 250.4525526283431
LOSS, 10870.218994140625, -21.1224365234375, 70.4887924194336, 19.515653490378142, 557, 191.0, 362, 6, 145764.59997558594, 226.64955139160156, 346.9111022949219, 261.6958706922548
LOSS, 4351.0, -15.141426086425781, 53.03160095214844, 15.10763888888889, 288, 223.0, 380, 5, 69809.4151763916, 227.15948486328125, 343.4249572753906, 242.39380269580417
LOSS, 7079.3199462890625, -16.00006103515625, 66.1864242553711, 15.558944936899039, 455, 191.0, 369, 5, 120789.80265808105, 239.28269958496094, 343.74114990234375, 265.4720937540243
LOSS, 10760.4287109375, -23.718719482421875, 71.4958724975586, 13.974582741477272, 770, 223.0, 348, 7, 197484.87031555176, 227.29454040527344, 353.25347900390625, 256.47385755266464
LOSS, 7073.119140625, -33.000244140625, 62.6873779296875, 15.017238090498939, 471, 223.0, 368, 6, 119076.13319396973, 236.76361083984375, 344.8464050292969, 252.81556941394845
LOSS, 5248.88720703125, -16.7203369140625, 59.42962646484375, 16.402772521972658, 320, 191.0, 378, 2, 79622.30798339844, 237.1655731201172, 347.7467956542969, 248.81971244812013
LOSS, 8080.701171875, -16.00006103515625, 65.2049789428711, 24.339461361069276, 332, 191.0, 377, 6, 85990.9122467041, 247.01739501953125, 356.26348876953125, 259.008771827422
LOSS, 13005.698486328125, -17.35771942138672, 69.9016342163086, 23.561047982478488, 552, 223.0, 363, 12, 137834.97198486328, 218.50344848632812, 347.7782897949219, 249.70103620446247
LOSS, 7742.2261962890625, -34.6209716796875, 62.72186279296875, 21.99496078491211, 352, 223.0, 376, 11, 89256.78926086426, 226.4746551513672, 376.8851318359375, 253.5704240365462
LOSS, 6369.331298828125, -31.937060356140137, 55.19615936279297, 11.68684641986812, 545, 223.0, 363, 3, 132620.17095947266, 200.87557983398438, 347.90191650390625, 243.33976322839018
LOSS, 6010.998908996582, -16.132080078125, 59.643775939941406, 27.700455801827566, 217, 213.82737731933594, 385, 3, 55777.39082336426, 239.2899627685547, 347.62359619140625, 257.03866738877537
LOSS, 10057.562255859375, -15.141426086425781, 62.31964111328125, 23.22762645695006, 433, 175.0, 371, 9, 110124.49787902832, 221.98931884765625, 349.6242980957031, 254.3290944088414
LOSS, 11789.0, -13.323509216308594, 70.1347885131836, 30.15089514066496, 391, 207.0, 373, 13, 104949.99339294434, 209.78195190429688, 346.4629211425781, 268.4143053527988
LOSS, 17764.498291015625, -20.79473114013672, 63.380043029785156, 13.386961786748776, 1327, 175.0, 311, 14, 345075.6107940674, 194.5265655517578, 359.3975524902344, 260.04190715453456
LOSS, 11070.05029296875, -20.35759735107422, 67.9253158569336, 11.826976808727297, 936, 223.0, 337, 15, 241815.99630737305, 224.96340942382812, 353.71917724609375, 258.3504234053131
LOSS, 11991.769775390625, -17.632308959960938, 71.0161361694336, 13.673625741608467, 877, 207.0, 341, 11, 232692.6493988037, 215.92941284179688, 366.255615234375, 265.32799247298027
LOSS, 3990.0805053710938, -18.46306610107422, 62.8192138671875, 28.09915848852883, 142, 223.0, 390, 1, 37733.981048583984, 233.54226684570312, 352.7052917480469, 265.732260905521
LOSS, 14583.482612609863, -17.983718872070312, 63.603515625, 16.628828520649787, 877, 184.03575134277344, 341, 14, 230110.82751464844, 220.37867736816406, 357.0919189453125, 262.38406786162875
LOSS, 12301.77197265625, -16.88459014892578, 70.2184066772461, 20.13383301580401, 611, 159.0, 359, 12, 159995.4598388672, 218.42422485351562, 361.4897155761719, 261.85836307506906
LOSS, 15707.3125, -19.67346954345703, 71.16231536865234, 21.665258620689656, 725, 191.0, 351, 11, 190210.60125732422, 189.32273864746094, 355.8949279785156, 262.35945001010236
LOSS, 10319.319946289062, -17.283912658691406, 70.05765533447266, 22.48217853222018, 459, 191.0, 369, 7, 123032.65721130371, 247.17483520507812, 357.07696533203125, 268.0450048176551
LOSS, 4431.0, -17.985244750976562, 62.712013244628906, 21.1, 210, 223.0, 385, 4, 53412.336334228516, 207.7628631591797, 350.7051696777344, 254.3444587344215
LOSS, 14534.711669921875, -23.71826171875, 65.76192474365234, 21.31189394416697, 682, 207.0, 354, 15, 176997.28672790527, 216.05555725097656, 352.2473449707031, 259.52681338402533
LOSS, 7091.0, -16.00006103515625, 56.4508056640625, 16.042986425339368, 442, 223.0, 370, 4, 114408.3070678711, 221.81858825683594, 340.1615295410156, 258.84232368296625
LOSS, 16021.644287109375, -39.999755859375, 66.1864242553711, 17.209070125788802, 931, 160.0, 337, 16, 234440.41007995605, 202.18557739257812, 353.433349609375, 251.81569288931908
LOSS, 3791.7808837890625, -16.720489501953125, 61.21795654296875, 15.41374343003684, 246, 191.0, 383, 1, 61420.16239929199, 226.0792236328125, 337.2503967285156, 249.67545690769103
LOSS, 10267.225341796875, -16.00006103515625, 71.6869125366211, 15.72316285114376, 653, 175.0, 356, 8, 174068.76359558105, 206.39443969726562, 351.791748046875, 266.5677849855759
LOSS, 10506.792846679688, -15.870216369628906, 69.3468246459961, 27.576884112020178, 381, 223.0, 374, 9, 96706.49270629883, 201.1381072998047, 350.4018859863281, 253.82281550209666
LOSS, 18085.48095703125, -17.01622772216797, 83.28324127197266, 14.00889307283598, 1291, 175.0, 313, 16, 344940.54194641113, 207.9726104736328, 368.6278076171875, 267.18864596933474
LOSS, 1366.0148239135742, -15.999984741210938, 59.82658386230469, 13.798129534480548, 99, 179.9164581298828, 393, 1, 21726.23226928711, 196.33157348632812, 340.6186218261719, 219.4568916089607
LOSS, 15677.751708984375, -41.9998779296875, 64.1326904296875, 22.688497408081584, 691, 223.0, 353, 5, 187960.7313232422, 222.7200927734375, 355.9154052734375, 272.01263577893224
LOSS, 11181.0, -61.98335266113281, 72.0244369506836, 16.37042459736457, 683, 223.0, 354, 9, 179322.24839782715, 191.8236846923828, 359.6059265136719, 262.5508761315185
LOSS, 6089.738525390625, -16.00006103515625, 70.6737289428711, 19.581152814760852, 311, 207.0, 379, 4, 82964.80616760254, 252.11436462402344, 346.91424560546875, 266.7678654906834
LOSS, 6291.9998779296875, -17.662269592285156, 62.22129821777344, 19.601245725637657, 321, 207.0, 378, 5, 83732.19598388672, 256.87689208984375, 357.3268737792969, 260.8479625666253
LOSS, 15552.272399902344, -21.3397216796875, 71.28133392333984, 15.011845945851682, 1036, 186.4561767578125, 330, 12, 274543.1469116211, 204.64308166503906, 364.4815673828125, 265.0030375594798
LOSS, 4046.9982299804688, -18.681900024414062, 56.09283447265625, 16.654313703623327, 243, 223.0, 383, 3, 67412.92608642578, 228.77830505371094, 373.2879333496094, 277.41944891533245
LOSS, 7378.913101196289, -16.00006103515625, 65.3600082397461, 24.433487090053937, 302, 201.39498901367188, 379, 5, 82760.24346923828, 232.50502014160156, 366.46588134765625, 274.0405412888685
LOSS, 3574.970458984375, -16.48968505859375, 70.0786361694336, 5.909042080965909, 605, 207.0, 359, 3, 161725.38470458984, 211.69796752929688, 364.5608215332031, 267.314685462132
LOSS, 8529.0, -18.34014892578125, 65.3594741821289, 15.942056074766356, 535, 207.0, 364, 6, 142951.62155151367, 246.604736328125, 365.89605712890625, 267.1992926196517
LOSS, 9137.765747070312, -18.124977111816406, 66.8419418334961, 22.78744575329255, 401, 223.0, 373, 6, 106023.7130279541, 191.24806213378906, 369.5240783691406, 264.39828685275336
LOSS, 11419.319946289062, -19.005264282226562, 65.5144271850586, 26.868988108915442, 425, 191.0, 371, 7, 115546.91178894043, 242.72898864746094, 375.11798095703125, 271.8750865622128
LOSS, 9229.671142578125, -35.44036388397217, 70.05757904052734, 12.112429320968667, 762, 159.0, 349, 8, 199278.5350341797, 212.658935546875, 378.4453125, 261.52038718396284
LOSS, 6745.4197998046875, -17.46379852294922, 66.8419418334961, 16.990981863487878, 397, 191.0, 373, 4, 108555.6136932373, 231.00257873535156, 373.80413818359375, 273.4398329804466
LOSS, 2461.0928649902344, -13.000030517578125, 57.53974914550781, 14.915714333274147, 165, 191.0, 388, 2, 41931.55288696289, 248.32044982910156, 373.8920593261719, 254.13062355735084
LOSS, 4525.8182373046875, -16.7203369140625, 66.3722915649414, 16.163636561802456, 280, 207.0, 381, 3, 68201.0740814209, 229.2947998046875, 387.8090515136719, 243.5752645765032
LOSS, 4759.322082519531, -13.48980712890625, 61.21795654296875, 25.726065310916386, 185, 191.0, 387, 1, 49054.105728149414, 247.53065490722656, 377.4440612792969, 265.1573282602671
LOSS, 5279.0, -18.870094299316406, 64.2474365234375, 10.817622950819672, 488, 207.0, 367, 4, 128783.87030029297, 248.36207580566406, 389.0489196777344, 263.90137356617413
LOSS, 16301.0, -19.321083068847656, 84.3294677734375, 19.06549707602339, 855, 223.0, 342, 19, 228085.57487487793, 220.98670959472656, 376.2744445800781, 266.7667542396233
LOSS, 6057.465362548828, -18.897872924804688, 69.7392807006836, 13.342434719270546, 454, 74.80316162109375, 369, 6, 118841.23458862305, 228.32025146484375, 369.3763122558594, 261.7648338956455
LOSS, 4091.7808837890625, -16.720489501953125, 59.112815856933594, 12.399336011482008, 330, 191.0, 377, 4, 76854.60192871094, 218.7244873046875, 361.7942199707031, 232.89273311730588
LOSS, 5484.752021789551, -13.000030517578125, 64.9709243774414, 46.8782224084577, 117, 216.34007263183594, 392, 2, 30935.205322265625, 262.1786804199219, 365.6590270996094, 264.4034642928686
LOSS, 16448.02783203125, -16.88581085205078, 68.60051727294922, 14.478897739464129, 1136, 191.0, 324, 13, 291749.27589416504, 212.18272399902344, 381.2851867675781, 256.8215456814833
LOSS, 5611.0, -16.7203369140625, 64.9739761352539, 35.5126582278481, 158, 223.0, 389, 2, 40971.99337768555, 246.92616271972656, 378.6856994628906, 259.3164137828199
LOSS, 11568.327880859375, -17.197662353515625, 71.94234466552734, 18.598597879195136, 622, 223.0, 358, 8, 165305.33612060547, 223.7102508544922, 380.1815185546875, 265.76420598168085
LOSS, 17402.230224609375, -16.654205322265625, 72.0299301147461, 28.06811326549899, 620, 175.0, 358, 17, 165648.01710510254, 243.36892700195312, 382.7455749511719, 267.1742211372622
LOSS, 8835.652954101562, -17.632308959960938, 70.05773162841797, 23.880143119193413, 370, 191.0, 375, 8, 100706.71255493164, 257.5950927734375, 380.94195556640625, 272.18030420251796
LOSS, 3679.0642700195312, -15.999984741210938, 63.160400390625, 21.14404752884788, 174, 223.0, 388, 1, 46170.14356994629, 241.04006958007812, 364.4234313964844, 265.34565270084073
LOSS, 4622.815734863281, -47.5372314453125, 71.10799407958984, 13.717554109386592, 337, 191.0, 377, 4, 83082.99374389648, 210.9185791015625, 371.9403381347656, 246.53707342402518
LOSS, 11168.223388671875, -15.999755859375, 69.49178314208984, 19.05840168715337, 586, 159.0, 360, 7, 156647.3281097412, 242.8070526123047, 374.99139404296875, 267.3162595729372
LOSS, 5854.907470703125, -15.999755859375, 68.28145599365234, 21.060818239939298, 278, 223.0, 381, 5, 71688.67483520508, 197.62069702148438, 368.1553039550781, 257.8729310618888
LOSS, 7556.6610107421875, -16.00006103515625, 70.05765533447266, 15.390348290717286, 491, 223.0, 367, 7, 132473.9705505371, 266.07440185546875, 372.630615234375, 269.80442067319166
LOSS, 6446.185569763184, -16.39196014404297, 60.084991455078125, 16.743339142242036, 385, 201.8000030517578, 374, 4, 97673.22315979004, 203.4847412109375, 375.6897277832031, 253.6966835319222
LOSS, 10892.688598632812, -26.092529296875, 67.40178680419922, 21.109861625257388, 516, 175.0, 365, 7, 136172.73153686523, 217.73797607421875, 377.5799560546875, 263.9006425133047
LOSS, 17669.0, -33.91034698486328, 66.8529281616211, 14.935756551141166, 1183, 207.0, 321, 14, 300704.6293029785, 214.4654083251953, 373.73675537109375, 254.1881904505313
LOSS, 6721.0, -18.71380615234375, 69.66756439208984, 19.70967741935484, 341, 223.0, 377, 5, 87296.26892089844, 239.10317993164062, 358.45758056640625, 256.0007886243356
LOSS, 3881.0, -19.363494873046875, 58.499366760253906, 14.535580524344569, 267, 223.0, 382, 2, 67043.6091003418, 239.48020935058594, 366.47625732421875, 251.09965955184194
