WIN , 33475.7073059082, -35.97221374511719, 80.54622650146484, 7.5327874225716025, 4444, 183.58538818359375, 103, 33, 18987.20296049118, 2.544208526611328, 57.47957992553711, 4.272547920902606
WIN , 27658.65000152588, -47.58374786376953, 83.0548324584961, 5.461818720680466, 5064, 177.6999969482422, 62, 30, 97144.90116854012, -3.8892831802368164, 97.87348175048828, 19.183432300264638
LOSS, 17115.859619140625, -41.9998779296875, 54.071266174316406, 9.347820654910226, 1831, 223.0, 277, 20, 53610.96314135194, -4.476128578186035, 95.2139892578125, 29.279608487903843
WIN , 28610.0, -20.662147521972656, 85.09033203125, 18.027725267800882, 1587, 175.0, 294, 30, 74826.31047916412, 4.779084205627441, 126.23335266113281, 47.14953401333593
LOSS, 11078.115234375, -17.662269592285156, 57.416603088378906, 27.764699835526315, 399, 170.447998046875, 373, 6, 22785.116180419922, 24.227310180664062, 121.41606903076172, 57.105554336892034
LOSS, 18076.87646484375, -45.690284729003906, 57.449851989746094, 20.10776025010428, 899, 223.0, 340, 13, 53308.770599365234, 18.912263870239258, 128.70150756835938, 59.29785383689125
WIN , 28699.05731201172, -22.184890747070312, 84.34993743896484, 25.24103545471567, 1137, 196.8853759765625, 324, 31, 71516.46136760712, 15.372414588928223, 134.7238311767578, 62.899262416541
WIN , 28097.724082946777, -19.173179626464844, 60.422584533691406, 26.284119815665836, 1069, 199.5518341064453, 328, 28, 78514.95080757141, 8.73750114440918, 154.03475952148438, 73.44710084899103
LOSS, 18150.114990234375, -43.999755859375, 62.203880310058594, 19.247205716049177, 943, 223.0, 337, 13, 81928.41299676895, -14.810348510742188, 165.92788696289062, 86.88060763178044
WIN , 28501.45249938965, -20.078506469726562, 78.87783813476562, 24.40192850975141, 1168, 172.09500122070312, 322, 22, 106661.49070835114, 13.497769355773926, 160.49916076660156, 91.31976944208145
LOSS, 12124.64208984375, -20.093902587890625, 62.267356872558594, 19.49299371357516, 622, 207.0, 358, 15, 56367.40435028076, 22.346961975097656, 160.37167358398438, 90.62283657601408
WIN , 25524.802505493164, -41.181739807128906, 65.2687759399414, 10.630904833608149, 2401, 185.39498901367188, 239, 18, 225442.03740501404, 17.521915435791016, 180.95748901367188, 93.89505931070973
LOSS, 6468.0318603515625, -39.9998779296875, 61.344215393066406, 19.48202367575772, 332, 223.0, 377, 3, 38932.55884742737, 27.855127334594727, 192.91856384277344, 117.26674351634749
LOSS, 11968.262306213379, -26.092529296875, 63.161231994628906, 14.595441836845584, 820, 165.3357391357422, 345, 11, 87388.68658256531, 17.201696395874023, 183.516357421875, 106.57156900312842
WIN , 28572.0, -20.716552734375, 62.559715270996094, 25.556350626118068, 1118, 191.0, 325, 26, 134125.6045846939, 13.870217323303223, 206.01832580566406, 119.96923487003033
WIN , 28702.802505493164, -26.002113342285156, 60.239158630371094, 17.004029920315855, 1688, 169.39498901367188, 287, 32, 220326.4426460266, 38.779109954833984, 217.55007934570312, 130.5251437476461
LOSS, 10676.92529296875, -18.721778869628906, 58.615333557128906, 21.184375581287203, 504, 223.0, 366, 9, 64132.46481704712, 38.966739654541016, 215.94863891601562, 127.24695400207762
LOSS, 12266.098266601562, -23.12433624267578, 55.822998046875, 28.004790563017266, 438, 223.0, 370, 8, 60072.660205841064, 52.99660110473633, 226.75950622558594, 137.15219225077868
LOSS, 20857.69921875, -42.00048828125, 65.05255889892578, 14.345047605742778, 1454, 223.0, 303, 21, 183780.9776687622, 19.50452423095703, 217.25515747070312, 126.39682095513218
LOSS, -3020.560546875, -29.04052734375, 58.89892578125, -0.529087501642144, 5709, 207.0, 19, 3, 640575.9021081328, -0.06391435861587524, 272.0122985839844, 112.204572098114
WIN , 28269.05731201172, -37.0, 68.43807220458984, 23.596875886487243, 1198, 196.8853759765625, 320, 24, 206414.01084899902, 47.09882354736328, 273.30987548828125, 172.29884044156847
WIN , 26222.0, -43.999755859375, 58.846336364746094, 8.080739599383667, 3245, 191.0, 183, 24, 470073.83048820496, -14.451773643493652, 309.8268737792969, 144.86096471131123
WIN , 25642.0, -42.00048828125, 68.739501953125, 8.096621408272814, 3167, 191.0, 188, 37, 504446.47146987915, 30.17414093017578, 318.0236511230469, 159.2821191884683
LOSS, 14417.837890625, -50.463035583496094, 90.9798355102539, 20.164808238636365, 715, 207.0, 352, 14, 144022.30447387695, 89.45143127441406, 311.6665954589844, 201.42979646696077
WIN , 28122.0, -33.000244140625, 77.13300323486328, 17.012704174228674, 1653, 191.0, 289, 26, 339037.5745162964, 79.3001708984375, 332.95001220703125, 205.10440079630754
WIN , 26873.724090576172, -45.690284729003906, 77.1882553100586, 7.706832259987431, 3487, 167.55181884765625, 167, 23, 678301.5524520874, 63.49517059326172, 329.36614990234375, 194.52295739950887
LOSS, 9262.474975585938, -16.772544860839844, 63.697410583496094, 30.26952606400633, 306, 127.5, 379, 12, 68181.83652496338, 94.62421417236328, 344.87091064453125, 222.81645923190646
WIN , 28574.0, -24.115333557128906, 61.62895202636719, 18.761654629021667, 1523, 207.0, 298, 31, 339265.7702217102, 63.22189712524414, 357.4352722167969, 222.76150375686817
LOSS, 23481.432861328125, -30.322265625, 59.501869201660156, 15.013703875529492, 1564, 207.0, 295, 25, 348815.98289489746, 44.62302780151367, 373.35797119140625, 223.02812205556103
WIN , 28554.680877685547, -23.770790100097656, 63.95155334472656, 21.246042319706508, 1344, 185.63824462890625, 310, 22, 315061.05683517456, 56.24281692504883, 358.8466796875, 234.4204291928382
LOSS, 10192.434959411621, -27.258514404296875, 61.758934020996094, 22.700300577754167, 449, 201.8000030517578, 370, 11, 105917.71161651611, 84.98516845703125, 358.7429504394531, 235.89690783188445
LOSS, 11722.223388671875, -17.910621643066406, 56.270362854003906, 21.121123222832207, 555, 191.0, 362, 8, 129363.07710266113, 83.61489868164062, 361.3160400390625, 233.08662541020024
WIN , 28470.0, -27.062232971191406, 83.8265151977539, 24.065934065934066, 1183, 175.0, 321, 30, 288713.42150115967, 78.62857818603516, 375.4664611816406, 244.05192011932348
LOSS, 11936.085472106934, -37.0, 58.308326721191406, 12.725037816745132, 938, 201.8000030517578, 337, 18, 205405.52896118164, 73.86275482177734, 358.61895751953125, 218.98244025712327
WIN , 28632.0, -40.999755859375, 61.837158203125, 18.76277850589777, 1526, 191.0, 298, 32, 380726.8544692993, 76.32537078857422, 381.746337890625, 249.4933515526208
WIN , 23942.0, -30.416748046875, 76.75336456298828, 6.630296316809748, 3611, 191.0, 159, 34, 798295.2521209717, 85.41816711425781, 374.6016540527344, 221.0731797621079
WIN , 28130.0, -29.816612243652344, 88.046875, 17.526479750778815, 1605, 175.0, 292, 27, 386055.8487472534, 76.56107330322266, 395.6158447265625, 240.53323909486195
LOSS, 26539.265625, -36.0, 63.168922424316406, 19.96934960496614, 1329, 191.0, 311, 26, 339478.91453552246, 105.82079315185547, 391.5442199707031, 255.4393638341027
LOSS, 16524.914794921875, -25.708534240722656, 63.53217315673828, 22.699058784233344, 728, 223.0, 351, 16, 182651.32691955566, 77.26470184326172, 406.3089599609375, 250.8946798345545
LOSS, 12506.346801757812, -29.52294921875, 57.4495849609375, 23.59688075803361, 530, 207.0, 364, 7, 142557.24670028687, 62.628231048583984, 407.642333984375, 268.97593717035255
LOSS, 14304.657302856445, -20.02800750732422, 65.3932876586914, 26.05584208170573, 549, 175.68539428710938, 363, 11, 144697.26236724854, 120.38223266601562, 399.55035400390625, 263.56514092394997
LOSS, 15674.138427734375, -21.823646545410156, 89.2531509399414, 18.418494039640862, 851, 223.0, 343, 17, 215891.30182647705, 82.3365249633789, 413.0859680175781, 253.6913064940976
LOSS, 4196.6866455078125, -33.93357849121094, 54.956581115722656, 16.719867113576942, 251, 223.0, 383, 5, 60492.981536865234, 93.06563568115234, 392.4077453613281, 241.0078945691842
WIN , 26548.49168395996, -26.092529296875, 82.98789978027344, 10.456278725466705, 2539, 138.01663208007812, 230, 37, 609598.8130950928, 90.4757308959961, 407.5552673339844, 240.09405793426262
LOSS, 22148.09375, -22.117225646972656, 56.208106994628906, 12.692317335243553, 1745, 191.0, 283, 23, 451262.52601623535, 85.64024353027344, 417.1495666503906, 258.6031667714816
WIN , 26547.40355682373, -48.865272521972656, 76.57418060302734, 8.819735400938116, 3010, 160.19288635253906, 199, 28, 718464.734916687, 72.7738037109375, 436.20458984375, 238.6926029623545
LOSS, 16236.559326171875, -24.161376953125, 55.4119873046875, 24.089850632302486, 674, 191.0, 355, 14, 186515.22148895264, 90.43431854248047, 416.82574462890625, 276.7288152655084
LOSS, 20647.65000152588, -34.99951171875, 58.664161682128906, 10.328989495510696, 1999, 209.6999969482422, 266, 19, 546227.2955169678, 89.71466064453125, 423.3675842285156, 273.25027289493136
WIN , 29834.0, -20.4913330078125, 71.376953125, 22.181412639405206, 1345, 207.0, 310, 31, 392120.206199646, 80.84484100341797, 434.0965881347656, 291.53918676553604
WIN , 28078.412925720215, -27.823402404785156, 72.29576110839844, 14.57861522623064, 1926, 178.1741485595703, 271, 32, 538409.1483078003, 92.32658386230469, 439.9278259277344, 279.54784439657334
LOSS, 7249.0, -18.841163635253906, 54.49073028564453, 24.244147157190636, 299, 207.0, 380, 4, 89914.75521850586, 152.97674560546875, 426.2628173828125, 300.718244877946
LOSS, 16190.0, -38.00048828125, 60.23505401611328, 2.6987831305217536, 5999, 205.0, 0, 29, 1279298.511680603, 68.43579864501953, 443.7012634277344, 213.25196060686832
LOSS, 23366.745849609375, -20.967002868652344, 60.257469177246094, 24.622492992212198, 949, 223.0, 336, 17, 290857.95238494873, 117.48307800292969, 460.2696533203125, 306.4888855478912
LOSS, 6822.3299560546875, -25.06048583984375, 52.791358947753906, 14.766947956828329, 462, 223.0, 369, 5, 127534.2054901123, 97.74495697021484, 454.8367004394531, 276.0480638314119
LOSS, 21044.450927734375, -36.0001220703125, 56.829444885253906, 20.080582946311427, 1048, 223.0, 330, 22, 307544.6051635742, 102.64755249023438, 450.1461181640625, 293.45859271333416
LOSS, 13655.7275390625, -34.984657287597656, 54.714256286621094, 12.75044588147759, 1071, 185.0, 328, 10, 315616.2195739746, 98.05066680908203, 446.1136169433594, 294.69301547523304
LOSS, 10736.409439086914, -25.06048583984375, 64.8757095336914, 28.25370905022872, 380, 201.39498901367188, 374, 7, 113751.77809906006, 106.01097869873047, 455.08917236328125, 299.3467844712107
LOSS, 25908.276123046875, -27.688743591308594, 59.940406799316406, 16.747431236617242, 1547, 207.0, 296, 20, 471693.0793685913, 113.6366958618164, 450.5615234375, 304.90826074246365
LOSS, 15581.90234375, -19.55767059326172, 54.080421447753906, 26.410003972457627, 590, 191.0, 360, 10, 185437.8116607666, 124.09072875976562, 464.2590026855469, 314.30137569621456
LOSS, 13904.808349609375, -16.58618927001953, 54.903785705566406, 31.53017766351332, 441, 175.0, 370, 9, 144720.62446594238, 157.9087371826172, 461.848876953125, 328.16468132866754
LOSS, 19648.805908203125, -29.109535217285156, 59.231788635253906, 20.17331202074243, 974, 207.0, 335, 18, 303356.2629623413, 126.5407943725586, 454.72442626953125, 311.45406874983706
LOSS, 4262.499328613281, -45.73371887207031, 59.2315673828125, 16.847823433254074, 253, 223.0, 383, 2, 72118.58584594727, 71.64393615722656, 468.72930908203125, 285.053698995839
LOSS, 4331.0, -34.554832458496094, 57.033607482910156, 18.045833333333334, 240, 223.0, 383, 4, 73410.62593078613, 117.41024780273438, 443.093505859375, 305.87760804494224
WIN , 29207.45249938965, -30.99951171875, 89.67739868164062, 18.615329827526864, 1569, 140.09500122070312, 295, 31, 464912.67138671875, 91.68767547607422, 455.9059753417969, 296.311454038699
LOSS, 2685.802444458008, -21.483543395996094, 45.931549072265625, 14.517851051124367, 185, 201.39498901367188, 387, 1, 61117.63131713867, 138.52328491210938, 442.6055908203125, 330.36557468723606
LOSS, 23218.5966796875, -44.999755859375, 57.28324890136719, 11.956023007048147, 1942, 191.0, 270, 15, 514913.62017059326, 75.49383544921875, 459.5819396972656, 265.1460454019533
LOSS, 13249.330200195312, -18.963623046875, 66.1135025024414, 27.431325466242882, 483, 207.0, 367, 16, 151044.88845825195, 118.44010925292969, 456.3902893066406, 312.7223363524885
LOSS, 15984.63525390625, -19.72021484375, 55.66062927246094, 20.625335811491937, 775, 223.0, 348, 14, 251990.41958618164, 168.56590270996094, 452.88848876953125, 325.1489284982989
LOSS, 26000.525146484375, -37.0, 57.255470275878906, 16.119358429314552, 1613, 223.0, 292, 25, 479124.60637664795, 82.13329315185547, 448.19659423828125, 297.0394335875065
LOSS, 12072.565795898438, -15.463035583496094, 58.637001037597656, 21.71324783434971, 556, 191.0, 362, 9, 180443.6906890869, 160.0702667236328, 468.1198425292969, 324.53901203073184
WIN , 29283.707305908203, -25.95734405517578, 83.84822845458984, 25.24457526371397, 1160, 167.58538818359375, 322, 24, 358108.4661331177, 91.36888122558594, 473.74139404296875, 308.71419494234283
LOSS, 11915.13232421875, -33.55632781982422, 61.152565002441406, 16.255296485973737, 733, 191.0, 351, 6, 212582.74904632568, 106.9718246459961, 462.9512939453125, 290.0173929690664
LOSS, 15195.13427734375, -32.391357421875, 62.811195373535156, 19.185775602706755, 792, 175.0, 347, 14, 256910.67960357666, 105.41008758544922, 501.95751953125, 324.3821712166372
LOSS, 18122.545654296875, -25.2093505859375, 54.989540100097656, 23.658675788899316, 766, 191.0, 348, 13, 240006.39903259277, 105.89064025878906, 458.3184814453125, 313.3242807214005
WIN , 27243.525505065918, -29.1141357421875, 66.45233154296875, 10.450144037232803, 2607, 147.94898986816406, 226, 24, 730296.0136795044, 88.58304595947266, 485.90228271484375, 280.1288890216741
LOSS, 23300.25927734375, -39.999755859375, 56.958839416503906, 21.04811136164747, 1107, 191.0, 326, 17, 347682.9196166992, 114.2927017211914, 462.5174560546875, 314.07671148753315
LOSS, 24944.360595703125, -38.0, 59.064552307128906, 16.38919881452242, 1522, 223.0, 298, 27, 435960.26962280273, 92.13096618652344, 461.6292419433594, 286.439073339555
LOSS, 7595.976806640625, -18.738441467285156, 50.68762969970703, 24.268296506839057, 313, 223.0, 379, 8, 100519.40528869629, 125.5545654296875, 471.74310302734375, 321.14825970829486
WIN , 29386.0, -44.77954864501953, 72.39896392822266, 16.55549295774648, 1775, 223.0, 281, 28, 544465.4073486328, 85.19147491455078, 459.4460144042969, 306.74107456261004
LOSS, 29706.559997558594, -34.99951171875, 58.238136291503906, 21.74711566439136, 1366, 191.8800048828125, 308, 13, 438558.7063140869, 123.90878295898438, 501.06103515625, 321.05322570577374
LOSS, 8536.937622070312, -13.880462646484375, 49.723121643066406, 25.869507945667614, 330, 207.0, 377, 4, 110404.73252868652, 157.25936889648438, 478.27532958984375, 334.55979554147433
WIN , 27770.753562927246, -43.999755859375, 78.20381927490234, 7.964081893583954, 3487, 173.4928741455078, 167, 37, 931986.996433258, 61.52766799926758, 484.95159912109375, 267.27473370612506
LOSS, 23345.0986328125, -26.59264373779297, 83.09854888916016, 16.04474132839347, 1455, 207.0, 302, 21, 439402.5746078491, 96.26170349121094, 519.5533447265625, 301.99489663769697
LOSS, 24762.252143859863, -22.402626037597656, 64.6333999633789, 20.931743147810536, 1183, 184.03575134277344, 321, 25, 367638.42877197266, 111.49298095703125, 478.1315612792969, 310.7679025967647
WIN , 29302.0, -35.0, 71.663818359375, 16.658328595793066, 1759, 191.0, 282, 30, 565692.7129364014, 130.18455505371094, 498.4108581542969, 321.5990408961918
WIN , 28880.0, -44.999755859375, 85.00244140625, 10.66469719350074, 2708, 175.0, 219, 21, 767069.0349197388, 99.95492553710938, 488.05731201171875, 283.2603526291502
LOSS, 15395.296875, -35.7916259765625, 58.42280578613281, 16.75222728509249, 919, 223.0, 338, 19, 280896.3402404785, 102.25245666503906, 480.7666015625, 305.6543419374086
LOSS, 11105.197631835938, -21.3397216796875, 52.227378845214844, 22.75655252425397, 488, 191.0, 367, 5, 166796.98823547363, 120.60054016113281, 472.4208068847656, 341.797107039905
LOSS, 19499.0, -20.779693603515625, 62.544166564941406, 15.574281150159745, 1252, 207.0, 316, 14, 387847.4072494507, 108.93699645996094, 465.673828125, 309.7822741609031
WIN , 30238.92911529541, -21.82921600341797, 83.56965637207031, 19.776932057093138, 1529, 157.1417694091797, 298, 29, 486435.4030456543, 107.58073425292969, 489.4248962402344, 318.1395703372494
LOSS, 10340.874572753906, -26.34002685546875, 56.784568786621094, 20.236545152160286, 511, 191.8800048828125, 365, 12, 159961.13034057617, 130.34674072265625, 461.4690856933594, 313.03548011854434
LOSS, 19002.524673461914, -30.438011169433594, 53.148414611816406, 16.367376979726025, 1161, 185.39498901367188, 322, 16, 370073.483001709, 147.64935302734375, 471.0693664550781, 318.7540766595254
WIN , 29096.65000152588, -26.061172485351562, 82.1114273071289, 18.663662605212238, 1559, 161.6999969482422, 296, 33, 496127.28929138184, 101.80487823486328, 487.266845703125, 318.23431000088635
LOSS, 16094.600486755371, -29.99993896484375, 52.751075744628906, 17.823477836938395, 903, 201.8000030517578, 339, 21, 266694.8601913452, 90.60630798339844, 463.56005859375, 295.34314528388177
LOSS, 17528.50146484375, -38.010231018066406, 52.578346252441406, 9.521184934733162, 1841, 191.0, 277, 15, 536166.2758178711, 91.2240219116211, 481.64288330078125, 291.2364344475128
LOSS, 23433.689453125, -39.0, 62.882896423339844, 16.421646428258583, 1427, 191.0, 304, 18, 455253.43982696533, 117.63602447509766, 501.9621887207031, 319.02833905183275
LOSS, 18026.60986328125, -20.206146240234375, 57.065635681152344, 21.562930458470394, 836, 207.0, 344, 12, 276718.1937637329, 120.7676010131836, 487.0968322753906, 331.00262411929776
LOSS, 13614.484619140625, -39.0, 57.84856414794922, 18.624465963256668, 731, 207.0, 351, 11, 231609.10638427734, 140.5693359375, 475.6832580566406, 316.8387228239088
WIN , 28988.83213043213, -37.807373046875, 61.272789001464844, 16.470927346836437, 1760, 197.3357391357422, 282, 31, 566900.5999984741, 88.5567626953125, 477.7984313964844, 322.10261363549665
LOSS, 26165.55487060547, -34.18101501464844, 53.06147766113281, 9.422237980052383, 2777, 186.4561767578125, 214, 19, 739623.1994342804, 24.837385177612305, 478.543212890625, 266.33892669581576
LOSS, 10297.0, -21.34002685546875, 52.624122619628906, 20.39009900990099, 505, 191.0, 366, 5, 173430.60763549805, 152.6273956298828, 477.4192199707031, 343.4269458128674
WIN , 30032.0, -40.999755859375, 81.099853515625, 15.528438469493278, 1934, 191.0, 271, 21, 604982.2974319458, 72.21217346191406, 496.7396545410156, 312.81401108166796
LOSS, 26289.742431640625, -48.690162658691406, 57.84111022949219, 10.868020848135851, 2419, 175.0, 238, 22, 673181.1502304077, 71.0398178100586, 488.45452880859375, 278.2890244854931
LOSS, 15814.00048828125, -39.0, 62.321998596191406, 21.141711882728945, 748, 223.0, 350, 10, 243497.41304016113, 97.20438385009766, 521.2057495117188, 325.5313008558304
LOSS, 9169.805908203125, -17.7850341796875, 53.55200958251953, 23.512322841546474, 390, 175.0, 373, 4, 136498.08122253418, 147.31089782714844, 475.0406799316406, 349.99508005777994
LOSS, 11589.451904296875, -22.569808959960938, 54.515602111816406, 23.318816708846832, 497, 175.0, 366, 8, 168736.4055480957, 160.3874053955078, 472.4497375488281, 339.5098703181
LOSS, 20702.97265625, -23.881591796875, 64.1338119506836, 27.027379446801568, 766, 223.0, 348, 19, 260860.14253234863, 95.65870666503906, 507.08599853515625, 340.54848894562485
LOSS, 21543.949996948242, -24.577587127685547, 61.51969909667969, 22.60645330214926, 953, 177.10000610351562, 336, 21, 329985.93646240234, 108.40516662597656, 482.08953857421875, 346.26016417880624
WIN , 29154.0, -30.24755859375, 59.129310607910156, 12.917146654851573, 2257, 207.0, 249, 30, 718998.8346138, 49.81515884399414, 486.3934326171875, 318.563949762428
LOSS, 15436.324462890625, -21.715919494628906, 64.4087905883789, 18.64290394068916, 828, 175.0, 344, 11, 280399.37927246094, 115.74905395507812, 472.1608581542969, 338.6465933242282
LOSS, 11907.467407226562, -26.092529296875, 59.9843864440918, 17.640692455150464, 675, 207.0, 354, 9, 219389.53749084473, 131.82984924316406, 483.7856750488281, 325.0215370234737
LOSS, 16497.59999847412, -38.9998779296875, 57.142555236816406, 15.303896102480632, 1078, 169.8000030517578, 328, 9, 362971.88400268555, 140.0291290283203, 489.8270568847656, 336.70861224738917
LOSS, 5740.094482421875, -39.0, 52.58368682861328, 19.133648274739585, 300, 191.0, 379, 2, 103958.65971374512, 144.433349609375, 515.2559204101562, 346.5288657124837
LOSS, 12849.572006225586, -21.3397216796875, 60.727149963378906, 18.252232963388618, 704, 158.38040161132812, 353, 14, 223955.94347381592, 113.02518463134766, 465.7914123535156, 318.1192378889431
WIN , 29228.65000152588, -48.690162658691406, 91.3875503540039, 15.588613334147135, 1875, 177.6999969482422, 274, 29, 605472.3815612793, 87.8297119140625, 478.2237243652344, 322.91860349934893
LOSS, 20402.20068359375, -23.96783447265625, 61.063453674316406, 18.63214674300799, 1095, 207.0, 326, 23, 371294.875579834, 102.312744140625, 474.1089172363281, 339.0820781550995
WIN , 28860.753562927246, -39.0, 69.75899505615234, 15.668161543391555, 1842, 173.4928741455078, 277, 38, 581548.7360076904, 100.33759307861328, 493.646728515625, 315.7159261713846
LOSS, 11581.0, -33.000244140625, 53.814918518066406, 18.892332789559543, 613, 223.0, 359, 12, 204810.66766357422, 150.53993225097656, 493.2657470703125, 334.1120190270379
LOSS, 6908.3138427734375, -33.000244140625, 56.44477844238281, 19.96622497911398, 346, 223.0, 376, 7, 113459.5054321289, 147.7450408935547, 482.2142028808594, 327.917645757598
LOSS, -8535.743827819824, -22.329872131347656, 46.85813903808594, -1.422861114822441, 5999, 227.82737731933594, 0, 6, 1090375.511768341, 57.8095588684082, 468.2835388183594, 181.75954521892666
WIN , 29256.0, -19.022918701171875, 59.925758361816406, 21.93103448275862, 1334, 223.0, 311, 23, 452687.91328430176, 151.85931396484375, 501.3848571777344, 339.3462618323102
WIN , 27918.65000152588, -48.690162658691406, 93.4493179321289, 8.0133897822979, 3484, 177.6999969482422, 167, 37, 1018465.4634780884, 85.7287368774414, 495.724853515625, 292.32648205456036
WIN , 28532.0, -27.1043701171875, 74.59028625488281, 17.788029925187033, 1604, 191.0, 293, 34, 536915.1008377075, 123.68672180175781, 498.1091003417969, 334.735100272885
WIN , 29250.0, -21.34033203125, 84.295654296875, 20.41172365666434, 1433, 175.0, 304, 34, 486576.46795654297, 124.41561889648438, 491.2730407714844, 339.55091971845286
LOSS, 22464.48236846924, -34.99951171875, 57.991233825683594, 17.577842228849168, 1278, 184.03575134277344, 314, 18, 430326.8232040405, 108.5772476196289, 492.7571105957031, 336.71895399377195
LOSS, 9343.351684570312, -17.90093994140625, 53.28125, 21.18673851376488, 441, 223.0, 370, 7, 151634.2218170166, 161.28466796875, 487.5461730957031, 343.841772827702
LOSS, 12182.53759765625, -33.000244140625, 55.096946716308594, 25.433272646463987, 479, 207.0, 368, 12, 159228.659324646, 87.24920654296875, 476.7753601074219, 332.4189129950856
LOSS, 21440.707305908203, -29.81298828125, 58.426246643066406, 17.53124064260687, 1223, 183.58538818359375, 318, 22, 391467.6957473755, 96.17036437988281, 510.9720153808594, 320.08805866506583
WIN , 29545.525505065918, -24.235107421875, 87.04681396484375, 16.450738031773895, 1796, 163.94898986816406, 280, 32, 583724.3051605225, 90.16532897949219, 491.842529296875, 325.0135329401573
LOSS, 21900.678466796875, -20.002357482910156, 63.438941955566406, 21.22158766162488, 1032, 207.0, 331, 16, 358974.95001220703, 146.90464782714844, 485.67254638671875, 347.8439438102781
LOSS, 18037.468017578125, -39.0, 59.23942565917969, 17.064775797141085, 1057, 207.0, 329, 22, 340354.38764190674, 115.76826477050781, 498.61151123046875, 322.00036673784933
LOSS, 15285.733833312988, -39.25, 55.3717041015625, 2.5480469800488397, 5999, 213.00987243652344, 0, 31, 1409095.8926963806, 63.490596771240234, 495.3822937011719, 234.8884635266512
WIN , 29106.65000152588, -28.986679077148438, 95.0936050415039, 23.473104839940223, 1240, 161.6999969482422, 317, 21, 428879.9288711548, 113.22505950927734, 487.0209045410156, 345.87091037996356
WIN , 28332.0, -37.9998779296875, 84.2333984375, 15.215896885069817, 1862, 191.0, 275, 27, 573425.2898406982, 116.7325439453125, 481.0701904296875, 307.96202461906455
LOSS, 9659.629150390625, -17.30865478515625, 59.569244384765625, 19.280696906967314, 501, 223.0, 366, 4, 176619.6639404297, 220.95591735839844, 482.2513427734375, 352.5342593621351
LOSS, 13988.57080078125, -21.34002685546875, 55.019142150878906, 17.485713500976562, 800, 223.0, 346, 9, 260856.68771362305, 143.5830841064453, 485.010009765625, 326.07085964202884
LOSS, 15711.0, -19.724143981933594, 63.322364807128906, 19.206601466992666, 818, 223.0, 345, 14, 250301.83056640625, 113.1590576171875, 481.15423583984375, 305.9924579051421
LOSS, 7241.49560546875, -16.7203369140625, 52.367774963378906, 25.31991470443619, 286, 223.0, 380, 4, 97175.8140411377, 160.77883911132812, 484.284912109375, 339.7755735704115
WIN , 28576.753562927246, -44.999755859375, 70.88082122802734, 15.103992369411865, 1892, 221.4928741455078, 273, 22, 569113.6658592224, 61.30129623413086, 487.9862365722656, 300.8000348093142
LOSS, 7237.30012512207, -29.857177734375, 55.05406951904297, 1.9677270595764194, 3678, 164.39999389648438, 154, 11, 745549.3064193726, 35.7326545715332, 495.2074890136719, 202.70508603028074
LOSS, 8749.742309570312, -27.175086975097656, 57.92961120605469, 7.608471573539402, 1150, 191.0, 323, 3, 359962.88887023926, 143.2675323486328, 495.5411682128906, 313.0112077132515
LOSS, 11010.375732421875, -21.244346618652344, 63.52307891845703, 16.581891163285956, 664, 207.0, 355, 12, 199006.77949523926, 139.19956970214844, 471.4100036621094, 299.70900526391455
LOSS, 9645.2529296875, -39.0, 57.018890380859375, 21.871321836026077, 441, 223.0, 370, 11, 145665.91055297852, 140.21449279785156, 466.84747314453125, 330.3081871949626
LOSS, 13425.021118164062, -38.0, 60.36491394042969, 26.017482787139656, 516, 207.0, 365, 10, 171447.9393310547, 121.40057373046875, 475.84661865234375, 332.26344831599744
WIN , 28371.25050354004, -32.684326171875, 79.72757720947266, 21.28375881735937, 1333, 132.49899291992188, 311, 28, 450286.99713134766, 129.92166137695312, 484.9936218261719, 337.799697772954
LOSS, 13241.0, -17.66242218017578, 59.063331604003906, 23.435398230088495, 565, 223.0, 362, 11, 186942.49490356445, 129.6358642578125, 465.0362548828125, 330.8716723956893
LOSS, 14693.07275390625, -21.426780700683594, 55.56663513183594, 18.072660213906826, 813, 223.0, 345, 15, 252940.63671875, 79.16132354736328, 496.4009094238281, 311.12009436500614
WIN , 28903.13641357422, -29.969398498535156, 61.48735046386719, 18.977765209175455, 1523, 188.7271728515625, 298, 33, 485210.40005493164, 71.81905364990234, 481.21148681640625, 318.5885752166327
WIN , 29930.65000152588, -32.74668884277344, 89.1963882446289, 15.621424844220188, 1916, 193.6999969482422, 272, 33, 602146.6932983398, 97.97734069824219, 477.752197265625, 314.2728044354592
LOSS, 23988.542236328125, -34.7686767578125, 56.364356994628906, 21.514387655899665, 1115, 207.0, 325, 24, 381360.1011199951, 138.71420288085938, 485.43603515625, 342.026996520175
LOSS, 8808.607421875, -26.092605590820312, 56.270652770996094, 20.203228031823393, 436, 223.0, 370, 11, 144567.06936645508, 137.22377014160156, 484.288330078125, 331.57584717076855
WIN , 28407.05731201172, -34.76318359375, 73.94344329833984, 20.24736800571042, 1403, 180.8853759765625, 306, 15, 442946.8412666321, 52.88362503051758, 482.9778747558594, 315.71407075312334
WIN , 29380.0, -26.092529296875, 82.021484375, 20.632022471910112, 1424, 175.0, 305, 35, 470037.5389099121, 137.8262939453125, 476.2125244140625, 330.0825413693203
LOSS, 10284.312377929688, -21.21160888671875, 54.5159912109375, 16.044169076333365, 641, 223.0, 357, 6, 197678.2202758789, 99.08596801757812, 480.80023193359375, 308.39035924474086
LOSS, 15532.053466796875, -26.092529296875, 62.072044372558594, 17.852935019306752, 870, 223.0, 341, 11, 286122.6941757202, 73.72429656982422, 476.6446228027344, 328.8766599720922
LOSS, 21917.517578125, -25.414955139160156, 55.526954650878906, 21.851961693045862, 1003, 191.0, 333, 14, 334292.25423431396, 67.77017974853516, 481.48309326171875, 333.2923771030049
LOSS, 16921.857666015625, -26.0574951171875, 57.349464416503906, 19.791646393000732, 855, 207.0, 342, 15, 272367.5840911865, 106.23944854736328, 469.8462219238281, 318.5585778844287
WIN , 28710.256912231445, -20.332557678222656, 83.91926574707031, 19.359579846413652, 1483, 174.48617553710938, 301, 21, 473535.98289489746, 98.54205322265625, 486.0715026855469, 319.3094962204298
LOSS, 16615.77294921875, -32.412109375, 55.006324768066406, 26.00277456841745, 639, 223.0, 357, 11, 207727.6109085083, 102.32273864746094, 482.09783935546875, 325.08233319015386
LOSS, -7965.585021972656, -28.344764709472656, 53.024513244628906, -1.3278188067965755, 5999, 227.60498046875, 0, 5, 951868.3673362732, 18.437326431274414, 471.7894592285156, 158.671173084893
WIN , 28606.0, -26.002418518066406, 77.27783203125, 23.013676588897827, 1243, 223.0, 317, 24, 409520.866317749, 122.99993896484375, 477.1346740722656, 329.46167845353904
LOSS, 14636.635986328125, -26.54389190673828, 63.167640686035156, 20.050186282641267, 730, 223.0, 351, 19, 220040.23819732666, 107.15414428710938, 473.83111572265625, 301.4249838319543
WIN , 28601.482124328613, -41.9998779296875, 90.9798355102539, 12.517060010647096, 2285, 152.03575134277344, 247, 35, 666193.4344215393, 51.55657958984375, 481.67535400390625, 291.55073716478745
LOSS, 11079.64892578125, -36.0001220703125, 55.746681213378906, 21.896539379014328, 506, 191.0, 366, 7, 160476.58309936523, 100.40547180175781, 490.3493957519531, 317.14739742957556
LOSS, 21358.62158203125, -39.0, 58.382789611816406, 17.449854233685663, 1224, 207.0, 318, 19, 388529.82970428467, 113.97344207763672, 493.32867431640625, 317.4263314577489
LOSS, 12723.982177734375, -34.0869140625, 61.726905822753906, 19.047877511578406, 668, 223.0, 355, 13, 223392.81410980225, 127.47652435302734, 466.42584228515625, 334.4203804038956
LOSS, 9282.856952667236, -18.57758331298828, 57.58354187011719, 28.91855748494466, 321, 127.62349700927734, 378, 9, 106165.57461547852, 127.9334716796875, 494.0957946777344, 330.73387730678667
LOSS, 15410.669189453125, -23.743637084960938, 56.33232116699219, 26.66205742119918, 578, 223.0, 361, 12, 196123.22317504883, 157.4772186279297, 491.7798156738281, 339.31353490492876
LOSS, 23664.135498046875, -33.4405517578125, 62.41508483886719, 17.260492704629378, 1371, 207.0, 308, 23, 449995.77753448486, 107.24856567382812, 470.731201171875, 328.2244912724178
LOSS, 18729.0, -21.268531799316406, 60.19282531738281, 20.03101604278075, 935, 207.0, 337, 14, 300146.10192108154, 106.92991638183594, 479.59820556640625, 321.01187371238666
LOSS, 12628.058715820312, -32.497581481933594, 54.247657775878906, 16.725905583867963, 755, 223.0, 349, 15, 238957.9882659912, 125.51616668701172, 496.3290710449219, 316.50064670992214
LOSS, 8560.4990234375, -37.0, 56.50230407714844, 14.149585162706611, 605, 207.0, 359, 9, 171047.4469680786, 90.1833724975586, 472.14324951171875, 282.7230528397994
WIN , 28409.0, -23.353824615478516, 80.45219421386719, 20.133947554925584, 1411, 137.0, 305, 32, 445537.26277923584, 102.04207611083984, 497.8897705078125, 315.75993109797014
LOSS, 24350.815185546875, -21.46303939819336, 60.492774963378906, 22.58888236136074, 1078, 207.0, 328, 23, 354354.840423584, 129.73512268066406, 477.64459228515625, 328.715065328
WIN , 28822.0, -28.378822326660156, 71.11083984375, 16.612103746397693, 1735, 191.0, 284, 21, 518172.9730682373, 84.53446197509766, 489.8622741699219, 298.65877410273043
LOSS, 17211.818256378174, -39.0, 60.911476135253906, 16.131038665771484, 1067, 106.30001068115234, 328, 15, 319017.86669921875, 122.07308959960938, 463.7020568847656, 298.98581696271674
WIN , 29126.256912231445, -40.00048828125, 72.95246887207031, 22.701681147491385, 1283, 142.48617553710938, 314, 25, 409448.2449874878, 118.55970764160156, 487.68780517578125, 319.1334723207231
LOSS, 7559.46435546875, -18.722938537597656, 45.988380432128906, 21.174970183385856, 357, 223.0, 376, 4, 116742.42869567871, 157.70018005371094, 461.6042175292969, 327.00960418957624
LOSS, 14170.270629882812, -20.40331268310547, 54.619056701660156, 25.532019152942006, 555, 223.0, 362, 7, 180780.0108795166, 133.3807830810547, 460.1228332519531, 325.72974933246235
WIN , 20190.0, -57.57768249511719, 69.329833984375, 3.5021682567215957, 5765, 175.0, 15, 24, 1092740.7902107239, 18.79840660095215, 494.9275207519531, 189.54740506690788
LOSS, 19281.65625, -25.770263671875, 60.523292541503906, 24.13223560700876, 799, 207.0, 346, 19, 259027.15310668945, 117.8032455444336, 462.4273986816406, 324.1891778556814
WIN , 25512.0, -51.90784454345703, 85.3102798461914, 5.9468531468531465, 4290, 191.0, 113, 36, 1048586.4149665833, 37.49616622924805, 490.58526611328125, 244.4257377544483
WIN , 28062.0, -43.999755859375, 88.428955078125, 15.581343697945586, 1801, 191.0, 279, 31, 531105.1458129883, 88.36390686035156, 478.3293762207031, 294.8945840160957
LOSS, 7826.0262451171875, -13.502273559570312, 56.775123596191406, 36.23160298665365, 216, 223.0, 385, 8, 74165.65391540527, 192.1439971923828, 485.2729187011719, 343.359508867617
LOSS, 21930.65048980713, -18.79694366455078, 63.283302307128906, 24.668898188759425, 889, 209.6999969482422, 340, 17, 294025.9642486572, 140.44496154785156, 483.49176025390625, 330.7378675462961
LOSS, 15841.0, -43.020606994628906, 57.614356994628906, 20.653194263363755, 767, 223.0, 348, 10, 246238.1748046875, 91.02786254882812, 499.99615478515625, 321.04064511693286
WIN , 28820.92911529541, -39.0, 67.89460754394531, 21.604894389276918, 1334, 173.1417694091797, 311, 26, 429125.20289611816, 101.4673080444336, 474.5130615234375, 321.6830606417677
WIN , 28453.0, -20.662147521972656, 76.28227233886719, 28.31144278606965, 1005, 169.0, 332, 28, 336924.6644821167, 122.34422302246094, 488.78411865234375, 335.24842237026536
WIN , 27741.45249938965, -20.002967834472656, 65.5086441040039, 20.858234961947105, 1330, 172.09500122070312, 311, 34, 409340.7999305725, 63.9398307800293, 478.6803283691406, 307.77503754178383
WIN , 27725.897872924805, -21.34033203125, 79.6522445678711, 23.556412806223282, 1177, 183.20425415039062, 321, 24, 381589.13371276855, 136.68405151367188, 481.6611022949219, 324.2048714636946
LOSS, 13700.204406738281, -18.72193145751953, 56.228248596191406, 27.23698689212382, 503, 191.8800048828125, 366, 17, 165015.40239715576, 118.5038833618164, 462.3696594238281, 328.06243021303334
WIN , 21917.300003051758, -38.530029296875, 92.5191421508789, 4.768777198227101, 4596, 180.39999389648438, 93, 30, 1027220.3079528809, 53.6623420715332, 496.91424560546875, 223.5031131316103
LOSS, 18309.287353515625, -26.868270874023438, 54.931640625, 20.1644133849291, 908, 223.0, 339, 10, 297872.6491088867, 137.06883239746094, 506.2754821777344, 328.05357831375187
WIN , 28235.724082946777, -25.0250244140625, 81.5705795288086, 29.597195055499768, 954, 183.5518341064453, 336, 20, 318323.82258605957, 117.53173828125, 471.5386657714844, 333.67277000635175
LOSS, 26752.1953125, -23.718719482421875, 62.180397033691406, 25.502569411344137, 1049, 191.0, 330, 22, 348159.4502105713, 126.19534301757812, 480.4877014160156, 331.89652069644546
WIN , 29141.13641357422, -23.774169921875, 80.537109375, 20.125094208269488, 1448, 172.7271728515625, 303, 27, 470999.2032775879, 113.94072723388672, 518.9989624023438, 325.2756928712624
LOSS, 10783.241432189941, -26.3287353515625, 57.6275634765625, 19.01806249063482, 567, 209.6999969482422, 362, 12, 168099.7822113037, 115.2327651977539, 470.2669372558594, 296.4722790322817
LOSS, 6093.8218994140625, -16.7203369140625, 57.9049072265625, 23.437776536207934, 260, 186.447998046875, 382, 6, 82137.66186523438, 140.3874053955078, 470.34814453125, 315.9140840970553
WIN , 28150.55767059326, -25.405624389648438, 61.29096221923828, 26.886874565991654, 1047, 213.88465881347656, 330, 24, 346775.35485839844, 111.75101470947266, 482.7765197753906, 331.2085528733509
LOSS, -10424.827186584473, -34.18101501464844, 51.76445007324219, -1.7377608245681735, 5999, 229.2417755126953, 0, 8, 852380.5666065216, 15.18794059753418, 478.3904113769531, 142.08710895257903
LOSS, 14234.00048828125, -18.6700439453125, 64.93399810791016, 21.181548345656623, 672, 223.0, 355, 8, 216331.78216552734, 116.91759490966797, 476.1763916015625, 321.9222948891776
WIN , 27542.0, -43.350196838378906, 84.30492401123047, 12.651355075792376, 2177, 191.0, 254, 34, 599520.009475708, 64.07544708251953, 476.0504150390625, 275.3881531813082
LOSS, 16870.2041015625, -41.9998779296875, 56.025001525878906, 12.180652780911553, 1385, 223.0, 307, 18, 353744.21466064453, 76.55897521972656, 484.8139343261719, 255.41098531454477
LOSS, 21380.726806640625, -42.00048828125, 63.079750061035156, 21.839353224352017, 979, 191.0, 334, 19, 325564.71098327637, 137.22386169433594, 482.7020263671875, 332.5482236805683
LOSS, 21161.748291015625, -20.332557678222656, 55.4266357421875, 26.22273642009371, 807, 223.0, 346, 14, 267868.8564300537, 136.63592529296875, 492.56341552734375, 331.93166843872825
WIN , 29485.786407470703, -25.27587890625, 78.13232421875, 17.43689320370828, 1691, 143.42718505859375, 287, 28, 513326.4288253784, 101.8283920288086, 476.5325012207031, 303.5638254437483
LOSS, 9668.324340820312, -18.65074920654297, 53.732521057128906, 24.17081085205078, 400, 127.0, 373, 8, 136168.2389678955, 151.43264770507812, 483.7996826171875, 340.4205974197388
LOSS, 11883.249755859375, -20.32947540283203, 58.075172424316406, 25.66576621135934, 463, 223.0, 369, 7, 158793.79838562012, 179.92478942871094, 471.085693359375, 342.9671671395683
LOSS, 22836.66357421875, -19.422996520996094, 63.587867736816406, 20.9126955807864, 1092, 207.0, 327, 25, 353376.1043930054, 87.862060546875, 492.8424377441406, 323.6044912023859
WIN , 28292.491676330566, -30.322265625, 62.37876892089844, 21.58084796058777, 1311, 170.0166473388672, 312, 15, 440499.0407104492, 137.73275756835938, 487.32098388671875, 336.0023193824937
LOSS, 27386.25537109375, -28.825439453125, 64.6333999633789, 20.06319074805403, 1365, 191.0, 308, 36, 438361.71424102783, 73.92837524414062, 496.587646484375, 321.14411299708996
LOSS, 15108.888427734375, -19.72021484375, 53.985443115234375, 24.809340603833128, 609, 191.0, 359, 14, 207062.58416748047, 88.96698760986328, 481.7975158691406, 340.00424329635547
LOSS, 21935.40673828125, -26.092529296875, 56.45118713378906, 16.605152716337056, 1321, 223.0, 311, 21, 409872.616897583, 102.7341079711914, 476.356201171875, 310.2745018149758
LOSS, 8734.872314453125, -17.662269592285156, 55.217811584472656, 22.80645512912043, 383, 191.0, 374, 4, 125583.41870117188, 128.63746643066406, 468.06536865234375, 327.8940436061929
WIN , 29401.44598388672, -22.716445922851562, 84.5044937133789, 21.618710282269646, 1360, 172.1080322265625, 309, 30, 461465.92429351807, 113.45978546142578, 485.4595642089844, 339.3131796275868
LOSS, 10079.665229797363, -46.825340270996094, 69.4811019897461, 1.6802242423399505, 5999, 197.00987243652344, 0, 28, 1507224.7283706665, 86.17040252685547, 494.7802734375, 251.24599572773238
LOSS, 22489.82177734375, -29.81298828125, 68.1111831665039, 15.013232161110647, 1498, 175.0, 300, 24, 449266.05952453613, 98.1427001953125, 482.98822021484375, 299.91058713253415
WIN , 28404.0, -32.652587890625, 61.698829650878906, 19.89075630252101, 1428, 207.0, 304, 30, 457557.33519744873, 105.39136505126953, 498.8251037597656, 320.4183019589977
LOSS, 20096.244140625, -26.092529296875, 62.462379455566406, 25.89722183070232, 776, 223.0, 348, 12, 256278.44242095947, 78.8428955078125, 491.7525634765625, 330.25572476927766
LOSS, -6978.393089294434, -32.113197326660156, 55.446693420410156, -1.1632593914476468, 5999, 233.1259002685547, 0, 4, 852673.4211559296, 16.652891159057617, 456.1622619628906, 142.13592618035165
LOSS, 26923.326904296875, -24.705970764160156, 59.125587463378906, 20.74216248404998, 1298, 191.0, 313, 24, 426869.0238494873, 137.93032836914062, 477.3755187988281, 328.8667364017622
WIN , 27661.13641357422, -44.999755859375, 73.201904296875, 15.680916334225747, 1764, 172.7271728515625, 282, 35, 545444.8488082886, 85.4562759399414, 480.3844299316406, 309.2090979638824
WIN , 29069.40355682373, -45.690284729003906, 83.65181732177734, 15.372503202973945, 1891, 176.19288635253906, 273, 34, 550680.6575622559, 75.65313720703125, 513.9739379882812, 291.2113472037313
LOSS, 7935.315406799316, -15.670013427734375, 56.497718811035156, 36.069615485451436, 220, 209.6999969482422, 385, 11, 74116.27983093262, 168.66697692871094, 492.5146179199219, 336.8921810496937
LOSS, 9868.13720703125, -16.39044189453125, 57.250892639160156, 26.81559023649796, 368, 175.0, 375, 2, 127974.16116333008, 165.24578857421875, 470.7904357910156, 347.75587272644043
LOSS, 7801.0, -14.662391662597656, 52.54939270019531, 27.371929824561402, 285, 223.0, 380, 4, 93034.47705078125, 180.40966796875, 474.71533203125, 326.4367615816886
LOSS, 7070.368408203125, -13.866928100585938, 57.900917053222656, 31.705687929161996, 223, 207.0, 385, 6, 77211.27850341797, 182.2582550048828, 467.6438903808594, 346.23891705568593
LOSS, 21040.65048980713, -28.737648010253906, 62.210289001464844, 16.99567890937571, 1238, 209.6999969482422, 317, 23, 400086.40142822266, 95.50410461425781, 492.0640563964844, 323.17156819727194
WIN , 28784.802505493164, -21.34033203125, 88.12711334228516, 19.38370539090449, 1485, 185.39498901367188, 300, 29, 481831.88301849365, 100.49378967285156, 492.6386413574219, 324.46591449056814
LOSS, 6185.5028076171875, -26.03485107421875, 57.139892578125, 15.942017545405122, 388, 191.0, 374, 5, 119839.34351348877, 105.280517578125, 461.27960205078125, 308.8642874058989
LOSS, 22315.91796875, -26.092529296875, 53.750244140625, 26.409370377218934, 845, 175.0, 343, 18, 274631.37368774414, 94.65296936035156, 490.31732177734375, 325.0075428257327
WIN , 29359.415954589844, -41.181739807128906, 65.1748046875, 14.135491552522794, 2077, 196.1680908203125, 261, 36, 562241.7342605591, 43.48212432861328, 484.67047119140625, 270.6989572751849
LOSS, 20735.7822265625, -23.3177490234375, 58.86199188232422, 21.64486662480428, 958, 207.0, 336, 21, 321888.8006134033, 114.01553344726562, 473.65814208984375, 336.0008357133646
LOSS, 22919.57861328125, -27.061622619628906, 62.841407775878906, 21.10458435845419, 1086, 207.0, 327, 19, 347307.418548584, 88.29080200195312, 485.5025329589844, 319.8042528071676
WIN , 27612.0, -27.061622619628906, 80.37109375, 21.914285714285715, 1260, 191.0, 315, 29, 401546.27896881104, 47.64105987548828, 482.1082458496094, 318.68752299111986
LOSS, 27812.778564453125, -22.447425842285156, 59.473487854003906, 19.44949549961757, 1430, 223.0, 304, 32, 482797.2091598511, 105.93977355957031, 489.0447082519531, 337.62042598590983
LOSS, 16932.868408203125, -21.34002685546875, 58.75885009765625, 21.034619140625, 805, 207.0, 346, 20, 259449.95139312744, 99.11161041259766, 498.1878356933594, 322.29807626475457
WIN , 29737.75, -23.509300231933594, 73.135009765625, 22.077023014105418, 1347, 159.5, 310, 28, 452545.9674835205, 137.12384033203125, 485.125244140625, 335.9658258971941
WIN , 28179.75, -21.804588317871094, 86.545654296875, 17.971779336734695, 1568, 175.5, 295, 28, 482037.1036605835, 68.41766357421875, 503.10455322265625, 307.421622232515
LOSS, -7455.304061889648, -25.642433166503906, 47.47565460205078, -1.2427578032821551, 5999, 203.39498901367188, 0, 6, 843949.2849311829, 23.103071212768555, 447.52117919921875, 140.6816610987136
LOSS, 9059.863037109375, -15.463035583496094, 52.81608581542969, 26.804328512157912, 338, 207.0, 377, 5, 118214.33624267578, 143.47093200683594, 489.80712890625, 349.74655693099345
WIN , 27202.0, -44.999755859375, 87.01904296875, 10.588555858310627, 2569, 191.0, 228, 36, 670380.3077468872, 35.68824005126953, 487.8807678222656, 260.94990570139635
WIN , 27763.79694366455, -43.019996643066406, 90.9798355102539, 20.414556576223934, 1360, 167.40611267089844, 309, 24, 419531.86669158936, 34.80118942260742, 509.35113525390625, 308.4793137438157
LOSS, 20516.114990234375, -20.35790252685547, 61.816307067871094, 29.3927148857226, 698, 191.0, 353, 15, 232687.13729858398, 127.34719848632812, 504.6821594238281, 333.36266088622347
LOSS, 6248.2918701171875, -12.6123046875, 61.954566955566406, 34.143671421405394, 183, 223.0, 387, 5, 66602.76379394531, 209.9258575439453, 463.1603698730469, 363.9495289286629
LOSS, 18314.697509765625, -19.751060485839844, 61.301795959472656, 23.972117159379092, 764, 223.0, 349, 11, 251826.521194458, 101.5570068359375, 483.085205078125, 329.61586543777224
LOSS, 9895.40185546875, -18.77500343322754, 61.477577209472656, 36.24689324347528, 273, 223.0, 381, 7, 92626.67315673828, 160.75404357910156, 469.681640625, 339.2918430649754
LOSS, 16481.870361328125, -41.999755859375, 57.325660705566406, 19.73876689979416, 835, 223.0, 344, 10, 274890.74073028564, 72.01013946533203, 497.4653625488281, 329.21046794046185
WIN , 28555.525505065918, -19.548141479492188, 84.08538818359375, 20.067129659217088, 1423, 163.94898986816406, 305, 28, 470055.595451355, 108.58493041992188, 486.7995910644531, 330.3271928681342
WIN , 28637.25, -21.462791442871094, 61.807472229003906, 26.17664533820841, 1094, 140.5, 327, 27, 373117.8129272461, 134.85594177246094, 481.2832336425781, 341.05832991521584
LOSS, 10490.81689453125, -20.332252502441406, 57.651283264160156, 22.32088700964096, 470, 223.0, 368, 11, 148764.69989013672, 126.65849304199219, 481.9565124511719, 316.5206380641207
LOSS, 15730.938621520996, -25.372314453125, 60.967864990234375, 22.063027519664793, 713, 169.8000030517578, 352, 17, 233831.32517433167, 29.63364601135254, 483.3118896484375, 327.95417275502336
WIN , 28246.65000152588, -38.0, 91.5450210571289, 23.0021579816986, 1228, 161.6999969482422, 318, 20, 405144.21168518066, 131.9458770751953, 484.9765625, 329.9219964863035
WIN , 28572.0, -23.930564880371094, 81.80908203125, 23.381342062193127, 1222, 191.0, 318, 22, 400997.7759628296, 73.12264251708984, 480.24285888671875, 328.1487528337394
WIN , 29132.0, -32.0001220703125, 59.547950744628906, 16.202447163515018, 1798, 191.0, 280, 28, 577454.885635376, 79.08042907714844, 471.5457763671875, 321.1651199306874
WIN , 29077.415954589844, -20.662147521972656, 61.550537109375, 24.27163268329703, 1198, 180.1680908203125, 320, 33, 387997.6164779663, 89.84396362304688, 473.33428955078125, 323.8711322854477
WIN , 28420.0, -23.002235412597656, 82.2607421875, 21.661585365853657, 1312, 175.0, 312, 27, 410077.1802749634, 86.51318359375, 479.6773681640625, 312.55882642908796
LOSS, 26629.897216796875, -17.35771942138672, 55.395408630371094, 24.43109836403383, 1090, 207.0, 327, 20, 364222.28495788574, 122.22953796386719, 485.5901184082031, 334.148885282464
LOSS, 16276.9375, -44.999755859375, 58.128273010253906, 20.814498081841432, 782, 223.0, 347, 14, 257136.87267303467, 117.54935455322266, 472.6815185546875, 328.81953027242287
LOSS, 9714.2783203125, -18.46306610107422, 56.151954650878906, 25.10149436773256, 387, 207.0, 374, 4, 122676.75035476685, 45.06990051269531, 483.4308166503906, 316.9941869632218
LOSS, 23769.0, -22.117225646972656, 58.205467224121094, 22.702005730659025, 1047, 207.0, 330, 17, 345425.290725708, 138.873046875, 489.5504150390625, 329.9190933387851
WIN , 27371.525512695312, -44.999755859375, 83.78350830078125, 11.544295872077315, 2371, 131.948974609375, 241, 33, 627640.8231277466, 49.038002014160156, 485.5021057128906, 264.7156571605848
LOSS, 7149.0, -17.66242218017578, 55.341888427734375, 27.182509505703422, 263, 207.0, 382, 2, 86293.3757019043, 129.9640655517578, 509.85565185546875, 328.11169468404677
LOSS, 14654.8544921875, -38.9998779296875, 81.47809600830078, 21.9384049284244, 668, 207.0, 355, 15, 221657.87175750732, 101.89373016357422, 472.8517150878906, 331.8231613136337
LOSS, 16681.0, -18.612289428710938, 61.558448791503906, 25.782071097372487, 647, 223.0, 356, 9, 223257.9744567871, 146.09616088867188, 492.6488037109375, 345.0664211078626
LOSS, 14726.0, -39.0, 56.510231018066406, 19.001290322580644, 775, 223.0, 348, 13, 244457.89585113525, 113.42328643798828, 484.0581970214844, 315.4295430337229
LOSS, 23037.0009765625, -19.72021484375, 61.295387268066406, 25.48340815991427, 904, 223.0, 339, 23, 299577.0288925171, 87.071044921875, 470.0885009765625, 331.3905186864127
LOSS, 23645.516357421875, -32.8900146484375, 60.462257385253906, 17.41201499073776, 1358, 175.0, 309, 18, 430647.0685043335, 82.42576599121094, 482.0037536621094, 317.11860714604825
LOSS, 27391.5732421875, -36.679691314697266, 63.234779357910156, 23.736198650075824, 1154, 207.0, 323, 29, 399537.00367736816, 99.91413116455078, 475.2861633300781, 346.2192406216362
WIN , 29424.0, -28.410400390625, 74.67041015625, 21.107604017216644, 1394, 207.0, 307, 27, 460938.76556396484, 118.39895629882812, 479.12353515625, 330.65908577041955
LOSS, 12805.012573242188, -17.662269592285156, 63.210060119628906, 22.464934339021383, 570, 207.0, 361, 15, 180744.2725830078, 82.31653594970703, 485.7417907714844, 317.09521505790843
LOSS, 10744.389282226562, -39.000030517578125, 57.574363708496094, 18.94954018029376, 567, 223.0, 362, 8, 172218.75106811523, 95.7881851196289, 475.58978271484375, 303.7367743705736
WIN , 28283.330017089844, -25.418777465820312, 83.00114059448242, 21.993258178141403, 1286, 128.3399658203125, 314, 25, 436225.0835418701, 133.79656982421875, 476.5452880859375, 339.21079591125203
LOSS, 12135.23486328125, -17.488555908203125, 58.29932403564453, 25.33451954756002, 479, 191.0, 368, 5, 157060.21508789062, 150.0362548828125, 486.9219970703125, 327.8918895363061
LOSS, 15317.788330078125, -33.000244140625, 62.506614685058594, 23.385936381798665, 655, 223.0, 356, 8, 225274.4055328369, 144.629638671875, 457.8651428222656, 343.9303901264686
WIN , 28559.40355682373, -35.99951171875, 73.61885833740234, 20.725256572441022, 1378, 176.19288635253906, 308, 18, 456941.7024002075, 85.03018188476562, 475.70355224609375, 331.5977521046499
WIN , 28875.415954589844, -20.42236328125, 79.59375, 21.43683441320701, 1347, 164.1680908203125, 310, 33, 430114.8597640991, 102.60139465332031, 468.9787902832031, 319.3131846801033
LOSS, 15263.750244140625, -21.462791442871094, 60.260231018066406, 15.325050445924322, 996, 223.0, 333, 11, 303378.74185180664, 111.44046020507812, 482.9551086425781, 304.5971303732998
LOSS, 8895.25537109375, -38.0, 59.98114776611328, 18.609320860028767, 478, 223.0, 368, 7, 152854.0771636963, 123.86384582519531, 476.4811096191406, 319.7784041081512
WIN , 29213.702308654785, -47.140586853027344, 84.39026641845703, 15.432489333679232, 1893, 127.59538269042969, 273, 23, 587664.1901016235, 79.52287292480469, 480.9472961425781, 310.4406709464467
LOSS, 22157.0, -26.092529296875, 61.999122619628906, 26.856969696969696, 825, 191.0, 344, 19, 278719.49574279785, 135.61573791503906, 486.97705078125, 337.84181302157316
WIN , 27162.0, -48.689552307128906, 82.6256332397461, 9.474014649459365, 2867, 191.0, 208, 31, 785951.6148262024, 61.75313949584961, 492.6161193847656, 274.1372915333807
LOSS, 14066.526123046875, -43.019996643066406, 67.75045013427734, 6.740070015834631, 2087, 223.0, 260, 15, 496928.378036499, 33.916297912597656, 467.753662109375, 238.10655392261572
LOSS, 23946.451416015625, -17.662879943847656, 66.1861343383789, 23.97042183785348, 999, 175.0, 333, 14, 342125.25872802734, 116.05840301513672, 494.7451171875, 342.4677264544818
LOSS, 25195.94580078125, -20.310134887695312, 62.591453552246094, 26.6341921784157, 946, 207.0, 336, 22, 328894.2400817871, 131.67164611816406, 468.978759765625, 347.66832989618086
LOSS, 12341.0, -22.060302734375, 60.623680114746094, 29.73734939759036, 415, 223.0, 372, 7, 140089.89919281006, 92.74209594726562, 498.6905517578125, 337.56602215134956
WIN , 28796.0, -24.17900848388672, 67.99072265625, 27.424761904761905, 1050, 223.0, 329, 23, 345955.9767150879, 104.259521484375, 476.6214599609375, 329.481882585798
WIN , 28620.65000152588, -23.657814025878906, 86.0628433227539, 21.897972457173587, 1307, 193.6999969482422, 312, 34, 443428.5756072998, 90.3102035522461, 474.65972900390625, 339.27205478752853
WIN , 28476.83213043213, -30.846717834472656, 86.33138275146484, 21.379003100925022, 1332, 181.3357391357422, 311, 33, 437692.6988220215, 113.88390350341797, 472.5508728027344, 328.59812223875485
LOSS, 16962.20556640625, -18.511947631835938, 60.48057556152344, 24.726247181350217, 686, 207.0, 354, 12, 235866.63510131836, 149.2754669189453, 476.8791198730469, 343.8289141418635
LOSS, 18264.66650390625, -17.662269592285156, 65.6954116821289, 28.013292183905293, 652, 207.0, 356, 12, 218169.74461364746, 92.09352111816406, 487.6629638671875, 334.6161727203182
LOSS, 11313.583618164062, -27.401123046875, 57.329933166503906, 25.197290909051365, 449, 223.0, 370, 7, 151512.71378326416, 125.9136734008789, 467.6849060058594, 337.4447968446863
LOSS, 22940.524169921875, -26.002418518066406, 59.366355895996094, 19.197091355583158, 1195, 191.0, 320, 27, 382553.9355697632, 94.8508071899414, 467.9837951660156, 320.1288163763709
LOSS, 11816.634521484375, -20.065658569335938, 58.99095153808594, 23.920312796527075, 494, 185.0, 367, 8, 166674.7056274414, 119.98992919921875, 469.3148193359375, 337.3981895292336
LOSS, 27153.884765625, -36.9998779296875, 63.759376525878906, 15.898058996267565, 1708, 191.0, 286, 25, 539751.5835266113, 85.3320083618164, 480.6931457519531, 316.0138076853696
LOSS, 7512.402496337891, -17.398025512695312, 58.084938049316406, 32.10428417238415, 234, 180.19500732421875, 384, 5, 81042.88243103027, 156.23321533203125, 451.83984375, 346.3371044061123
WIN , 28123.300003051758, -39.0, 74.2183609008789, 23.10870994498912, 1217, 148.39999389648438, 318, 35, 401051.72762298584, 108.01063537597656, 479.5125732421875, 329.5412716704896
LOSS, 4426.7020263671875, -17.636924743652344, 58.97700500488281, 25.58787298478143, 173, 207.0, 388, 2, 58875.82455444336, 173.70936584472656, 488.90765380859375, 340.32268528579976
WIN , 28046.0, -31.823486328125, 83.690185546875, 23.707523245984785, 1183, 223.0, 321, 28, 410980.9047088623, 114.80889892578125, 477.54766845703125, 347.40566754764353
LOSS, 17453.234909057617, -21.445045471191406, 59.96788024902344, 13.764380843105377, 1268, 215.84707641601562, 315, 17, 331097.31269836426, 13.36281967163086, 488.7137451171875, 261.1177544939781
