WIN , 32636.0, -33.996726989746094, 68.43017578125, 6.720757825370676, 4856, 223.0, 76, 37, 26753.2109836936, -4.202553749084473, 69.2230224609375, 5.509310334368534
LOSS, 19772.393096923828, -47.95014190673828, 83.7578353881836, 3.295948174183002, 5999, 233.62689208984375, 0, 33, 136907.5296201706, -14.29302978515625, 100.06217956542969, 22.82172522423247
WIN , 28212.0, -42.999755859375, 90.9804458618164, 9.782246879334258, 2884, 191.0, 207, 33, 121674.79061715305, -41.32052993774414, 131.2683868408203, 42.18959452744558
LOSS, 17962.30126953125, -39.0, 53.498435974121094, 21.58930441049429, 832, 223.0, 344, 22, 48483.68796539307, -2.9212443828582764, 142.3666229248047, 58.27366341994359
LOSS, 6251.944648742676, -10.13875961303711, 54.542457580566406, 33.97796004751454, 184, 213.82737731933594, 387, 4, 12151.467144012451, 7.517695426940918, 123.472900390625, 66.0405823044155
LOSS, 24194.38037109375, -28.000244140625, 60.481178283691406, 20.28028530686819, 1193, 191.0, 320, 17, 72568.41786336899, 2.7310729026794434, 132.63107299804688, 60.82851455437468
LOSS, 9909.712768554688, -18.15350341796875, 57.886573791503906, 30.680225289642994, 323, 223.0, 378, 5, 25387.338258862495, -1.3028477430343628, 158.11244201660156, 78.5985704608746
LOSS, 21422.40249633789, -20.46185302734375, 62.115699768066406, 21.401001494843047, 1001, 180.19500732421875, 333, 21, 82696.37815475464, 14.604780197143555, 168.15695190429688, 82.61376439036428
LOSS, 10376.613647460938, -21.3397216796875, 66.04041290283203, 29.479016043923117, 352, 191.0, 376, 4, 29739.27220106125, 2.048736572265625, 151.78475952148438, 84.48656875301491
WIN , 27566.90951538086, -21.880340576171875, 72.9364242553711, 21.94817636574909, 1256, 161.18096923828125, 316, 25, 108400.35959005356, -4.673476696014404, 160.68812561035156, 86.30601878188978
LOSS, 12980.3427734375, -17.941810607910156, 61.476356506347656, 27.384689395437764, 474, 207.0, 368, 10, 41607.01622200012, 9.013280868530273, 167.16949462890625, 87.77851523628718
LOSS, 15642.363182067871, -15.463035583496094, 60.027076721191406, 28.64901681697412, 546, 169.8000030517578, 363, 11, 48978.48331165314, -15.960235595703125, 161.3038330078125, 89.70418188947461
WIN , 28279.13641357422, -17.749794006347656, 80.48095703125, 29.426780867402933, 961, 156.7271728515625, 335, 29, 105041.72449588776, 11.748303413391113, 189.81143188476562, 109.3046040539935
LOSS, 11523.026390075684, -16.839401245117188, 62.51683807373047, 32.55092200586351, 354, 201.8000030517578, 376, 5, 39864.090176701546, 0.6665817499160767, 187.24343872070312, 112.61042422797047
LOSS, 16446.20644378662, -17.58348846435547, 57.722999572753906, 26.69838708406919, 616, 185.8000030517578, 358, 7, 69377.8854932785, 10.848207473754883, 187.4800262451172, 112.62643748908847
WIN , 21491.707305908203, -30.322265625, 65.49007415771484, 4.637830665927536, 4634, 151.58538818359375, 91, 39, 456959.5476895124, -24.57047462463379, 202.75564575195312, 98.61017429639887
LOSS, 11156.86190032959, -18.73565673828125, 54.82170104980469, 22.81566850783147, 489, 194.1741485595703, 367, 10, 65472.911722540855, -1.0742393732070923, 211.93258666992188, 133.89143501542097
WIN , 27254.0, -25.570068359375, 62.110595703125, 16.329538645895745, 1669, 207.0, 288, 31, 213998.07793045044, -10.449993133544922, 241.9306640625, 128.21933968271446
WIN , 27079.300003051758, -40.9998779296875, 84.9312515258789, 23.7329535521926, 1141, 196.39999389648438, 323, 31, 161947.10250854492, 12.364461898803711, 252.1294708251953, 141.9343580267703
WIN , 27420.0, -21.34033203125, 73.895263671875, 13.7374749498998, 1996, 175.0, 266, 31, 276285.1906003952, -20.99201774597168, 258.2992858886719, 138.41943416853468
LOSS, 18124.068359375, -33.000244140625, 63.673927307128906, 28.814099140500794, 629, 207.0, 358, 7, 104073.07028388977, 22.71260643005371, 268.6156005859375, 165.45798137343365
WIN , 27941.0, -44.19239044189453, 90.9798355102539, 18.394338380513496, 1519, 153.0, 298, 35, 235433.08308911324, -3.512653112411499, 273.0616760253906, 154.99215476570984
WIN , 28054.83213043213, -39.0, 83.6499252319336, 14.394475182366408, 1949, 165.3357391357422, 270, 36, 309316.6090683937, -11.779491424560547, 283.8661804199219, 158.7052894142605
LOSS, 23000.0, -36.0, 64.7579116821289, 17.788089713843775, 1293, 185.0, 313, 23, 220931.53802108765, -3.616086959838867, 293.5928649902344, 170.867392127678
LOSS, 21769.40301513672, -34.0, 68.0525894165039, 19.844487707508403, 1097, 186.1939697265625, 326, 24, 201919.45826339722, 43.692691802978516, 288.01849365234375, 184.06513971139216
LOSS, 17898.413330078125, -37.00048828125, 59.745094299316406, 15.536817126803928, 1152, 223.0, 323, 18, 202077.5862045288, 40.23180389404297, 296.9806823730469, 175.41457135809793
LOSS, 14373.794189453125, -42.999755859375, 58.820091247558594, 14.652185718096968, 981, 223.0, 334, 15, 165170.18676376343, 41.017234802246094, 294.398193359375, 168.3692015940504
WIN , 27638.391960144043, -33.0283203125, 74.05310821533203, 17.1454044417767, 1612, 178.21607971191406, 292, 30, 307276.0594482422, 21.29512596130371, 323.003173828125, 190.61790288352492
LOSS, 20834.300003051758, -17.795211791992188, 62.742835998535156, 21.41243576880962, 973, 196.39999389648438, 335, 18, 190892.67673110962, 30.995811462402344, 309.8294372558594, 196.1898013680469
LOSS, 24696.587890625, -22.648929595947266, 59.37323760986328, 21.933026545848136, 1126, 207.0, 324, 18, 227547.8402452469, -11.761656761169434, 313.7378845214844, 202.08511567073435
LOSS, 9869.751243591309, -19.708778381347656, 55.824195861816406, 14.752991395502704, 669, 201.8000030517578, 355, 8, 129314.52615356445, 55.63465881347656, 327.70269775390625, 193.29525583492443
LOSS, 17221.700622558594, -42.25048828125, 62.364112854003906, 2.870761897409334, 5999, 190.7271728515625, 0, 27, 939451.3106536865, 21.567861557006836, 341.4975891113281, 156.6013186620581
LOSS, 19905.973388671875, -21.463096618652344, 63.055641174316406, 15.395184368655743, 1293, 191.0, 313, 14, 256225.51557540894, 40.11526107788086, 375.56439208984375, 198.16358513179344
LOSS, 6941.0, -19.136444091796875, 61.70166015625, 28.33061224489796, 245, 223.0, 383, 2, 55417.946922302246, 92.00086975097656, 349.14080810546875, 226.19570172368265
LOSS, 14531.924682617188, -38.010231018066406, 59.678260803222656, 21.984757462355805, 661, 223.0, 355, 11, 151952.45108032227, 60.6483154296875, 354.5142822265625, 229.8826793953438
LOSS, 18792.855895996094, -36.0001220703125, 61.374122619628906, 21.06822409865033, 892, 175.8800048828125, 340, 17, 193479.88984680176, 31.569049835205078, 350.4345703125, 216.90570610628
LOSS, 15851.0, -22.04345703125, 58.227149963378906, 20.91160949868074, 758, 223.0, 349, 9, 176193.3592453003, 33.958953857421875, 364.2287292480469, 232.44506496741462
LOSS, 18058.949951171875, -42.999755859375, 62.176124572753906, 18.929716929949553, 954, 207.0, 336, 14, 207525.2205467224, 35.288665771484375, 349.0025939941406, 217.53167772193126
LOSS, 14238.302490234375, -39.0, 64.4527359008789, 26.465246264376162, 538, 191.0, 364, 9, 121585.79068374634, 40.5637092590332, 345.3137512207031, 225.99589346421251
LOSS, 19199.688232421875, -22.44384765625, 62.017738342285156, 26.264963382246066, 731, 214.52001953125, 351, 8, 177476.26168823242, 59.45137023925781, 383.3591003417969, 242.7855837048323
LOSS, 19042.697021484375, -20.662147521972656, 67.22563934326172, 19.09999701252194, 997, 191.0, 333, 18, 232303.87381744385, 50.51210021972656, 390.8996887207031, 233.00288246483836
LOSS, 7827.193870544434, -33.00001525878906, 62.77074432373047, 25.167825950303644, 311, 201.8000030517578, 379, 5, 67815.4446144104, 55.909358978271484, 362.96392822265625, 218.0560920077505
LOSS, 25658.914794921875, -41.48609161376953, 64.6590347290039, 16.7159054038579, 1535, 175.0, 297, 23, 333954.6795845032, 55.873294830322266, 391.6639099121094, 217.56005184658187
LOSS, 9402.004760742188, -17.298263549804688, 59.21393585205078, 30.8262451171875, 305, 207.0, 379, 9, 74268.08644104004, 70.09677124023438, 356.71405029296875, 243.5019227575083
LOSS, 12215.086669921875, -18.612106323242188, 59.178077697753906, 24.045446200633613, 508, 175.0, 366, 10, 124500.93134307861, 93.9381103515625, 366.69512939453125, 245.08057350999727
LOSS, 14221.0, -20.1611328125, 62.595420837402344, 24.144312393887947, 589, 223.0, 360, 9, 146941.90923309326, 85.0102767944336, 385.8411560058594, 249.47692569285783
LOSS, 18293.65000152588, -18.408065795898438, 55.404884338378906, 20.647460498336205, 886, 177.6999969482422, 340, 15, 217978.8557510376, 63.203819274902344, 378.1686706542969, 246.0257965587332
LOSS, 6040.099853515625, -16.00006103515625, 60.68017578125, 32.64918839738176, 185, 207.0, 387, 4, 45894.239654541016, 130.7546844482422, 363.4833984375, 248.0769711056271
WIN , 28905.74871826172, -37.9998779296875, 65.16394805908203, 14.90755477991837, 1939, 183.5025634765625, 270, 30, 471299.3654785156, 66.21942901611328, 398.4660949707031, 243.06310751857433
LOSS, 21918.259033203125, -19.708778381347656, 64.78858184814453, 21.3628255684241, 1026, 207.0, 331, 16, 261504.77438354492, 78.84158325195312, 397.4428405761719, 254.8779477422465
LOSS, 24175.488037109375, -34.0, 58.146263122558594, 19.963243630973885, 1211, 207.0, 319, 26, 303430.25049591064, 44.322845458984375, 415.3509216308594, 250.56172625591302
LOSS, 15385.60595703125, -42.999755859375, 66.42310333251953, 22.526509453925694, 683, 191.0, 354, 13, 177627.87965393066, 78.11358642578125, 397.92864990234375, 260.07010198232894
LOSS, 15333.499755859375, -20.1611328125, 62.583229064941406, 21.657485530874823, 708, 184.4189453125, 352, 13, 183782.12214660645, 91.0040283203125, 380.1458740234375, 259.57926856865316
LOSS, 16800.2744140625, -38.010231018066406, 62.173072814941406, 22.703073532516893, 740, 207.0, 350, 16, 189685.43202209473, 76.53384399414062, 411.7710876464844, 256.3316648947226
WIN , 28732.0, -35.0, 58.91410827636719, 19.053050397877985, 1508, 191.0, 299, 32, 399958.17601394653, 49.3996696472168, 410.16717529296875, 265.22425465115816
LOSS, 20466.608642578125, -24.208763122558594, 64.31050872802734, 21.034541256503726, 973, 207.0, 335, 18, 268056.9422149658, 102.87566375732422, 404.3321838378906, 275.4953157399443
LOSS, 24823.1773147583, -30.74974822998047, 62.36381530761719, 17.119432630867795, 1450, 190.83775329589844, 303, 28, 373961.2391204834, 50.887123107910156, 404.728759765625, 257.9043028417127
LOSS, 10985.970092773438, -38.9998779296875, 55.60370635986328, 20.72824545806309, 530, 223.0, 364, 11, 139635.62616729736, 94.88385009765625, 415.6443176269531, 263.4634455986743
LOSS, 15101.0, -26.842041015625, 68.91699981689453, 22.30576070901034, 677, 223.0, 354, 9, 176964.7135925293, 84.38555145263672, 401.0566101074219, 261.3954410524805
LOSS, 14966.7412109375, -29.253921508789062, 56.587135314941406, 16.093270119287634, 930, 191.0, 337, 9, 243431.38956451416, 96.94554138183594, 433.3420104980469, 261.7541823274346
WIN , 28716.0, -18.361602783203125, 76.5478515625, 22.89952153110048, 1254, 223.0, 316, 30, 350309.1667022705, 95.52948760986328, 418.1979675292969, 279.3534024738999
LOSS, 13084.2421875, -39.0, 56.380615234375, 6.709867788461539, 1950, 223.0, 269, 15, 407179.58671951294, 42.75372314453125, 428.6678466796875, 208.8100444715451
LOSS, 21516.98828125, -39.999755859375, 58.317481994628906, 6.58817767337722, 3266, 207.0, 182, 26, 702422.8585281372, 35.88311004638672, 446.4706726074219, 215.07129777346515
LOSS, 15622.978271484375, -18.0462646484375, 57.30719757080078, 28.4054150390625, 550, 207.0, 363, 15, 166029.41065979004, 106.48124694824219, 428.8773193359375, 301.8716557450728
LOSS, 21922.705322265625, -28.455047607421875, 59.90959167480469, 16.372446095792103, 1339, 223.0, 310, 22, 381459.3611602783, 98.85762023925781, 419.4156188964844, 284.8837648695133
LOSS, 22667.166015625, -37.0, 60.15312194824219, 15.483036895918715, 1464, 191.0, 302, 17, 382216.61306762695, 64.0217514038086, 437.4031677246094, 261.0769214942807
LOSS, 6857.1671142578125, -18.77500343322754, 62.164222717285156, 29.684706122328194, 231, 207.0, 384, 9, 68185.05805969238, 133.70521545410156, 426.9959411621094, 295.1734115138198
WIN , 28074.0, -28.7027587890625, 87.60498046875, 17.757115749525617, 1581, 207.0, 294, 27, 464480.2991256714, 73.48846435546875, 422.4525146484375, 293.78893050327093
WIN , 28884.0, -35.0, 72.763671875, 20.543385490753913, 1406, 207.0, 306, 35, 417177.78368377686, 74.63641357421875, 432.46478271484375, 296.7125061762282
WIN , 27984.30110168457, -19.302982330322266, 72.29878997802734, 23.516219413180313, 1190, 206.39779663085938, 320, 26, 358790.39431762695, 103.71212768554688, 435.4749755859375, 301.50453304002264
LOSS, 18771.518310546875, -19.71845245361328, 61.827293395996094, 23.464397888183594, 800, 207.0, 346, 19, 229936.91997528076, 107.316650390625, 436.44329833984375, 287.42114996910095
LOSS, 8588.23095703125, -13.000030517578125, 60.536346435546875, 33.67933708639706, 255, 207.0, 382, 5, 79191.87638092041, 92.14221954345703, 440.9467468261719, 310.5563779643938
LOSS, 17299.75732421875, -18.672607421875, 56.547752380371094, 17.369234261263806, 996, 223.0, 333, 13, 289004.7491607666, 72.23544311523438, 447.2061462402344, 290.1654108039825
LOSS, 26537.8125, -38.0, 60.802833557128906, 15.428960755813954, 1720, 175.0, 285, 31, 478571.38150787354, 53.20426940917969, 436.6130676269531, 278.2391752952753
LOSS, 14510.6474609375, -39.999755859375, 60.406105041503906, 10.240400466434368, 1417, 191.0, 305, 9, 362012.7607727051, 58.023834228515625, 454.0697937011719, 255.47830682618567
LOSS, 16337.0, -29.3341064453125, 64.6968765258789, 19.107602339181287, 855, 191.0, 342, 13, 255505.77786254883, 102.84137725830078, 450.108642578125, 298.8371670907004
WIN , 27113.75, -39.360877990722656, 75.609375, 23.353789836347975, 1161, 127.5, 322, 29, 354024.93296813965, 75.5156021118164, 448.7939453125, 304.93103614826845
LOSS, 6158.991020202637, -17.50982666015625, 62.14521026611328, 28.12324666759195, 219, 178.21607971191406, 385, 4, 68367.28141021729, 86.88579559326172, 429.047119140625, 312.17936716994194
LOSS, 15496.45166015625, -19.44586181640625, 65.90644073486328, 32.83146538168697, 472, 223.0, 368, 8, 146454.47871398926, 82.94722747802734, 462.5294494628906, 310.28491252963823
WIN , 19916.65000152588, -42.46063232421875, 75.5757827758789, 4.313764349474957, 4617, 161.6999969482422, 92, 28, 1060455.8018798828, 56.93519592285156, 468.7051696777344, 229.68503397874872
LOSS, 26996.7998046875, -26.602783203125, 62.806396484375, 21.966476651495118, 1229, 191.0, 318, 27, 392199.52239227295, 65.46809387207031, 457.62945556640625, 319.120848162956
LOSS, 7697.126121520996, -21.721961975097656, 58.008033752441406, 18.547291859086737, 415, 201.8000030517578, 372, 5, 128113.38708496094, 123.76557922363281, 488.01177978515625, 308.7069568312312
LOSS, 16346.802001953125, -39.9998779296875, 59.091407775878906, 9.454483517613143, 1729, 223.0, 284, 17, 398766.96894073486, 55.868412017822266, 466.1781311035156, 230.63445282864942
LOSS, 3095.8251342773438, -17.66242218017578, 59.527198791503906, 14.883774684025692, 208, 138.447998046875, 386, 4, 52904.42665863037, 93.92570495605469, 437.7188415527344, 254.3482050895691
WIN , 28531.482124328613, -23.6484375, 66.2386245727539, 18.551028689420423, 1538, 152.03575134277344, 297, 27, 491688.10873413086, 97.85576629638672, 481.2135314941406, 319.6931786307743
WIN , 28123.300003051758, -34.0869140625, 92.3042984008789, 12.76591012394542, 2203, 148.39999389648438, 253, 30, 651083.4792327881, 86.56592559814453, 483.0, 295.5440214402125
LOSS, 17977.81982421875, -27.697357177734375, 55.626220703125, 14.56873567602816, 1234, 175.0, 317, 24, 353073.35136413574, 47.28779220581055, 473.2206726074219, 286.1210302788782
LOSS, 6192.218994140625, -10.0, 58.312889099121094, 34.40121663411458, 180, 207.0, 387, 8, 63464.79605102539, 164.06771850585938, 450.73687744140625, 352.5822002834744
LOSS, 22583.74853515625, -37.00048828125, 62.992774963378906, 13.695420579233627, 1649, 207.0, 290, 24, 515771.696182251, 61.353782653808594, 456.7770080566406, 312.77846948590116
LOSS, 25351.891845703125, -39.0, 55.827247619628906, 17.954597624435642, 1412, 207.0, 305, 26, 457979.98988342285, 122.65155029296875, 475.5467224121094, 324.3484347616309
LOSS, 22163.65000152588, -31.767578125, 54.736839294433594, 12.528914641902702, 1769, 177.6999969482422, 282, 25, 493904.33542251587, 38.68756866455078, 474.59088134765625, 279.19973737847135
WIN , 29007.300003051758, -31.3232421875, 75.9566421508789, 13.04871795009076, 2223, 180.39999389648438, 251, 34, 661371.3294525146, 74.47425079345703, 487.9329833984375, 297.51296871458146
LOSS, 6945.4317626953125, -21.34002685546875, 61.74047088623047, 25.53467559814453, 272, 223.0, 381, 3, 87644.8405456543, 156.8610382080078, 469.39898681640625, 322.2236784766702
LOSS, 15989.67056274414, -25.763916015625, 59.1632080078125, 18.745217541317867, 853, 180.19500732421875, 343, 12, 254546.62493133545, 84.65166473388672, 453.79620361328125, 298.413393823371
WIN , 27842.0, -33.000244140625, 75.323486328125, 22.507679870654812, 1237, 191.0, 317, 16, 402249.6873550415, 74.5979232788086, 491.6144104003906, 325.1816389288937
LOSS, 27506.0732421875, -22.130126953125, 62.566139221191406, 17.26683819346359, 1593, 223.0, 293, 33, 493210.8260574341, 58.18794250488281, 466.0369567871094, 309.6113157924884
LOSS, 10894.8134765625, -30.810302734375, 61.236183166503906, 17.184248385745267, 634, 223.0, 357, 9, 184169.0481414795, 80.9693832397461, 459.6964416503906, 290.487457636403
WIN , 26870.65000152588, -36.0001220703125, 85.5391616821289, 16.81517521997865, 1598, 193.6999969482422, 293, 23, 469633.7477722168, 77.7204360961914, 468.273681640625, 293.8884529237902
WIN , 27406.753562927246, -38.0, 77.08443450927734, 14.061956676719982, 1949, 221.4928741455078, 270, 30, 588783.3457946777, 59.54049301147461, 464.66162109375, 302.09509789362636
LOSS, -10696.451026916504, -40.4193115234375, 48.56726837158203, -1.7830390109879153, 5999, 229.2417755126953, 0, 6, 1183169.6721801758, 56.73111343383789, 480.9543151855469, 197.2278166661403
LOSS, 14671.802505493164, -26.701446533203125, 56.219093322753906, 22.537331037623908, 651, 201.39498901367188, 356, 14, 212303.2932434082, 133.92080688476562, 484.46514892578125, 326.11873002059633
WIN , 28155.05731201172, -26.6112060546875, 85.88191986083984, 14.000525764302198, 2011, 164.8853759765625, 265, 35, 586011.4928894043, 75.4345932006836, 490.2156677246094, 291.40302978090716
LOSS, 15178.540283203125, -43.86157989501953, 63.38849639892578, 12.390645129145408, 1225, 223.0, 318, 20, 331695.4343032837, 84.2923583984375, 492.4062194824219, 270.7717831047214
LOSS, 14357.575439453125, -31.864830017089844, 58.178611755371094, 21.429217073810634, 670, 207.0, 355, 14, 234949.57746887207, 160.11837768554688, 469.9120788574219, 350.67101114757025
WIN , 28282.0, -21.562705993652344, 77.97607421875, 21.090231170768085, 1341, 191.0, 310, 32, 453812.2969818115, 135.279052734375, 516.7933959960938, 338.4133459968766
WIN , 29700.0, -46.019874572753906, 88.372802734375, 13.852611940298507, 2144, 175.0, 257, 28, 647960.1092376709, 93.67311096191406, 504.3096008300781, 302.22020020413754
LOSS, 3895.4613647460938, -15.721900939941406, 54.77783203125, 23.608856756036932, 165, 223.0, 388, 2, 54146.186264038086, 133.43389892578125, 448.8981628417969, 328.15870463053386
LOSS, 18232.96095275879, -21.3397216796875, 61.570655822753906, 19.99228174644604, 912, 201.39498901367188, 339, 12, 299211.6241226196, 115.76915740966797, 473.0166015625, 328.08292118708295
LOSS, 22976.437744140625, -22.424667358398438, 60.07594299316406, 20.84976201827643, 1102, 207.0, 326, 23, 354793.17039489746, 90.5870361328125, 488.0513916015625, 321.9538751314859
WIN , 28774.0, -28.08592987060547, 69.991455078125, 20.306280875088216, 1417, 207.0, 305, 25, 480612.1607131958, 91.09043884277344, 481.43487548828125, 339.17583677713185
LOSS, 9064.814697265625, -15.999984741210938, 57.302467346191406, 26.818978394276996, 338, 223.0, 377, 5, 108518.33720397949, 149.20120239257812, 460.6670227050781, 321.0601692425429
LOSS, 17323.435302734375, -20.803001403808594, 56.125732421875, 14.86990154741148, 1165, 223.0, 322, 13, 366360.12535095215, 146.83880615234375, 510.31304931640625, 314.47221060167567
LOSS, 24094.4931640625, -26.092529296875, 63.562538146972656, 19.945772486806707, 1208, 207.0, 319, 24, 402557.73443603516, 111.6438217163086, 484.85711669921875, 333.24315764572447
WIN , 29522.0, -27.401123046875, 84.825439453125, 21.284787310742608, 1387, 191.0, 307, 27, 456191.79861450195, 72.997314453125, 496.79534912109375, 328.9054063550843
LOSS, 14788.546531677246, -27.854530334472656, 60.531227111816406, 11.228964716535494, 1317, 185.8000030517578, 312, 9, 374074.71421813965, 90.08122253417969, 475.2437438964844, 284.03547017322677
LOSS, 9419.542030334473, -36.02204513549805, 59.266578674316406, 1.5701853692839594, 5999, 195.0931854248047, 0, 30, 1446440.028465271, 90.15437316894531, 515.0472412109375, 241.11352366482262
LOSS, 7340.97705078125, -38.0, 54.576263427734375, 6.087045647413972, 1206, 191.0, 319, 9, 305203.7189178467, 67.95240020751953, 471.3377990722656, 253.07107704630735
LOSS, 18032.590087890625, -23.881591796875, 61.25450134277344, 20.468320190568246, 881, 207.0, 341, 11, 277873.6351699829, 111.24149322509766, 486.7772521972656, 315.40707737796015
LOSS, 11962.473693847656, -20.332557678222656, 59.020896911621094, 24.26465252301756, 493, 191.8800048828125, 367, 9, 167865.5125579834, 106.08837890625, 475.7528381347656, 340.49799707501705
LOSS, 5855.6376953125, -23.32733154296875, 58.439247131347656, 13.338582449458997, 439, 191.0, 370, 4, 129249.66541290283, 56.76298522949219, 460.5679016113281, 294.4183722389586
LOSS, 18731.0, -31.990966796875, 58.770973205566406, 17.311460258780038, 1082, 223.0, 327, 15, 365131.79693603516, 99.88316345214844, 486.72113037109375, 337.46007110539296
LOSS, 8135.054733276367, -29.857177734375, 57.830047607421875, 22.85127734066395, 356, 177.10000610351562, 376, 7, 114484.90728759766, 123.23284912109375, 482.98016357421875, 321.5868182235889
WIN , 22732.0, -28.9666748046875, 83.0548324584961, 8.858924395947, 2566, 191.0, 228, 34, 800769.8587112427, 72.28235626220703, 495.8649597167969, 312.0693136053167
LOSS, 23600.0, -25.93853759765625, 61.719581604003906, 20.050977060322854, 1177, 185.0, 321, 22, 382479.8191680908, 99.0045394897461, 489.20794677734375, 324.96161356677214
LOSS, 13101.299926757812, -36.0001220703125, 60.14929962158203, 24.397206567519206, 537, 191.0, 364, 13, 185350.54202270508, 173.07423400878906, 480.3066711425781, 345.1592961316668
LOSS, 19099.00048828125, -40.84312438964844, 59.50859069824219, 16.37993180813143, 1166, 223.0, 322, 18, 368121.555770874, 100.84394836425781, 482.379638671875, 315.7131696148148
LOSS, 22390.151611328125, -39.0, 59.3199462890625, 22.73111838713515, 985, 223.0, 334, 16, 309936.9733352661, 66.03123474121094, 496.4386901855469, 314.6568257210823
LOSS, 21168.802017211914, -23.111289978027344, 59.482574462890625, 19.914206977621745, 1063, 201.39498901367188, 329, 16, 349558.84284973145, 76.95868682861328, 486.696044921875, 328.8418088896815
LOSS, 21333.949996948242, -29.934410095214844, 63.493797302246094, 16.335336904248273, 1306, 177.10000610351562, 312, 22, 430966.1711502075, 102.89692687988281, 488.9538879394531, 329.9894112941865
LOSS, 18858.201904296875, -21.34033203125, 82.57850646972656, 18.308933887666868, 1030, 175.0, 331, 14, 339849.2697982788, 108.11087799072266, 492.75994873046875, 329.95074737696973
LOSS, 13942.748718261719, -30.322265625, 66.0411605834961, 17.044925083449534, 818, 199.5025634765625, 345, 18, 239744.52548217773, 49.11151885986328, 480.3883056640625, 293.08621697087744
LOSS, 17674.64951324463, -27.533340454101562, 59.294654846191406, 17.260399915277958, 1024, 209.6999969482422, 331, 18, 341231.82677459717, 109.75900268554688, 487.8395690917969, 333.23420583456755
LOSS, 14552.605712890625, -25.6436767578125, 62.414161682128906, 24.13367448240568, 603, 159.0, 359, 9, 204890.67170715332, 126.42213439941406, 482.3786926269531, 339.78552521915975
LOSS, 11391.0, -35.0001220703125, 60.53096008300781, 23.058704453441294, 494, 223.0, 367, 9, 157779.01197052002, 62.61664581298828, 477.125, 319.3907124909312
LOSS, 14875.9462890625, -36.9998779296875, 58.8470458984375, 17.138186968966014, 868, 223.0, 342, 12, 280795.0454559326, 71.79043579101562, 513.9830932617188, 323.49659614738783
LOSS, 19316.33827972412, -36.9998779296875, 57.675987243652344, 19.710549265024614, 980, 185.8000030517578, 334, 18, 320874.47565460205, 87.54792022705078, 535.3716430664062, 327.4229343414307
LOSS, 10851.0, -30.322265625, 58.006202697753906, 20.78735632183908, 522, 223.0, 365, 10, 164836.5033416748, 118.55824279785156, 492.03912353515625, 315.77874203385977
LOSS, 11253.999877929688, -41.9998779296875, 64.9577865600586, 17.260736009094614, 652, 223.0, 356, 12, 215113.82598876953, 77.40350341796875, 476.259033203125, 329.92918096437046
LOSS, 16664.99755859375, -24.16778564453125, 58.161842346191406, 13.396300288258642, 1244, 175.0, 317, 14, 335244.5682220459, 51.738616943359375, 465.8708190917969, 269.4892027508408
LOSS, 12324.336303710938, -19.72052001953125, 58.889060974121094, 29.484058142849133, 418, 207.0, 372, 7, 144455.15182495117, 145.28297424316406, 468.0796813964844, 345.5864876195004
LOSS, 16619.0, -17.66242218017578, 56.66358184814453, 23.60653409090909, 704, 207.0, 353, 13, 238101.62637329102, 131.13192749023438, 486.63287353515625, 338.2125374620611
LOSS, 11146.643432617188, -38.000030517578125, 66.7699203491211, 21.111067107229523, 528, 207.0, 364, 10, 161556.04399108887, 89.25236511230469, 479.40948486328125, 305.9773560437289
WIN , 27448.65000152588, -30.322265625, 91.3375015258789, 10.47258679951388, 2621, 177.6999969482422, 225, 32, 836969.7088470459, 94.63764190673828, 492.2682189941406, 319.332204825275
LOSS, 18372.242919921875, -37.0, 59.56718444824219, 15.906703826772187, 1155, 191.0, 322, 14, 359100.14013671875, 63.41221618652344, 478.18023681640625, 310.9092122395833
LOSS, 13498.32080078125, -29.33441162109375, 59.49043273925781, 17.37235624296171, 777, 191.0, 348, 11, 263641.1627883911, 119.55486297607422, 484.6885681152344, 339.3065158151752
LOSS, 18151.0, -18.880462646484375, 61.10999298095703, 23.511658031088082, 772, 223.0, 348, 12, 254802.83736419678, 127.23094940185547, 480.7241516113281, 330.0554888137264
LOSS, 5681.0, -18.434234619140625, 53.115760803222656, 20.074204946996467, 283, 223.0, 381, 5, 95762.96586608887, 176.2895965576172, 459.0931396484375, 338.38503839607375
LOSS, 10085.995361328125, -32.68743896484375, 62.00569152832031, 26.334191543937663, 383, 191.0, 374, 4, 137097.3225250244, 201.02450561523438, 490.3711853027344, 357.9564556789149
LOSS, 15404.897705078125, -23.9520263671875, 60.149436950683594, 18.855443947464046, 817, 223.0, 345, 9, 281926.09411621094, 134.20970153808594, 468.8153991699219, 345.07477860001336
WIN , 27764.0, -37.0, 58.622657775878906, 19.20055325034578, 1446, 207.0, 303, 26, 482145.0148086548, 104.49698638916016, 485.92034912109375, 333.43362019962296
LOSS, 11431.42236328125, -19.72052001953125, 58.661720275878906, 18.116358737371236, 631, 223.0, 357, 4, 187655.31967926025, 119.51313781738281, 496.6659240722656, 297.3935335645963
LOSS, 13819.999877929688, -34.0, 63.780738830566406, 27.25838240222818, 507, 191.0, 366, 9, 171676.3754348755, 76.36947631835938, 492.6958312988281, 338.6121803449221
LOSS, 14371.05419921875, -20.227035522460938, 66.53983306884766, 28.34527455467209, 507, 159.0, 366, 7, 172390.83518981934, 130.05494689941406, 481.59783935546875, 340.0213711830756
LOSS, 15707.933006286621, -35.0001220703125, 62.163917541503906, 17.570394861618144, 894, 201.8000030517578, 340, 13, 279121.5108947754, 67.00287628173828, 494.1512451171875, 312.2164551395698
LOSS, 17252.384521484375, -37.9998779296875, 58.870460510253906, 10.715766783530668, 1610, 191.0, 292, 17, 443333.54399871826, 71.9581069946289, 479.5012512207031, 275.36244968864486
LOSS, 18249.521575927734, -22.7734375, 59.16007995605469, 16.590474159934303, 1100, 187.11895751953125, 326, 18, 338193.0753631592, 91.76439666748047, 481.0028076171875, 307.44825033014473
WIN , 26963.724090576172, -41.00048828125, 62.41020202636719, 18.57005791361995, 1452, 167.55181884765625, 303, 24, 445880.9112701416, 80.51078796386719, 482.12890625, 307.0805174036788
LOSS, 6091.226348876953, -17.779815673828125, 55.193115234375, 29.284742061908428, 208, 83.99871826171875, 386, 4, 69455.86794281006, 104.00238037109375, 470.3754577636719, 333.92244203274066
LOSS, 21365.162841796875, -35.99951171875, 69.9559555053711, 17.20222451030344, 1242, 191.0, 317, 18, 360299.76837158203, 70.11384582519531, 493.3128967285156, 290.09643186117717
WIN , 28380.0, -37.00048828125, 87.63223266601562, 18.86968085106383, 1504, 175.0, 299, 22, 462776.66606903076, 91.01026153564453, 500.7806091308594, 307.69725137568537
LOSS, 8180.1248779296875, -18.13610076904297, 57.754608154296875, 22.472870543762877, 364, 207.0, 375, 5, 120275.35935974121, 163.92984008789062, 461.84246826171875, 330.42681142786046
WIN , 28105.75, -39.0, 84.450927734375, 16.088008013737838, 1747, 143.5, 283, 25, 539901.3271102905, 81.382080078125, 495.3225402832031, 309.0448352090959
LOSS, 25521.309814453125, -34.0, 65.77252960205078, 21.500682236270535, 1187, 175.0, 320, 26, 379565.7175979614, 79.39798736572266, 554.1696166992188, 319.7689280522
LOSS, 21465.9970703125, -28.292640686035156, 62.52067565917969, 20.760151905524662, 1034, 207.0, 331, 19, 320470.3310623169, 87.09284973144531, 480.85400390625, 309.9326219171343
LOSS, 22079.66367340088, -29.29052734375, 63.06159210205078, 20.42522078945502, 1081, 193.6999969482422, 327, 14, 377899.18993377686, 112.9565200805664, 495.6387634277344, 349.5829694114494
WIN , 28320.0, -38.0, 77.76760864257812, 21.229385307346327, 1334, 175.0, 311, 20, 433460.7684555054, 99.3458480834961, 478.5010681152344, 324.93310978673566
LOSS, 15327.57958984375, -31.0870361328125, 55.542213439941406, 19.726614658743564, 777, 223.0, 348, 22, 252530.31551361084, 78.7587890625, 468.34661865234375, 325.0068410728582
LOSS, 12839.414306640625, -16.00006103515625, 60.915138244628906, 28.723521938793343, 447, 223.0, 370, 7, 159295.23500061035, 111.63660430908203, 472.6043701171875, 356.36517897228265
LOSS, 21260.811714172363, -26.092529296875, 58.38874816894531, 23.808299791906343, 893, 184.03575134277344, 340, 19, 307659.29346466064, 99.70685577392578, 480.09149169921875, 344.52328495482715
LOSS, 7451.203369140625, -18.73955535888672, 58.24761962890625, 25.962381077145036, 287, 207.0, 380, 5, 98051.79110717773, 149.10105895996094, 462.2879638671875, 341.64387145358097
LOSS, 17667.14453125, -21.503868103027344, 62.179786682128906, 24.571828277121, 719, 207.0, 352, 21, 232449.43031311035, 75.2201156616211, 477.80804443359375, 323.2954524521702
LOSS, 22581.57373046875, -42.00006103515625, 69.3111343383789, 21.424643008034867, 1054, 223.0, 329, 23, 354008.2043609619, 93.01020050048828, 480.13104248046875, 335.8711616327912
LOSS, 11469.0, -18.20404815673828, 56.36651611328125, 21.76280834914611, 527, 207.0, 364, 8, 187470.5908203125, 130.34564208984375, 471.93792724609375, 355.7316713857922
WIN , 28442.0, -30.99951171875, 78.49609375, 20.897869213813372, 1361, 191.0, 309, 32, 428047.48695373535, 95.9578628540039, 476.4080505371094, 314.5095422143537
LOSS, 21871.079345703125, -43.019996643066406, 62.225242614746094, 15.315881894750088, 1428, 223.0, 304, 18, 443677.16302490234, 85.35823822021484, 476.1423034667969, 310.6982934348056
LOSS, 19901.537841796875, -36.9998779296875, 63.658348083496094, 23.114445809287893, 861, 207.0, 342, 14, 291481.87648773193, 112.67228698730469, 481.61767578125, 338.5387647941137
WIN , 28303.300003051758, -20.1611328125, 90.3597183227539, 26.878727448292267, 1053, 148.39999389648438, 329, 13, 349268.49602508545, 105.64712524414062, 466.6258544921875, 331.6889800808029
LOSS, 18698.219482421875, -27.71759033203125, 63.405982971191406, 23.227601841517856, 805, 191.0, 346, 16, 264011.33084106445, 127.93193054199219, 488.7549133300781, 327.9643861379683
LOSS, 15536.6640625, -17.73027801513672, 58.8787841796875, 27.84348398297491, 558, 223.0, 362, 7, 189672.68586730957, 65.90642547607422, 463.4292907714844, 339.91520764750817
LOSS, 7510.0302734375, -19.13629150390625, 62.670509338378906, 22.896433760480182, 328, 207.0, 378, 2, 99485.45004272461, 83.25630187988281, 456.79888916015625, 303.3092989107458
WIN , 28796.0, -27.765235900878906, 75.69091796875, 18.578064516129032, 1550, 223.0, 296, 28, 489021.61557769775, 78.84526062011719, 476.5169677734375, 315.4978165017405
LOSS, 20973.456787109375, -28.43994140625, 83.78350830078125, 11.909969782572047, 1761, 207.0, 282, 22, 500685.6849517822, 69.41871643066406, 466.3603820800781, 284.31895795104043
LOSS, 6099.8128662109375, -19.69292449951172, 63.137107849121094, 20.818473946112416, 293, 223.0, 380, 5, 90848.31128311157, 63.44114303588867, 474.3749084472656, 310.06249584679716
LOSS, 18834.324951171875, -30.322265625, 63.874412536621094, 23.542906188964842, 800, 184.4189453125, 346, 12, 259106.45421600342, 103.32965087890625, 471.018798828125, 323.8830677700043
LOSS, 8841.221313476562, -30.826576232910156, 57.423316955566406, 27.542745524849103, 321, 175.0, 378, 3, 114583.92608642578, 151.367431640625, 479.7972412109375, 356.9592712972766
LOSS, 7689.50830078125, -17.633056640625, 68.71297454833984, 25.047258308733714, 307, 223.0, 379, 6, 109200.5350112915, 122.6181411743164, 501.22320556640625, 355.70206844068895
LOSS, 5655.790954589844, -16.910682678222656, 58.689109802246094, 27.191302666297325, 208, 223.0, 386, 7, 74272.43138122559, 174.61598205566406, 447.8793029785156, 357.078997025123
LOSS, 21304.00048828125, -26.356536865234375, 66.1330337524414, 19.004460738877118, 1121, 223.0, 325, 24, 360019.9125061035, 84.4622802734375, 474.6540832519531, 321.1596008082993
WIN , 29383.44598388672, -26.803367614746094, 63.531105041503906, 21.977147332749976, 1337, 188.1080322265625, 310, 35, 446233.80375671387, 111.75669860839844, 485.3060607910156, 333.75751963852946
LOSS, 17582.00048828125, -44.052650451660156, 82.26945495605469, 14.774790326286764, 1190, 207.0, 320, 17, 383423.11389160156, 113.01286315917969, 477.641845703125, 322.20429738790045
LOSS, 12907.86962890625, -18.72193145751953, 57.68365478515625, 21.33532170067149, 605, 207.0, 359, 18, 203397.59245300293, 137.76393127441406, 477.1649475097656, 336.1943676909139
WIN , 26154.0, -40.8701171875, 59.74365234375, 9.865711052433044, 2651, 207.0, 223, 33, 743121.6563568115, 91.62482452392578, 487.5754089355469, 280.3174863662058
LOSS, 18647.114013671875, -22.04345703125, 62.486778259277344, 19.607901171053495, 951, 207.0, 336, 15, 319054.0936050415, 91.73690032958984, 472.07354736328125, 335.4932635173938
LOSS, 12356.885147094727, -12.9998779296875, 56.387245178222656, 30.13874426120665, 410, 169.39498901367188, 372, 5, 143408.63719177246, 160.69895935058594, 448.5233459472656, 349.77716388237184
WIN , 28522.0, -26.092529296875, 60.9912109375, 18.678454485920106, 1527, 191.0, 298, 30, 504149.29347991943, 71.51243591308594, 481.68475341796875, 330.1567082383231
LOSS, 6911.0, -25.06048583984375, 55.56830596923828, 9.519283746556473, 726, 223.0, 351, 6, 193904.0120010376, 83.48558044433594, 471.61505126953125, 267.08541597939063
LOSS, 22033.085090637207, -16.720947265625, 66.0082015991211, 29.45599611047755, 748, 184.83079528808594, 350, 14, 251467.35363006592, 121.08306121826172, 478.72271728515625, 336.18630164447313
LOSS, 19404.537109375, -28.79638671875, 61.693641662597656, 22.151298070062786, 876, 207.0, 341, 18, 292459.56076049805, 106.20657348632812, 466.4583740234375, 333.8579460736279
LOSS, 14620.4228515625, -33.000244140625, 58.024208068847656, 18.720131692141486, 781, 191.0, 347, 12, 251323.53048706055, 97.80482482910156, 454.4741516113281, 321.79709409354746
LOSS, 18169.9931640625, -33.000244140625, 55.847068786621094, 20.885049613864943, 870, 191.0, 341, 10, 279768.2914581299, 108.32462310791016, 467.8385314941406, 321.57274880244813
LOSS, 20132.204345703125, -22.69384765625, 65.0099868774414, 26.11180848988732, 771, 207.0, 348, 16, 269776.63053894043, 148.22781372070312, 480.26611328125, 349.9048385719072
LOSS, 7010.3299560546875, -23.03870391845703, 59.033653259277344, 23.683547148833405, 296, 207.0, 380, 5, 92371.64934539795, 74.76880645751953, 485.93084716796875, 312.0663829236417
LOSS, 14523.178955078125, -45.690284729003906, 66.26927947998047, 17.540071201785175, 828, 223.0, 344, 14, 254587.29250335693, 74.65642547607422, 469.4203796386719, 307.47257548714606
LOSS, 4911.603355407715, -22.415000915527344, 54.7705078125, 24.314868096077795, 202, 201.8000030517578, 386, 6, 64893.52323913574, 87.46952819824219, 461.29931640625, 321.25506554027595
WIN , 28744.83213043213, -28.28331756591797, 75.36580657958984, 21.260970510674653, 1352, 165.3357391357422, 309, 32, 451770.33477783203, 125.45355224609375, 473.0213928222656, 334.1496559007633
LOSS, 12451.858764648438, -28.977813720703125, 58.22761535644531, 21.39494633101106, 582, 223.0, 361, 11, 188836.16931152344, 123.47323608398438, 452.7900695800781, 324.4607720129269
LOSS, 5980.146354675293, -16.00006103515625, 57.358299255371094, 30.356072866372045, 197, 176.33998107910156, 386, 7, 69737.51962280273, 211.02963256835938, 483.679443359375, 353.9975615370697
LOSS, 20149.808349609375, -26.092529296875, 56.1083984375, 20.92399620935553, 963, 175.0, 335, 19, 317449.4446334839, 86.27622985839844, 480.0228576660156, 329.64635995169664
WIN , 28939.415954589844, -27.344970703125, 73.796630859375, 20.804756257792842, 1391, 196.1680908203125, 307, 30, 462122.2231826782, 92.7212905883789, 470.7172546386719, 332.2230216985465
WIN , 29830.002716064453, -22.721641540527344, 86.62670135498047, 23.26833285184435, 1282, 154.99456787109375, 314, 33, 452708.9373779297, 103.48167419433594, 496.13409423828125, 353.1270962386347
LOSS, 10498.000122070312, -25.833740234375, 56.034767150878906, 17.763113573723032, 591, 223.0, 360, 8, 184610.59608459473, 97.447509765625, 460.8765869140625, 312.36987493163235
WIN , 26763.44598388672, -33.250244140625, 81.2867202758789, 16.633589797319278, 1609, 188.1080322265625, 292, 19, 491672.43800354004, 87.47826385498047, 512.6401977539062, 305.5764064658422
LOSS, 18761.151123046875, -29.583465576171875, 66.8230972290039, 17.83379384320045, 1052, 175.0, 329, 9, 361832.79399108887, 134.39724731445312, 501.4398193359375, 343.94752280521755
LOSS, 11794.234886169434, -21.338485717773438, 58.697120666503906, 21.76058097079231, 542, 201.8000030517578, 363, 12, 176107.95210266113, 52.169960021972656, 459.4399719238281, 324.92242085361835
WIN , 28052.0, -43.86157989501953, 87.53173828125, 16.919179734620023, 1658, 191.0, 289, 29, 529253.0864219666, 47.532413482666016, 485.5504455566406, 319.21175296861674
LOSS, 20912.363037109375, -24.703697204589844, 69.8314437866211, 25.37908135571526, 824, 207.0, 345, 17, 281997.51541900635, 118.38568878173828, 527.7810668945312, 342.2299944405417
LOSS, 16677.51318359375, -27.109375, 63.842994689941406, 21.91526042522175, 761, 207.0, 349, 15, 252900.98770141602, 76.0390396118164, 461.01104736328125, 332.3271848901656
WIN , 27537.25, -41.89208984375, 76.96318054199219, 12.940437030075188, 2128, 140.5, 258, 27, 611290.7254486084, 83.31794738769531, 478.2532958984375, 287.2606792521656
WIN , 26972.944374084473, -48.558006286621094, 83.24608612060547, 14.462704758222237, 1865, 169.1112518310547, 275, 30, 569871.3811798096, 53.29051208496094, 471.7762451171875, 305.56106229480406
LOSS, -9542.120887756348, -30.36138916015625, 53.80927276611328, -1.590618584390123, 5999, 229.2417755126953, 0, 5, 1075342.220878601, 31.44680404663086, 463.1353454589844, 179.25357907627955
WIN , 28350.916358947754, -30.44518280029297, 79.81580352783203, 21.252560988716457, 1334, 193.1672821044922, 311, 29, 457611.5316619873, 123.86884307861328, 521.1288452148438, 343.0371301813998
LOSS, 7465.5063552856445, -36.0, 60.946571350097656, 7.083023107481636, 1054, 184.83079528808594, 329, 9, 275086.02909851074, 73.46443176269531, 478.7445068359375, 260.99243747486787
WIN , 28780.909519195557, -44.00006103515625, 83.0548324584961, 14.129067019732723, 2037, 113.18096160888672, 264, 33, 657014.9802322388, 65.26509094238281, 505.6809387207031, 322.54049103202686
LOSS, 4271.0, -37.9998779296875, 65.6374282836914, 29.65972222222222, 144, 223.0, 390, 2, 50304.69364929199, 150.601318359375, 463.3414306640625, 349.3381503423055
LOSS, 10863.044311523438, -17.859848022460938, 59.570838928222656, 29.280442888203336, 371, 191.0, 375, 7, 131892.04441833496, 191.0630645751953, 503.0638732910156, 355.5041628526549
LOSS, 25918.278564453125, -37.437744140625, 61.910301208496094, 18.606086550217604, 1393, 207.0, 307, 20, 425614.11658477783, 59.19744873046875, 479.4209289550781, 305.5377721355189
LOSS, 8216.809692382812, -27.423095703125, 66.4809341430664, 30.32033096820226, 271, 175.0, 381, 6, 90489.33984375, 138.0980682373047, 461.5971984863281, 333.90900311346866
LOSS, 22870.70166015625, -22.03766632080078, 59.356300354003906, 22.59950756932436, 1012, 207.0, 332, 19, 343887.59214782715, 110.82356262207031, 483.7467346191406, 339.8098736638608
WIN , 29045.525505065918, -30.322265625, 60.25482177734375, 21.139392652886404, 1374, 163.94898986816406, 308, 27, 471125.5557937622, 64.11881256103516, 490.5202331542969, 342.88613958789097
WIN , 28814.0, -29.81298828125, 72.8173828125, 19.273578595317726, 1495, 207.0, 300, 31, 505740.4026565552, 121.14398956298828, 482.8470764160156, 338.2878947535486
LOSS, 12193.8466796875, -40.00006103515625, 58.53759765625, 19.635823960849436, 621, 223.0, 358, 9, 209522.41255187988, 120.70475006103516, 486.1036682128906, 337.3951892944926
WIN , 24047.33000946045, -34.11201477050781, 63.295326232910156, 5.322560869734495, 4518, 160.33998107910156, 98, 32, 1077079.806777954, 75.44744873046875, 485.24810791015625, 238.39747825983935
LOSS, 17056.9228515625, -38.009925842285156, 57.27714538574219, 19.833631222747094, 860, 223.0, 342, 9, 292265.96005249023, 112.32469940185547, 482.8670349121094, 339.8441395959189
WIN , 28702.0, -37.069091796875, 66.68898010253906, 18.870479947403023, 1521, 191.0, 298, 33, 510109.52850341797, 89.05828094482422, 478.6975402832031, 335.37773077147796
LOSS, 18263.678466796875, -39.0, 57.600555419921875, 14.82441433993253, 1232, 191.0, 317, 14, 409547.30907440186, 60.306724548339844, 486.33270263671875, 332.4247638590924
LOSS, 4588.239990234375, -23.699138641357422, 57.144256591796875, 21.241851806640625, 216, 223.0, 385, 2, 69812.59561157227, 156.6217803955078, 475.9089050292969, 323.2064611646864
LOSS, 24388.56103515625, -36.880271911621094, 65.1692886352539, 17.50794044160535, 1393, 223.0, 307, 20, 438167.70349121094, 80.12413787841797, 504.5438232421875, 314.54967946246296
LOSS, 6884.709716796875, -15.66986083984375, 64.45638275146484, 29.42183639656784, 234, 223.0, 384, 2, 80072.52920532227, 185.4850616455078, 472.4497985839844, 342.1902957492405
LOSS, 13594.174438476562, -40.9998779296875, 66.89574432373047, 18.00552905758485, 755, 223.0, 349, 11, 244571.759223938, 110.57532501220703, 466.7656555175781, 323.9361049323682
LOSS, 9354.610961914062, -28.61989974975586, 63.897605895996094, 22.326040481895138, 419, 207.0, 372, 4, 150207.74941253662, 106.07282257080078, 488.41851806640625, 358.49104871727116
LOSS, 25328.373779296875, -19.764404296875, 60.984718322753906, 22.90088045144383, 1106, 207.0, 326, 21, 378508.22299194336, 130.13330078125, 481.7928161621094, 342.2316663579958
WIN , 26792.0, -39.999755859375, 83.40864562988281, 12.566604127579737, 2132, 191.0, 257, 31, 633732.6374359131, 77.79694366455078, 498.0636901855469, 297.24795376919
LOSS, 9351.0, -16.7203369140625, 54.530540466308594, 21.645833333333332, 432, 223.0, 371, 12, 140941.40826416016, 101.63701629638672, 488.55755615234375, 326.2532598707411
LOSS, 7654.5479736328125, -26.092605590820312, 67.0699234008789, 27.240384247803604, 281, 223.0, 381, 4, 95702.08664703369, 126.40865325927734, 474.4179382324219, 340.5768208079491
WIN , 28942.0, -25.82305908203125, 74.47021484375, 22.042650418888044, 1313, 191.0, 312, 29, 444554.0570755005, 84.30645751953125, 487.9692687988281, 338.57887058301634
LOSS, 10901.224975585938, -19.757240295410156, 63.868919372558594, 20.224907190326416, 539, 170.447998046875, 364, 8, 188647.25022888184, 150.73928833007812, 506.1288757324219, 349.9948983838253
WIN , 28442.65000152588, -33.826332092285156, 83.7471694946289, 17.86598618186299, 1592, 209.6999969482422, 293, 28, 536397.2819290161, 85.37030792236328, 507.7066955566406, 336.93296603581416
LOSS, 20827.752685546875, -45.015220642089844, 59.614479064941406, 15.450855107972458, 1348, 175.0, 310, 16, 462462.54808807373, 67.51741027832031, 498.5054016113281, 343.0731068902624
LOSS, 12782.713256835938, -28.765846252441406, 66.3796157836914, 18.552559153608037, 689, 223.0, 354, 9, 247958.5096435547, 138.7283935546875, 475.2818603515625, 359.8817266234466
LOSS, 24985.31591796875, -39.0, 71.11180877685547, 17.423511797746688, 1434, 207.0, 304, 18, 475581.56842041016, 116.76437377929688, 500.3613586425781, 331.646839902657
LOSS, 11875.825439453125, -32.4249267578125, 63.898826599121094, 23.799249377661575, 499, 223.0, 366, 12, 180801.7758178711, 136.46121215820312, 502.16748046875, 362.3282080518459
LOSS, 18878.80323791504, -35.47113037109375, 58.78082275390625, 18.436331287026405, 1024, 201.39498901367188, 331, 21, 334083.1890716553, 149.6621551513672, 487.150146484375, 326.25311432778835
LOSS, 26262.329345703125, -19.470069885253906, 64.2198715209961, 24.45282061983531, 1074, 223.0, 328, 22, 378737.52602386475, 120.01863861083984, 486.6212463378906, 352.642016781997
LOSS, 11558.694702148438, -28.378822326660156, 56.672584533691406, 17.920456902555717, 645, 223.0, 356, 8, 193929.75003814697, 83.10677337646484, 478.5296325683594, 300.66627912891005
LOSS, 13710.161987304688, -30.322418212890625, 58.236305236816406, 18.884520643670367, 726, 223.0, 351, 9, 233070.49718475342, 59.52879333496094, 483.0776062011719, 321.03374267872374
LOSS, 7744.254844665527, -29.150917053222656, 59.815589904785156, 22.57800246258171, 343, 197.5620880126953, 377, 5, 122117.16157531738, 154.68740844726562, 456.1523742675781, 356.0267101321206
WIN , 27096.65000152588, -37.00048828125, 78.3895034790039, 19.968054533180457, 1357, 161.6999969482422, 309, 31, 419354.9365158081, 78.23664093017578, 479.5636291503906, 309.0309038436316
LOSS, 7233.095947265625, -19.228538513183594, 61.185585021972656, 25.202424903364548, 287, 223.0, 380, 4, 98766.89682769775, 122.95720672607422, 504.17633056640625, 344.1355290163685
LOSS, 19021.0, -41.00048828125, 59.868995666503906, 7.856670797191243, 2421, 223.0, 238, 23, 695098.7060585022, 45.885738372802734, 481.496337890625, 287.112228855226
LOSS, 16163.923820495605, -32.202003479003906, 64.0770492553711, 2.694436376145292, 5999, 146.19288635253906, 0, 20, 1271796.8186187744, 48.839256286621094, 503.0877685546875, 212.0014700147982
LOSS, 9187.993041992188, -19.9285888671875, 61.7938232421875, 26.176618353254096, 351, 191.0, 376, 6, 124045.73835754395, 145.73709106445312, 462.95074462890625, 353.4066619873047
LOSS, 11252.544921875, -28.03710174560547, 58.233253479003906, 25.458246429581447, 442, 207.0, 370, 8, 147739.355178833, 76.6311264038086, 476.9812316894531, 334.25193479373985
LOSS, 22224.4931640625, -37.0, 80.90653228759766, 17.680583264966188, 1257, 207.0, 316, 17, 390548.07375335693, 79.03313446044922, 473.9791259765625, 310.69854713870876
LOSS, 13658.23583984375, -22.89781951904297, 58.487083435058594, 24.969352540847805, 547, 207.0, 363, 9, 176105.3553314209, 130.52792358398438, 490.3427429199219, 321.94763314702175
WIN , 28324.300003051758, -23.092041015625, 78.9007339477539, 21.555783868380335, 1314, 126.39999389648438, 312, 29, 435671.4395828247, 90.31948852539062, 491.22589111328125, 331.5612173385272
WIN , 27780.0, -34.77294921875, 75.384521484375, 16.20770128354726, 1714, 175.0, 285, 22, 524579.9907150269, 95.83766174316406, 482.9494934082031, 306.056003917752
LOSS, 8585.097045898438, -17.844223022460938, 63.13605499267578, 26.744850610275506, 321, 175.0, 378, 11, 115413.27806091309, 167.95986938476562, 494.3635559082031, 359.5429223081405
LOSS, 27161.677001953125, -25.66851806640625, 63.950416564941406, 20.406969948875375, 1331, 207.0, 311, 30, 444128.2278366089, 87.26453399658203, 500.0281066894531, 333.68011107183236
LOSS, 21548.892578125, -37.0, 62.672019958496094, 20.1957756121134, 1067, 207.0, 328, 24, 347807.4151916504, 109.80519104003906, 480.93450927734375, 325.967586871275
WIN , 28454.0, -19.390472412109375, 73.33740234375, 21.87086856264412, 1301, 207.0, 313, 22, 440317.708152771, 127.6622543334961, 502.5871276855469, 338.44558658937046
LOSS, 11579.432006835938, -24.1448974609375, 63.528663635253906, 28.876389044478646, 401, 223.0, 373, 9, 138639.08964538574, 191.30227661132812, 493.525390625, 345.7333906368722
LOSS, 21631.0, -39.0, 63.579933166503906, 22.532291666666666, 960, 223.0, 335, 23, 303761.3247680664, 82.9124755859375, 517.2338256835938, 316.4180466334025
LOSS, 14331.300491333008, -27.401123046875, 60.965187072753906, 27.349810097963754, 524, 148.39999389648438, 365, 11, 176638.10592651367, 120.40540313720703, 471.5391540527344, 337.0956219971635
LOSS, 21057.65000152588, -41.9998779296875, 61.48521423339844, 16.074541985897618, 1310, 209.6999969482422, 312, 22, 384523.0213737488, 52.94095230102539, 482.9031982421875, 293.5290239494266
LOSS, 16536.572357177734, -25.0601806640625, 55.636817932128906, 17.083235906175346, 968, 187.11895751953125, 335, 8, 302397.6576766968, 63.505027770996094, 478.1163024902344, 312.3942744593975
LOSS, 16662.681465148926, -32.160400390625, 64.9962387084961, 17.764052734700346, 938, 142.83775329589844, 337, 13, 303734.55393218994, 92.2296371459961, 483.12188720703125, 323.81082508762256
LOSS, 11733.4228515625, -33.54449462890625, 56.596885681152344, 10.764608120699542, 1090, 175.0, 327, 11, 295038.5472793579, 91.18988800048828, 483.5473937988281, 270.67756631133756
WIN , 27638.412925720215, -25.67310333251953, 80.60997009277344, 22.040201695151687, 1254, 178.1741485595703, 316, 23, 410343.0143890381, 101.29427337646484, 492.347900390625, 327.22728420178476
LOSS, 16064.9990234375, -34.06299591064453, 55.298683166503906, 16.12951709180472, 996, 223.0, 333, 15, 294742.702041626, 78.0673599243164, 480.6199645996094, 295.92640767231524
LOSS, 16624.09765625, -15.721900939941406, 59.811622619628906, 31.485033439867426, 528, 207.0, 364, 11, 181432.96784973145, 147.6417236328125, 481.2105407714844, 343.6230451699459
LOSS, 18014.023193359375, -20.3179931640625, 65.8876724243164, 21.06903297468933, 855, 207.0, 342, 7, 283761.87297058105, 133.63113403320312, 467.7908630371094, 331.88523154453924
LOSS, 7363.43115234375, -16.23963165283203, 60.474693298339844, 23.37597191220238, 315, 207.0, 378, 5, 99513.7780380249, 80.77963256835938, 454.9864807128906, 315.91675567626953
WIN , 24262.0, -44.999755859375, 82.88126373291016, 6.146947048391183, 3947, 191.0, 136, 30, 976630.5074882507, 61.16337203979492, 490.4576110839844, 247.4361559382444
LOSS, 12741.628784179688, -21.34002685546875, 59.622802734375, 29.494511074490017, 432, 207.0, 371, 13, 148975.71061706543, 111.63034057617188, 477.4459533691406, 344.85118198394775
LOSS, 9080.631713867188, -19.72052001953125, 64.8726577758789, 21.72399931547174, 418, 175.0, 372, 9, 136577.56664276123, 110.18975067138672, 484.54217529296875, 326.7405900544527
LOSS, 17539.140869140625, -44.999755859375, 60.803443908691406, 14.144468442855343, 1240, 223.0, 317, 14, 379905.82417297363, 105.58613586425781, 485.8785705566406, 306.3756646556239
LOSS, 14692.48193359375, -20.637229919433594, 59.17259216308594, 28.418727144281913, 517, 223.0, 365, 14, 175827.87923431396, 126.10416412353516, 515.0852661132812, 340.0926097375512
LOSS, 15139.331298828125, -31.767578125, 65.95906829833984, 22.973188617341616, 659, 223.0, 356, 10, 231587.62059020996, 141.73043823242188, 489.1617431640625, 351.422793004871
LOSS, 17517.06201171875, -23.7188720703125, 63.869544982910156, 19.463402235243056, 900, 223.0, 339, 13, 296018.8757019043, 97.69994354248047, 467.688232421875, 328.90986189100477
WIN , 28774.0, -20.355697631835938, 62.98773956298828, 22.427123928293064, 1283, 207.0, 314, 22, 433483.678855896, 119.654541015625, 499.8500061035156, 337.8672477442681
LOSS, 10120.702758789062, -22.498558044433594, 59.077903747558594, 22.692158651993413, 446, 223.0, 370, 7, 153050.33865356445, 145.02430725097656, 494.2075500488281, 343.16219429050324
LOSS, 17233.618408203125, -26.9580078125, 57.722999572753906, 25.721818519706158, 670, 223.0, 355, 15, 235133.54570007324, 69.86965942382812, 530.7607421875, 350.94559059712424
LOSS, 21181.0, -31.970741271972656, 55.32355499267578, 20.66439024390244, 1025, 223.0, 331, 27, 353201.69801330566, 98.43685913085938, 519.2191162109375, 344.5870224520055
WIN , 28255.300003051758, -43.00006103515625, 79.3099136352539, 20.053442159724455, 1409, 164.39999389648438, 306, 34, 462930.5816497803, 87.93721008300781, 494.1314697265625, 328.5525774661322
LOSS, 26052.712890625, -39.999755859375, 56.057960510253906, 24.190076964368618, 1077, 191.0, 328, 13, 374139.5976715088, 113.97815704345703, 498.21331787109375, 347.39052708589486
LOSS, 20133.85595703125, -26.002113342285156, 68.6375961303711, 26.45710375431176, 761, 207.0, 349, 16, 245326.3180847168, 115.68604278564453, 479.7055358886719, 322.37361114943076
LOSS, 17145.98974609375, -43.350196838378906, 66.7665786743164, 25.103938134837115, 683, 207.0, 354, 17, 231453.94216918945, 122.68968963623047, 500.2223815917969, 338.8783926342452
LOSS, 5226.619873046875, -23.038551330566406, 54.95170593261719, 31.11083257765997, 168, 175.0, 388, 3, 55501.53504943848, 109.18840026855469, 473.6038818359375, 330.3662800561814
WIN , 26447.940521240234, -44.999755859375, 83.6836929321289, 8.485062727378965, 3117, 219.11895751953125, 192, 27, 817787.570388794, 66.14605712890625, 485.7675476074219, 262.3636735286474
LOSS, -10011.962181091309, -25.20965576171875, 66.1677474975586, -1.6689385199352074, 5999, 225.0168914794922, 0, 3, 1013829.7362194061, 27.228355407714844, 465.64599609375, 168.99978933479017
