LOSS, 15375.897705078125, -30.937416076660156, 43.83134460449219, 5.601419928990209, 2745, 191.0, 216, 11, 6207.539965711534, 0.04491522163152695, 32.981021881103516, 2.2613988946125807
LOSS, 19338.37548828125, -42.999755859375, 49.81681823730469, 6.686851828589644, 2892, 223.0, 207, 16, 28377.269966632128, -0.39131447672843933, 66.51435089111328, 9.812334013358274
WIN , 28981.482124328613, -44.999755859375, 83.32112884521484, 9.285960308980652, 3121, 152.03575134277344, 191, 28, 57119.24372243881, 5.600943565368652, 91.84197235107422, 18.301584018724387
LOSS, 14857.85498046875, -24.698165893554688, 53.480445861816406, 21.817701880277166, 681, 207.0, 354, 14, 23550.97119283676, 7.292038440704346, 88.90452575683594, 34.58292392487043
WIN , 29542.0, -38.0, 63.890380859375, 16.403109383675737, 1801, 191.0, 279, 27, 70796.70391178131, 11.914111137390137, 94.9769287109375, 39.30966347128335
LOSS, 23330.49365234375, -42.00048828125, 59.477149963378906, 12.624726002350513, 1848, 191.0, 276, 16, 84509.67826461792, 6.04508113861084, 119.34248352050781, 45.73034538128675
WIN , 28336.0, -27.408973693847656, 87.215576171875, 21.69678407350689, 1306, 223.0, 312, 29, 77114.39061164856, 8.437074661254883, 133.51345825195312, 59.04624089712753
WIN , 29424.0, -20.662147521972656, 61.397705078125, 19.20626631853786, 1532, 207.0, 297, 33, 99800.34109640121, 4.418379306793213, 134.93743896484375, 65.14382578094074
WIN , 28783.482124328613, -18.973899841308594, 63.418785095214844, 25.791650649039976, 1116, 168.03575134277344, 325, 31, 98188.82609176636, 26.81055450439453, 167.10877990722656, 87.98281907864369
LOSS, 25728.907844543457, -20.23682403564453, 57.433692932128906, 22.49030405991561, 1144, 213.82737731933594, 323, 23, 106425.311794281, 33.13478088378906, 168.8313446044922, 93.02911870129459
LOSS, 17549.030517578125, -20.002357482910156, 57.090065002441406, 25.433377561707427, 690, 207.0, 353, 22, 64138.50956583023, 6.566685199737549, 170.57757568359375, 92.95436168960903
LOSS, 18202.514404296875, -21.98052215576172, 56.412574768066406, 23.76307363485232, 766, 207.0, 348, 15, 73221.3814125061, 39.640602111816406, 168.8951873779297, 95.58927077350667
WIN , 28831.74871826172, -20.332557678222656, 79.404296875, 26.548571563776903, 1086, 151.5025634765625, 327, 30, 116946.4088935852, 28.146251678466797, 184.0338134765625, 107.68545938635839
LOSS, 27554.832763671875, -36.0, 59.690773010253906, 22.27553174104436, 1237, 175.0, 317, 30, 143396.1187400818, 27.93115997314453, 210.4972686767578, 115.92248887637977
WIN , 26594.345001220703, -41.48548126220703, 69.76589965820312, 12.210443067594445, 2178, 146.30999755859375, 254, 31, 255420.835647583, 20.243921279907227, 209.0786590576172, 117.27311094930349
LOSS, 15959.248046875, -21.3079833984375, 61.031715393066406, 24.180678858901516, 660, 175.0, 355, 10, 90329.96404266357, 41.95854568481445, 221.31454467773438, 136.8635818828236
LOSS, 14238.650489807129, -23.002235412597656, 61.305763244628906, 25.290675825589926, 563, 193.6999969482422, 362, 13, 76335.61888885498, 56.671321868896484, 216.8813934326172, 135.58724491803727
LOSS, 24029.035888671875, -20.8817138671875, 61.442481994628906, 21.22706350589388, 1132, 223.0, 324, 20, 157315.50151062012, 53.39335632324219, 219.22186279296875, 138.97129108712025
LOSS, 20705.036865234375, -17.662269592285156, 58.982444763183594, 28.917649253120636, 716, 223.0, 352, 13, 101647.83898544312, 63.446533203125, 213.17813110351562, 141.96625556626134
LOSS, -9129.197494506836, -24.367431640625, 64.22667694091797, -1.5217865468422798, 5999, 203.39498901367188, 0, 5, 853393.7545661926, 52.16238784790039, 217.42672729492188, 142.25600176132565
WIN , 26824.361114501953, -17.662269592285156, 75.17462921142578, 26.824361114501954, 1000, 206.27777099609375, 333, 27, 179670.53971862793, 73.46675872802734, 272.1585998535156, 179.67053971862794
LOSS, 8261.598999023438, -20.1611328125, 60.521141052246094, 23.80864264848253, 347, 186.447998046875, 376, 7, 59067.512840270996, 76.58368682861328, 266.4267578125, 170.22337994314407
LOSS, 26720.020751953125, -37.06287384033203, 59.142677307128906, 15.181829972700639, 1760, 175.0, 282, 32, 310016.4127883911, 36.110633850097656, 282.4515075683594, 176.14568908431312
LOSS, 13044.948486328125, -24.795372009277344, 63.151145935058594, 22.414000835615337, 582, 207.0, 361, 11, 110196.4921951294, 75.84109497070312, 295.2530822753906, 189.34105188166563
LOSS, 9102.701416015625, -31.55792236328125, 54.536048889160156, 24.209312276637302, 376, 175.0, 374, 7, 76993.61022949219, 121.2796401977539, 284.7434387207031, 204.7702399720537
WIN , 28793.300003051758, -43.020606994628906, 79.9764175415039, 11.34487785778241, 2538, 148.39999389648438, 230, 26, 466127.13650894165, 56.965579986572266, 289.45013427734375, 183.6592342430818
LOSS, 15500.135986328125, -22.04345703125, 67.7312240600586, 23.95693351828149, 647, 191.0, 356, 18, 131593.88680267334, 72.68903350830078, 314.1159973144531, 203.39086059145802
WIN , 28886.83213043213, -24.823524475097656, 79.87874603271484, 17.667787235738306, 1635, 181.3357391357422, 290, 31, 325963.5590457916, 24.605186462402344, 320.65631103515625, 199.36609115950557
LOSS, 18513.70263671875, -22.84033203125, 57.358009338378906, 26.987904718248906, 686, 223.0, 354, 17, 149764.73638153076, 109.18443298339844, 301.3682556152344, 218.31594224712939
WIN , 29014.0, -40.999755859375, 78.958740234375, 17.32179104477612, 1675, 207.0, 288, 20, 357266.6142463684, 51.7175407409668, 339.8934020996094, 213.293501042608
LOSS, 13261.781593322754, -43.00006103515625, 61.990867614746094, 18.043240263024156, 735, 165.3357391357422, 350, 12, 148793.28511238098, 27.014001846313477, 338.0810852050781, 202.43984369031426
LOSS, 26533.542724609375, -26.801864624023438, 67.66378021240234, 14.691884122153585, 1806, 223.0, 279, 28, 394202.49641418457, 86.97936248779297, 337.7738037109375, 218.27380753830818
LOSS, 22701.299514770508, -21.27154541015625, 56.48841857910156, 17.355733573983567, 1308, 196.39999389648438, 312, 22, 294919.8690185547, 75.3905029296875, 338.16131591796875, 225.4739059774883
LOSS, 15957.935447692871, -25.990966796875, 52.13343811035156, 21.95039263781688, 727, 201.8000030517578, 351, 16, 167743.78050994873, 99.5890884399414, 373.4595031738281, 230.73422353500513
LOSS, 25999.779296875, -20.7525634765625, 60.304786682128906, 17.35632796854139, 1498, 223.0, 300, 25, 348929.4650917053, 50.73321533203125, 352.32952880859375, 232.93021701715975
LOSS, 16869.54833984375, -34.0001220703125, 60.613014221191406, 20.522564890320865, 822, 175.0, 345, 12, 187737.34043884277, 88.66887664794922, 344.96673583984375, 228.39092510808123
LOSS, 8256.462890625, -23.3177490234375, 56.982566833496094, 14.210779501936317, 581, 191.0, 361, 7, 127255.43441009521, 66.2659683227539, 339.909423828125, 219.02828642012946
LOSS, 12739.272216796875, -41.9998779296875, 58.152992248535156, 11.634038554152397, 1095, 207.0, 326, 11, 247459.45028686523, 89.27290344238281, 356.78668212890625, 225.99036555878104
WIN , 28918.83213043213, -49.85498809814453, 80.3827896118164, 19.088338039889194, 1515, 197.3357391357422, 298, 18, 372682.8231430054, 81.63976287841797, 380.0667419433594, 245.99526280066362
LOSS, 7892.023681640625, -15.463035583496094, 54.1573486328125, 26.935234408329777, 293, 207.0, 380, 3, 74294.3846282959, 110.15351104736328, 355.44317626953125, 253.5644526563
WIN , 28909.33000946045, -18.694107055664062, 83.08536529541016, 23.035322716701554, 1255, 176.33998107910156, 316, 21, 309340.126953125, 79.73165893554688, 377.5319519042969, 246.48615693476097
LOSS, 7962.128402709961, -38.0, 57.858497619628906, 25.276598103841145, 315, 140.09500122070312, 378, 6, 78026.50762176514, 122.87068176269531, 349.5640563964844, 247.7031987992544
WIN , 28535.688247680664, -22.911865234375, 87.83494567871094, 17.357474603212083, 1644, 143.62350463867188, 290, 27, 386334.18756866455, 80.45394897460938, 383.0744323730469, 234.99646445782514
LOSS, 9444.131736755371, -17.66242218017578, 55.784828186035156, 23.848817517059018, 396, 201.8000030517578, 373, 11, 101474.49490356445, 120.40689086914062, 361.53271484375, 256.24872450395065
LOSS, 6495.7462158203125, -16.7203369140625, 61.13665771484375, 27.2930513269761, 238, 207.0, 384, 3, 60676.259048461914, 139.7648162841797, 358.1155700683594, 254.94226490950385
LOSS, 16422.87255859375, -39.999755859375, 55.8184814453125, 16.60553342628286, 989, 223.0, 334, 11, 238024.0902709961, 53.35240173339844, 373.9880676269531, 240.67147651263508
WIN , 27427.940521240234, -20.986328125, 61.128761291503906, 14.722458680214833, 1863, 219.11895751953125, 275, 34, 444745.94522857666, 74.296630859375, 381.94317626953125, 238.72568181888172
LOSS, 20580.815673828125, -39.0, 58.292457580566406, 21.43834966023763, 960, 223.0, 335, 10, 255522.7848739624, 120.11031341552734, 380.9593505859375, 266.1695675770442
LOSS, 15827.700439453125, -24.031635284423828, 69.27716827392578, 20.689804496017157, 765, 223.0, 348, 13, 210252.1791229248, 143.19436645507812, 372.3403625488281, 274.83944983388864
LOSS, 7878.9029541015625, -19.4534912109375, 52.916786193847656, 25.17221391086761, 313, 207.0, 379, 5, 86667.4864654541, 173.82557678222656, 370.97149658203125, 276.8929280046457
WIN , 30104.55767059326, -33.00288391113281, 73.56635284423828, 17.792291767490106, 1692, 165.88465881347656, 287, 43, 432752.41205596924, 65.30903625488281, 411.564208984375, 255.76383691251138
WIN , 25414.0, -36.0, 88.909912109375, 8.870506108202443, 2865, 207.0, 208, 34, 714499.5566635132, 82.1011962890625, 397.4450988769531, 249.38902501344265
LOSS, 18025.65087890625, -31.199256896972656, 55.959693908691406, 17.315706896163544, 1041, 223.0, 330, 17, 286287.34142684937, 57.79611587524414, 401.4154968261719, 275.011855357204
LOSS, 19609.1728515625, -43.21186828613281, 56.876731872558594, 14.471714281595942, 1355, 191.0, 309, 18, 356020.2086791992, 76.47354125976562, 403.1241455078125, 262.7455414606636
WIN , 28580.491676330566, -37.0, 62.228614807128906, 14.987148230902237, 1907, 154.0166473388672, 272, 29, 526670.027420044, 80.84901428222656, 403.07305908203125, 276.1772561195826
LOSS, 26890.31337738037, -30.465476989746094, 54.58922576904297, 16.93344671119671, 1588, 201.8000030517578, 294, 23, 445336.93171691895, 88.1651382446289, 414.5743103027344, 280.438873877153
LOSS, 16100.571533203125, -26.980369567871094, 56.4697265625, 20.641758375901443, 780, 223.0, 347, 14, 226382.9374923706, 126.98087310791016, 398.6590881347656, 290.234535246629
LOSS, 27733.900634765625, -25.919708251953125, 59.808250427246094, 19.193010819907006, 1445, 191.0, 303, 20, 406086.0732345581, 115.07857513427734, 405.02984619140625, 281.02842438377724
WIN , 28195.44598388672, -25.2099609375, 76.7530288696289, 17.61114677319595, 1601, 204.1080322265625, 293, 23, 469404.2631454468, 98.88117980957031, 418.7109069824219, 293.19441795468254
LOSS, -8115.743827819824, -29.458778381347656, 61.135169982910156, -1.352849446211006, 5999, 227.82737731933594, 0, 5, 965823.300441742, 45.60358428955078, 386.04388427734375, 160.99738297078545
LOSS, 27983.002197265625, -32.69688415527344, 63.654396057128906, 20.336484154989552, 1376, 191.0, 308, 25, 403353.6592102051, 110.73953247070312, 434.9981384277344, 293.1349267516025
WIN , 27462.0, -27.68151092529297, 83.54682159423828, 10.343502824858756, 2655, 191.0, 222, 35, 728478.9353256226, 88.37456512451172, 447.9609375, 274.3800133053192
LOSS, 10684.522338867188, -42.23986053466797, 58.47754669189453, 10.880368980516485, 982, 223.0, 334, 12, 269662.0661010742, 81.45830535888672, 431.4997863769531, 274.60495529640957
LOSS, 8344.914794921875, -21.34002685546875, 55.971595764160156, 19.77467960881961, 422, 223.0, 371, 8, 119210.75653076172, 117.10958862304688, 437.46087646484375, 282.4899443856913
LOSS, 24538.52587890625, -28.4342041015625, 56.16180419921875, 17.78154049196105, 1380, 191.0, 307, 25, 415599.5651473999, 117.6385498046875, 442.7615661621094, 301.1591051792753
LOSS, 11291.055297851562, -15.999755859375, 52.202369689941406, 27.273080429593147, 414, 175.0, 372, 9, 130700.00289916992, 173.760986328125, 430.2664794921875, 315.7004900946133
LOSS, 15807.185302734375, -23.3648681640625, 54.670326232910156, 22.581693289620535, 700, 223.0, 353, 19, 204389.5558166504, 110.69540405273438, 433.03948974609375, 291.985079738072
LOSS, 21460.17822265625, -37.0, 59.232704162597656, 18.628626929389107, 1152, 175.0, 323, 11, 357466.7356338501, 87.72086334228516, 442.07684326171875, 310.3009857932727
LOSS, 24885.322509765625, -26.092529296875, 62.126609802246094, 14.7950787810735, 1682, 223.0, 287, 30, 511812.2874908447, 101.4930191040039, 441.6000671386719, 304.28792359741067
WIN , 30070.65000152588, -25.49713134765625, 91.2691421508789, 18.425643383287916, 1632, 193.6999969482422, 291, 27, 516467.3531341553, 129.66551208496094, 443.0336608886719, 316.4628389302422
LOSS, 10570.4189453125, -22.64862060546875, 57.761451721191406, 16.43922075476283, 643, 223.0, 357, 12, 190562.18128967285, 104.88410949707031, 473.07275390625, 296.36420107258607
LOSS, 14787.22216796875, -36.17204284667969, 55.18470001220703, 14.78722216796875, 1000, 191.0, 333, 14, 303601.82625579834, 120.80059051513672, 439.8533020019531, 303.60182625579836
WIN , 28849.482124328613, -32.524803161621094, 70.35970306396484, 18.04220270439563, 1599, 136.03575134277344, 293, 24, 502335.11836242676, 109.16152954101562, 445.8454895019531, 314.155796349235
WIN , 29357.415954589844, -28.2073974609375, 85.459228515625, 16.255490561788395, 1806, 180.1680908203125, 279, 38, 540053.455657959, 96.27123260498047, 443.5384216308594, 299.032921183809
WIN , 28941.25050354004, -44.999755859375, 76.31449127197266, 10.74285467837418, 2694, 132.49899291992188, 220, 30, 780763.8940658569, 64.64054107666016, 452.0905456542969, 289.8158478343938
LOSS, 17862.337059020996, -23.0926513671875, 57.20362854003906, 11.442880883421521, 1561, 153.8000030517578, 295, 20, 482603.4050216675, 102.08519744873047, 459.0321350097656, 309.1629756705109
LOSS, 24068.84765625, -25.06048583984375, 61.922218322753906, 20.820802470804498, 1156, 175.0, 322, 22, 368331.44242858887, 134.10768127441406, 457.4290466308594, 318.62581524964435
WIN , 29515.74871826172, -30.914085388183594, 83.270263671875, 12.613567828316974, 2340, 183.5025634765625, 243, 36, 693454.6145324707, 113.3395004272461, 450.1670227050781, 296.3481258685772
LOSS, 7081.0, -15.463035583496094, 58.55200958251953, 30.131914893617022, 235, 223.0, 384, 6, 79328.43408203125, 185.40716552734375, 432.6650390625, 337.5678046043883
LOSS, 12621.299194335938, -22.2373046875, 55.289527893066406, 21.68608108992429, 582, 207.0, 361, 5, 192533.82096862793, 146.6761474609375, 455.3310852050781, 330.8141253756494
WIN , 30269.75, -22.18706512451172, 72.73095703125, 22.306374355195285, 1357, 175.5, 309, 30, 443327.13565063477, 136.7288360595703, 467.10186767578125, 326.6964890572106
LOSS, 19258.001007080078, -39.0924072265625, 55.846778869628906, 3.2102018681580393, 5999, 233.62689208984375, 0, 29, 1640330.9846343994, 87.84452819824219, 456.1776123046875, 273.43406978403056
LOSS, 8717.712036132812, -23.092575073242188, 50.78467559814453, 16.294788852584695, 535, 223.0, 364, 7, 152941.24505996704, 55.38534164428711, 455.36700439453125, 285.87148609339636
LOSS, 15562.65478515625, -21.34002685546875, 57.093421936035156, 23.869102431221243, 652, 207.0, 356, 10, 215937.55270385742, 127.48419189453125, 468.6850891113281, 331.1925654967138
LOSS, 14355.345336914062, -25.344581604003906, 60.040184020996094, 18.03435343833425, 796, 191.0, 346, 12, 264467.76652526855, 130.5249481201172, 452.13262939453125, 332.24593784581475
WIN , 29450.0, -34.18101501464844, 64.337158203125, 10.172711571675302, 2895, 175.0, 206, 25, 848798.3967208862, 95.38580322265625, 476.33709716796875, 293.1946102662819
WIN , 30856.802505493164, -23.16162109375, 78.15518951416016, 16.944976664191742, 1821, 201.39498901367188, 278, 33, 578479.1124267578, 107.28712463378906, 481.24224853515625, 317.67112159624264
LOSS, 19734.671875, -21.445045471191406, 50.87516784667969, 14.716384694258016, 1341, 223.0, 310, 15, 442799.528717041, 134.30596923828125, 458.0166015625, 330.2009908404482
WIN , 29004.0, -36.999755859375, 73.6360855102539, 13.837786259541986, 2096, 207.0, 260, 31, 643971.7559890747, 104.57286071777344, 467.23223876953125, 307.2384332008944
WIN , 29047.657302856445, -25.65679931640625, 86.95247650146484, 12.498991954757507, 2324, 159.68539428710938, 245, 26, 753689.8742599487, 118.65496063232422, 465.1147155761719, 324.3071748106492
LOSS, 25072.74658203125, -29.857177734375, 55.771095275878906, 17.149621465137653, 1462, 175.0, 302, 27, 466438.7572631836, 135.74400329589844, 459.6991271972656, 319.0415576355565
WIN , 28194.0, -39.25, 84.759521484375, 10.407530454042082, 2709, 207.0, 219, 31, 776609.2442932129, 88.50801086425781, 467.8453063964844, 286.67746190225654
LOSS, 17966.2880859375, -23.881591796875, 53.373023986816406, 15.097721080619747, 1190, 223.0, 320, 18, 397723.6421279907, 97.2571792602539, 466.6750793457031, 334.2215480067149
LOSS, 4608.361145019531, -19.731224060058594, 51.929847717285156, 20.21211028517338, 228, 223.0, 384, 2, 71500.04647827148, 161.1221923828125, 438.8143615722656, 313.5966950801381
LOSS, 22262.258544921875, -42.22570037841797, 52.35741424560547, 13.649453430362891, 1631, 223.0, 291, 18, 519191.19539642334, 76.92862701416016, 483.9410095214844, 318.32691317990395
LOSS, 11898.0, -30.322265625, 50.85075378417969, 1.9833305550925153, 5999, 189.0, 0, 29, 1876858.6940307617, 102.62849426269531, 473.83056640625, 312.8619259927924
LOSS, 12701.499633789062, -31.5836181640625, 51.855384826660156, 16.51690459530437, 769, 175.0, 348, 10, 243357.56533813477, 128.26002502441406, 457.72711181640625, 316.4597728714366
WIN , 29534.0, -28.683914184570312, 85.086669921875, 21.020640569395017, 1405, 207.0, 306, 18, 453060.4935913086, 132.49742126464844, 473.1897888183594, 322.46298476249723
WIN , 29207.525505065918, -39.0, 59.99847412109375, 12.024506177466414, 2429, 179.94898986816406, 238, 33, 757947.9964828491, 101.6160659790039, 478.5806884765625, 312.04116775745126
LOSS, 8212.076171875, -21.59246826171875, 44.09192657470703, 18.33052716936384, 448, 207.0, 370, 3, 139980.89614868164, 59.25157165527344, 472.7491149902344, 312.45735747473583
LOSS, 27852.125, -33.57763671875, 55.967323303222656, 17.57231861198738, 1585, 207.0, 294, 24, 530073.5042419434, 122.54420471191406, 463.17889404296875, 334.4312329602166
LOSS, 25485.94091796875, -28.631362915039062, 52.746192932128906, 20.770937993454563, 1227, 207.0, 318, 29, 403660.8118133545, 129.81890869140625, 454.7779235839844, 328.98191671830034
WIN , 30434.065948486328, -30.322418212890625, 83.5573501586914, 15.631261401379726, 1947, 166.86810302734375, 270, 37, 629377.5409469604, 127.98285675048828, 468.7601318359375, 323.25502873495657
LOSS, 10714.148315429688, -17.662269592285156, 83.0548324584961, 21.385525579699976, 501, 207.0, 366, 14, 169866.27514648438, 171.28427124023438, 444.2942199707031, 339.05444141014846
WIN , 29325.300003051758, -24.520042419433594, 63.108741760253906, 18.102037038920837, 1620, 164.39999389648438, 291, 31, 533561.6902313232, 121.74394226074219, 479.54437255859375, 329.3590680440267
WIN , 29870.0, -30.322265625, 74.6041030883789, 15.21650534895568, 1963, 175.0, 269, 27, 600329.6261444092, 104.69906616210938, 475.40264892578125, 305.82252987489005
LOSS, 23161.0, -27.04864501953125, 55.98686599731445, 13.91051051051051, 1665, 223.0, 288, 26, 506006.1605453491, 120.81536865234375, 472.20361328125, 303.9076039311406
LOSS, 24201.364501953125, -21.880645751953125, 51.919090270996094, 15.356195749970256, 1576, 207.0, 294, 14, 509669.4772338867, 112.200927734375, 466.61041259765625, 323.3943383463748
LOSS, 28319.63232421875, -29.951278686523438, 64.0794906616211, 18.485399689437827, 1532, 207.0, 297, 28, 501314.7701263428, 148.26058959960938, 457.0872802734375, 327.22896222346134
LOSS, 16130.6982421875, -34.0869140625, 53.695655822753906, 16.90848872346698, 954, 175.0, 336, 8, 304468.081451416, 145.51185607910156, 453.7169494628906, 319.1489323390105
LOSS, 7699.0, -28.3641357421875, 55.97618103027344, 16.242616033755276, 474, 207.0, 368, 8, 148724.8097076416, 120.67915344238281, 500.4637756347656, 313.7654213241384
WIN , 29404.753562927246, -21.98052215576172, 79.85298919677734, 16.372357217665506, 1796, 205.4928741455078, 280, 24, 553698.4652557373, 107.62507629394531, 486.0374755859375, 308.29535927379584
LOSS, 18270.79248046875, -22.460105895996094, 55.140907287597656, 23.21574648090057, 787, 223.0, 347, 9, 268536.11029052734, 188.54310607910156, 471.7078857421875, 341.2148796575951
WIN , 30272.0, -26.852256774902344, 62.509765625, 21.16923076923077, 1430, 191.0, 304, 26, 469008.3346557617, 102.14006805419922, 467.57080078125, 327.97785640263055
WIN , 30272.0, -31.805252075195312, 78.760986328125, 15.865828092243186, 1908, 191.0, 272, 26, 616528.6731109619, 144.82130432128906, 455.58447265625, 323.12823538310374
LOSS, 19596.012451171875, -38.92822265625, 54.810707092285156, 13.412739528522843, 1461, 191.0, 302, 21, 471302.77671813965, 118.76165008544922, 450.1875305175781, 322.5891695538259
LOSS, 5441.0, -17.80914306640625, 51.4720458984375, 19.09122807017544, 285, 223.0, 380, 5, 84665.89091491699, 131.99668884277344, 440.7928161621094, 297.0733014558491
LOSS, 13168.904174804688, -25.1043701171875, 56.829139709472656, 13.012751160874197, 1012, 207.0, 332, 13, 322880.3827056885, 143.74612426757812, 467.4045104980469, 319.05176156688583
WIN , 28619.300003051758, -30.155029296875, 79.2195816040039, 16.687638485744465, 1715, 196.39999389648438, 285, 29, 568367.7266693115, 107.82247924804688, 460.7610778808594, 331.4097531599484
LOSS, 18368.052734375, -20.779693603515625, 52.361671447753906, 18.762055908452503, 979, 207.0, 334, 12, 309476.16066741943, 112.68600463867188, 468.3365478515625, 316.11456656529054
LOSS, 13025.77197265625, -17.662269592285156, 55.136314392089844, 23.09534037705009, 564, 191.0, 362, 9, 184115.79858398438, 157.34738159179688, 458.2450256347656, 326.4464513900432
LOSS, 14021.0, -18.51219940185547, 55.99452209472656, 17.20368098159509, 815, 223.0, 345, 18, 252319.65743255615, 123.84867095947266, 440.932861328125, 309.59467169638793
LOSS, 6141.0, -16.228504180908203, 56.185302734375, 21.85409252669039, 281, 223.0, 381, 6, 87344.79698181152, 130.3004150390625, 455.35186767578125, 310.8355764477278
WIN , 29990.0, -28.952392578125, 89.981689453125, 17.947336923997607, 1671, 175.0, 288, 33, 528359.070274353, 113.23423767089844, 498.98809814453125, 316.19333948195873
WIN , 30472.802505493164, -30.322265625, 80.5569076538086, 15.979445466960232, 1907, 169.39498901367188, 272, 33, 588586.9174194336, 118.08109283447266, 473.1430358886719, 308.645473214176
WIN , 30091.358390808105, -44.999755859375, 66.56905364990234, 13.560774398741824, 2219, 172.28321838378906, 252, 28, 656877.3762588501, 98.2289810180664, 482.1662902832031, 296.0240541950654
LOSS, 15301.126953125, -26.002113342285156, 56.49756622314453, 24.40371124900319, 627, 223.0, 358, 16, 205756.80978393555, 173.82212829589844, 439.7781982421875, 328.16078115460215
LOSS, 18075.1455078125, -23.915184020996094, 55.564476013183594, 16.971967612969483, 1065, 223.0, 328, 14, 343268.91680908203, 149.2736053466797, 448.4309387207031, 322.3182317456169
LOSS, 21408.25, -30.22125244140625, 53.965065002441406, 10.812247474747474, 1980, 188.5, 267, 17, 612237.6709442139, 89.79071807861328, 445.7950134277344, 309.21094492132016
LOSS, 18144.4736328125, -33.20770263671875, 55.94108581542969, 15.574655478809014, 1165, 207.0, 322, 14, 382651.0549697876, 126.7003402709961, 483.03326416015625, 328.45584117578335
LOSS, 12863.778930664062, -27.61627197265625, 60.093994140625, 16.77155010516827, 767, 223.0, 348, 10, 242570.23080444336, 155.85281372070312, 456.4367980957031, 316.25844954946984
LOSS, 23068.939453125, -30.24444580078125, 57.949119567871094, 18.618998751513317, 1239, 223.0, 317, 24, 404663.8547973633, 130.7120819091797, 467.85076904296875, 326.6052096831019
LOSS, 22952.090087890625, -27.53607177734375, 56.018898010253906, 17.77853608666973, 1291, 223.0, 313, 24, 426142.2032623291, 111.36297607421875, 451.28436279296875, 330.0869118995578
LOSS, 13583.622314453125, -23.013710021972656, 51.860572814941406, 17.572603252850097, 773, 191.0, 348, 13, 241929.61962890625, 101.2166519165039, 452.8461608886719, 312.97492836857214
LOSS, 19373.97959136963, -34.0869140625, 52.95561599731445, 15.98513167604755, 1212, 177.6999969482422, 319, 16, 392917.28549194336, 133.74539184570312, 458.98577880859375, 324.18917944879814
LOSS, 16451.104736328125, -25.883033752441406, 59.645301818847656, 17.557208896828307, 937, 175.0, 337, 11, 293598.922996521, 96.67314910888672, 466.1606750488281, 313.33929882232763
WIN , 30370.802505493164, -45.882347106933594, 90.02286529541016, 16.018355751842385, 1896, 153.39498901367188, 273, 37, 584370.2824020386, 45.53498840332031, 462.98651123046875, 308.21217426267856
WIN , 30407.75, -22.833251953125, 79.948974609375, 17.415664375715924, 1746, 159.5, 283, 36, 563065.9877166748, 135.39700317382812, 456.90216064453125, 322.4891109488401
LOSS, 14725.000244140625, -21.34033203125, 57.18196105957031, 18.975515778531733, 776, 223.0, 348, 11, 243585.95971679688, 142.6490020751953, 460.2611389160156, 313.89943262473827
WIN , 22850.0, -36.372596740722656, 74.85107421875, 6.160690212995417, 3709, 175.0, 152, 32, 859950.0149993896, 54.604164123535156, 464.67144775390625, 231.8549514692342
WIN , 30035.482124328613, -33.136688232421875, 88.54940032958984, 17.626456645732755, 1704, 184.03575134277344, 286, 34, 556731.062538147, 115.15612030029297, 463.1668701171875, 326.7201071233257
WIN , 30382.0, -39.999755859375, 86.62353515625, 15.183408295852074, 2001, 191.0, 266, 28, 637071.9569244385, 98.2159194946289, 447.9803771972656, 318.37679006718565
LOSS, 16681.885009765625, -25.9765625, 54.20893478393555, 19.420122246525757, 859, 223.0, 342, 13, 276808.37327575684, 130.1148223876953, 470.6258239746094, 322.2449048611837
LOSS, 5101.599998474121, -21.562952041625977, 55.35193634033203, 21.801709395188553, 234, 201.8000030517578, 384, 8, 73450.18183898926, 133.74240112304688, 456.5521545410156, 313.88966597858655
LOSS, 24548.974365234375, -25.0244140625, 60.072853088378906, 17.024254067430217, 1442, 207.0, 303, 21, 455499.82819366455, 127.8709487915039, 448.795654296875, 315.8806020760503
LOSS, 19104.48876953125, -26.40129852294922, 57.523719787597656, 18.21209606247021, 1049, 223.0, 330, 14, 334789.4212036133, 155.6410369873047, 458.2181091308594, 319.15102116645687
LOSS, 15169.04443359375, -25.9964599609375, 61.295082092285156, 18.773569843556622, 808, 223.0, 346, 14, 251758.54333496094, 150.23953247070312, 449.40966796875, 311.58235561257544
LOSS, 22619.276000976562, -21.046142578125, 54.078269958496094, 19.583788745434255, 1155, 186.447998046875, 322, 22, 372402.20191192627, 121.42823791503906, 450.6767883300781, 322.4261488414946
WIN , 29194.0, -26.002418518066406, 69.73983001708984, 16.578080636002273, 1761, 207.0, 282, 28, 550842.8819274902, 115.3718032836914, 493.4968566894531, 312.8011822416185
LOSS, 10669.0, -20.68206787109375, 53.205711364746094, 16.74882260596546, 637, 207.0, 357, 9, 208765.09175109863, 175.30291748046875, 459.5205383300781, 327.7316981963872
LOSS, 8111.9539794921875, -21.34002685546875, 55.909339904785156, 21.347247314453124, 380, 223.0, 374, 8, 118164.10333251953, 134.2659149169922, 465.17242431640625, 310.9581666645251
WIN , 21364.0, -38.200439453125, 75.377197265625, 5.145472061657033, 4152, 207.0, 123, 25, 976408.9960479736, 87.1358413696289, 453.5566711425781, 235.16594317147727
LOSS, 20885.787353515625, -26.547996520996094, 56.708595275878906, 19.249573597710253, 1085, 175.0, 327, 16, 360875.1636047363, 86.69451904296875, 453.8163146972656, 332.6038374237201
LOSS, 12464.760398864746, -26.8131103515625, 50.642921447753906, 13.989630077289277, 891, 201.8000030517578, 340, 9, 263511.6618499756, 139.3426971435547, 461.2350769042969, 295.74821756450683
LOSS, 15434.7646484375, -39.0, 60.649024963378906, 10.035607703795513, 1538, 223.0, 297, 11, 427440.50339508057, 91.41706848144531, 462.9478454589844, 277.9197031177377
LOSS, 15869.31005859375, -21.1429443359375, 53.88330078125, 19.329244894754872, 821, 207.0, 345, 9, 264875.15452575684, 155.1196746826172, 454.48779296875, 322.62503596316304
LOSS, 13298.118896484375, -28.7969970703125, 60.3597526550293, 20.490167791193183, 649, 175.0, 356, 10, 211656.23609924316, 147.2656707763672, 449.2593994140625, 326.1267120173238
LOSS, 15922.3134765625, -44.999755859375, 55.4998779296875, 11.69898124655584, 1361, 223.0, 309, 15, 368064.0192718506, 112.19719696044922, 460.5553283691406, 270.43645795139645
WIN , 28936.0, -33.05517578125, 88.369140625, 12.086883876357561, 2394, 223.0, 240, 28, 708455.6660995483, 104.13837432861328, 452.40338134765625, 295.92968508753063
WIN , 29746.65000152588, -40.4193115234375, 84.3514175415039, 19.83110000101725, 1500, 161.6999969482422, 299, 21, 496335.21226501465, 123.53491973876953, 459.95062255859375, 330.89014151000976
LOSS, 23904.457275390625, -26.713638305664062, 56.008522033691406, 20.607290754647092, 1160, 191.0, 322, 19, 378946.8263092041, 138.975341796875, 446.113037109375, 326.67829854241734
WIN , 29302.0, -41.9998779296875, 82.6256332397461, 13.313039527487506, 2201, 191.0, 253, 36, 639481.6257400513, 104.22438049316406, 445.5118713378906, 290.54140197185427
LOSS, 15033.874755859375, -21.742408752441406, 57.919837951660156, 16.1134777661944, 933, 223.0, 337, 15, 283687.6992034912, 137.05479431152344, 460.3985290527344, 304.0596990391117
LOSS, 5241.771667480469, -18.79094696044922, 62.408973693847656, 38.261107061901235, 137, 156.5, 390, 7, 44243.50357055664, 196.51348876953125, 431.72210693359375, 322.94528153690976
WIN , 29402.0, -22.68408203125, 72.07275390625, 20.06962457337884, 1465, 191.0, 302, 33, 466477.6249008179, 95.10222625732422, 445.4118957519531, 318.41476102444904
LOSS, 23263.93115234375, -44.999755859375, 55.732643127441406, 15.804301054581352, 1472, 191.0, 301, 18, 455079.52909088135, 118.12630462646484, 456.2639465332031, 309.1572887845661
LOSS, 10322.114570617676, -17.31389617919922, 55.50262451171875, 21.282710454881805, 485, 136.03575134277344, 367, 9, 160591.04760742188, 187.2642364501953, 421.8505554199219, 331.11556207715853
WIN , 30614.0, -27.92279052734375, 59.38105392456055, 16.830126443100603, 1819, 207.0, 278, 34, 580395.9786300659, 123.1821517944336, 457.7737731933594, 319.0742048543518
WIN , 29903.13641357422, -26.323532104492188, 81.097412109375, 13.812072246454605, 2165, 188.7271728515625, 255, 20, 692734.8368835449, 128.12533569335938, 453.2099914550781, 319.9699015628383
LOSS, 21581.0, -26.19530487060547, 54.786277770996094, 18.398124467178175, 1173, 223.0, 321, 13, 391315.7434082031, 135.63429260253906, 452.9202575683594, 333.6025092994059
LOSS, 14313.033386230469, -20.247886657714844, 59.14543151855469, 27.211090087890625, 526, 191.8800048828125, 364, 15, 168616.42127990723, 124.91441345214844, 451.8909606933594, 320.5635385549567
LOSS, 19724.300003051758, -21.562705993652344, 57.253944396972656, 23.59366029073177, 836, 196.39999389648438, 344, 18, 268072.5962371826, 158.0615997314453, 461.630126953125, 320.66100028371125
WIN , 28400.0, -25.56976318359375, 87.115478515625, 20.402298850574713, 1392, 175.0, 307, 21, 468737.461517334, 92.79843139648438, 443.79803466796875, 336.73668212452156
LOSS, 28040.296630859375, -33.63335418701172, 63.128273010253906, 20.97254796623738, 1337, 175.0, 310, 21, 427315.6850280762, 115.27529907226562, 443.7135925292969, 319.6078422049934
LOSS, 14349.373413085938, -21.34002685546875, 53.986427307128906, 24.82590555897221, 578, 223.0, 361, 7, 192973.85926818848, 171.6756134033203, 440.2169494628906, 333.8648084224714
LOSS, 29508.369384765625, -18.426597595214844, 58.412696838378906, 23.587825247614408, 1251, 223.0, 316, 26, 409860.3910369873, 145.53182983398438, 452.5165710449219, 327.62621186010176
LOSS, 23003.949996948242, -20.662376403808594, 62.667747497558594, 22.183172610364746, 1037, 177.10000610351562, 330, 19, 327760.4239273071, 112.34228515625, 460.8804931640625, 316.065982572138
WIN , 29814.0, -27.651443481445312, 65.35400390625, 20.323108384458077, 1467, 207.0, 302, 24, 469480.4167022705, 131.44058227539062, 452.9391784667969, 320.0275505809615
WIN , 29706.0, -20.002967834472656, 85.32958984375, 17.90596745027125, 1659, 223.0, 289, 29, 492716.9019470215, 100.44983673095703, 451.2569885253906, 296.99632425980803
LOSS, -12089.197494506836, -27.082679748535156, 45.35258483886719, -2.0152021161038234, 5999, 203.39498901367188, 0, 7, 994452.2530403137, 55.252540588378906, 433.127685546875, 165.76967045179424
WIN , 29348.83213043213, -25.959762573242188, 77.24080657958984, 21.053681585675847, 1394, 197.3357391357422, 307, 31, 449085.695350647, 105.66397857666016, 460.1295166015625, 322.1561659617267
LOSS, 11511.616577148438, -18.98064422607422, 59.559547424316406, 18.477715212116273, 623, 207.0, 358, 10, 189934.00384521484, 118.05094909667969, 459.6561279296875, 304.8699901207301
LOSS, 11141.534790039062, -24.5819091796875, 59.303199768066406, 19.110694322536986, 583, 207.0, 361, 9, 179777.4832458496, 105.59091186523438, 441.14678955078125, 308.3661805246134
WIN , 29503.05731201172, -21.34033203125, 86.20784759521484, 19.974988024381666, 1477, 148.8853759765625, 301, 36, 462173.2611618042, 93.46595001220703, 458.876220703125, 312.91351466608273
WIN , 30507.786407470703, -26.88232421875, 75.3564453125, 21.514658961544924, 1418, 159.42718505859375, 305, 31, 459706.3635864258, 134.66378784179688, 460.5375061035156, 324.193486309186
WIN , 29716.65000152588, -24.61138153076172, 84.4966812133789, 15.848880000813802, 1875, 161.6999969482422, 274, 27, 576004.612121582, 99.03522491455078, 452.4768371582031, 307.2024597981771
WIN , 30312.65000152588, -32.22894287109375, 84.7981948852539, 22.808615501524365, 1329, 209.6999969482422, 311, 29, 422920.50730895996, 108.52552795410156, 448.8270568847656, 318.22461046573363
WIN , 29370.002716064453, -24.92431640625, 71.62181854248047, 23.08962477678023, 1272, 154.99456787109375, 315, 25, 413637.2890625, 135.7590789794922, 450.1048889160156, 325.18654800511007
WIN , 29644.0, -26.092529296875, 72.196044921875, 22.122388059701493, 1340, 207.0, 310, 26, 437908.4707260132, 108.03951263427734, 449.1606750488281, 326.7973662134427
WIN , 31219.786407470703, -26.092529296875, 80.14892578125, 17.921806204058957, 1742, 175.42718505859375, 283, 28, 568165.8663864136, 121.44679260253906, 449.72344970703125, 326.15721376946817
WIN , 29987.33000946045, -33.000244140625, 79.74674224853516, 24.989441674550374, 1200, 160.33998107910156, 319, 32, 384961.59996795654, 120.5158462524414, 456.37445068359375, 320.80133330663045
WIN , 29047.33000946045, -38.530029296875, 86.54483795166016, 22.728740226494875, 1278, 160.33998107910156, 314, 29, 391831.61141204834, 84.34648895263672, 461.31048583984375, 306.5975050172522
LOSS, 11425.09619140625, -19.46014404296875, 60.769287109375, 23.802283732096353, 480, 207.0, 367, 7, 157433.8823852539, 153.68426513671875, 447.6791687011719, 327.987254969279
WIN , 30370.320846557617, -30.624038696289062, 83.65696716308594, 20.152834005678578, 1507, 134.35830688476562, 299, 30, 478206.63371276855, 110.76985931396484, 460.6773376464844, 317.32357910601763
LOSS, 16035.163818359375, -25.2569580078125, 62.334434509277344, 17.679342688378583, 907, 223.0, 339, 12, 276197.58000183105, 109.01679229736328, 463.5963439941406, 304.517728778204
LOSS, 11815.922286987305, -52.52519226074219, 54.013572692871094, 1.9696486559405408, 5999, 193.15542602539062, 0, 27, 1541774.2889328003, 106.40831756591797, 448.7541809082031, 257.0052156914153
LOSS, 5491.0, -16.228504180908203, 59.40375518798828, 22.6900826446281, 242, 223.0, 383, 4, 75794.4976196289, 64.77708435058594, 457.7894287109375, 313.2004033868963
LOSS, 26466.32666015625, -34.0869140625, 56.711936950683594, 18.797107002951883, 1408, 207.0, 306, 21, 437047.40519714355, 137.28086853027344, 451.9305114746094, 310.40298664569855
LOSS, 27276.239990234375, -24.3670654296875, 61.558448791503906, 22.749157623214657, 1199, 207.0, 320, 22, 379089.89849853516, 99.34343719482422, 458.7674560546875, 316.1717251864347
LOSS, 5926.176940917969, -22.143638610839844, 61.24359130859375, 24.692403920491536, 240, 191.0, 383, 2, 72899.81283569336, 61.277183532714844, 420.47528076171875, 303.7492201487223
LOSS, 9831.081420898438, -16.00006103515625, 52.112632751464844, 20.31215169607115, 484, 191.0, 367, 4, 155989.07920074463, 123.8675765991211, 441.4109802246094, 322.2914859519517
LOSS, 20101.0, -21.34002685546875, 65.7479019165039, 22.16207276736494, 907, 223.0, 339, 18, 297959.27113342285, 129.62193298339844, 459.3934020996094, 328.51077302472197
WIN , 28192.0, -24.065345764160156, 83.0548324584961, 22.374603174603173, 1260, 191.0, 315, 23, 413413.3977050781, 129.83706665039062, 456.08843994140625, 328.10587119450645
LOSS, 5599.607727050781, -17.66242218017578, 58.476783752441406, 27.72083033193456, 202, 191.0, 386, 5, 64770.6369934082, 166.2598876953125, 442.1801452636719, 320.64671778914953
LOSS, 10035.514526367188, -22.27611541748047, 56.060691833496094, 22.350811862733156, 449, 175.0, 370, 7, 150041.02827453613, 167.04490661621094, 446.689208984375, 334.1671008341562
LOSS, 6599.0, -16.7203369140625, 54.187232971191406, 18.432960893854748, 358, 207.0, 376, 3, 108002.45576477051, 100.89060974121094, 452.9638671875, 301.6828373317612
LOSS, 15999.65966796875, -42.00048828125, 54.205223083496094, 22.598389361537784, 708, 223.0, 352, 15, 227791.01862335205, 125.82709503173828, 461.0651550292969, 321.7387268691413
LOSS, 20839.802505493164, -38.09967041015625, 62.751365661621094, 16.631925383474194, 1253, 185.39498901367188, 316, 20, 408284.2759094238, 135.64051818847656, 445.2599182128906, 325.84539178724964
WIN , 29590.65000152588, -29.938270568847656, 95.6038589477539, 14.434463415378477, 2050, 193.6999969482422, 263, 32, 649078.4194641113, 113.1788101196289, 471.6914367675781, 316.623619250786
LOSS, 23780.6162109375, -24.4730224609375, 57.925025939941406, 16.817974689489038, 1414, 207.0, 305, 19, 478881.55436706543, 158.96641540527344, 462.7028503417969, 338.6715377419133
LOSS, 10500.092407226562, -22.813201904296875, 53.402931213378906, 20.874935203233722, 503, 223.0, 366, 7, 156192.72343444824, 139.07345581054688, 473.1033935546875, 310.52231299095075
WIN , 29428.441246032715, -30.322265625, 65.76407623291016, 19.937968323870404, 1476, 198.1175079345703, 301, 27, 478326.3203048706, 123.12993621826172, 470.3964538574219, 324.0693226997768
WIN , 29056.944374084473, -25.344886779785156, 82.03993225097656, 15.464047032509033, 1879, 121.11125183105469, 274, 35, 591573.9429702759, 90.00313568115234, 455.5071716308594, 314.83445607784773
LOSS, 11258.975463867188, -26.092529296875, 56.23042297363281, 19.89218279835192, 566, 223.0, 362, 5, 182218.8298034668, 135.21536254882812, 446.0024719238281, 321.9413954124855
WIN , 29931.812812805176, -36.0, 74.84796142578125, 15.904257605103707, 1882, 151.37437438964844, 274, 34, 593199.2434082031, 70.65180969238281, 455.3497619628906, 315.19619734761056
WIN , 30974.83213043213, -36.4053955078125, 85.10701751708984, 18.648303510193937, 1661, 165.3357391357422, 289, 27, 548514.0654602051, 129.8869171142578, 466.4718322753906, 330.231225442628
LOSS, 18143.127197265625, -27.838523864746094, 60.228492736816406, 22.907988885436396, 792, 207.0, 347, 17, 256950.3955078125, 141.89866638183594, 463.17095947265625, 324.4323175603693
LOSS, 11031.0, -20.7525634765625, 56.11320495605469, 14.987771739130435, 736, 223.0, 350, 13, 218121.14497375488, 140.59356689453125, 457.96380615234375, 296.36025132303655
LOSS, 7491.0, -28.72637939453125, 52.50358581542969, 19.71315789473684, 380, 223.0, 374, 5, 121921.37962341309, 125.08535766601562, 441.466552734375, 320.84573585108706
LOSS, -6004.39315032959, -28.867530822753906, 46.517372131347656, -1.0008990082229687, 5999, 233.1259002685547, 0, 7, 896210.1374511719, 43.25785446166992, 440.9944152832031, 149.39325511771494
LOSS, 10247.0, -26.092529296875, 52.3236083984375, 21.989270386266096, 466, 191.0, 368, 7, 154352.31608581543, 160.42364501953125, 460.7291564941406, 331.22814610690006
LOSS, 12424.340576171875, -18.899917602539062, 61.155311584472656, 23.66541062127976, 525, 207.0, 364, 14, 170357.93798065186, 83.8671646118164, 471.92529296875, 324.49131043933687
LOSS, 17744.863525390625, -26.092529296875, 83.0548324584961, 15.928961871984402, 1114, 223.0, 325, 19, 333862.14028930664, 111.81884765625, 450.4427490234375, 299.69671480189106
WIN , 30849.445991516113, -26.030738830566406, 74.9244155883789, 18.31914845101907, 1684, 156.10801696777344, 287, 33, 540508.8199462891, 125.8282470703125, 467.3518981933594, 320.96723274720256
LOSS, 26376.61474609375, -26.092529296875, 59.856788635253906, 21.691295021458675, 1216, 207.0, 318, 18, 417781.2071685791, 123.75526428222656, 468.2088623046875, 343.57007168468675
LOSS, 13410.401245117188, -19.208152770996094, 47.21158218383789, 22.425420142336435, 598, 223.0, 360, 9, 201242.5761871338, 139.29794311523438, 454.3580322265625, 336.52604713567524
WIN , 29392.65000152588, -28.702911376953125, 74.2720718383789, 23.125609757298093, 1271, 209.6999969482422, 315, 24, 429737.7007598877, 129.62974548339844, 469.8686218261719, 338.10991405183927
WIN , 30174.753562927246, -18.392738342285156, 67.05635833740234, 20.15681600729943, 1497, 205.4928741455078, 300, 30, 493636.1612854004, 129.08905029296875, 484.1832580566406, 329.75027473974643
LOSS, 8524.000122070312, -16.825668334960938, 58.091041564941406, 25.36904798235212, 336, 191.0, 377, 3, 114004.05201721191, 145.0509490966797, 447.8061218261719, 339.29777386074977
LOSS, 16645.0, -28.03466796875, 55.055458068847656, 18.639417693169094, 893, 175.0, 340, 13, 296350.80742645264, 88.61640167236328, 464.8233642578125, 331.85980674854716
LOSS, 14938.556175231934, -25.294593811035156, 53.969947814941406, 20.776851425913677, 719, 201.8000030517578, 352, 21, 245495.4707183838, 179.31338500976562, 501.6958312988281, 341.44015398940724
WIN , 29794.0, -24.17724609375, 86.03759765625, 15.55822454308094, 1915, 207.0, 272, 32, 612635.083404541, 134.5762939453125, 482.0909423828125, 319.91388167338954
LOSS, 24917.08154296875, -23.715362548828125, 61.637794494628906, 19.933665234375, 1250, 223.0, 316, 24, 420808.4087677002, 137.01531982421875, 469.0908203125, 336.64672701416015
WIN , 29452.0, -21.20392608642578, 79.9609375, 24.461794019933556, 1204, 191.0, 319, 24, 400742.0244445801, 113.75878143310547, 474.8171081542969, 332.8422129938373
LOSS, 25100.07233428955, -41.9998779296875, 58.774314880371094, 16.74454458591698, 1499, 180.87095642089844, 300, 24, 500606.2583312988, 114.15635681152344, 462.9101257324219, 333.9601456513001
LOSS, 16942.362060546875, -17.35771942138672, 51.41838073730469, 20.338970060680523, 833, 175.0, 344, 14, 273184.779586792, 148.69224548339844, 483.0870666503906, 327.9529166708187
LOSS, 11801.83984375, -30.0223388671875, 54.52952575683594, 17.15383698219477, 688, 223.0, 354, 7, 236235.43803405762, 158.69677734375, 454.8999328613281, 343.36546225880465
LOSS, 27505.65000152588, -36.50297546386719, 59.223243713378906, 17.27741834266701, 1592, 193.6999969482422, 293, 22, 521643.05111694336, 129.23342895507812, 459.66748046875, 327.6652331136579
LOSS, 13054.109764099121, -18.2713623046875, 53.090423583984375, 19.454709037405546, 671, 201.8000030517578, 355, 9, 219042.29487609863, 143.90794372558594, 449.9906921386719, 326.441572095527
LOSS, -5397.506217956543, -36.056556701660156, 54.187232971191406, -0.8997343253803205, 5999, 227.82737731933594, 0, 5, 850307.3029785156, 12.988035202026367, 445.60186767578125, 141.74150741432166
WIN , 29374.491676330566, -20.662147521972656, 84.29527282714844, 24.51960907874004, 1198, 186.0166473388672, 320, 31, 402660.0993118286, 125.6723861694336, 465.2823791503906, 336.11026653741953
WIN , 29785.05731201172, -18.721778869628906, 87.72762298583984, 25.284428957565126, 1178, 164.8853759765625, 321, 21, 389263.7568740845, 108.69110870361328, 456.8812561035156, 330.4446153430259
WIN , 29595.300003051758, -46.86206817626953, 90.1900405883789, 12.3777917202224, 2391, 164.39999389648438, 240, 33, 703001.671798706, 105.73448181152344, 485.3017272949219, 294.0199380170247
LOSS, 25130.0, -26.8115234375, 58.43756866455078, 18.13131313131313, 1386, 185.0, 307, 29, 461117.43574523926, 151.2128448486328, 463.4517822265625, 332.6965625867527
LOSS, 11486.852195739746, -30.0897216796875, 49.846412658691406, 23.490495287811342, 489, 185.8000030517578, 367, 10, 162992.74249267578, 175.56307983398438, 458.0704345703125, 333.31849180506293
LOSS, 19294.08837890625, -35.99951171875, 56.50672149658203, 17.63627822569127, 1094, 223.0, 327, 16, 347880.27450561523, 139.5966339111328, 477.4755859375, 317.9892819978201
LOSS, 20009.348388671875, -21.34002685546875, 64.0804214477539, 28.301765754839995, 707, 223.0, 352, 24, 231923.64501953125, 136.74139404296875, 455.33306884765625, 328.03910186638086
LOSS, 5956.111511230469, -13.362167358398438, 53.300018310546875, 29.196625055051317, 204, 207.0, 386, 6, 69497.91398620605, 168.6762237548828, 471.68939208984375, 340.6760489519905
LOSS, 15555.730224609375, -34.0869140625, 55.031959533691406, 18.540798837436682, 839, 223.0, 344, 12, 285353.02027893066, 169.4571075439453, 462.57562255859375, 340.11087041588877
LOSS, 12210.17138671875, -23.616554260253906, 59.1925048828125, 19.412037180792925, 629, 191.0, 358, 10, 208497.9965057373, 167.72511291503906, 457.434326171875, 331.4753521553852
LOSS, 14376.098510742188, -20.966697692871094, 55.104270935058594, 22.11707463191106, 650, 191.0, 356, 22, 204371.18612670898, 128.33743286132812, 454.2869873046875, 314.4172094257061
LOSS, 8667.16650390625, -13.29376220703125, 61.254173278808594, 31.516969105113635, 275, 207.0, 381, 5, 91833.11639404297, 168.29991149902344, 457.5220031738281, 333.93860506924716
WIN , 29322.83213043213, -21.462791442871094, 73.47249603271484, 20.519826543339487, 1429, 149.3357391357422, 304, 33, 454127.45166778564, 120.73875427246094, 485.1082763671875, 317.79387800404874
WIN , 29062.0, -23.7188720703125, 61.313377380371094, 19.208195637805684, 1513, 191.0, 299, 25, 472625.38117980957, 114.54236602783203, 440.802978515625, 312.3763259615397
LOSS, 18987.98828125, -20.609336853027344, 58.985496520996094, 16.59789185423951, 1144, 175.0, 323, 17, 375132.2318878174, 120.91384887695312, 449.0477294921875, 327.9127901117285
LOSS, 18185.94207763672, -26.092529296875, 54.364654541015625, 16.54771799602977, 1099, 143.8800048828125, 326, 15, 334522.8194580078, 122.76863861083984, 473.3233642578125, 304.3883707534193
LOSS, 13449.497680664062, -27.14300537109375, 56.059181213378906, 18.602348106036047, 723, 175.0, 351, 11, 224902.2843170166, 137.75509643554688, 457.0259704589844, 311.0681664135776
WIN , 30273.482124328613, -20.662452697753906, 80.15950775146484, 21.88971954036776, 1383, 168.03575134277344, 307, 35, 438731.95791625977, 109.57256317138672, 448.89910888671875, 317.2320736921618
LOSS, 7051.0, -17.66242218017578, 57.665626525878906, 23.3476821192053, 302, 223.0, 379, 5, 95305.17114257812, 160.7579345703125, 443.36614990234375, 315.58003689595404
LOSS, 6010.776550292969, -20.002357482910156, 50.407325744628906, 12.317165062075755, 488, 191.0, 367, 5, 129088.59628486633, 24.011137008666992, 457.6305236816406, 264.5258120591523
LOSS, 14652.576309204102, -23.467819213867188, 56.662513732910156, 19.66788766336121, 745, 182.50607299804688, 350, 12, 240138.40047454834, 118.9528579711914, 442.8172607421875, 322.3334234557696
LOSS, 14930.4970703125, -37.542259216308594, 57.218238830566406, 16.123646944181967, 926, 223.0, 338, 17, 276275.31203460693, 104.24397277832031, 454.6208801269531, 298.3534687198779
LOSS, 23935.673828125, -27.03418731689453, 83.57366943359375, 18.146833834818043, 1319, 184.4189453125, 312, 24, 432210.3657531738, 103.5265884399414, 460.11614990234375, 327.68033794781945
LOSS, 5021.0, -16.7203369140625, 56.595680236816406, 20.83402489626556, 241, 223.0, 383, 6, 75945.70092773438, 155.27272033691406, 452.5175476074219, 315.1273897416364
LOSS, 6565.286926269531, -18.77500343322754, 54.575111389160156, 29.309316635131836, 224, 207.0, 385, 4, 75293.48063659668, 187.6433868408203, 423.3642883300781, 336.13160998480663
WIN , 30549.81280517578, -24.9822998046875, 63.58575439453125, 18.52626610380581, 1649, 135.3743896484375, 290, 26, 534431.4229507446, 107.05165100097656, 477.8211669921875, 324.0942528506638
LOSS, 6117.2403564453125, -16.583648681640625, 56.517539978027344, 18.15204853544603, 337, 207.0, 377, 6, 108253.77810668945, 129.76239013671875, 440.58001708984375, 321.227828209761
LOSS, 17363.962646484375, -21.462791442871094, 55.3521728515625, 18.068639590514437, 961, 223.0, 335, 19, 312091.76167297363, 136.98410034179688, 443.2786560058594, 324.757296225779
WIN , 30134.753562927246, -22.143333435058594, 57.289649963378906, 21.11755680653626, 1427, 205.4928741455078, 304, 27, 457403.47465515137, 110.55006408691406, 464.69964599609375, 320.53502078146556
WIN , 31257.300003051758, -26.3995361328125, 79.5027847290039, 19.366356879214223, 1614, 180.39999389648438, 292, 31, 525497.1488113403, 125.71013641357422, 460.6044616699219, 325.58683321644384
LOSS, 14181.408569335938, -25.96832275390625, 55.185546875, 21.103286561511812, 672, 191.0, 355, 17, 216915.892288208, 133.26075744628906, 462.8675231933594, 322.7915063812619
LOSS, 22302.8701171875, -21.767333984375, 58.94892883300781, 25.315403084208285, 881, 223.0, 341, 24, 293404.6809692383, 149.36402893066406, 458.74102783203125, 333.0359602375009
LOSS, 21561.374755859375, -23.5880126953125, 54.30046081542969, 18.41278800671168, 1171, 223.0, 321, 20, 376698.9007720947, 110.06822204589844, 456.7939147949219, 321.68992380195965
LOSS, 27649.298095703125, -38.370948791503906, 57.794090270996094, 18.581517537434895, 1488, 175.0, 300, 31, 462930.7596511841, 123.51461029052734, 449.16937255859375, 311.1093814860108
LOSS, 23801.0, -39.0, 55.506591796875, 26.069003285870757, 913, 223.0, 339, 20, 295660.6672592163, 110.42569732666016, 441.98870849609375, 323.83424672422376
LOSS, 7481.599998474121, -19.72052001953125, 58.263580322265625, 31.4352941112358, 238, 201.8000030517578, 384, 6, 78498.38310241699, 117.29534912109375, 427.3039855957031, 329.8251390857857
LOSS, 18372.00048828125, -23.3721923828125, 58.80973815917969, 27.62706840343045, 665, 207.0, 355, 12, 223883.47648620605, 137.60751342773438, 442.0504150390625, 336.66688193414444
LOSS, 13663.72900390625, -21.34002685546875, 53.312294006347656, 16.462324101091866, 830, 207.0, 344, 10, 248425.099609375, 111.37120819091797, 456.6556701660156, 299.30734892695784
LOSS, 15158.693115234375, -21.34033203125, 61.556007385253906, 24.489003417179926, 619, 191.0, 358, 8, 197502.71836853027, 130.71478271484375, 445.3373107910156, 319.0673963950408
LOSS, -4863.453506469727, -25.2164306640625, 59.12938690185547, -0.8107107028620981, 5999, 231.90701293945312, 0, 7, 797926.9226131439, 15.035186767578125, 437.0729675292969, 133.00998876698515
WIN , 28516.0, -24.4730224609375, 76.49913024902344, 26.06581352833638, 1094, 223.0, 327, 30, 340893.6037597656, 128.18402099609375, 450.3441467285156, 311.6029284824183
WIN , 27889.45249938965, -41.999755859375, 80.20962524414062, 10.60435456250557, 2630, 156.09500122070312, 224, 28, 717133.6380767822, 95.10253143310547, 447.8295593261719, 272.6743871014381
LOSS, 18517.502685546875, -20.966697692871094, 64.3794937133789, 24.82238965891002, 746, 223.0, 350, 16, 242930.6665802002, 146.54391479492188, 448.1378173828125, 325.6443251745311
LOSS, 14987.306884765625, -26.53656005859375, 59.145118713378906, 25.3163967648068, 592, 207.0, 360, 11, 194599.6767425537, 157.63302612304688, 448.3894348144531, 328.71567017323264
LOSS, 10541.13818359375, -24.706703186035156, 59.14160919189453, 29.69334699603873, 355, 191.0, 376, 8, 117935.67308044434, 145.56996154785156, 437.2076416015625, 332.2131636068855
LOSS, 10036.626831054688, -21.3397216796875, 53.9630012512207, 17.639062971976603, 569, 223.0, 362, 9, 172486.55854797363, 152.99537658691406, 452.1581115722656, 303.1398217011839
LOSS, 14822.416015625, -20.42266845703125, 58.503318786621094, 23.37920507196372, 634, 223.0, 357, 19, 198457.02513885498, 82.58733367919922, 455.7662048339844, 313.02369895718454
LOSS, 20732.300003051758, -21.723968505859375, 52.797752380371094, 20.050580273744448, 1034, 180.39999389648438, 331, 22, 325028.02822875977, 137.229248046875, 432.2177734375, 314.34045283245626
LOSS, 21031.0, -19.8834228515625, 59.740196228027344, 20.02952380952381, 1050, 223.0, 329, 21, 330660.76245880127, 123.56685638427734, 432.2984619140625, 314.915011865525
WIN , 30306.718955993652, -24.0860595703125, 67.36537170410156, 21.882107549453902, 1385, 181.5620880126953, 307, 30, 450131.79106903076, 72.62467956542969, 445.8388671875, 325.00490329893915
WIN , 30214.0, -21.34033203125, 78.104248046875, 23.011424219345013, 1313, 207.0, 312, 34, 430297.056602478, 105.99842834472656, 460.02716064453125, 327.7205305426337
WIN , 19724.802505493164, -39.25, 84.82633209228516, 4.0644554925805, 4853, 185.39498901367188, 76, 30, 1063561.0878829956, 72.97844696044922, 449.9288024902344, 219.1553859227273
LOSS, 21198.757080078125, -17.662269592285156, 58.216163635253906, 19.520034143718348, 1086, 207.0, 327, 21, 338159.85181427, 117.60831451416016, 461.3490905761719, 311.3810790186648
LOSS, 19017.94970703125, -24.32657241821289, 54.881202697753906, 20.361830521446734, 934, 191.0, 337, 20, 284506.45656585693, 99.37730407714844, 440.8946838378906, 304.61076720113164
LOSS, 11077.660278320312, -38.0, 61.13427734375, 10.703053409005133, 1035, 207.0, 330, 8, 271574.05042266846, 105.419921875, 438.4261474609375, 262.3903868818053
LOSS, 21072.40087890625, -19.858505249023438, 57.296653747558594, 18.714387991923846, 1126, 207.0, 324, 21, 343713.15592956543, 123.03231048583984, 437.9201965332031, 305.2514706301647
WIN , 28886.28749847412, -19.022117614746094, 86.2569808959961, 29.00229668521498, 996, 122.42500305175781, 333, 27, 315565.0854873657, 100.91434478759766, 477.5140075683594, 316.83241514795753
LOSS, 22182.3076171875, -21.3397216796875, 54.88861083984375, 21.00597312233665, 1056, 191.0, 329, 18, 324092.8064880371, 120.19962310791016, 451.5446472167969, 306.90606675003517
LOSS, 16629.17626953125, -18.37646484375, 55.9658203125, 23.96134909154359, 694, 223.0, 353, 7, 220610.873046875, 91.95439910888672, 428.3118591308594, 317.88310237301874
LOSS, 12196.958374023438, -14.246963500976562, 55.881858825683594, 27.225353513445175, 448, 207.0, 370, 8, 149736.2822418213, 119.52497863769531, 440.9351501464844, 334.2327728612082
