LOSS, 6686.59033203125, -32.116912841796875, 48.875343322753906, 4.953029875578704, 1350, 207.0, 309, 3, 1916.1170538961887, 0.39938250184059143, 29.093948364257812, 1.4193459658490286
LOSS, 22468.416442871094, -44.999755859375, 81.39435577392578, 3.7453603005286036, 5999, 214.1680908203125, 0, 33, 53772.89155381918, -4.625242710113525, 65.01570129394531, 8.963642532725318
LOSS, 8710.463569641113, -37.680030822753906, 52.46246337890625, 14.37370226013385, 606, 136.03575134277344, 359, 8, 13358.032706737518, 4.376948356628418, 72.78787994384766, 22.0429582619431
WIN , 29193.75, -22.39220428466797, 79.19091796875, 14.94815668202765, 1953, 127.5, 269, 36, 59946.016112565994, 3.214400053024292, 106.19803619384766, 30.69432468641372
LOSS, 21119.831886291504, -23.01598358154297, 60.171119689941406, 22.34902845110212, 945, 197.3357391357422, 336, 16, 37613.60361337662, -2.6311464309692383, 103.24563598632812, 39.802755146430286
LOSS, 11096.680908203125, -21.703872680664062, 53.299171447753906, 25.1625417419572, 441, 175.0, 370, 12, 17497.571994543076, 2.629211187362671, 106.85563659667969, 39.67703400123146
LOSS, 7197.148193359375, -14.688453674316406, 57.899070739746094, 32.566281417915725, 221, 207.0, 385, 8, 9808.733959674835, 2.4529404640197754, 103.29493713378906, 44.38341158223907
LOSS, 25818.53857421875, -44.999755859375, 63.963233947753906, 13.496360990182305, 1913, 207.0, 272, 23, 86824.87036132812, -3.877202033996582, 135.48004150390625, 45.38675920613075
LOSS, 17773.99560546875, -20.35759735107422, 59.23101043701172, 23.921932174251346, 743, 223.0, 350, 13, 49281.63259267807, 1.7719950675964355, 139.11135864257812, 66.32790389324101
LOSS, 11069.682495117188, -15.271484375, 58.991004943847656, 31.27028953422934, 354, 191.0, 376, 9, 23102.880437850952, 30.64818572998047, 127.18881225585938, 65.26237411822302
LOSS, 10655.998893737793, -22.833404541015625, 56.683570861816406, 19.99249323402963, 533, 127.16725158691406, 364, 7, 30722.476457595825, 9.226022720336914, 130.70730590820312, 57.64066877597716
LOSS, 17400.268814086914, -44.2001953125, 57.82964324951172, 2.900528223718439, 5999, 212.46286010742188, 0, 27, 347187.5220525265, -0.755875825881958, 166.6360321044922, 57.874232714206784
WIN , 26155.786407470703, -21.463096618652344, 64.61181640625, 16.896502847203298, 1548, 143.42718505859375, 296, 21, 134156.7954542637, 3.0994153022766113, 188.3438262939453, 86.66459654668196
LOSS, 25654.63623046875, -39.999755859375, 58.004981994628906, 22.154262720612046, 1158, 175.0, 322, 21, 113023.00994300842, 10.912185668945312, 172.96766662597656, 97.60190841365149
LOSS, 12110.13720703125, -38.010231018066406, 65.7701644897461, 27.903541951684907, 434, 191.0, 371, 9, 51118.31838798523, 16.583829879760742, 197.90115356445312, 117.78414375111804
LOSS, 16408.384643554688, -18.840858459472656, 66.4458236694336, 25.166234115881423, 652, 138.447998046875, 356, 13, 83055.76543045044, 37.29718780517578, 206.5529022216797, 127.38614329823687
LOSS, 15371.09228515625, -36.0, 63.986717224121094, 19.3347072769261, 795, 207.0, 346, 17, 85731.15204811096, 18.92510986328125, 214.2451629638672, 107.83792710454209
WIN , 26514.0, -23.280242919921875, 68.4969253540039, 19.683741648106903, 1347, 207.0, 310, 30, 161030.2434129715, 8.207015037536621, 203.72389221191406, 119.54732250406198
LOSS, 19123.85400390625, -29.59564208984375, 66.2779769897461, 27.635627173274926, 692, 223.0, 353, 16, 80400.10077095032, 7.328080177307129, 204.51260375976562, 116.18511672102647
LOSS, 7166.6483154296875, -22.593849182128906, 63.019630432128906, 29.25162577726403, 245, 207.0, 383, 2, 29327.10068511963, 46.05400848388672, 192.3826446533203, 119.70245177599848
LOSS, 5805.729431152344, -15.775001525878906, 58.5382080078125, 28.047002082861564, 207, 207.0, 386, 2, 26844.064037322998, 33.030330657958984, 225.73240661621094, 129.68146877933816
LOSS, 7786.5694580078125, -16.69255828857422, 68.23690032958984, 33.13433811918218, 235, 223.0, 384, 5, 33784.114727020264, 41.732948303222656, 216.73439025878906, 143.7621903277458
LOSS, 11611.0, -35.999969482421875, 68.9317855834961, 22.677734375, 512, 223.0, 365, 12, 62695.06541824341, 22.109046936035156, 225.0942840576172, 122.45129964500666
LOSS, 1876.554801940918, -15.721900939941406, 65.50435638427734, 22.884814657816072, 82, 185.8000030517578, 394, 3, 8928.4514503479, 25.054332733154297, 201.8394775390625, 108.88355427253538
LOSS, 16585.328125, -33.000244140625, 67.3323745727539, 24.426109167893962, 679, 207.0, 354, 7, 95439.19787788391, 29.666139602661133, 227.63851928710938, 140.55846521043287
LOSS, 12245.329833984375, -16.498497009277344, 60.93896484375, 26.50504293070211, 462, 223.0, 369, 6, 70267.29097747803, 40.76560974121094, 225.50218200683594, 152.0937034144546
LOSS, 8758.911743164062, -23.8299560546875, 58.359596252441406, 31.50687677397145, 278, 175.0, 381, 10, 40405.400981903076, 57.56167984008789, 239.9428253173828, 145.34316899965134
LOSS, 22166.87744140625, -18.462913513183594, 66.4085922241211, 26.803963048858826, 827, 175.0, 344, 22, 126910.60884475708, 33.464378356933594, 235.53294372558594, 153.45901915931933
LOSS, 12213.811889648438, -17.662269592285156, 66.30095672607422, 30.307225532626397, 403, 223.0, 373, 7, 62698.39744567871, 39.96945571899414, 226.046630859375, 155.5791499892772
LOSS, 15742.271728515625, -17.368690490722656, 59.977638244628906, 28.161487886432244, 559, 175.0, 362, 12, 85913.77013015747, 33.85856246948242, 255.03237915039062, 153.69189647613143
LOSS, 6251.444763183594, -13.788787841796875, 59.08287811279297, 34.34859759990986, 182, 207.0, 387, 5, 30288.245222091675, 26.872610092163086, 250.00575256347656, 166.4189297917125
WIN , 18904.0, -45.249755859375, 64.4563980102539, 4.016999575010625, 4706, 207.0, 86, 26, 455166.1812143326, 14.63297176361084, 259.3048095703125, 96.72039549815823
WIN , 26063.300003051758, -20.662147521972656, 79.8689956665039, 30.62667450417363, 851, 148.39999389648438, 343, 20, 141649.66647720337, 25.66002655029297, 275.525390625, 166.45084192385823
WIN , 26828.65000152588, -33.8409423828125, 84.8030776977539, 26.123320352021302, 1027, 177.6999969482422, 331, 24, 172499.66227340698, 24.29212188720703, 271.3311767578125, 167.9646175982541
LOSS, 22923.65000152588, -24.685523986816406, 64.1402359008789, 22.408260021041915, 1023, 177.6999969482422, 331, 15, 160260.78267097473, 8.819302558898926, 270.87078857421875, 156.65765656986778
LOSS, 18102.802993774414, -39.0, 60.0439453125, 23.54070610373786, 769, 185.39498901367188, 348, 18, 142309.85484313965, 37.64047622680664, 295.9914855957031, 185.05832879471996
LOSS, 15986.1923828125, -19.72052001953125, 66.71660614013672, 24.594142127403845, 650, 207.0, 356, 14, 126464.3442993164, 48.542945861816406, 295.3018798828125, 194.56052969125602
LOSS, 10535.164428710938, -23.0926513671875, 62.00171661376953, 19.915244666750354, 529, 223.0, 364, 7, 86014.51259613037, 36.70058822631836, 301.5149230957031, 162.5983224879591
LOSS, 6321.0, -23.9776611328125, 67.63648223876953, 18.00854700854701, 351, 223.0, 376, 4, 50680.46048736572, 30.60192108154297, 283.7738342285156, 144.38877631728127
LOSS, 11453.664916992188, -17.66242218017578, 65.1174087524414, 30.872412175181097, 371, 207.0, 375, 10, 76048.90747070312, 66.65599822998047, 290.2735595703125, 204.9835780881486
LOSS, 10011.0, -16.757362365722656, 62.613441467285156, 28.44034090909091, 352, 223.0, 376, 2, 63444.27375793457, 41.76517868041992, 297.4608459472656, 180.2394140850414
LOSS, 5451.0, -18.36114501953125, 63.766075134277344, 9.73392857142857, 560, 223.0, 362, 6, 68727.37711715698, 30.145273208618164, 276.0568542480469, 122.72745913778033
LOSS, 12996.605102539062, -34.0001220703125, 57.56041717529297, 18.434900854665337, 705, 191.0, 352, 17, 123419.90291213989, 32.05296325683594, 338.16802978515625, 175.0636920739573
LOSS, 16411.0, -19.31389617919922, 61.7324104309082, 25.562305295950157, 642, 223.0, 357, 17, 124274.59168243408, 38.24980545043945, 312.84942626953125, 193.57413034647053
WIN , 26572.0, -21.329261779785156, 66.4453125, 18.98, 1400, 191.0, 306, 23, 256522.1185016632, 24.056133270263672, 326.9205017089844, 183.23008464404515
LOSS, 21950.616943359375, -41.999755859375, 66.9298324584961, 21.352740217275656, 1028, 191.0, 331, 17, 187599.8341407776, 35.749412536621094, 338.0976867675781, 182.49011103188482
LOSS, 13840.285888671875, -39.999755859375, 70.56159210205078, 28.773983136531964, 481, 223.0, 367, 9, 88493.84415054321, 41.960662841796875, 319.1759338378906, 183.9788859678653
LOSS, 19433.6708984375, -25.900009155273438, 65.0450668334961, 22.286319837657683, 872, 223.0, 341, 21, 171329.46189117432, 15.201000213623047, 324.8617858886719, 196.47874070088798
LOSS, 15821.0, -18.6700439453125, 68.40413665771484, 18.992797118847538, 833, 223.0, 344, 13, 166273.69325828552, 25.789011001586914, 332.029296875, 199.60827522003063
LOSS, 13429.912109375, -22.64862060546875, 66.14188385009766, 20.472426995998475, 656, 175.0, 356, 4, 134345.61669158936, 64.01677703857422, 326.0399475097656, 204.79514739571547
LOSS, 9691.884399414062, -17.662269592285156, 69.16373443603516, 30.19278629100954, 321, 223.0, 378, 6, 67036.65618896484, 65.46874237060547, 324.3643798828125, 208.8369351681148
LOSS, 14654.405517578125, -30.296783447265625, 67.9448471069336, 18.596961316723508, 788, 175.0, 347, 7, 148523.0484199524, 42.38441467285156, 330.00860595703125, 188.48102591364517
LOSS, 15872.024169921875, -16.54889678955078, 61.676246643066406, 26.497536176831176, 599, 223.0, 360, 9, 135874.56060791016, 62.63893127441406, 338.705078125, 226.83566044726237
LOSS, 3771.0, -28.515708923339844, 58.757545471191406, 17.14090909090909, 220, 223.0, 385, 4, 41435.66708755493, 29.08957290649414, 315.1767578125, 188.34394130706787
LOSS, 7663.9998779296875, -17.66242218017578, 61.077491760253906, 28.280442353984085, 271, 223.0, 381, 2, 66452.83629608154, 127.50499725341797, 330.32403564453125, 245.21341806672157
LOSS, 20321.20654296875, -24.5926513671875, 66.7024917602539, 18.031239168561445, 1127, 191.0, 324, 20, 230371.65602874756, 32.69670867919922, 342.89263916015625, 204.4114073014619
LOSS, 7551.7960205078125, -21.454833984375, 57.157814025878906, 20.861314973778487, 362, 207.0, 375, 6, 78673.04007339478, 50.95616149902344, 348.3616027832031, 217.32883998175353
LOSS, 5791.7824630737305, -17.298416137695312, 62.413246154785156, 33.28610610961914, 174, 175.50611877441406, 388, 5, 42155.83854675293, 78.95075988769531, 327.9912109375, 242.27493417674097
LOSS, 13777.823974609375, -21.767333984375, 68.8951644897461, 30.280931812328298, 455, 191.0, 369, 12, 93635.00903320312, 36.578975677490234, 344.80609130859375, 205.79122864440248
LOSS, 11200.1083984375, -16.13641357421875, 66.0390396118164, 31.111412217881945, 360, 207.0, 375, 5, 84123.34886169434, 77.31411743164062, 333.4384765625, 233.67596906026205
LOSS, 23141.882080078125, -24.098365783691406, 64.2012710571289, 30.171945345603813, 767, 207.0, 348, 19, 174422.53901672363, 60.78307342529297, 334.249267578125, 227.40878620172572
LOSS, 10617.36181640625, -34.0001220703125, 66.7665786743164, 25.70789786054782, 413, 207.0, 372, 10, 87233.59638023376, 22.522470474243164, 331.06475830078125, 211.21936169548127
LOSS, 13575.456787109375, -26.092529296875, 64.4039077758789, 18.271139686553667, 743, 223.0, 350, 12, 140869.34595870972, 39.712379455566406, 348.0329284667969, 189.59535122302788
LOSS, 1929.599998474121, -28.209609985351562, 57.73535919189453, 24.738461518898987, 78, 185.8000030517578, 394, 3, 14016.465423583984, 65.75244903564453, 327.1470947265625, 179.69827466133313
LOSS, 20345.60888671875, -17.662269592285156, 90.98014068603516, 27.383053683336136, 743, 207.0, 350, 13, 171771.5807762146, 53.66022872924805, 351.80389404296875, 231.18651517660106
LOSS, 11775.329833984375, -21.3397216796875, 67.1751937866211, 30.74498651170855, 383, 223.0, 374, 8, 95082.92109680176, 65.72089385986328, 349.9933776855469, 248.25827962611424
LOSS, 14268.957763671875, -18.880462646484375, 65.1308364868164, 34.2181241335057, 417, 223.0, 372, 13, 96249.40713500977, 50.84398651123047, 365.08941650390625, 230.81392598323686
LOSS, 14056.714111328125, -18.836227416992188, 65.2148208618164, 34.88018389907723, 403, 223.0, 373, 13, 104194.16329193115, 34.07722473144531, 357.1280822753906, 258.5463108980922
LOSS, 9590.482055664062, -16.260658264160156, 65.27249908447266, 31.75656309822537, 302, 191.0, 379, 7, 75939.58335113525, 99.40238952636719, 349.6091613769531, 251.45557401038164
LOSS, 15575.15234375, -20.626136779785156, 63.692527770996094, 30.659748708169293, 508, 207.0, 366, 11, 125052.91891479492, 86.86346435546875, 365.3736877441406, 246.16716321810023
LOSS, 11590.510620117188, -17.966819763183594, 70.6453628540039, 22.59358795344481, 513, 207.0, 365, 8, 107924.9492111206, 68.60892486572266, 359.1678466796875, 210.3800179554008
LOSS, 10048.190551757812, -16.362197875976562, 63.1463623046875, 34.529864439030284, 291, 223.0, 380, 9, 74022.79453277588, 53.658355712890625, 352.0286865234375, 254.37386437380027
LOSS, 10661.14599609375, -20.662147521972656, 63.60387420654297, 26.19446190686425, 407, 207.0, 372, 7, 92604.31145095825, 52.9403190612793, 379.71148681640625, 227.52902076402518
LOSS, 9348.489624023438, -39.9998779296875, 64.83893585205078, 17.672003069987596, 529, 223.0, 364, 7, 118316.53837966919, 57.743534088134766, 363.9828796386719, 223.6607530806601
LOSS, 13287.773681640625, -25.998397827148438, 66.1461410522461, 13.95774546390822, 952, 223.0, 336, 8, 176268.5168609619, 49.432647705078125, 361.0323486328125, 185.15600510605242
LOSS, 20815.77197265625, -18.462913513183594, 66.4403305053711, 24.20438601471657, 860, 191.0, 342, 18, 206931.49893188477, 65.18885803222656, 369.8487243652344, 240.61802201381948
LOSS, 21022.7919921875, -22.128196716308594, 61.961280822753906, 26.57748671578698, 791, 223.0, 347, 20, 187828.12899398804, 52.43235778808594, 367.2323913574219, 237.4565474007434
LOSS, 11621.297973632812, -27.506492614746094, 69.9636001586914, 23.57261252258177, 493, 207.0, 367, 12, 117958.42651367188, 58.865142822265625, 375.21783447265625, 239.26658522042976
WIN , 25576.0, -17.662879943847656, 68.3946762084961, 27.98249452954048, 914, 223.0, 339, 13, 236537.77084350586, 32.81704330444336, 376.2945251464844, 258.79406000383574
LOSS, -5175.437255859375, -34.0869140625, 60.3807373046875, -0.8627166620869103, 5999, 227.2142333984375, 0, 6, 809238.5533638, 46.10641860961914, 375.50469970703125, 134.89557482310386
LOSS, 17784.308837890625, -20.269615173339844, 66.7427749633789, 30.55723168022444, 582, 207.0, 361, 13, 158234.39668273926, 101.16072082519531, 381.31610107421875, 271.8804066713733
LOSS, 10118.736328125, -40.9998779296875, 66.64769744873047, 32.328231080271564, 313, 207.0, 379, 8, 87584.51132202148, 112.54096984863281, 386.9559326171875, 279.8227198786629
WIN , 24742.441246032715, -24.65019989013672, 83.28324127197266, 27.159650105414617, 911, 150.1175079345703, 339, 25, 266810.40660858154, 114.73175811767578, 406.436279296875, 292.87640681512795
LOSS, 2900.477336883545, -17.66242218017578, 62.74268341064453, 25.4427836568732, 114, 110.4000015258789, 392, 3, 24710.41943359375, 78.40526580810547, 373.1557922363281, 216.75806520696273
LOSS, 6084.032958984375, -18.880615234375, 62.639076232910156, 33.06539651621943, 184, 207.0, 387, 3, 55568.30387878418, 202.77481079101562, 394.3028564453125, 302.0016515151314
LOSS, 18365.152381896973, -29.3017578125, 62.820655822753906, 19.705099122207052, 932, 181.3920135498047, 337, 15, 221689.31719970703, 68.82833862304688, 407.6929016113281, 237.8640742486127
LOSS, 11929.0, -37.12419891357422, 67.6979751586914, 24.196754563894523, 493, 207.0, 367, 13, 128297.03044891357, 66.68448638916016, 412.7298889160156, 260.23738427771514
LOSS, 20558.915771484375, -20.64025115966797, 71.60283660888672, 34.61096931226326, 594, 207.0, 360, 13, 172134.2073287964, 106.60160827636719, 416.34027099609375, 289.78822782625656
LOSS, 14244.58154296875, -23.71856689453125, 67.8645248413086, 27.236293581202197, 523, 223.0, 365, 12, 151813.30994415283, 116.55987548828125, 410.8990478515625, 290.27401518958476
WIN , 26104.0, -28.341064453125, 67.0284194946289, 24.2152133580705, 1078, 207.0, 328, 20, 295181.3735733032, 62.20232391357422, 409.5052185058594, 273.8231665800586
LOSS, 8064.489990234375, -37.0, 65.0621566772461, 7.453317920734173, 1082, 223.0, 327, 3, 229405.12690734863, 63.259246826171875, 414.38714599609375, 212.01952579237397
LOSS, 10067.817626953125, -24.373550415039062, 66.7311782836914, 30.2336865674268, 333, 223.0, 377, 4, 96651.34708404541, 82.34093475341797, 395.30535888671875, 290.24428553767393
LOSS, 12510.041015625, -33.9093017578125, 65.2032241821289, 11.393479977800547, 1098, 159.0, 326, 13, 243641.8052520752, 72.57200622558594, 397.88385009765625, 221.89599749733625
LOSS, 11024.260803222656, -21.34002685546875, 61.473899841308594, 24.99832381683142, 441, 191.8800048828125, 370, 10, 109815.00640487671, 54.21261215209961, 406.405517578125, 249.01361996570682
LOSS, 16882.2216796875, -36.0, 66.35199737548828, 8.263446735040382, 2043, 175.0, 263, 9, 349539.3182601929, 46.45765686035156, 410.0806884765625, 171.09119836524368
LOSS, 14765.01513671875, -43.350196838378906, 67.06046295166016, 20.143267580789562, 733, 191.0, 351, 11, 188055.51028442383, 71.69734954833984, 414.8109436035156, 256.5559485462808
LOSS, 11400.292358398438, -39.7991943359375, 66.1391372680664, 11.231815131427032, 1015, 175.0, 332, 12, 216831.0517578125, 63.757720947265625, 413.5351867675781, 213.6266519781404
LOSS, 14998.298583984375, -18.074783325195312, 63.567726135253906, 26.63996196089587, 563, 223.0, 362, 10, 159215.95700454712, 60.92593002319336, 406.9249572753906, 282.7992131519487
LOSS, 22091.30712890625, -36.0, 64.1124496459961, 27.683342266799812, 798, 207.0, 346, 17, 226013.8658065796, 64.12321472167969, 426.5626220703125, 283.2253957475935
LOSS, -11440.217964172363, -41.083717346191406, 58.76861572265625, -1.907020830833866, 5999, 225.43592834472656, 0, 4, 705180.2187728882, 34.504085540771484, 411.7449035644531, 117.54962806682583
WIN , 26946.0, -34.456939697265625, 64.8470230102539, 25.88472622478386, 1041, 223.0, 330, 16, 286182.1922607422, 65.15695190429688, 415.4472961425781, 274.91084751272064
LOSS, 9303.999877929688, -28.097084045410156, 68.63240814208984, 18.872210705739732, 493, 223.0, 367, 14, 115839.81620788574, 70.48888397216797, 428.7695617675781, 234.96920123303397
LOSS, 13734.65234375, -36.0001220703125, 67.8200454711914, 22.515823514344262, 610, 223.0, 359, 12, 153034.8947944641, 39.89406204223633, 413.8177185058594, 250.87687671223625
LOSS, 5249.65535736084, 0, 60.772911071777344, 39.176532517618206, 134, 169.8000030517578, 391, 6, 43922.225830078125, 142.93972778320312, 409.774169921875, 327.77780470207557
LOSS, 19750.0, -23.9776611328125, 66.5450210571289, 18.845419847328245, 1048, 185.0, 330, 15, 280517.27394866943, 55.763553619384766, 424.813232421875, 267.66915453117315
WIN , 25862.83213043213, -41.999755859375, 68.0614242553711, 12.989870482386806, 1991, 149.3357391357422, 267, 19, 466512.2542152405, 52.52122497558594, 428.3373718261719, 234.310524467725
LOSS, 5942.640625, -15.9637451171875, 62.514869689941406, 29.862515703517587, 199, 223.0, 386, 7, 55700.32637023926, 118.44635009765625, 419.52093505859375, 279.90113753889074
LOSS, 20040.0, -17.636619567871094, 69.15975189208984, 26.971736204576043, 743, 185.0, 350, 19, 218905.94771575928, 68.90771484375, 419.2189025878906, 294.6244249202682
LOSS, 16846.842712402344, -20.078506469726562, 68.9461441040039, 21.460946130448846, 785, 211.3145751953125, 347, 16, 210178.07122039795, 48.777069091796875, 419.3914794921875, 267.74276588585724
WIN , 27044.0, -37.4371337890625, 63.014427185058594, 19.04507042253521, 1420, 207.0, 305, 30, 419131.15560150146, 68.7327880859375, 422.9371032714844, 295.1627856348602
LOSS, 6219.0, -17.662269592285156, 64.58609771728516, 18.399408284023668, 338, 207.0, 377, 3, 93010.27280426025, 95.402587890625, 442.4869079589844, 275.17832190609545
LOSS, 17651.0, -24.9139404296875, 66.2645492553711, 26.11094674556213, 676, 223.0, 354, 17, 205382.8750114441, 60.17290115356445, 424.568603515625, 303.8208210228463
LOSS, 5104.6251220703125, -12.9998779296875, 66.52762603759766, 37.534008250517005, 136, 191.0, 390, 2, 43306.94061279297, 191.87355041503906, 405.29705810546875, 318.4333868587718
LOSS, 10221.887451171875, -22.68231964111328, 62.160255432128906, 10.979470946478921, 931, 223.0, 337, 6, 174103.04891204834, 46.40707778930664, 404.64251708984375, 187.00649722024525
WIN , 25995.300003051758, -21.32073211669922, 86.6744155883789, 22.94377758433518, 1133, 164.39999389648438, 324, 24, 330060.7459793091, 57.64548110961914, 429.6590881347656, 291.3157510850036
LOSS, 16410.732055664062, -20.803001403808594, 65.7036361694336, 21.91018966043266, 749, 138.447998046875, 350, 12, 200770.8554496765, 52.73998260498047, 418.99566650390625, 268.0518764348151
LOSS, 16011.78564453125, -30.54443359375, 67.97110748291016, 25.45593902151232, 629, 207.0, 358, 10, 169097.04347229004, 52.393341064453125, 436.2469177246094, 268.8347273009381
LOSS, 17278.240524291992, -32.94775390625, 60.059715270996094, 18.361573352063754, 941, 199.84707641601562, 337, 15, 239513.65015792847, 46.64299011230469, 433.77008056640625, 254.53097785114608
WIN , 26041.415954589844, -34.0, 69.9214859008789, 27.013916965342162, 964, 212.1680908203125, 335, 21, 271430.9038696289, 61.918174743652344, 431.4217224121094, 281.56732766559014
LOSS, -9527.472610473633, -34.0869140625, 49.536834716796875, -1.5881767978785852, 5999, 228.60549926757812, 0, 4, 616920.1371612549, 32.80015563964844, 428.03277587890625, 102.8371623872737
LOSS, 11413.999877929688, -25.763916015625, 62.455055236816406, 23.199186743759526, 492, 223.0, 367, 5, 140290.3947982788, 62.75392150878906, 425.8431091308594, 285.14307885829027
LOSS, 9018.36767578125, -45.43510437011719, 66.9704360961914, 8.436265365557764, 1069, 207.0, 328, 4, 236832.44442367554, 40.444705963134766, 432.67303466796875, 221.545785241979
LOSS, 11102.204345703125, -18.282470703125, 67.7394790649414, 29.76462291073224, 373, 207.0, 375, 7, 115293.81727600098, 103.91973876953125, 447.97161865234375, 309.0987058337828
LOSS, 7972.050636291504, -17.636924743652344, 61.33905029296875, 31.386026127131906, 254, 209.6999969482422, 383, 4, 79482.39786529541, 86.77861022949219, 427.0751647949219, 312.92282624132054
LOSS, 10989.566040039062, -18.963623046875, 63.841163635253906, 19.381950687899582, 567, 175.0, 362, 6, 172578.16050720215, 111.51559448242188, 424.5280456542969, 304.3706534518556
LOSS, 18123.3056640625, -43.999755859375, 60.891624450683594, 11.17343135885481, 1622, 175.0, 291, 19, 363873.00355529785, 47.44398880004883, 439.57354736328125, 224.33600712410473
WIN , 25646.0, -40.418701171875, 80.946044921875, 27.08130939809926, 947, 223.0, 336, 18, 286227.2051010132, 64.7430419921875, 434.2138977050781, 302.2462567064553
LOSS, 19750.084602355957, -27.012100219726562, 64.7917709350586, 16.54110938220767, 1194, 184.83079528808594, 320, 16, 359751.6178741455, 42.78196334838867, 433.8691711425781, 301.2995124574083
LOSS, 15202.744384765625, -28.381263732910156, 66.3866195678711, 23.643459385327567, 643, 223.0, 357, 13, 180971.5945930481, 51.88730239868164, 440.5469665527344, 281.4488251835896
LOSS, 25717.42529296875, -19.534217834472656, 68.9742202758789, 23.3794775390625, 1100, 207.0, 326, 25, 329523.5329589844, 80.83757781982422, 429.4277648925781, 299.56684814453126
LOSS, 8244.594993591309, -21.25, 64.6041030883789, 19.866493960460986, 415, 214.9420928955078, 372, 7, 126980.45913696289, 114.04685974121094, 428.5370178222656, 305.97700996858526
LOSS, 17934.6982421875, -32.16217803955078, 62.941505432128906, 26.067875352016713, 688, 207.0, 354, 15, 204988.50589752197, 60.98619842529297, 440.7323913574219, 297.94840973477034
LOSS, 18292.71484375, -37.807373046875, 67.66364288330078, 22.33542715964591, 819, 175.0, 345, 17, 257623.5512008667, 86.5038833618164, 452.8009338378906, 314.55867057492884
LOSS, 17241.066162109375, -27.9461669921875, 66.4205093383789, 31.40449209855988, 549, 191.0, 363, 15, 170599.81732177734, 57.97236633300781, 444.7234191894531, 310.7464796389387
LOSS, 12047.794067382812, -36.504451751708984, 67.21549224853516, 22.68887771635181, 531, 191.0, 364, 4, 175465.92225646973, 132.3774871826172, 446.6107177734375, 330.4442980347829
LOSS, 16577.594730377197, -22.04345703125, 64.4942398071289, 19.758754148244574, 839, 88.99999237060547, 344, 17, 228241.79482650757, 60.261165618896484, 452.69183349609375, 272.04027988856683
LOSS, 22236.36962890625, -30.322418212890625, 63.938819885253906, 23.45608610644119, 948, 175.0, 336, 20, 304956.37272262573, 62.40585708618164, 478.0896911621094, 321.6839374711242
LOSS, 4485.126953125, -16.00006103515625, 63.105079650878906, 16.55028395987085, 271, 175.0, 381, 2, 71967.51839447021, 118.39089965820312, 455.35748291015625, 265.56279850358015
LOSS, 14881.0, -39.00048828125, 65.3526840209961, 28.23719165085389, 527, 223.0, 364, 9, 154450.30111694336, 57.43894958496094, 445.9914855957031, 293.07457517446556
LOSS, 22214.650634765625, -28.499755859375, 69.4884262084961, 32.525110739041914, 683, 207.0, 354, 13, 221701.8765182495, 79.36444854736328, 452.9146423339844, 324.60011203257613
LOSS, 13571.50146484375, -17.74590301513672, 67.1477279663086, 35.620738752870736, 381, 175.0, 374, 10, 120433.65175628662, 85.76318359375, 440.9959411621094, 316.09882350731397
WIN , 25378.65000152588, -37.0, 89.2439956665039, 16.96433823631409, 1496, 177.6999969482422, 300, 27, 386286.84142684937, 38.34044647216797, 453.6424255371094, 258.2131292960223
WIN , 24942.0, -42.00048828125, 64.1167221069336, 16.039871382636655, 1555, 191.0, 296, 19, 413364.5782432556, 47.65463638305664, 456.59844970703125, 265.82931076736696
LOSS, 8115.5196533203125, -13.688312530517578, 60.750953674316406, 33.39720021942515, 243, 223.0, 383, 9, 86580.33158874512, 197.828125, 438.8083190917969, 356.2976608590334
WIN , 26377.415954589844, -31.381141662597656, 65.2751693725586, 16.18246377582199, 1630, 180.1680908203125, 291, 28, 451226.7964286804, 48.786346435546875, 453.5615234375, 276.82625547771806
WIN , 26463.25, -39.0, 77.14140701293945, 19.13467100506146, 1383, 108.5, 307, 18, 378348.6874923706, 82.306884765625, 458.603271484375, 273.57099601762155
LOSS, 11342.741455078125, -13.540779113769531, 69.6953353881836, 39.65993515761582, 286, 207.0, 380, 8, 103836.25559997559, 197.49070739746094, 484.7351379394531, 363.0638307691454
LOSS, 18742.00048828125, -34.042724609375, 65.4503402709961, 16.824057888941876, 1114, 207.0, 325, 18, 314427.59157562256, 61.515953063964844, 451.3173828125, 282.25097987039726
LOSS, 19138.050537109375, -39.0, 70.6050796508789, 22.6485805172892, 845, 175.0, 343, 17, 254082.60665512085, 51.60780334472656, 451.28607177734375, 300.68947533150396
WIN , 24854.0, -31.0870361328125, 70.2291030883789, 24.535044422507404, 1013, 207.0, 332, 24, 318743.5848388672, 102.47032165527344, 461.366455078125, 314.6530946089508
LOSS, 6562.777969360352, -26.092529296875, 65.1320571899414, 24.216892875868457, 271, 185.39498901367188, 381, 2, 87497.29357147217, 104.4594955444336, 459.0650634765625, 322.8682419611519
LOSS, 14748.16796875, -26.76946258544922, 64.3605728149414, 15.003222755595116, 983, 223.0, 334, 13, 282980.5958824158, 61.501564025878906, 460.1706848144531, 287.87446173185737
LOSS, 5179.7191162109375, -40.9998779296875, 66.43500518798828, 25.02279766285477, 207, 191.0, 386, 3, 64761.16918182373, 114.050537109375, 454.49139404296875, 312.8558897672644
LOSS, 12181.688110351562, -21.34002685546875, 61.44775390625, 19.87224814086715, 613, 191.0, 359, 9, 169530.07735443115, 29.248180389404297, 452.6187744140625, 276.55803809858264
LOSS, 6223.5692138671875, -16.00006103515625, 63.366310119628906, 24.89427685546875, 250, 191.0, 383, 3, 83698.80110168457, 121.19465637207031, 444.3370361328125, 334.79520440673826
LOSS, 15869.149948120117, -32.093505859375, 68.7950668334961, 18.094811799452813, 877, 129.10000610351562, 341, 12, 254781.4377822876, 89.08068084716797, 466.4756774902344, 290.5147523173177
LOSS, 22298.25, -37.0, 71.88375091552734, 15.803153791637136, 1411, 188.5, 305, 17, 329366.1307487488, 63.0914306640625, 460.43280029296875, 233.42744914865258
LOSS, 11189.309448242188, -34.804443359375, 64.3788833618164, 16.05352862014661, 697, 207.0, 353, 5, 218974.94219207764, 70.75309753417969, 473.1041564941406, 314.16777932866233
LOSS, 20761.0, -32.58221435546875, 66.6432876586914, 20.33398628795299, 1021, 223.0, 331, 16, 283097.4324417114, 59.108436584472656, 470.8839111328125, 277.27466448747447
LOSS, 8582.300003051758, -36.97540283203125, 70.2684555053711, 1.7397729582509138, 4933, 180.39999389648438, 71, 11, 633935.8777160645, 32.65144348144531, 456.43231201171875, 128.50919880722978
LOSS, 8125.572265625, -22.708656311035156, 69.5457992553711, 33.0307815675813, 246, 207.0, 383, 5, 85888.69185638428, 114.78120422363281, 446.8728942871094, 349.14102380644016
LOSS, 7549.093574523926, -37.0, 68.90096282958984, 20.569737260283176, 367, 184.23594665527344, 375, 7, 104837.6527709961, 87.81414031982422, 459.2879333496094, 285.6611792125234
LOSS, 20987.0, -23.42254638671875, 66.6243667602539, 18.18630849220104, 1154, 191.0, 323, 18, 332130.74171447754, 61.695396423339844, 477.6769104003906, 287.80826838342944
LOSS, 7517.650001525879, -26.958084106445312, 64.4069595336914, 30.81004098986016, 244, 209.6999969482422, 383, 5, 71783.5004196167, 85.31543731689453, 483.2686462402344, 294.19467385088814
LOSS, 17975.66748046875, -18.6700439453125, 66.0564193725586, 29.95944580078125, 600, 207.0, 359, 8, 208017.20114135742, 145.17185974121094, 458.0920104980469, 346.6953352355957
LOSS, 14104.00048828125, -18.15350341796875, 68.07120513916016, 22.141288050677, 637, 223.0, 357, 13, 207886.15798950195, 138.13084411621094, 471.8502502441406, 326.3518963728445
LOSS, 9563.999877929688, -36.0, 69.1673812866211, 32.641637808633746, 293, 223.0, 380, 9, 92863.29949188232, 87.73558044433594, 472.40277099609375, 316.939588709496
LOSS, 17201.0, -33.000244140625, 65.7735366821289, 25.94419306184012, 663, 223.0, 355, 16, 219791.80150604248, 77.24775695800781, 460.58050537109375, 331.5110128296267
LOSS, 18969.20654296875, -30.0897216796875, 62.382423400878906, 16.50931814009465, 1149, 175.0, 323, 20, 318227.2115097046, 66.66783142089844, 452.8371276855469, 276.9601492686724
LOSS, 18213.8671875, -28.18115234375, 69.0633316040039, 26.396908967391305, 690, 175.0, 353, 12, 231163.28829956055, 140.92562866210938, 457.27105712890625, 335.0192584051602
LOSS, 11279.02490234375, -26.322776794433594, 66.1864242553711, 17.96023073621616, 628, 223.0, 358, 7, 198690.62605285645, 144.13641357421875, 470.4005126953125, 316.38634721792425
WIN , 13756.557502746582, -36.24951171875, 75.71741485595703, 2.618301770602699, 5254, 141.88499450683594, 49, 29, 883583.5804519653, 68.56346130371094, 462.16754150390625, 168.17350217966603
LOSS, 12693.182983398438, -16.591751098632812, 67.45658111572266, 26.279881953205876, 483, 175.0, 367, 5, 162094.26816558838, 68.3027114868164, 450.41888427734375, 335.5988988935577
LOSS, 11457.893920898438, -19.136444091796875, 65.9563217163086, 22.119486333780767, 518, 223.0, 365, 7, 143655.83921051025, 60.66221618652344, 451.92987060546875, 277.32787492376497
LOSS, 11120.911743164062, -17.66242218017578, 66.9032974243164, 17.96593173370608, 619, 191.0, 358, 11, 179266.87789535522, 63.823585510253906, 456.29998779296875, 289.6072340797338
LOSS, 15178.744384765625, -47.116004943847656, 59.689903259277344, 13.187440820821568, 1151, 191.0, 323, 14, 330739.013381958, 79.67298889160156, 458.43927001953125, 287.34927313810425
LOSS, 9919.7841796875, -27.15850830078125, 64.60562896728516, 28.58727429304755, 347, 223.0, 376, 8, 108743.43766021729, 95.53925323486328, 447.2290344238281, 313.38166472685094
LOSS, 15639.772216796875, -46.23040771484375, 70.2867660522461, 16.207017841240283, 965, 191.0, 335, 12, 238519.7169456482, 46.77469253540039, 452.0227966308594, 247.17069113538673
LOSS, 24769.0, -22.3126220703125, 71.19588470458984, 25.404102564102566, 975, 207.0, 334, 22, 273678.9178352356, 55.730709075927734, 444.5106506347656, 280.696325984857
LOSS, 11801.684448242188, -21.34002685546875, 67.5981674194336, 22.651985505263315, 521, 191.0, 365, 5, 167952.2533416748, 137.46417236328125, 440.1246643066406, 322.36516956175586
LOSS, 11882.177001953125, -26.9580078125, 63.968101501464844, 25.443633837158725, 467, 191.0, 368, 8, 149097.2688369751, 108.8494644165039, 437.961181640625, 319.26610029330857
LOSS, 21345.623779296875, -20.662452697753906, 83.0548324584961, 14.422718769795186, 1480, 175.0, 301, 27, 479031.4844741821, 65.0578384399414, 464.57269287109375, 323.669921942015
LOSS, 13606.704345703125, -16.139846801757812, 66.99454498291016, 28.70612731160997, 474, 223.0, 368, 14, 159951.98958587646, 84.63632202148438, 457.7980041503906, 337.45145482252417
LOSS, 12744.697021484375, -51.934814453125, 66.4018783569336, 29.987522403492648, 425, 207.0, 371, 16, 149990.43913269043, 92.64307403564453, 455.636962890625, 352.91868031221276
LOSS, 9749.599998474121, -37.071754455566406, 62.386474609375, 16.58095237835735, 588, 185.8000030517578, 360, 8, 183646.9362640381, 102.41117095947266, 458.6520080566406, 312.3247215374797
LOSS, 7122.2664794921875, -12.9998779296875, 66.3471908569336, 43.16525139086174, 165, 223.0, 388, 7, 60951.42399597168, 184.85000610351562, 466.9741516113281, 369.4025696725556
LOSS, 8431.1083984375, -13.970436096191406, 64.63643646240234, 37.471592881944446, 225, 175.0, 384, 12, 84147.74342346191, 188.4434814453125, 451.86834716796875, 373.98997077094185
LOSS, 16688.941650390625, -23.082275390625, 62.074806213378906, 13.579285313580655, 1229, 175.0, 318, 16, 368917.4075088501, 76.6729736328125, 463.53546142578125, 300.17689789165996
LOSS, 19793.99658203125, -32.82209014892578, 69.8382339477539, 20.469489743569028, 967, 175.0, 335, 19, 312774.36723709106, 63.7573127746582, 468.4442138671875, 323.44815639823275
WIN , 27434.0, -39.999755859375, 69.03564453125, 22.880733944954127, 1199, 207.0, 320, 18, 398804.30980682373, 98.60189056396484, 471.942626953125, 332.61410325840177
LOSS, 8517.438598632812, -25.20965576171875, 62.727577209472656, 28.20343906832057, 302, 223.0, 379, 8, 106219.28731536865, 124.26871490478516, 456.7244567871094, 351.7194944217505
LOSS, 11088.6796875, -18.46306610107422, 65.9331283569336, 15.025311229674797, 738, 191.0, 350, 12, 200831.83304595947, 74.77529907226562, 446.3624267578125, 272.12985507582584
LOSS, 11201.03857421875, -36.0001220703125, 69.01343536376953, 30.603930530652324, 366, 207.0, 375, 6, 122618.17156982422, 128.55911254882812, 452.81744384765625, 335.0223266935088
LOSS, 21117.65000152588, -40.999755859375, 65.4503402709961, 19.445349909324015, 1086, 209.6999969482422, 327, 22, 328034.8936538696, 64.12246704101562, 452.3421936035156, 302.05791312511013
LOSS, 19562.263427734375, -22.39202117919922, 68.8176498413086, 26.579162265943445, 736, 223.0, 350, 14, 252244.457862854, 90.94135284423828, 447.4659729003906, 342.72344818322557
LOSS, 16175.98388671875, -28.741302490234375, 59.589378356933594, 21.284189324629935, 760, 175.0, 349, 13, 246584.2369003296, 101.96202087402344, 452.9422607421875, 324.45294328990735
LOSS, 14545.650001525879, -37.22618865966797, 60.956642150878906, 16.306782512921387, 892, 193.6999969482422, 340, 14, 266251.6968154907, 88.87584686279297, 452.89324951171875, 298.48844934472055
LOSS, 7749.0115966796875, -17.662269592285156, 62.977210998535156, 25.406595398949793, 305, 207.0, 379, 6, 102852.30830383301, 134.35690307617188, 455.724609375, 337.22068296338693
LOSS, 13915.701171875, -19.9786376953125, 70.1772232055664, 26.556681625715647, 524, 191.0, 365, 8, 154905.03914642334, 79.58143615722656, 459.8561706542969, 295.62030371454836
LOSS, 11256.85400390625, -26.092529296875, 63.481361389160156, 23.698640008223684, 475, 207.0, 368, 4, 155301.48286437988, 99.7123031616211, 458.58447265625, 326.95049024079975
LOSS, 21427.059326171875, -21.34002685546875, 64.5128402709961, 21.753359722001903, 985, 175.0, 334, 20, 295042.4376220703, 88.44049072265625, 452.3169250488281, 299.5354696670765
LOSS, 15767.817626953125, -21.463096618652344, 70.9194107055664, 35.593267780932564, 443, 223.0, 370, 12, 149094.62201690674, 104.10667419433594, 479.0579833984375, 336.55670884177596
WIN , 25522.0, -43.0731201171875, 81.5548324584961, 21.720851063829787, 1175, 191.0, 321, 21, 382373.10556030273, 62.790550231933594, 465.40875244140625, 325.42391962578955
LOSS, 10051.999877929688, -34.532386779785156, 58.808815002441406, 19.293665792571378, 521, 207.0, 365, 6, 158277.11740875244, 101.04093170166016, 459.258056640625, 303.7948510724615
LOSS, 22393.45751953125, -35.99951171875, 66.3188705444336, 27.077941377909614, 827, 191.0, 344, 20, 273878.12355804443, 79.73505401611328, 458.5428771972656, 331.17064517296785
LOSS, 14944.00048828125, -16.932296752929688, 70.4118881225586, 26.733453467408317, 559, 223.0, 362, 11, 179761.030418396, 117.59317779541016, 461.43280029296875, 321.5760830382755
LOSS, 12127.092041015625, -16.13641357421875, 68.45845794677734, 30.623969800544508, 396, 207.0, 373, 11, 139652.81284332275, 81.48815155029297, 465.8191223144531, 352.65861829121906
LOSS, 22351.543212890625, -43.86157989501953, 70.40259552001953, 18.518262811011287, 1207, 223.0, 319, 27, 335769.4267578125, 60.227073669433594, 463.48858642578125, 278.18510916140224
LOSS, 15881.0, -36.9998779296875, 64.4014663696289, 19.77708592777086, 803, 223.0, 346, 10, 253689.32299041748, 110.45558166503906, 455.1407165527344, 315.9269277589259
LOSS, 13959.244384765625, -30.322265625, 68.3543930053711, 20.58885602472806, 678, 175.0, 354, 8, 213378.93319702148, 131.251953125, 449.0403137207031, 314.71819055607887
LOSS, 4703.9403076171875, -16.720489501953125, 66.25525665283203, 15.223107791641384, 309, 191.0, 379, 1, 83107.43811798096, 112.48731994628906, 435.3621520996094, 268.95611041417783
LOSS, 10512.853759765625, -18.890548706054688, 71.1968002319336, 30.472039883378624, 345, 207.0, 376, 10, 117125.78928375244, 71.48214721679688, 435.86700439453125, 339.495041402181
LOSS, 5366.6759033203125, -16.00006103515625, 69.28044891357422, 28.698801622033756, 187, 191.0, 387, 4, 66745.62969970703, 229.79286193847656, 448.6243591308594, 356.928501067952
LOSS, 10191.872192382812, -13.000030517578125, 57.170326232910156, 31.7503806616287, 321, 223.0, 378, 4, 103410.82233428955, 86.4554443359375, 463.0774230957031, 322.1520944993444
WIN , 26594.300003051758, -18.297500610351562, 90.9527359008789, 21.156961020725344, 1257, 126.39999389648438, 316, 24, 359833.7337875366, 49.68090057373047, 458.24810791015625, 286.2639091388517
LOSS, 9484.547973632812, -18.20404815673828, 71.6087875366211, 22.744719361229766, 417, 223.0, 372, 6, 112125.02140426636, 57.790184020996094, 450.7176818847656, 268.8849434155068
LOSS, 10029.9794921875, -39.9998779296875, 65.3508529663086, 17.752176092367257, 565, 223.0, 362, 9, 164840.44200897217, 87.23971557617188, 459.99835205078125, 291.75299470614544
LOSS, 11718.284057617188, -34.16803741455078, 63.201820373535156, 22.535161649263824, 520, 207.0, 365, 11, 162370.06727600098, 73.05747985839844, 461.2837219238281, 312.250129376925
WIN , 26006.0, -30.322265625, 67.7809829711914, 14.281164195496979, 1821, 223.0, 278, 28, 454205.7869911194, 55.337242126464844, 466.92645263671875, 249.42657165904416
LOSS, 18176.927940368652, -34.168426513671875, 64.02989196777344, 20.655599932237106, 880, 216.6861114501953, 341, 11, 242978.128200531, 45.54943084716797, 460.42681884765625, 276.11150931878524
LOSS, 18675.025390625, -18.282318115234375, 70.3697738647461, 19.596039234653723, 953, 207.0, 336, 12, 305252.2324066162, 92.55998229980469, 453.37103271484375, 320.3066447078869
LOSS, 12069.173828125, -43.0731201171875, 69.7984848022461, 6.18297839555584, 1952, 223.0, 269, 15, 367797.15533828735, 58.556251525878906, 459.37451171875, 188.42067384133574
LOSS, 11241.0, -19.48956298828125, 69.32897186279297, 29.046511627906977, 387, 223.0, 374, 15, 128240.93287658691, 83.62786102294922, 449.329345703125, 331.37191957774394
LOSS, 4533.9998779296875, -17.844223022460938, 61.215126037597656, 33.33823439654182, 136, 223.0, 390, 2, 46089.29026031494, 89.36402130126953, 462.1189880371094, 338.89184014937456
LOSS, 6746.9903564453125, -21.868812561035156, 64.37352752685547, 19.222194747707444, 351, 175.0, 376, 4, 112271.46495819092, 122.85205078125, 439.4394836425781, 319.86172352760946
LOSS, 16709.690185546875, -19.364105224609375, 68.0498275756836, 25.394665935481573, 658, 223.0, 356, 12, 199608.3680419922, 77.90904235839844, 458.8190002441406, 303.3561824346386
LOSS, 14851.232177734375, -49.173095703125, 67.2945327758789, 27.300059150247012, 544, 191.0, 363, 13, 167296.73567962646, 65.24303436279297, 452.5641784667969, 307.5307641169604
LOSS, 19353.383544921875, -26.802757263183594, 69.0672836303711, 22.219728524594576, 871, 207.0, 341, 22, 290150.22242736816, 58.97731018066406, 452.9057922363281, 333.1231026720645
LOSS, 9548.932373046875, -15.15362548828125, 69.66849517822266, 33.15601518419054, 288, 191.0, 380, 6, 106416.71063232422, 226.88775634765625, 449.9648132324219, 369.50246747334796
LOSS, 6872.02001953125, -16.084640502929688, 63.086158752441406, 33.03855778620793, 208, 207.0, 386, 5, 68444.44400787354, 88.45207214355469, 433.4430236816406, 329.0598269609305
LOSS, 5215.3441162109375, -17.66242218017578, 65.5062026977539, 20.695809984964036, 252, 191.0, 383, 4, 71823.42168426514, 70.41419982910156, 445.49786376953125, 285.01357811216326
LOSS, 11229.025756835938, -35.946502685546875, 59.9603271484375, 23.20046643974367, 484, 191.0, 367, 8, 133790.9783630371, 64.55508422851562, 453.5806579589844, 276.4276412459444
LOSS, 22342.81298828125, -26.092529296875, 71.0423812866211, 21.018638747207195, 1063, 191.0, 329, 14, 318648.9670562744, 80.32357025146484, 453.7707214355469, 299.7638448318668
LOSS, 21961.0, -23.09478759765625, 63.509132385253906, 24.32004429678848, 903, 223.0, 339, 18, 283779.5022201538, 70.74940490722656, 453.3992004394531, 314.2630146402589
LOSS, 16627.08290863037, -26.536865234375, 57.7333984375, 18.745302039042134, 887, 185.8000030517578, 340, 17, 289232.28102493286, 59.30891036987305, 449.6484375, 326.07923452641813
LOSS, 18596.810974121094, -23.280242919921875, 65.2000961303711, 21.42489743562338, 868, 175.8800048828125, 342, 16, 275567.05166625977, 83.89531707763672, 445.9929504394531, 317.4735618274882
LOSS, 21601.0, -33.000244140625, 67.1138687133789, 30.726884779516357, 703, 223.0, 353, 10, 214957.23014068604, 83.64317321777344, 447.773193359375, 305.7713088772205
LOSS, 14541.496337890625, -21.3397216796875, 70.3819808959961, 22.97234808513527, 633, 207.0, 357, 9, 211874.63584136963, 89.89030456542969, 451.3381042480469, 334.71506452033117
WIN , 24926.0, -21.905624389648438, 71.79830169677734, 22.355156950672647, 1115, 223.0, 325, 21, 348245.33309173584, 70.27513122558594, 449.69586181640625, 312.3276529970725
LOSS, 5957.686340332031, -46.29888916015625, 56.588348388671875, 14.460403738669978, 412, 191.0, 372, 3, 111281.30637359619, 64.94782257080078, 471.7745056152344, 270.10025818834026
LOSS, 4079.194580078125, -32.40937805175781, 61.89490509033203, 9.71236804780506, 420, 223.0, 371, 3, 117690.39084625244, 80.05292510986328, 443.3191833496094, 280.21521630060107
LOSS, 11268.742309570312, -33.00001525878906, 68.9882583618164, 23.13910125168442, 487, 223.0, 367, 6, 141909.11025238037, 58.41399383544922, 470.0638122558594, 291.3944769042718
WIN , 24932.0, -21.905624389648438, 78.096923828125, 17.60734463276836, 1416, 191.0, 305, 35, 440848.46308135986, 83.48773193359375, 474.78662109375, 311.333660368192
LOSS, 4771.526672363281, 0, 65.85562896728516, 48.19723911478062, 99, 191.0, 393, 2, 33174.800048828125, 155.2308349609375, 444.10809326171875, 335.0989903922033
LOSS, 20120.5234375, -23.95233154296875, 70.09940338134766, 24.358987212469735, 826, 207.0, 344, 13, 260497.3932876587, 119.47725677490234, 462.2375183105469, 315.3721468373592
LOSS, 20374.00048828125, -30.322265625, 64.0730972290039, 16.457189408950928, 1238, 223.0, 317, 20, 303734.8903121948, 75.24000549316406, 456.93572998046875, 245.34320703731407
LOSS, 13145.9462890625, -18.721778869628906, 67.1306381225586, 23.06306366502193, 570, 223.0, 361, 10, 191181.4842300415, 81.3179702758789, 464.0229187011719, 335.40611268428336
LOSS, 16277.99951171875, -34.0869140625, 62.24235534667969, 12.970517539218127, 1255, 223.0, 316, 15, 364468.2299423218, 67.26920318603516, 474.44085693359375, 290.4129322249576
LOSS, 16305.47119140625, -24.90967559814453, 66.04979705810547, 18.4242612332274, 885, 185.0, 340, 15, 296124.62632751465, 95.64862060546875, 462.7549743652344, 334.6040975452143
LOSS, 24140.07656097412, -23.253273010253906, 68.0583724975586, 26.29637969605024, 918, 201.8000030517578, 338, 18, 303397.8766937256, 78.23583984375, 462.42572021484375, 330.4987763548209
LOSS, 5994.478210449219, -18.46306610107422, 63.47571563720703, 14.620678562071266, 410, 207.0, 372, 4, 121321.16767120361, 103.27162170410156, 452.6982116699219, 295.90528700293567
LOSS, 17431.486572265625, -37.807373046875, 64.5271987915039, 16.63309787429926, 1048, 207.0, 330, 17, 282831.33446884155, 46.56423568725586, 453.4164123535156, 269.87722754660456
LOSS, 18736.65673828125, -24.304725646972656, 71.6795883178711, 26.95921832846223, 695, 223.0, 353, 11, 217664.4515991211, 70.25955200195312, 443.1868896484375, 313.18626129369943
LOSS, 12103.189819335938, -38.34718322753906, 62.05474853515625, 18.620292029747596, 650, 154.447998046875, 356, 13, 193982.28866577148, 90.1496810913086, 452.0091857910156, 298.43429025503303
LOSS, 15588.507469177246, -21.14148712158203, 62.02018737792969, 27.886417655057684, 559, 185.8000030517578, 362, 10, 187579.9404449463, 96.64848327636719, 478.89300537109375, 335.56339972262305
LOSS, 13012.00048828125, -34.10834503173828, 63.672401428222656, 11.58682144993878, 1123, 207.0, 325, 8, 327135.3136520386, 94.82280731201172, 451.26104736328125, 291.30482070528814
LOSS, 11289.449462890625, -39.0, 65.23657989501953, 19.840860215976495, 569, 175.0, 362, 9, 160046.0873413086, 46.032691955566406, 454.5006408691406, 281.2760761710169
LOSS, 12293.332885742188, -20.31781768798828, 64.1704330444336, 20.69584660899358, 594, 207.0, 360, 11, 177482.07997131348, 73.60071563720703, 466.69384765625, 298.79138042308665
LOSS, 6561.0, -23.332435607910156, 69.3901596069336, 23.021052631578947, 285, 223.0, 380, 6, 73465.14504241943, 81.54930877685547, 457.2712097167969, 257.7724387453313
LOSS, 18222.120361328125, -40.96221923828125, 63.503318786621094, 3.955311560956832, 4607, 175.0, 92, 23, 703994.4751663208, 43.3061637878418, 474.8518371582031, 152.80974064821376
LOSS, 25843.33901977539, -19.927978515625, 62.07572937011719, 29.50152856138743, 876, 148.19500732421875, 341, 14, 286604.98698425293, 98.84650421142578, 463.20037841796875, 327.17464267608784
LOSS, 19898.81884765625, -32.20458984375, 80.42887115478516, 12.01619495631416, 1656, 191.0, 289, 19, 488928.49995422363, 53.75588607788086, 477.0610046386719, 295.2466787163186
LOSS, 13877.048583984375, -23.332359313964844, 69.9385757446289, 21.481499356012964, 646, 223.0, 356, 13, 179323.34188842773, 50.38567352294922, 479.9660339355469, 277.590312520786
LOSS, 10629.852172851562, -17.35771942138672, 62.01940155029297, 30.11289567380046, 353, 191.0, 376, 5, 106545.26643371582, 96.67782592773438, 448.5083312988281, 301.8279502371553
LOSS, 10207.313293457031, -16.88904571533203, 62.593833923339844, 25.972807362486083, 393, 175.8800048828125, 373, 4, 133202.4192276001, 111.24117279052734, 457.1997985839844, 338.93745350534374
LOSS, 10682.369995117188, -16.13641357421875, 66.47574615478516, 34.683019464666195, 308, 175.0, 379, 10, 108879.58409881592, 86.80252838134766, 459.53131103515625, 353.50514317797376
LOSS, 8148.6505126953125, -26.092529296875, 63.67255401611328, 38.2565751769733, 213, 175.0, 385, 6, 74739.35320281982, 110.96517181396484, 458.4582214355469, 350.88898217286305
LOSS, 14350.4970703125, -41.90155029296875, 62.936012268066406, 22.742467623316166, 631, 223.0, 357, 13, 198572.95179367065, 58.99317169189453, 466.45684814453125, 314.6956446809361
LOSS, 19818.679443359375, -36.0, 63.681541442871094, 26.818240112800236, 739, 223.0, 350, 13, 245245.73822784424, 93.18505859375, 454.5461120605469, 331.8616214179218
LOSS, 24539.789695739746, -21.34033203125, 64.6144790649414, 25.194855950451483, 974, 201.8000030517578, 335, 14, 309743.23599243164, 87.35847473144531, 470.7879943847656, 318.0115359265212
LOSS, 8477.650001525879, -19.674667358398438, 64.3047103881836, 28.258833338419596, 300, 209.6999969482422, 379, 6, 92291.54949188232, 78.52542114257812, 473.19171142578125, 307.6384983062744
LOSS, 16991.0, -20.727371215820312, 63.692527770996094, 21.23875, 800, 223.0, 346, 13, 240593.31426620483, 51.744346618652344, 461.8591003417969, 300.74164283275604
LOSS, 19362.216796875, -25.0601806640625, 62.064056396484375, 18.528437126196174, 1045, 175.0, 330, 18, 304629.61322784424, 66.12093353271484, 471.9404296875, 291.51159160559257
WIN , 27350.115753173828, -19.916236877441406, 74.44352722167969, 25.777677429947058, 1061, 174.76849365234375, 329, 22, 323746.11323547363, 57.556209564208984, 461.115234375, 305.13300022193556
WIN , 27111.13641357422, -39.999755859375, 80.9033203125, 25.45646611603213, 1065, 172.7271728515625, 328, 26, 341424.98834228516, 42.76808547973633, 472.2165222167969, 320.5868435138828
LOSS, 14089.0, -33.000244140625, 69.0328140258789, 17.41532756489493, 809, 207.0, 346, 10, 252386.339302063, 49.2618408203125, 473.1874694824219, 311.97322534247587
LOSS, 9374.949829101562, -17.298263549804688, 56.103736877441406, 28.757514813194977, 326, 191.0, 378, 6, 112851.27137756348, 150.66079711914062, 465.2776794433594, 346.16954410295546
LOSS, 7600.649879455566, -23.9776611328125, 67.2225112915039, 22.354852586634017, 340, 209.6999969482422, 377, 3, 108400.97731018066, 115.86150360107422, 466.5058288574219, 318.8264038534725
LOSS, 20408.77138519287, -39.9998779296875, 67.22403717041016, 26.16509151947804, 780, 221.4928741455078, 347, 15, 243970.16458129883, 64.01654815673828, 469.1694641113281, 312.7822622837164
LOSS, -9337.783645629883, -37.43743896484375, 52.99311447143555, -1.5565567003883785, 5999, 231.90701293945312, 0, 6, 549921.1172027588, 29.35098648071289, 458.8361511230469, 91.66879766673759
LOSS, 22736.13525390625, -22.143333435058594, 67.8551254272461, 19.34990234375, 1175, 175.0, 321, 17, 359353.39069366455, 83.0870132446289, 447.43896484375, 305.83267293077836
WIN , 26165.300003051758, -41.999755859375, 91.8172378540039, 19.267525775443122, 1358, 164.39999389648438, 309, 16, 365336.7365989685, 52.81221389770508, 467.9505920410156, 269.02557923340834
LOSS, 21400.00048828125, -40.4193115234375, 69.7289047241211, 19.02222265625, 1125, 191.0, 324, 27, 343776.75158691406, 62.778663635253906, 478.13446044921875, 305.5793347439236
LOSS, 5294.297302246094, -13.000030517578125, 60.351783752441406, 37.816409301757815, 140, 156.5, 390, 4, 47080.18054199219, 129.2423858642578, 461.2619323730469, 336.28700387137275
WIN , 27192.0, -19.390625, 63.609619140625, 18.675824175824175, 1456, 191.0, 302, 20, 428525.5355911255, 86.70323181152344, 462.96160888671875, 294.3169887301686
LOSS, 7849.740234375, -21.181930541992188, 65.88370513916016, 28.338412398465703, 277, 223.0, 381, 3, 90828.68173217773, 107.23445892333984, 468.2026062011719, 327.9013780945045
LOSS, 15740.37158203125, -15.6121826171875, 67.4748764038086, 32.65637257682832, 482, 191.0, 367, 17, 162234.12506103516, 70.26701354980469, 497.38812255859375, 336.5853217033924
LOSS, 23597.916259765625, -34.0869140625, 64.01631927490234, 19.68133132590961, 1199, 175.0, 320, 26, 367680.3709335327, 51.28300857543945, 480.48345947265625, 306.65585565765866
LOSS, 14107.092529296875, -26.092529296875, 65.40641021728516, 22.607520079001404, 624, 223.0, 358, 12, 194447.0749359131, 113.34618377685547, 469.70721435546875, 311.61390214088635
LOSS, 8121.0, -18.87024688720703, 59.79316711425781, 27.160535117056856, 299, 223.0, 380, 5, 97750.04351043701, 63.488983154296875, 450.8085021972656, 326.92322244293314
LOSS, 9780.429954528809, -21.48651123046875, 62.931739807128906, 28.85082582456876, 339, 201.8000030517578, 377, 9, 107699.77503204346, 127.47086334228516, 469.1717529296875, 317.6984514219571
LOSS, 25971.2734375, -39.0, 63.08837890625, 15.117155667927824, 1718, 223.0, 285, 25, 447520.8185195923, 28.984943389892578, 462.8163146972656, 260.4894170661189
LOSS, 17019.0, -30.322265625, 66.18795013427734, 22.998648648648647, 740, 207.0, 350, 18, 234489.6936416626, 80.40470123291016, 468.15228271484375, 316.87796438062514
LOSS, 25769.462890625, -33.99951171875, 64.4039077758789, 27.097227014327025, 951, 175.0, 336, 11, 280743.01953315735, 19.266756057739258, 461.7254333496094, 295.2082224323421
LOSS, 17390.06103515625, -39.0, 63.539039611816406, 17.854272110016684, 974, 175.0, 335, 12, 258527.96879005432, 30.930253982543945, 442.2760009765625, 265.4291260678176
WIN , 21562.0, -31.092529296875, 69.390869140625, 5.810293721368903, 3711, 191.0, 152, 33, 622331.9828491211, 44.44327163696289, 470.15814208984375, 167.6992678116737
WIN , 26730.39999771118, -39.004173278808594, 92.4386215209961, 26.05302144026431, 1026, 114.20000457763672, 331, 19, 298462.1689682007, 44.834983825683594, 453.7798156738281, 290.8988001639383
LOSS, 10471.0, -21.34002685546875, 64.1548843383789, 21.814583333333335, 480, 223.0, 367, 8, 126303.89083862305, 56.14497375488281, 453.8262939453125, 263.13310591379803
LOSS, 16870.13916015625, -39.999755859375, 58.934326171875, 12.242481248299166, 1378, 175.0, 308, 15, 302814.96282577515, 39.3542366027832, 465.74993896484375, 219.74961017835642
LOSS, 12556.649879455566, -18.3524169921875, 68.0965347290039, 20.252661095896073, 620, 177.6999969482422, 358, 8, 189605.93843078613, 50.927330017089844, 454.8064880371094, 305.8160297270744
