WIN , 32286.0, -37.573150634765625, 87.093505859375, 6.307091228755616, 5119, 223.0, 58, 38, 25895.69224384427, -4.232412338256836, 61.98685073852539, 5.058740426615407
LOSS, 5072.802673339844, -21.721885681152344, 44.999610900878906, 15.325687834863576, 331, 223.0, 377, 4, 5021.319811582565, 1.2498996257781982, 70.37167358398438, 15.17015048816485
LOSS, 9383.159072875977, -44.999755859375, 45.039894104003906, 1.5641205322347018, 5999, 203.39498901367188, 0, 21, 99920.88526725769, -15.416884422302246, 93.53296661376953, 16.656256920696396
LOSS, 14982.5498046875, -17.05408477783203, 54.35845947265625, 25.394152211334745, 590, 207.0, 360, 13, 19892.11052107811, -10.108736038208008, 108.8721694946289, 33.71544156114934
LOSS, 23333.529541015625, -35.0, 57.766357421875, 21.135443424832992, 1104, 191.0, 326, 21, 55021.696271419525, 4.685543537139893, 137.19198608398438, 49.838492999474205
LOSS, 8293.787475585938, -17.30865478515625, 56.679908752441406, 20.428047969423492, 406, 223.0, 372, 7, 20152.814296722412, 8.381937026977539, 131.5626983642578, 49.63747363724732
LOSS, 16263.478271484375, -36.0001220703125, 58.180152893066406, 24.05839980988813, 676, 191.0, 354, 15, 32407.69614648819, -4.06479549407959, 118.50289916992188, 47.94037891492336
LOSS, 21880.0, -19.156700134277344, 59.14146423339844, 23.055848261327714, 949, 185.0, 336, 15, 51275.78980875015, -4.586663246154785, 130.09197998046875, 54.03139073630153
LOSS, 22009.276000976562, -19.0604248046875, 57.516700744628906, 24.45475111219618, 900, 186.447998046875, 339, 15, 52628.56451869011, -3.8030073642730713, 132.73643493652344, 58.47618279854456
LOSS, 14465.137939453125, -34.0, 61.121437072753906, 23.791345295153167, 608, 175.0, 359, 10, 44505.13674926758, 24.348451614379883, 175.3182830810547, 73.19923807445325
WIN , 29061.940521240234, -43.350196838378906, 62.935401916503906, 20.877830834224305, 1392, 171.11895751953125, 307, 28, 102544.93739879131, 1.0056613683700562, 166.357421875, 73.66734008533858
LOSS, 20089.366249084473, -39.25, 57.278053283691406, 3.348785839153938, 5999, 206.2675018310547, 0, 30, 454098.73524427414, 5.439218997955322, 167.6509552001953, 75.69573849712854
LOSS, 23044.24365234375, -22.093589782714844, 62.870704650878906, 22.95243391667704, 1004, 191.0, 333, 19, 117911.3849697113, 16.551496505737305, 215.95028686523438, 117.44161849572839
LOSS, 20932.15966796875, -21.463096618652344, 56.728416442871094, 28.674191325984587, 730, 223.0, 351, 13, 89249.73007965088, 6.604499816894531, 216.36538696289062, 122.25990421869983
WIN , 27735.300003051758, -38.0, 95.0984878540039, 19.656484764742565, 1411, 164.39999389648438, 305, 23, 161774.09995818138, -13.57170295715332, 224.8127899169922, 114.65209068616682
WIN , 22079.193550109863, -20.1611328125, 62.555763244628906, 7.677049217701621, 2876, 136.61289978027344, 208, 32, 335988.4676876068, 27.946870803833008, 237.1251678466797, 116.8249192237854
LOSS, 11042.132705688477, -23.881591796875, 61.207496643066406, 22.26236432598483, 496, 201.39498901367188, 366, 8, 63960.293613910675, -5.110494136810303, 235.35130310058594, 128.95220486675538
LOSS, 15062.14208984375, -17.662269592285156, 62.85558319091797, 28.206258595213015, 534, 207.0, 364, 7, 72493.31666564941, 34.9593505859375, 255.76170349121094, 135.75527465477418
LOSS, 15928.491455078125, -20.981666564941406, 60.085350036621094, 24.281236974204457, 656, 223.0, 356, 13, 89956.44599342346, 29.27349281311035, 238.8986358642578, 137.12872864851138
LOSS, -288.166748046875, -28.867530822753906, 65.0975570678711, -0.049726789999460744, 5795, 207.0, 13, 8, 640575.8636817932, 20.695528030395508, 272.3597412109375, 110.53940702015413
LOSS, 20175.5673828125, -17.66242218017578, 57.91801452636719, 27.59995538004446, 731, 207.0, 351, 18, 118517.64960098267, 36.176719665527344, 287.093017578125, 162.13084760736342
LOSS, 14137.827392578125, -46.019874572753906, 60.901100158691406, 13.43899942260278, 1052, 223.0, 329, 17, 135375.529047966, 7.688686370849609, 281.8953552246094, 128.68396297335173
LOSS, 11885.962280273438, -18.721778869628906, 60.97406005859375, 24.507138722213273, 485, 207.0, 367, 15, 75773.89631676674, -1.0933129787445068, 314.04803466796875, 156.23483776652935
LOSS, 5468.617744445801, -13.753593444824219, 56.80442810058594, 32.74621403859761, 167, 156.10801696777344, 388, 1, 27285.70553779602, 19.588125228881836, 273.04248046875, 163.3874583101558
LOSS, 10219.599998474121, -18.427040100097656, 63.97772979736328, 28.626330527938716, 357, 185.8000030517578, 376, 6, 61129.29027938843, 10.72209358215332, 314.7012634277344, 171.2305049842813
WIN , 27040.0, -39.00048828125, 63.4521484375, 17.812911725955203, 1518, 175.0, 298, 28, 251628.54538345337, 32.22642517089844, 308.3769226074219, 165.76320512743965
LOSS, 19098.136962890625, -19.332801818847656, 60.002052307128906, 26.562082006801983, 719, 207.0, 352, 20, 125695.43724441528, 62.57674026489258, 298.0224304199219, 174.81980145259428
LOSS, 25430.586181640625, -36.0001220703125, 60.672508239746094, 21.998776973737566, 1156, 223.0, 322, 25, 206299.7388381958, 54.20609664916992, 303.6046142578125, 178.45998169394102
LOSS, 21867.426513671875, -18.245956420898438, 58.157264709472656, 20.688199161468187, 1057, 207.0, 329, 22, 202958.39511680603, 31.98295783996582, 326.03900146484375, 192.01361884276824
LOSS, 21122.753662109375, -17.065628051757812, 70.0929946899414, 30.089392681067487, 702, 207.0, 353, 13, 142511.5678100586, 61.11731719970703, 328.028564453125, 203.00793135335982
LOSS, 20689.9052734375, -37.0, 62.295753479003906, 24.086036406795692, 859, 191.0, 342, 14, 163298.16579055786, 49.054542541503906, 339.5738525390625, 190.10263770728506
WIN , 27104.0, -36.998741149902344, 60.447898864746094, 19.669085631349784, 1378, 207.0, 308, 26, 259529.7478942871, 48.04250717163086, 340.43707275390625, 188.3379883122548
WIN , 27453.75, -19.13629150390625, 87.947021484375, 27.759100101112235, 989, 127.5, 334, 30, 206265.96933746338, 57.61982727050781, 360.482177734375, 208.56013077599937
WIN , 26862.0, -38.00048828125, 87.724609375, 25.26999059266228, 1063, 191.0, 329, 24, 206208.95669555664, 38.87820053100586, 349.2823486328125, 193.9877297230072
WIN , 25635.724082946777, -36.999755859375, 70.9419174194336, 13.269008324506613, 1932, 183.5518341064453, 271, 22, 335528.3766784668, 31.31850814819336, 358.5646667480469, 173.66893202819193
LOSS, 15663.650001525879, -39.0, 59.833290100097656, 24.13505393147285, 649, 177.6999969482422, 356, 7, 131069.75022888184, 48.06624984741211, 334.9966735839844, 201.95647184727557
LOSS, 11943.486328125, -19.897621154785156, 59.588623046875, 20.14078638806914, 593, 175.0, 360, 8, 114197.5486831665, 69.94477844238281, 340.3033142089844, 192.57596742523862
LOSS, 11241.0, -20.346115112304688, 63.079444885253906, 25.37471783295711, 443, 223.0, 370, 9, 88508.00838470459, 66.7252197265625, 377.1847229003906, 199.7923439835318
WIN , 25823.550003051758, -40.680519104003906, 66.85664367675781, 13.449765626589457, 1920, 167.89999389648438, 271, 24, 349490.53547668457, 28.802204132080078, 384.2543029785156, 182.0263205607732
WIN , 27903.75, -23.3648681640625, 66.487060546875, 27.7925796812749, 1004, 127.5, 333, 16, 218058.2247657776, 48.9586181640625, 371.6362609863281, 217.18946689818486
LOSS, 24771.684326171875, -22.709266662597656, 65.9651870727539, 22.560732537497152, 1098, 207.0, 326, 24, 243595.82753753662, 68.61861419677734, 361.2049560546875, 221.85412344037942
LOSS, 14251.838623046875, -42.999755859375, 57.620460510253906, 10.41801068936175, 1368, 223.0, 308, 19, 241824.04792022705, 11.923198699951172, 374.275634765625, 176.77196485396715
WIN , 27706.391975402832, -43.00006103515625, 90.9798355102539, 17.73776694968171, 1562, 162.21604919433594, 295, 27, 328566.50006484985, 29.079978942871094, 368.58880615234375, 210.34987200054408
LOSS, 8769.663452148438, -19.716407775878906, 66.84195709228516, 30.770748954906797, 285, 207.0, 380, 3, 67718.8408279419, 86.72856903076172, 370.46527099609375, 237.60996781734
LOSS, 14814.00048828125, -16.7203369140625, 64.39933013916016, 35.27142973400298, 420, 223.0, 371, 8, 102635.83868408203, 77.64073944091797, 394.4349365234375, 244.3710444859096
LOSS, 16728.611083984375, -38.0, 61.238914489746094, 13.928901818471585, 1201, 223.0, 319, 14, 238863.09742736816, 43.52280807495117, 369.4483947753906, 198.88684215434486
LOSS, 9421.794799804688, -13.000030517578125, 56.46354675292969, 29.260232297530084, 322, 137.0, 378, 11, 78891.7407989502, 137.26214599609375, 399.7041931152344, 245.00540620791986
LOSS, 17857.809524536133, -19.7591552734375, 60.75438690185547, 29.13182630430038, 613, 196.39999389648438, 359, 13, 147770.65593719482, 85.79359436035156, 390.1167907714844, 241.06142893506495
LOSS, 21879.94482421875, -39.999755859375, 58.925392150878906, 19.44883984375, 1125, 207.0, 324, 18, 262517.2139034271, 26.27821159362793, 406.68402099609375, 233.3486345808241
WIN , 26584.802505493164, -26.092529296875, 68.01358795166016, 16.25981804617319, 1635, 185.39498901367188, 290, 27, 369675.04611587524, 37.66269302368164, 392.6649475097656, 226.10094563662093
LOSS, 9605.686889648438, -18.963699340820312, 67.8749771118164, 19.484151905980603, 493, 223.0, 367, 6, 114114.30202484131, 78.87605285644531, 408.876220703125, 231.46917246418116
WIN , 27041.45249938965, -41.00048828125, 62.21183776855469, 18.675036256484564, 1448, 172.09500122070312, 303, 24, 309469.56940460205, 44.70198440551758, 381.5339050292969, 213.72207831809533
LOSS, 7612.96484375, -26.3460693359375, 62.276222229003906, 5.4300747815620545, 1402, 207.0, 306, 3, 362925.7661590576, 48.750831604003906, 385.45751953125, 258.86288599076863
LOSS, 10095.755859375, -15.870216369628906, 65.3859634399414, 30.136584654850747, 335, 223.0, 377, 1, 86050.67055511475, 101.40135192871094, 378.368896484375, 256.86767329885
LOSS, 20494.250732421875, -37.0, 65.3136215209961, 22.398088232155054, 915, 223.0, 338, 20, 225064.75510025024, 56.93803024291992, 381.8639831542969, 245.97240994562867
LOSS, 18314.571922302246, -26.092529296875, 64.08621978759766, 16.48476320639266, 1111, 185.8000030517578, 325, 18, 258231.9436340332, 83.17146301269531, 384.9445495605469, 232.43199246987686
LOSS, 7944.3333740234375, -18.114662170410156, 60.11863708496094, 31.15424852558211, 255, 191.0, 382, 6, 65373.1763381958, 72.98480224609375, 407.5533752441406, 256.3653974046894
LOSS, 12369.38818359375, -17.662269592285156, 64.61295318603516, 25.87738113722542, 478, 207.0, 368, 6, 112965.71837615967, 85.8791732788086, 401.61517333984375, 236.3299547618403
WIN , 24772.65000152588, -28.704833984375, 88.1783218383789, 14.196361032393053, 1745, 209.6999969482422, 283, 15, 326835.5466041565, 39.169944763183594, 418.1844177246094, 187.29830750954528
LOSS, 18632.17626953125, -34.0869140625, 61.30180358886719, 4.532273478358368, 4111, 207.0, 125, 21, 640388.6922807693, 9.647675514221191, 423.7405700683594, 155.7744325664727
LOSS, 18513.583740234375, -30.322418212890625, 63.320533752441406, 23.434916126878957, 790, 207.0, 347, 15, 201179.55256652832, 86.29092407226562, 403.489013671875, 254.65766147661813
LOSS, 11703.999877929688, -38.078224182128906, 61.837379455566406, 19.281713143212006, 607, 223.0, 359, 13, 140943.17224502563, 38.763031005859375, 427.2576599121094, 232.1963298929582
LOSS, 13989.446044921875, -25.198747634887695, 69.29801177978516, 28.091257118317017, 498, 223.0, 366, 14, 121758.54395675659, 45.4872932434082, 425.99652099609375, 244.4950681862582
LOSS, 8546.642822265625, -21.562952041625977, 59.396583557128906, 31.192127088560675, 274, 207.0, 381, 8, 69475.9193725586, 55.3796501159668, 395.9056091308594, 253.56174953488537
WIN , 27131.0, -31.9720458984375, 80.75492858886719, 21.362992125984253, 1270, 153.0, 315, 23, 337256.06300354004, 88.75782775878906, 417.7637023925781, 265.5559551208977
LOSS, 10139.0, -16.00006103515625, 58.138427734375, 33.35197368421053, 304, 207.0, 379, 6, 84169.9712524414, 101.89103698730469, 417.1471252441406, 276.8749054356625
LOSS, 17749.58251953125, -20.002357482910156, 57.59209060668945, 30.97658380371946, 573, 175.0, 361, 18, 153491.61679840088, 24.744937896728516, 421.0154724121094, 267.87367678603994
WIN , 26784.0, -39.723426818847656, 76.71630859375, 18.6, 1440, 207.0, 303, 29, 357749.2491531372, 54.172481536865234, 435.7545166015625, 248.4369785785675
WIN , 26544.0, -24.534828186035156, 66.2911148071289, 24.623376623376622, 1078, 207.0, 328, 29, 294247.79108428955, 66.01759338378906, 416.0531311035156, 272.9571345865395
LOSS, 11407.20751953125, -17.987289428710938, 59.569541931152344, 25.126007752271477, 454, 191.0, 369, 9, 123097.4263381958, 76.66209411621094, 404.1206970214844, 271.13970559073965
LOSS, 12690.083374023438, -14.779937744140625, 68.3229751586914, 31.179566029541615, 407, 207.0, 372, 9, 114056.58097076416, 121.51848602294922, 428.9174499511719, 280.2372996824672
WIN , 25314.468879699707, -39.795623779296875, 75.45654296875, 13.36561186890164, 1894, 146.06224060058594, 273, 28, 418560.2012691498, 27.92024040222168, 412.6695861816406, 220.992714503247
LOSS, 22781.796630859375, -22.68408203125, 65.8016128540039, 28.230231265005422, 807, 207.0, 346, 21, 220263.95260238647, 53.50657272338867, 445.87158203125, 272.94170087036736
LOSS, 11411.687255859375, -17.538436889648438, 63.052589416503906, 19.341842806541315, 590, 223.0, 360, 7, 158913.44874572754, 88.38511657714844, 416.1302185058594, 269.34482838258907
LOSS, 9793.999877929688, -21.3397216796875, 59.86259460449219, 20.489539493576753, 478, 223.0, 368, 9, 133186.12955474854, 73.21244049072266, 423.4791564941406, 278.6320701982187
LOSS, 14974.953407287598, -31.094078063964844, 60.97412109375, 2.4962416081492913, 5999, 195.0931854248047, 0, 26, 944512.150390625, 40.25215148925781, 421.29443359375, 157.44493255386314
LOSS, 13148.619140625, -12.9998779296875, 65.8043441772461, 31.75994961503623, 414, 207.0, 372, 10, 118593.6128692627, 136.20339965820312, 406.7641296386719, 286.45800209966836
WIN , 27554.0, -21.98052215576172, 79.051513671875, 18.35709526982012, 1501, 207.0, 299, 31, 383878.2609214783, 43.62748336791992, 438.58294677734375, 255.74834171983895
LOSS, 15068.371826171875, -34.2529296875, 67.67644500732422, 23.289600967808152, 647, 223.0, 356, 11, 172165.97985839844, 56.929664611816406, 422.6307373046875, 266.0988869527024
LOSS, -4798.937210083008, -52.99034881591797, 56.986534118652344, -0.7999561943795646, 5999, 231.90701293945312, 0, 7, 603208.2257785797, 17.972557067871094, 421.2203063964844, 100.55146287357555
WIN , 29226.0, -29.574974060058594, 82.30780029296875, 22.36113236419281, 1307, 223.0, 312, 23, 368266.73990631104, 75.94599914550781, 436.4486999511719, 281.76491194055933
LOSS, 14467.7626953125, -38.0, 66.8227310180664, 24.73121828258547, 585, 223.0, 360, 11, 156122.97660446167, 45.76723098754883, 438.5754699707031, 266.8768830845499
WIN , 27742.0, -39.099647521972656, 63.652565002441406, 14.322147651006711, 1937, 191.0, 270, 31, 442733.58798599243, 40.37309646606445, 437.88763427734375, 228.5666432555459
LOSS, 3112.65625, -21.38990020751953, 55.60028076171875, 19.70035601265823, 158, 175.0, 389, 3, 38947.579277038574, 85.52037048339844, 433.5529479980469, 246.50366631037073
LOSS, 16329.184814453125, -30.322265625, 64.0239486694336, 18.063257538111863, 904, 223.0, 339, 11, 235880.0013885498, 69.14509582519531, 434.5539245605469, 260.92920507582943
WIN , 26886.65000152588, -42.00048828125, 87.4800796508789, 9.23939862595391, 2910, 161.6999969482422, 205, 25, 626691.7898101807, 54.33165740966797, 434.7671813964844, 215.3580033711961
LOSS, 9277.512451171875, -22.0709228515625, 58.53770446777344, 25.55788554041839, 363, 223.0, 375, 14, 113542.07264709473, 142.50257873535156, 452.2690124511719, 312.7880789176163
LOSS, 19230.04150390625, -19.291976928710938, 60.663368225097656, 22.103495981501435, 870, 175.0, 341, 13, 266653.89848327637, 90.77873992919922, 446.8670349121094, 306.49873388882344
LOSS, 20662.97959136963, -35.523582458496094, 69.1844711303711, 22.80682074102608, 906, 209.6999969482422, 339, 18, 260292.46100616455, 63.989173889160156, 445.2817077636719, 287.29852208185935
LOSS, 15965.885986328125, -34.0869140625, 59.5623779296875, 23.548504404613755, 678, 207.0, 354, 10, 182542.90797424316, 72.24380493164062, 428.54876708984375, 269.2373273956389
LOSS, 10020.461059570312, -16.14959716796875, 63.727638244628906, 27.604575921681302, 363, 223.0, 375, 4, 101715.1051864624, 91.28948211669922, 441.5657958984375, 280.2069013401168
LOSS, 21813.149658203125, -34.378753662109375, 65.46027374267578, 20.27244392026313, 1076, 223.0, 328, 14, 281190.22552490234, 41.78594207763672, 431.0030822753906, 261.32920587816204
LOSS, 25507.236083984375, -23.978271484375, 66.0396499633789, 22.855946311813955, 1116, 207.0, 325, 20, 323122.83529663086, 67.37943267822266, 431.50189208984375, 289.5365907675904
LOSS, 22443.748046875, -35.9466552734375, 65.2061996459961, 21.642958579435874, 1037, 191.0, 330, 16, 242564.2950668335, 55.694156646728516, 433.19970703125, 233.90963844439102
LOSS, 21786.79345703125, -39.0, 57.06352233886719, 16.88898717599322, 1290, 223.0, 313, 23, 322080.9030723572, 47.99787139892578, 450.1171875, 249.675118660742
LOSS, 16674.056884765625, -25.418472290039062, 65.2477035522461, 18.79826029849563, 887, 191.0, 340, 11, 247528.1661682129, 70.51643371582031, 439.014892578125, 279.06219410170564
LOSS, 17729.0, -31.180442810058594, 53.411521911621094, 16.220494053064957, 1093, 207.0, 327, 17, 286911.8815498352, 35.899017333984375, 470.15472412109375, 262.4994341718529
LOSS, 15257.298828125, -38.0, 63.949729919433594, 25.772464236697637, 592, 223.0, 360, 6, 168371.40870285034, 59.43998336791992, 459.7482604980469, 284.4111633494094
WIN , 27366.802505493164, -42.999755859375, 67.32877349853516, 14.418757905950034, 1898, 201.39498901367188, 273, 26, 417544.7056236267, 35.68794250488281, 480.11700439453125, 219.99194184595717
LOSS, -5471.6052169799805, -35.5389404296875, 61.97614288330078, -0.91208621719953, 5999, 230.87095642089844, 0, 7, 542446.9330501556, 8.464853286743164, 439.9824523925781, 90.42289265713546
WIN , 27536.0, -21.031253814697266, 86.998291015625, 25.496296296296297, 1080, 223.0, 327, 23, 319558.94691467285, 100.07072448730469, 459.6023864746094, 295.88791380988226
LOSS, 3985.3411254882812, -21.562952041625977, 67.91036224365234, 31.380638783372294, 127, 223.0, 391, 3, 37233.09411621094, 73.47991180419922, 456.13421630859375, 293.17396941898375
WIN , 27301.482124328613, -41.999755859375, 64.31478118896484, 13.094236030853052, 2085, 152.03575134277344, 260, 31, 535487.1607761383, 25.395238876342773, 456.6953125, 256.828374472968
LOSS, 12478.813232421875, -25.761497497558594, 64.6736831665039, 19.467727351672192, 641, 207.0, 357, 15, 157513.04815292358, 44.86122512817383, 471.2015686035156, 245.73018432593383
LOSS, 18205.558837890625, -36.0, 62.6824951171875, 24.306487099987482, 749, 207.0, 350, 10, 221532.46490478516, 79.80097961425781, 463.46368408203125, 295.7709811812886
LOSS, 17601.51025390625, -39.0, 69.7081527709961, 21.892425688938122, 804, 223.0, 346, 11, 222768.1195411682, 38.18489074707031, 453.8658752441406, 277.0747755487167
LOSS, 15026.260009765625, -22.380104064941406, 63.545433044433594, 29.008223957076495, 518, 223.0, 365, 17, 158649.72110176086, 18.749805450439453, 451.135986328125, 306.27359286054224
LOSS, 20132.19081878662, -35.427406311035156, 59.722511291503906, 15.298017339503511, 1316, 201.8000030517578, 312, 23, 380335.64977264404, 70.23751831054688, 446.6161193847656, 289.00885241082375
WIN , 28084.753562927246, -22.826202392578125, 73.02559661865234, 24.16932320389608, 1162, 205.4928741455078, 322, 28, 348863.9032974243, 75.47782897949219, 456.1383361816406, 300.2271112714495
LOSS, 16201.31591796875, -23.978271484375, 65.89910125732422, 25.71637447296627, 630, 175.0, 357, 12, 194423.81192016602, 92.15025329589844, 446.1525573730469, 308.6092252701048
LOSS, 11834.00537109375, -16.498497009277344, 59.883644104003906, 30.18878921197385, 392, 223.0, 373, 11, 118949.4199295044, 92.45318603515625, 452.7073669433594, 303.44239777934797
LOSS, 22451.30029296875, -24.40185546875, 62.520652770996094, 26.19754993345245, 857, 223.0, 342, 20, 253856.15327453613, 71.10568237304688, 455.61865234375, 296.2148813005089
LOSS, 19493.560791015625, -15.861297607421875, 66.7232437133789, 30.129151145310086, 647, 175.0, 356, 13, 198391.1401901245, 45.733238220214844, 458.5455322265625, 306.63236505428824
LOSS, 9565.258422851562, -32.41180419921875, 66.71544647216797, 22.244787029887355, 430, 223.0, 371, 6, 119336.66732025146, 33.60818099975586, 443.93695068359375, 277.5271333029104
WIN , 27135.05731201172, -19.455337524414062, 70.69759368896484, 23.698740010490585, 1145, 164.8853759765625, 323, 30, 316261.2561073303, 59.15593719482422, 449.92266845703125, 276.21070402386925
LOSS, 16936.640625, -22.13616943359375, 59.20318603515625, 22.98051645183175, 737, 175.0, 350, 13, 200647.05838775635, 53.02957534790039, 452.3011779785156, 272.2483831584211
WIN , 28340.0, -25.2099609375, 63.123779296875, 21.437216338880486, 1322, 175.0, 311, 35, 365318.5418548584, 45.56438064575195, 450.81158447265625, 276.33777749989287
LOSS, 10531.0, -30.322265625, 55.312110900878906, 17.493355481727576, 602, 223.0, 359, 7, 158725.88166046143, 49.22306823730469, 446.43890380859375, 263.66425524993593
WIN , 26916.753562927246, -38.0, 72.99263763427734, 29.130685674163686, 924, 221.4928741455078, 338, 21, 274677.67541503906, 66.3022689819336, 445.5118408203125, 297.27021148813753
LOSS, 6961.713623046875, -20.462684631347656, 56.39929962158203, 14.503570048014323, 480, 207.0, 367, 4, 101164.8296661377, 20.422086715698242, 446.6805725097656, 210.76006180445353
LOSS, 18300.4111328125, -15.300285339355469, 60.880027770996094, 34.27043283298221, 534, 207.0, 364, 11, 171028.24097442627, 103.3511962890625, 439.9202575683594, 320.277604821023
LOSS, 13697.63818359375, -21.03126335144043, 60.838829040527344, 27.01703783746302, 507, 223.0, 366, 10, 147182.15086364746, 74.69593048095703, 438.5859375, 290.3001003227761
LOSS, 14831.833740234375, -40.999755859375, 62.095481872558594, 23.17474021911621, 640, 223.0, 357, 10, 191471.0993385315, 51.75380325317383, 455.62164306640625, 299.17359271645546
LOSS, 17701.234031677246, -16.720489501953125, 62.561866760253906, 30.731309082772995, 576, 169.8000030517578, 361, 8, 180195.817237854, 73.95331573486328, 438.7580261230469, 312.83996048238544
LOSS, 7628.485107421875, -17.696075439453125, 68.59000396728516, 27.8411865234375, 274, 175.0, 381, 4, 86346.53552246094, 132.6262969970703, 450.2302551269531, 315.13334132285013
WIN , 27000.0, -39.0, 63.9974365234375, 15.358361774744028, 1758, 175.0, 282, 25, 421859.1079788208, 22.032176971435547, 446.8735656738281, 239.96536290035314
LOSS, 15274.77197265625, -23.09478759765625, 58.185646057128906, 26.892204177211706, 568, 223.0, 362, 16, 169825.06831359863, 64.5571517944336, 443.2259216308594, 298.98779632675814
LOSS, 20073.949996948242, -23.161163330078125, 64.8839340209961, 24.185481924034026, 830, 177.10000610351562, 344, 21, 249842.01978302002, 69.71092987060547, 457.18682861328125, 301.01448166628916
LOSS, 19430.75439453125, -39.999755859375, 67.55240631103516, 20.453425678453947, 950, 175.0, 336, 21, 261581.3987350464, 58.40538024902344, 445.58685302734375, 275.34884077373306
WIN , 27507.75, -22.15302276611328, 83.615966796875, 25.660214552238806, 1072, 159.5, 328, 31, 332543.6481399536, 68.33393859863281, 453.6409606933594, 310.2086269962254
LOSS, 13429.984008789062, -26.092529296875, 60.920921325683594, 22.724169219609244, 591, 191.0, 360, 10, 176351.94329833984, 85.33614349365234, 450.8593444824219, 298.39584314439907
WIN , 27110.65000152588, -36.24951171875, 80.4573745727539, 13.52826846383527, 2004, 193.6999969482422, 266, 21, 496073.26976776123, 66.53858184814453, 444.3836975097656, 247.54155178031996
LOSS, 24789.80810546875, -28.43994140625, 65.53824615478516, 22.233011753783632, 1115, 207.0, 325, 30, 335745.76302337646, 55.3371467590332, 440.9635925292969, 301.1172762541493
WIN , 27499.550003051758, -23.35205078125, 90.91914367675781, 21.51764475982141, 1278, 135.89999389648438, 314, 33, 357727.74209976196, 59.37952423095703, 465.4154357910156, 279.9121612674194
LOSS, 13519.013916015625, -17.662269592285156, 55.841285705566406, 17.905978696709436, 755, 223.0, 349, 12, 225028.69054412842, 76.68315124511719, 438.1341552734375, 298.05124575381245
LOSS, 16147.767822265625, -38.0, 59.826881408691406, 24.880998185309128, 649, 191.0, 356, 8, 181262.94694900513, 58.44648361206055, 439.9743957519531, 279.29575801079375
LOSS, 21462.005241394043, -29.84307098388672, 66.6304702758789, 27.872734079732524, 770, 178.21607971191406, 348, 16, 228744.4324684143, 59.32786560058594, 440.9854736328125, 297.07069151742115
LOSS, 5943.1575927734375, -19.0875244140625, 59.695045471191406, 25.61705858954068, 232, 223.0, 384, 1, 68883.33150482178, 102.21086120605469, 433.723388671875, 296.91091165871455
LOSS, 22198.853515625, -23.032012939453125, 64.27603912353516, 25.933240088346963, 856, 207.0, 342, 21, 252516.29150390625, 53.18217086791992, 439.19384765625, 294.9956676447503
LOSS, 5905.218078613281, -15.999984741210938, 57.990623474121094, 28.39047153179462, 208, 191.0, 386, 3, 64233.350189208984, 76.23716735839844, 443.810546875, 308.81418360196625
LOSS, 27357.93603515625, -22.6865234375, 61.69731140136719, 25.3784193276032, 1078, 223.0, 328, 25, 325266.8070640564, 61.938541412353516, 458.1189270019531, 301.7317319703677
LOSS, 12068.728271484375, -34.0, 60.938941955566406, 23.389008278070495, 516, 223.0, 365, 10, 143642.81484794617, 25.290847778320312, 442.0945129394531, 278.37754815493446
LOSS, 24251.368408203125, -41.999755859375, 63.185340881347656, 16.84122806125217, 1440, 175.0, 303, 26, 354943.9383277893, 39.21487808227539, 453.49822998046875, 246.4888460609648
LOSS, 8632.432006835938, -16.928176879882812, 66.75467681884766, 38.196601800159016, 226, 207.0, 384, 6, 72853.10089111328, 135.64111328125, 441.05078125, 322.35885350050125
WIN , 27935.75, -25.763916015625, 75.027099609375, 24.29195652173913, 1150, 143.5, 323, 29, 350983.39432907104, 55.23240280151367, 454.96368408203125, 305.2029515904966
WIN , 27903.724090576172, -44.999755859375, 63.294898986816406, 10.959828786557805, 2546, 167.55181884765625, 230, 22, 510387.9804382324, 26.66393280029297, 452.5528869628906, 200.4666066136027
LOSS, 22199.031005859375, -26.306663513183594, 63.972679138183594, 25.283634403028902, 878, 223.0, 341, 29, 271512.84646224976, 57.154380798339844, 457.12042236328125, 309.240144034453
LOSS, 20903.688720703125, -19.72021484375, 68.9525375366211, 30.92261645074427, 676, 207.0, 354, 20, 215696.1119003296, 64.12174987792969, 443.20654296875, 319.077088609955
LOSS, 14780.11376953125, -17.55754852294922, 67.75716400146484, 23.72409914852528, 623, 223.0, 358, 12, 196530.2025527954, 94.76779174804688, 445.9986877441406, 315.4577890093024
WIN , 27604.0, -19.83245849609375, 76.748046875, 23.961805555555557, 1152, 207.0, 323, 25, 346514.4655761719, 87.48844909667969, 443.2337951660156, 300.7938069237603
LOSS, 9384.163452148438, -17.662269592285156, 66.3942642211914, 30.07744696201422, 312, 223.0, 379, 8, 94543.25322723389, 34.080570220947266, 430.48638916015625, 303.02324752318555
LOSS, 10745.610595703125, -16.362197875976562, 64.5381851196289, 27.482380040161445, 391, 223.0, 373, 6, 128159.30492401123, 63.3468017578125, 434.4898681640625, 327.77315837343025
LOSS, 18129.655517578125, -21.046142578125, 61.54869079589844, 24.14068644151548, 751, 207.0, 349, 15, 226267.9740447998, 56.35809326171875, 447.99761962890625, 301.28891350838853
LOSS, 10809.616333007812, -37.9998779296875, 55.10826110839844, 22.52003402709961, 480, 223.0, 367, 6, 137804.3663368225, 35.79832458496094, 437.7021484375, 287.09242986838024
LOSS, 6443.9122314453125, -21.001075744628906, 58.08661651611328, 24.879970005580358, 259, 191.0, 382, 3, 81744.65532684326, 99.10189056396484, 431.06878662109375, 315.6164298333717
LOSS, 11339.311416625977, -36.866455078125, 65.46468353271484, 1.8902002694825766, 5999, 197.71749877929688, 0, 24, 870379.5717067719, 16.699726104736328, 440.1282653808594, 145.08744319166058
LOSS, 11057.113647460938, -18.189292907714844, 61.82318878173828, 25.71421778479288, 430, 175.0, 371, 10, 128795.58366012573, 62.26240921020508, 432.6873779296875, 299.5246131630831
WIN , 27584.0, -31.795654296875, 68.1001968383789, 21.892063492063492, 1260, 207.0, 315, 24, 345911.5425758362, 40.42827224731445, 445.04522705078125, 274.5329702982827
LOSS, 10356.225219726562, -19.418777465820312, 68.1157455444336, 25.015036762624547, 414, 223.0, 372, 7, 114447.5993347168, 61.18788146972656, 437.0966796875, 276.4434766539053
LOSS, 17755.65000152588, -26.539939880371094, 65.7030258178711, 22.61866242232596, 785, 193.6999969482422, 347, 10, 218958.8101463318, 49.052669525146484, 447.0242614746094, 278.9284205685755
LOSS, 17678.99755859375, -18.36511993408203, 66.2627182006836, 35.077376108320934, 504, 207.0, 366, 17, 155794.40200424194, 39.18259811401367, 427.34222412109375, 309.1158769925435
WIN , 23755.05731201172, -39.999755859375, 90.9798355102539, 11.371497037822747, 2089, 164.8853759765625, 260, 34, 628291.0689811707, 23.924087524414062, 437.3061828613281, 300.76164144622817
WIN , 25882.0, -34.0869140625, 90.4256362915039, 13.487232933819698, 1919, 191.0, 272, 25, 486771.08082199097, 36.726707458496094, 443.88018798828125, 253.65871851067794
LOSS, 22680.0, -39.0, 65.1143569946289, 23.64963503649635, 959, 185.0, 336, 23, 253249.8165283203, 40.809635162353516, 434.6749572753906, 264.0769723965801
LOSS, 10372.599876403809, -34.0869140625, 65.88065338134766, 24.122325293962344, 430, 185.8000030517578, 371, 9, 127446.27311706543, 55.54457473754883, 433.4775390625, 296.386681667594
WIN , 27569.0, -24.391944885253906, 72.05375671386719, 20.83824640967498, 1323, 137.0, 311, 20, 352964.7021865845, 33.74491882324219, 435.3126525878906, 266.79115811533217
LOSS, 14051.086669921875, -17.662269592285156, 65.4881820678711, 30.746360328056618, 457, 223.0, 369, 13, 138868.00526046753, 56.43001937866211, 441.6697082519531, 303.8687204824235
LOSS, 12487.8212890625, -18.880462646484375, 62.44481658935547, 29.041444858284883, 430, 223.0, 371, 11, 134885.96437835693, 65.12020874023438, 441.3555908203125, 313.68828925199284
LOSS, 19971.0, -21.3397216796875, 61.0701904296875, 25.152392947103273, 794, 223.0, 347, 24, 225811.80083465576, 43.68262481689453, 441.8106689453125, 284.3977340486848
LOSS, 22813.638671875, -33.99951171875, 66.7137680053711, 22.10623902313469, 1032, 207.0, 331, 15, 303043.5869522095, 96.11872100830078, 438.63031005859375, 293.6468865815983
LOSS, 9573.371383666992, -18.074935913085938, 63.577781677246094, 24.547106111966645, 390, 160.75479125976562, 373, 10, 109378.60387420654, 84.81301879882812, 442.2837829589844, 280.4579586518116
LOSS, 16779.8330078125, -22.364768981933594, 64.84992218017578, 30.071385318660393, 558, 223.0, 362, 9, 176932.30331420898, 79.1290054321289, 436.8046875, 317.0829808498369
LOSS, 24204.282470703125, -18.20404815673828, 70.4417953491211, 27.981829445899567, 865, 223.0, 342, 23, 263890.28664398193, 39.42066955566406, 449.2600402832031, 305.07547588899644
LOSS, 16519.0, -19.728172302246094, 64.2861099243164, 28.18941979522184, 586, 207.0, 360, 14, 178611.58946228027, 66.26053619384766, 443.0682067871094, 304.7979342359732
WIN , 27862.0, -21.502220153808594, 64.8137435913086, 19.718329794762916, 1413, 191.0, 305, 29, 414165.98275756836, 56.234073638916016, 433.1959228515625, 293.1110989083994
LOSS, 14219.0, -26.30218505859375, 66.06237030029297, 24.01858108108108, 592, 207.0, 360, 12, 163021.25951766968, 49.773799896240234, 426.7281494140625, 275.37374918525285
LOSS, 12350.995483398438, -39.0, 62.583229064941406, 17.49432788016776, 706, 175.0, 352, 12, 195858.16165924072, 48.374420166015625, 430.4557189941406, 277.41949243518513
LOSS, 25026.215576171875, -21.924827575683594, 65.8064956665039, 25.826847859826497, 969, 207.0, 335, 19, 286775.320350647, 58.997398376464844, 436.0030517578125, 295.9497630037636
LOSS, 13450.702392578125, -37.0, 67.13141632080078, 21.182208492249014, 635, 191.0, 357, 10, 178888.0680770874, 67.60242462158203, 440.5178527832031, 281.7134930347833
LOSS, -7522.120887756348, -26.491432189941406, 59.982887268066406, -1.2538957972589344, 5999, 229.2417755126953, 0, 5, 400111.11130833626, -7.398745536804199, 427.53094482421875, 66.69630126826742
LOSS, 14143.751220703125, -23.8291015625, 66.2862319946289, 24.512567106937826, 577, 175.0, 361, 11, 166035.12622070312, 75.73133850097656, 428.2228698730469, 287.75585133570735
LOSS, 10826.781982421875, -36.0001220703125, 60.214134216308594, 17.43443153369062, 621, 207.0, 358, 10, 139305.53575897217, 59.68213653564453, 434.5545349121094, 224.32453423344955
LOSS, 14549.333740234375, -40.9998779296875, 59.979148864746094, 13.002085558743856, 1119, 223.0, 325, 15, 260171.09494018555, 53.49500274658203, 436.1606750488281, 232.5032126364482
LOSS, 15194.71044921875, -19.58245086669922, 59.054931640625, 31.26483631526492, 486, 207.0, 367, 15, 159476.71366882324, 106.79060363769531, 441.4034423828125, 328.14138614984205
LOSS, 10358.2861328125, -16.821670532226562, 61.4193115234375, 23.12117440359933, 448, 172.5, 370, 6, 141258.58432769775, 65.90386962890625, 434.8229064941406, 315.3093400171825
WIN , 26957.40355682373, -43.999755859375, 66.81966400146484, 12.214500931954568, 2207, 160.19288635253906, 252, 21, 526232.0897445679, 36.84946823120117, 434.9156799316406, 238.43773889649654
LOSS, 5586.015823364258, -16.033859252929688, 55.954185485839844, 28.21220112810231, 198, 167.89999389648438, 386, 7, 65335.008125305176, 117.90174102783203, 438.0156555175781, 329.9747885116423
LOSS, 18985.826416015625, -26.092529296875, 67.5932846069336, 27.045336774951032, 702, 175.0, 353, 15, 226960.81983947754, 78.64479064941406, 443.1217346191406, 323.3060111673469
LOSS, 25759.26171875, -30.754920959472656, 63.687644958496094, 21.57392103747906, 1194, 223.0, 320, 27, 362501.7215118408, 54.2596435546875, 436.9436340332031, 303.60278183571256
LOSS, 14016.717529296875, -26.092529296875, 64.72266387939453, 16.86728944560394, 831, 175.0, 344, 10, 216936.05459594727, 95.05479431152344, 436.84112548828125, 261.05421732364294
LOSS, 9951.872192382812, -22.22850799560547, 70.7249984741211, 27.190907629461236, 366, 223.0, 375, 11, 117520.05554199219, 121.93327331542969, 429.8023681640625, 321.0930479289404
LOSS, 11391.934692382812, -14.662391662597656, 69.66695404052734, 33.212637587121904, 343, 191.0, 377, 9, 109007.95568084717, 126.5337905883789, 426.8332214355469, 317.807450964569
LOSS, 13385.382568359375, -19.757240295410156, 65.8354721069336, 32.64727455697408, 410, 191.0, 372, 11, 129993.92625045776, 56.91608810424805, 440.54638671875, 317.05835670843356
LOSS, 8213.127319335938, -16.363616943359375, 59.205238342285156, 24.085417358756416, 341, 191.0, 377, 4, 94458.33130645752, 80.48883056640625, 418.6837463378906, 277.00390412450884
LOSS, 17070.00048828125, -24.693580627441406, 70.1170883178711, 27.983607357838114, 610, 191.0, 359, 15, 192590.11708831787, 69.65013885498047, 448.3809509277344, 315.7215034234719
LOSS, 21401.27544403076, -42.999755859375, 57.916160583496094, 3.5674738196417337, 5999, 193.78944396972656, 0, 28, 820893.0227394104, 30.85580062866211, 434.5161437988281, 136.83831017493088
WIN , 26125.786407470703, -32.99993896484375, 80.68115234375, 27.76385378052147, 941, 143.42718505859375, 337, 30, 267231.82972335815, 38.2317008972168, 424.0497131347656, 283.9870666560661
LOSS, 25600.702880859375, -17.983718872070312, 62.332374572753906, 27.11938864497815, 944, 207.0, 337, 16, 279412.0475921631, 57.6524658203125, 430.1766052246094, 295.98733855102023
LOSS, 25306.24072265625, -41.00048828125, 69.2403335571289, 17.36873076366249, 1457, 191.0, 302, 27, 376726.261177063, 45.78591537475586, 430.6859130859375, 258.56297953127176
LOSS, -6535.632629394531, -21.34002685546875, 61.32554626464844, -1.0894536805125072, 5999, 227.60498046875, 0, 6, 442937.4324285388, -4.765056610107422, 409.993896484375, 73.83521127330202
LOSS, 12210.862915039062, -18.462913513183594, 62.076637268066406, 25.870472277625133, 472, 191.0, 368, 11, 142853.84033966064, 78.54624938964844, 421.7370910644531, 302.6564413975861
WIN , 27595.29052734375, -35.99951171875, 82.32489776611328, 18.37236386640729, 1502, 184.4189453125, 299, 32, 443864.81132507324, 65.83511352539062, 442.6659240722656, 295.51585307927644
LOSS, 8893.177734375, -17.66242218017578, 60.212249755859375, 21.85055954391892, 407, 223.0, 372, 11, 103681.27853393555, 37.12968444824219, 419.61492919921875, 254.74515610303575
LOSS, 8852.096923828125, -28.20254135131836, 63.718467712402344, 15.502796714234895, 571, 207.0, 361, 13, 116615.94589614868, 25.792673110961914, 428.5873718261719, 204.2310786272306
LOSS, 10519.697044372559, -45.899559020996094, 55.630714416503906, 16.804627866409838, 626, 185.8000030517578, 358, 8, 183659.18810272217, 82.29549407958984, 434.1311950683594, 293.38528450914083
WIN , 28131.322498321533, -37.807373046875, 68.64833068847656, 17.96380747019255, 1566, 112.3550033569336, 295, 26, 391748.7292442322, 51.00449752807617, 436.66741943359375, 250.15883093501415
LOSS, 5885.72444152832, -26.092529296875, 56.508399963378906, 31.47446225416214, 187, 185.39498901367188, 387, 3, 62168.027923583984, 175.7368927001953, 435.94696044921875, 332.4493471849411
LOSS, 23005.300491333008, -19.72021484375, 62.867042541503906, 25.42022153738454, 905, 180.39999389648438, 339, 21, 255274.4312019348, 51.88895034790039, 424.9623107910156, 282.0711946982705
WIN , 27694.0, -22.04345703125, 76.815185546875, 24.18689956331878, 1145, 207.0, 323, 27, 336322.702583313, 75.16838836669922, 428.4061279296875, 293.7316179766926
LOSS, 23153.40673828125, -16.205307006835938, 66.66686248779297, 27.72863082428892, 835, 207.0, 344, 17, 255361.00565338135, 80.51701354980469, 414.1320495605469, 305.8215636567441
LOSS, 2918.80517578125, -13.000030517578125, 58.811546325683594, 34.338884420955885, 85, 223.0, 394, 2, 25449.38404083252, 118.87635040283203, 407.4648132324219, 299.4045181274414
LOSS, 16981.5029296875, -20.803611755371094, 64.73929595947266, 28.978673941446246, 586, 223.0, 360, 11, 182425.2557220459, 73.13716888427734, 419.67138671875, 311.3058971365971
WIN , 26980.0, -18.34014892578125, 70.43074035644531, 27.9296066252588, 966, 175.0, 335, 30, 293929.67987442017, 61.619449615478516, 433.2793273925781, 304.2750309259008
LOSS, 10071.578002929688, -20.35790252685547, 63.664772033691406, 24.2688626576619, 415, 223.0, 372, 6, 116501.01146697998, 74.51512145996094, 418.7994384765625, 280.72532883609637
LOSS, 17787.51513671875, -31.160736083984375, 62.506935119628906, 21.613019607191678, 823, 191.0, 345, 13, 267461.7833709717, 68.78495025634766, 427.5494384765625, 324.98394091248076
LOSS, 9603.399597167969, -32.4114990234375, 67.94454193115234, 18.432628785351188, 521, 191.8800048828125, 365, 8, 136980.69999313354, 61.38106155395508, 419.63983154296875, 262.91880996762677
LOSS, 14355.650001525879, -18.271366119384766, 67.57514190673828, 29.72184265326269, 483, 193.6999969482422, 367, 7, 150960.72269058228, 54.42531967163086, 425.4974365234375, 312.5480801047252
LOSS, 16621.113525390625, -38.9998779296875, 57.109375, 21.956556836711524, 757, 223.0, 349, 15, 217147.95056533813, 63.2397346496582, 424.5497741699219, 286.85330325672146
WIN , 27354.498138427734, -18.835220336914062, 69.28731536865234, 28.28800221140407, 967, 166.00372314453125, 335, 26, 286034.78454589844, 37.025638580322266, 444.63525390625, 295.79605433908836
LOSS, -4337.2656173706055, -30.322265625, 61.06475830078125, -0.7229981025788641, 5999, 230.87095642089844, 0, 3, 423620.8705921173, -2.8270459175109863, 422.63409423828125, 70.61524763995955
LOSS, 19414.985107421875, -21.34002685546875, 64.4545669555664, 30.241409824644666, 642, 207.0, 357, 10, 196776.02968597412, 71.9937744140625, 426.77691650390625, 306.5047191370313
WIN , 25053.74871826172, -34.0869140625, 90.9798355102539, 15.304672399671178, 1637, 167.5025634765625, 290, 29, 496690.4861831665, 50.77202606201172, 440.2449645996094, 303.41508013632654
LOSS, 15618.19482421875, -23.8126220703125, 79.78816986083984, 14.108577076981707, 1107, 223.0, 326, 13, 312678.886302948, 41.636234283447266, 439.5495300292969, 282.45608518784826
LOSS, 11373.635131835938, -17.66242218017578, 62.48542785644531, 27.406349715267318, 415, 191.0, 372, 11, 126061.04433441162, 81.458984375, 421.5387268066406, 303.76155261304007
LOSS, 8491.104736328125, -18.6700439453125, 64.11917877197266, 26.617883185981583, 319, 175.0, 378, 6, 94469.35339355469, 43.983612060546875, 426.6486511230469, 296.14217364750687
LOSS, 12311.0, -18.14130401611328, 59.72041320800781, 24.044921875, 512, 223.0, 365, 9, 146737.6643562317, 56.43369674682617, 435.16278076171875, 286.597000695765
LOSS, 11731.0, -26.705848693847656, 66.5593490600586, 25.39177489177489, 462, 223.0, 369, 7, 144639.0080871582, 66.21277618408203, 431.998779296875, 313.0714460761
LOSS, 21070.223266601562, -33.0001220703125, 64.2726821899414, 27.98170420531416, 753, 186.447998046875, 349, 16, 220892.1467819214, 42.63022994995117, 427.59014892578125, 293.3494645178239
LOSS, 22343.080810546875, -21.869972229003906, 62.890541076660156, 26.567278014918994, 841, 207.0, 343, 20, 258267.1656036377, 66.13648986816406, 427.9429931640625, 307.0953217641352
WIN , 28554.0, -25.770263671875, 77.718505859375, 25.246684350132625, 1131, 207.0, 324, 24, 340149.0284957886, 98.37541961669922, 439.8847961425781, 300.75068832518883
LOSS, 6068.8858642578125, -16.275360107421875, 58.486114501953125, 28.899456496465774, 210, 207.0, 385, 1, 60785.54015350342, 100.39708709716797, 421.08355712890625, 289.45495311192104
LOSS, 7091.547119140625, -19.198753356933594, 56.912452697753906, 27.066973737177957, 262, 191.0, 382, 4, 81113.07316589355, 72.13487243652344, 429.5950927734375, 309.5918823125708
LOSS, 19963.7880859375, -20.7525634765625, 61.642295837402344, 27.42278583233173, 728, 223.0, 351, 13, 220484.66796875, 79.47270965576172, 433.48370361328125, 302.8635549021291
LOSS, 3852.0740356445312, -17.66242218017578, 60.626441955566406, 17.833676090946906, 216, 207.0, 385, 1, 51116.13586425781, 90.91929626464844, 435.0983581542969, 236.64877714934173
WIN , 27649.550003051758, -19.299415588378906, 77.77461242675781, 25.2507305963943, 1095, 135.89999389648438, 326, 13, 311347.0314979553, 56.42761993408203, 435.62408447265625, 284.3351885826076
LOSS, 14228.19189453125, -19.3389892578125, 62.541725158691406, 22.162292670609425, 642, 207.0, 357, 12, 179557.97201538086, 65.25509643554688, 427.3526306152344, 279.68531466570226
LOSS, 8391.437255859375, -37.0, 61.388465881347656, 21.516505784254807, 390, 191.0, 373, 4, 105313.25363922119, 52.154937744140625, 421.9845886230469, 270.0339836903107
LOSS, 17903.073486328125, -17.48253631591797, 66.46802520751953, 24.226080495707883, 739, 207.0, 350, 12, 194596.57006835938, 70.53726196289062, 444.83709716796875, 263.32418141861893
LOSS, 25134.6298828125, -19.028282165527344, 66.0628433227539, 31.53654941381744, 797, 207.0, 346, 18, 237779.93730926514, 59.02965545654297, 435.9015808105469, 298.3437105511482
LOSS, -1084.0629501342773, -21.445045471191406, 55.75862121582031, -0.1807072762350854, 5999, 233.1259002685547, 0, 7, 373096.18426561356, 5.959468841552734, 431.8130187988281, 62.19306288808361
LOSS, 26336.604248046875, -18.575912475585938, 63.186866760253906, 30.91150733338835, 852, 223.0, 343, 22, 256965.42142486572, 57.029117584228516, 432.4188537597656, 301.6026073061804
LOSS, 10900.746826171875, -21.3397216796875, 61.537696838378906, 29.70230742826124, 367, 207.0, 375, 9, 110620.49974060059, 64.32229614257812, 438.0380859375, 301.4182554239798
LOSS, 17162.322021484375, -33.000244140625, 60.9169921875, 26.649568356342197, 644, 223.0, 357, 12, 172407.0119934082, 38.50261688232422, 437.6508483886719, 267.7127515425593
LOSS, 7665.693603515625, -18.653038024902344, 62.76648712158203, 30.06154354319853, 255, 223.0, 382, 5, 72191.36215209961, 79.75790405273438, 420.1253967285156, 283.10338098862593
LOSS, 15081.0, -20.662452697753906, 61.051856994628906, 28.18878504672897, 535, 223.0, 364, 8, 167890.0530090332, 139.01821899414062, 430.986328125, 313.8131831944546
WIN , 28189.482124328613, -23.7158203125, 91.83553314208984, 23.201219855414497, 1215, 136.03575134277344, 318, 27, 337901.47830963135, 56.33339309692383, 435.055419921875, 278.1082126005196
LOSS, 10245.384155273438, -15.999755859375, 59.074913024902344, 32.11719170932112, 319, 223.0, 378, 11, 103040.66241455078, 141.04159545898438, 452.34881591796875, 323.01148092335666
LOSS, 18853.000244140625, -25.06048583984375, 61.750999450683594, 27.88905361559264, 676, 207.0, 354, 11, 209064.72594451904, 78.22146606445312, 451.5386657714844, 309.2673460717737
LOSS, 14609.83056640625, -16.374267578125, 65.2767105102539, 25.27652347129109, 578, 223.0, 361, 12, 178315.9227294922, 75.01253509521484, 435.7713623046875, 308.505056625419
LOSS, 18397.58056640625, -21.3397216796875, 62.499595642089844, 20.464494512131534, 899, 175.0, 340, 14, 259807.47954559326, 72.08015441894531, 444.9363098144531, 288.99608403291796
LOSS, 9730.075927734375, -18.0462646484375, 60.44898223876953, 21.337885806435033, 456, 223.0, 369, 4, 138991.39543151855, 137.78594970703125, 431.54730224609375, 304.8056917357863
LOSS, 17492.83837890625, -16.720947265625, 62.47352600097656, 26.82950671611388, 652, 223.0, 356, 16, 192403.4670791626, 67.03606414794922, 438.94140625, 295.0973421459549
LOSS, 17068.525634765625, -17.966819763183594, 62.43444061279297, 24.453475121440725, 698, 223.0, 353, 10, 217072.09296798706, 46.83412170410156, 466.3983459472656, 310.99153720341985
LOSS, 11258.83935546875, -22.114463806152344, 58.27018737792969, 25.075366047814587, 449, 223.0, 370, 5, 124701.75123214722, 63.04770278930664, 444.4185791015625, 277.7321853722655
WIN , 28185.300003051758, -21.462791442871094, 85.2303237915039, 24.898674914356675, 1132, 164.39999389648438, 324, 29, 346339.7098426819, 50.84006118774414, 434.3343811035156, 305.9538072815211
LOSS, 21612.6005859375, -18.14130401611328, 67.7291030883789, 33.35277868200232, 648, 191.0, 356, 18, 204338.76132965088, 85.1520767211914, 433.7350769042969, 315.33759464452294
LOSS, 13699.0, -18.15350341796875, 66.64435577392578, 30.578125, 448, 207.0, 370, 9, 138082.28118896484, 73.72421264648438, 442.47802734375, 308.2193776539394
LOSS, 20660.06396484375, -39.9998779296875, 71.7809066772461, 24.2489013671875, 852, 191.0, 343, 18, 244720.07907867432, 43.78330993652344, 433.0315246582031, 287.23013976370225
LOSS, 12987.982421875, -17.662269592285156, 68.5710678100586, 39.963022836538464, 325, 223.0, 378, 10, 106113.73833465576, 115.53369903564453, 439.4703674316406, 326.50381026047927
LOSS, -3161.413688659668, -24.115028381347656, 52.88653564453125, -0.5269901131287995, 5999, 227.82737731933594, 0, 5, 340489.1666946411, -13.254393577575684, 436.33917236328125, 56.757654058116536
LOSS, 19266.144287109375, -18.114364624023438, 62.156517028808594, 28.84153336393619, 668, 191.0, 355, 10, 208594.57947921753, 54.73219680786133, 442.2313232421875, 312.26733454972685
WIN , 27565.300003051758, -20.941650390625, 93.7203140258789, 25.335753679275513, 1088, 164.39999389648438, 327, 32, 323679.7702407837, 34.58773422241211, 446.1500549316406, 297.4997888242497
WIN , 27017.415954589844, -22.126014709472656, 90.9798355102539, 16.992085506031348, 1590, 180.1680908203125, 293, 27, 450203.59604644775, 48.07745361328125, 450.755859375, 283.14691575248287
LOSS, 18383.97959136963, -18.20404815673828, 63.026954650878906, 28.59094804256552, 643, 177.6999969482422, 357, 12, 191224.7993774414, 107.53773498535156, 447.5457458496094, 297.3947113179493
LOSS, 8040.6597900390625, -26.092529296875, 64.8158950805664, 19.95200940456343, 403, 175.0, 373, 7, 123122.80709838867, 123.49855041503906, 434.78021240234375, 305.5156503682101
WIN , 29710.0, -40.349708557128906, 69.6642074584961, 16.81380871533673, 1767, 175.0, 282, 29, 454451.65564727783, 38.56208038330078, 442.74566650390625, 257.18826012862354
LOSS, 12571.481079101562, -36.4373779296875, 62.527381896972656, 22.40905718199922, 561, 207.0, 362, 11, 172456.85010910034, 60.44873809814453, 438.01007080078125, 307.4097149894837
LOSS, 4784.430603027344, -15.463035583496094, 58.01554870605469, 30.474080274059514, 157, 207.0, 389, 2, 50667.98181152344, 188.255126953125, 439.3514709472656, 322.72599879951235
LOSS, 21976.904052734375, -18.20465850830078, 60.30669403076172, 22.679983542553536, 969, 207.0, 335, 26, 283483.8890838623, 42.58066177368164, 453.6293029785156, 292.55303311028104
WIN , 28854.0, -26.177223205566406, 68.876953125, 22.28108108108108, 1295, 207.0, 313, 25, 382191.61224365234, 68.05876922607422, 442.5283508300781, 295.1286581032064
LOSS, 12883.511108398438, -23.332435607910156, 58.778907775878906, 19.91269104852927, 647, 207.0, 356, 16, 191272.645362854, 66.36001586914062, 453.1548767089844, 295.63005465665225
LOSS, 17370.65048980713, -17.790267944335938, 65.7790298461914, 25.658272510793395, 677, 209.6999969482422, 354, 10, 194797.11054992676, 59.36015319824219, 459.9715881347656, 287.7357615213098
LOSS, 20851.0, -26.608642578125, 60.816551208496094, 21.06161616161616, 990, 223.0, 333, 21, 283680.98126220703, 39.10171890258789, 456.7312316894531, 286.54644571940105
LOSS, 11264.599876403809, -20.7525634765625, 66.4308853149414, 25.718264557999564, 438, 201.8000030517578, 370, 8, 114774.29691314697, 69.7258529663086, 449.57427978515625, 262.0417737743082
LOSS, 20428.9833984375, -21.3397216796875, 69.5396957397461, 21.919510084160407, 932, 223.0, 337, 18, 269606.93114089966, 48.23207092285156, 451.8793640136719, 289.2778231125533
LOSS, 20958.266357421875, -18.721778869628906, 61.53251647949219, 27.04292433215726, 775, 207.0, 348, 15, 231437.50325775146, 67.41459655761719, 444.7128601074219, 298.6290364616148
LOSS, 25440.879150390625, -16.786865234375, 61.251441955566406, 28.267643500434026, 900, 223.0, 339, 12, 271554.58097457886, 62.372615814208984, 447.5125732421875, 301.7273121939765
LOSS, 12737.99658203125, -18.870094299316406, 61.687232971191406, 23.632646719909555, 539, 207.0, 364, 8, 155045.90201568604, 59.68870544433594, 475.515869140625, 287.65473472297964
LOSS, 17658.702392578125, -21.34002685546875, 59.812843322753906, 18.452144610844435, 957, 175.0, 336, 12, 244957.62601470947, 22.42670440673828, 444.9273986816406, 255.9640815200726
LOSS, -373.69762420654297, -25.198776245117188, 53.74030303955078, -0.062293319587688446, 5999, 227.82737731933594, 0, 7, 346326.2399762869, -8.685200691223145, 428.3180847167969, 57.730661773009984
LOSS, 12134.062377929688, -17.662269592285156, 69.01937103271484, 28.08810735631872, 432, 191.0, 371, 9, 126689.47417449951, 71.14702606201172, 425.4687194824219, 293.2626717002303
WIN , 27435.75, -22.8397216796875, 81.83467864990234, 20.53574101796407, 1336, 143.5, 310, 27, 365890.1968269348, 43.32745361328125, 442.67620849609375, 273.86990780459195
WIN , 28162.0, -19.9405517578125, 77.366943359375, 26.051803885291395, 1081, 191.0, 327, 29, 323287.1743850708, 54.531761169433594, 455.9286193847656, 299.0630660361432
WIN , 27465.786407470703, -33.000244140625, 67.0491714477539, 24.28451494913413, 1131, 143.42718505859375, 324, 26, 335924.9902534485, 59.022705078125, 443.14971923828125, 297.0159065017228
LOSS, 20238.8681640625, -20.37413787841797, 66.10160064697266, 33.2876121119449, 608, 207.0, 359, 13, 190259.59924316406, 80.77693939208984, 437.7350769042969, 312.92697243941456
WIN , 27569.445991516113, -19.708778381347656, 68.1124038696289, 24.927166357609504, 1106, 156.10801696777344, 326, 22, 297112.27973365784, 28.029924392700195, 440.5234680175781, 268.63678095267437
LOSS, 13945.700538635254, -16.62060546875, 68.69925689697266, 29.608706026826443, 471, 209.6999969482422, 368, 10, 147217.86392974854, 78.77813720703125, 451.08074951171875, 312.5644669421413
WIN , 28540.65000152588, -19.425399780273438, 65.26053619384766, 19.806141569414212, 1441, 193.6999969482422, 303, 32, 397550.223197937, 45.01005172729492, 436.206298828125, 275.88495711168423
LOSS, 6219.550231933594, -14.284034729003906, 58.046485900878906, 31.732399142518336, 196, 207.0, 386, 3, 65652.7756729126, 124.5678482055664, 438.0029602050781, 334.9631411883296
LOSS, 19816.04638671875, -14.662391662597656, 64.9693832397461, 28.718907806838768, 690, 223.0, 353, 10, 203764.33958816528, 54.78067398071289, 451.924072265625, 295.3106370842975
LOSS, 14097.650001525879, -16.23963165283203, 67.0772476196289, 32.6334490776062, 432, 209.6999969482422, 371, 18, 139567.16236114502, 90.22169494628906, 439.9960632324219, 323.0721350952431
LOSS, 12294.619018554688, -16.498497009277344, 57.62602233886719, 27.753090335337895, 443, 191.0, 370, 12, 137210.1862564087, 72.82243347167969, 432.6267395019531, 309.72954008218665
LOSS, 24978.539794921875, -33.000244140625, 61.546241760253906, 28.77711957940308, 868, 207.0, 342, 24, 274855.0856323242, 58.200469970703125, 447.2832946777344, 316.653324461203
WIN , 27133.940521240234, -29.51317596435547, 68.0150375366211, 26.497988790273666, 1024, 187.11895751953125, 331, 25, 299496.7519836426, 70.62967681884766, 434.254638671875, 292.47729685902596
LOSS, 14370.30908203125, -18.880462646484375, 60.517578125, 27.165045523688562, 529, 223.0, 364, 11, 167663.80689239502, 51.419246673583984, 457.8001708984375, 316.94481454138946
LOSS, 20599.245361328125, -16.292251586914062, 64.9187240600586, 26.82193406422933, 768, 207.0, 348, 12, 243740.9238357544, 104.38459777832031, 439.5603332519531, 317.3709945778052
LOSS, 12137.557983398438, -19.935951232910156, 63.909523010253906, 27.9667234640517, 434, 175.0, 371, 10, 124365.29880905151, 54.99979782104492, 428.8287048339844, 286.5559880392892
LOSS, 18395.7626953125, -37.0, 63.634864807128906, 21.87367740227408, 841, 207.0, 343, 18, 230519.35507202148, 74.24945068359375, 445.7821350097656, 274.10149235674373
WIN , 27146.0, -20.1611328125, 67.2115249633789, 23.584708948740225, 1151, 223.0, 323, 24, 346291.78091049194, 63.8021125793457, 444.4512939453125, 300.86166890572713
LOSS, -3963.527633666992, -19.858810424804688, 53.095802307128906, -0.6606980552870465, 5999, 203.39498901367188, 0, 6, 308124.1798160076, -9.577951431274414, 434.2497863769531, 51.36259040106811
