LOSS, 24557.7861328125, -35.99951171875, 53.347999572753906, 6.533063616071429, 3759, 191.0, 149, 22, 10277.906602308154, -1.7279467582702637, 43.50064468383789, 2.7342129827901447
LOSS, 11762.348320007324, -47.2999267578125, 47.997962951660156, 1.9607181730300591, 5999, 231.64369201660156, 0, 19, 80917.96164983511, -18.061765670776367, 100.51838684082031, 13.488575037478764
WIN , 28482.0, -44.999755859375, 82.6256332397461, 11.649079754601226, 2445, 191.0, 236, 38, 79413.89528807998, -10.002493858337402, 132.1097412109375, 32.48012077222085
LOSS, 13902.453979492188, -18.890396118164062, 55.921852111816406, 28.843265517618647, 482, 207.0, 367, 10, 23118.15711557865, -0.23546350002288818, 152.4949493408203, 47.96298156759056
LOSS, 25459.0, -39.0, 62.415382385253906, 13.12319587628866, 1940, 207.0, 270, 29, 100232.01826691628, -27.516895294189453, 153.59117126464844, 51.665988797379526
WIN , 30550.0, -43.020606994628906, 67.84912109375, 14.83729966002914, 2059, 175.0, 262, 21, 114955.12441378832, -15.91789436340332, 170.72879028320312, 55.83056066721142
LOSS, 12251.0, -15.999984741210938, 54.619041442871094, 28.490697674418605, 430, 223.0, 371, 14, 32058.49399471283, -18.98606300354004, 168.87867736816406, 74.55463719700658
LOSS, 18913.106155395508, -41.81568145751953, 63.059913635253906, 18.397963186182402, 1028, 196.39999389648438, 331, 15, 76714.27847242355, -8.462940216064453, 179.0229949951172, 74.62478450624859
LOSS, 22080.65048980713, -17.759170532226562, 60.009376525878906, 24.809719651468683, 890, 209.6999969482422, 340, 20, 74847.49932384491, 8.0663480758667, 174.98348999023438, 84.09831384701675
LOSS, 17229.0, -23.603302001953125, 51.549598693847656, 17.56269113149847, 981, 207.0, 334, 14, 76248.8099360466, 3.1158571243286133, 182.0640411376953, 77.72559626508318
LOSS, 10348.770286560059, -18.46306610107422, 59.30964660644531, 27.091021692565597, 382, 196.5500030517578, 374, 6, 33917.15161323547, 15.979778289794922, 195.85427856445312, 88.78835500846982
LOSS, 18825.180656433105, -43.11225891113281, 62.407752990722656, 3.1380531182585605, 5999, 214.63868713378906, 0, 17, 454722.36352306604, -14.209406852722168, 207.12730407714844, 75.79969386948926
LOSS, 20065.968994140625, -18.820953369140625, 62.940895080566406, 24.620820851706288, 815, 207.0, 345, 11, 90844.61324882507, -12.118062973022461, 225.9154052734375, 111.46578312739273
LOSS, 10201.917358398438, -17.21373748779297, 58.28711700439453, 28.81897558869615, 354, 223.0, 376, 6, 43529.20474815369, 20.005830764770508, 209.99203491210938, 122.96385522077313
LOSS, 12355.739013671875, -17.662269592285156, 56.57103729248047, 24.418456548758645, 506, 191.0, 366, 8, 65101.14128780365, 6.017075538635254, 227.11083984375, 128.65838199170682
LOSS, 18548.285522460938, -19.31999969482422, 60.11351776123047, 28.535823880709135, 650, 170.447998046875, 356, 14, 85130.52361297607, 37.833465576171875, 228.50352478027344, 130.9700363276555
LOSS, 8871.1455078125, -17.35771942138672, 56.598426818847656, 21.172184982846062, 419, 191.0, 372, 10, 57433.48101043701, 40.455345153808594, 235.3896026611328, 137.07274704161577
WIN , 28477.724082946777, -22.68408203125, 74.0302963256836, 25.91239679976959, 1099, 199.5518341064453, 326, 30, 152236.1210155487, 21.303752899169922, 253.8554229736328, 138.52240310786962
LOSS, 24609.59999847412, -26.092529296875, 83.54682159423828, 15.228712870342896, 1616, 185.8000030517578, 292, 20, 197001.82769060135, -31.065410614013672, 254.45884704589844, 121.90707159071866
LOSS, -5821.802749633789, -29.857177734375, 62.860633850097656, -0.970462201972627, 5999, 228.60549926757812, 0, 5, 543569.1930971146, -8.364521026611328, 262.70965576171875, 90.60996717738199
LOSS, 20252.770751953125, -18.20465850830078, 59.141746520996094, 27.039747332380674, 749, 207.0, 350, 16, 122292.70114517212, 19.513715744018555, 311.31195068359375, 163.27463437272647
WIN , 24592.0, -39.0, 83.0548324584961, 11.02780269058296, 2230, 191.0, 251, 26, 322938.8840742111, 15.769967079162598, 326.5406799316406, 144.81564308260587
LOSS, 11341.443237304688, -18.462913513183594, 61.56989288330078, 24.182181742653917, 469, 207.0, 368, 13, 76998.0910987854, 15.194612503051758, 293.3312072753906, 164.17503432576845
LOSS, 18325.9306640625, -18.890396118164062, 64.3526382446289, 29.135024903120033, 629, 191.0, 358, 18, 113099.72888183594, 21.402578353881836, 313.6948547363281, 179.80878995522406
LOSS, 8882.403564453125, -20.1611328125, 64.0749282836914, 34.16309063251202, 260, 175.0, 382, 5, 47141.5825881958, 27.711288452148438, 303.0461120605469, 181.31377918536847
WIN , 26330.0, -38.0, 70.609130859375, 14.96873223422399, 1759, 175.0, 282, 18, 267940.75133895874, 6.735099792480469, 302.78668212890625, 152.32561190389922
LOSS, 11604.545654296875, -37.0, 62.55363464355469, 27.113424425927278, 428, 207.0, 371, 12, 76809.80283355713, 40.02060317993164, 300.70648193359375, 179.46215615317087
LOSS, 24453.828369140625, -22.04345703125, 59.103904724121094, 17.73301549611358, 1379, 223.0, 308, 30, 254650.57781028748, 27.75583839416504, 314.6360168457031, 184.66321813653914
WIN , 28230.65000152588, -20.078506469726562, 62.414451599121094, 20.30982014498265, 1390, 193.6999969482422, 307, 28, 265069.3540687561, 25.88003158569336, 322.9580078125, 190.69737702788208
LOSS, 9692.907470703125, -16.498497009277344, 64.1460189819336, 27.15100131849615, 357, 207.0, 376, 7, 70782.09754180908, 56.31787872314453, 318.0377197265625, 198.26918078938118
LOSS, 6362.538818359375, -21.819564819335938, 66.82181549072266, 19.759437324097437, 322, 207.0, 378, 3, 59165.35410308838, 54.335968017578125, 310.7105407714844, 183.74333572387695
LOSS, 25675.803466796875, -36.24951171875, 63.526222229003906, 16.0875961571409, 1596, 223.0, 293, 28, 267216.5227031708, 15.398504257202148, 339.4801940917969, 167.4288989368238
LOSS, 15345.885597229004, -16.98492431640625, 63.256446838378906, 29.79783611112428, 515, 165.3357391357422, 365, 9, 106897.06296157837, 61.69777297973633, 328.3805847167969, 207.56711254675412
LOSS, 11966.409065246582, -17.795211791992188, 60.230628967285156, 25.569250139415775, 468, 184.83079528808594, 368, 7, 91250.51806259155, 57.291690826416016, 336.2463073730469, 194.97973944998196
WIN , 28135.05731201172, -21.34033203125, 88.86165618896484, 23.04263498117258, 1221, 164.8853759765625, 318, 26, 258204.72035980225, 41.68376922607422, 331.33563232421875, 211.4698774445555
LOSS, 7208.1728515625, -17.27606201171875, 57.12303161621094, 33.526385356104655, 215, 223.0, 385, 4, 44617.44075012207, 72.81015014648438, 321.1393127441406, 207.5229802331259
WIN , 28320.0, -20.968894958496094, 89.56787109375, 22.619808306709267, 1252, 175.0, 316, 25, 250349.83869552612, 33.83590316772461, 346.31610107421875, 199.95993506032437
LOSS, 6951.5328369140625, -17.485107421875, 55.1025390625, 26.73666475736178, 260, 223.0, 382, 7, 51842.233459472656, 76.35104370117188, 329.65411376953125, 199.39320561335637
WIN , 27583.45249938965, -23.53112030029297, 70.14614868164062, 23.435388699566396, 1177, 188.09500122070312, 321, 15, 254477.41230010986, 39.27603530883789, 335.5579833984375, 216.20850662711118
LOSS, 12741.922485351562, -16.720489501953125, 60.83795166015625, 29.563625256036108, 431, 191.0, 371, 6, 93482.89513015747, 60.43264389038086, 334.8577575683594, 216.89766851544655
LOSS, 25860.977684020996, -21.3397216796875, 65.9212417602539, 31.346639616995148, 825, 169.8000030517578, 344, 24, 186136.40933990479, 62.40966033935547, 343.9219665527344, 225.6198901089755
WIN , 27489.45249938965, -48.690162658691406, 90.9798355102539, 10.99578099975586, 2500, 156.09500122070312, 233, 33, 430853.6418749094, -13.82336711883545, 349.42193603515625, 172.34145674996375
LOSS, 22078.591796875, -35.99951171875, 90.9798355102539, 11.626430646063717, 1899, 191.0, 273, 22, 346308.05289936066, 13.613249778747559, 376.7922668457031, 182.36337698755167
LOSS, 2712.677459716797, -17.29729461669922, 54.703521728515625, 17.846562234978926, 152, 175.0, 389, 4, 30296.123901367188, 65.43606567382812, 337.8758544921875, 199.3166046142578
WIN , 27335.33000946045, -25.2099609375, 82.57881164550781, 23.564939663327973, 1160, 144.33998107910156, 322, 22, 267797.53439331055, 70.59154510498047, 361.3274230957031, 230.8599434425091
WIN , 27470.0, -39.999755859375, 68.291015625, 13.175059952038369, 2085, 175.0, 260, 26, 376921.9603023529, 8.013116836547852, 372.2004089355469, 180.77791861024122
LOSS, 6961.838134765625, -11.18874740600586, 66.12601470947266, 45.20674113484172, 154, 207.0, 389, 5, 37242.198585510254, 119.94830322265625, 352.7148742675781, 241.83245834746918
LOSS, 19982.276489257812, -20.79387664794922, 61.19292449951172, 28.104467636086937, 711, 186.447998046875, 352, 18, 168902.915599823, 43.57304763793945, 371.2991027832031, 237.5568433190197
WIN , 26714.0, -35.0, 89.451904296875, 21.388310648518814, 1249, 207.0, 316, 30, 275984.53509521484, 13.478729248046875, 379.6173400878906, 220.96439959584856
LOSS, 19075.982666015625, -22.684158325195312, 58.614646911621094, 20.511809318296372, 930, 175.0, 337, 13, 212234.5400428772, 31.55600357055664, 372.0481262207031, 228.20918284180343
LOSS, 13990.0, -21.598426818847656, 61.474220275878906, 25.16187050359712, 556, 185.0, 362, 10, 120761.13773727417, 37.87468719482422, 371.6433410644531, 217.196290894378
WIN , 22834.802505493164, -40.11299133300781, 64.2146987915039, 5.337728495907705, 4278, 185.39498901367188, 114, 29, 617846.1100549698, 7.303566932678223, 376.7194519042969, 144.424055646323
LOSS, 14232.426483154297, -16.00006103515625, 60.176612854003906, 28.521896759828252, 499, 167.55181884765625, 366, 5, 123122.18200683594, 71.11361694335938, 375.86846923828125, 246.737839693058
LOSS, 17605.82080078125, -26.092529296875, 61.63566589355469, 19.804072891767436, 889, 191.0, 340, 13, 173332.71064662933, 15.95459270477295, 392.9826965332031, 194.97492761150656
LOSS, 17210.33251953125, -34.0, 64.2076644897461, 19.016942010531768, 905, 191.0, 339, 13, 202199.2953262329, 33.44316482543945, 377.0712585449219, 223.42463571959436
LOSS, 6982.907958984375, -33.000244140625, 62.32643127441406, 24.501431435032895, 285, 223.0, 380, 5, 63077.071060180664, 28.051464080810547, 367.14080810546875, 221.3230563515111
WIN , 27235.40818786621, -22.37432861328125, 72.77057647705078, 22.342418529832823, 1219, 164.18362426757812, 318, 30, 269504.5902996063, 15.823305130004883, 395.5931701660156, 221.08662042625622
LOSS, 6766.3289794921875, -18.77500343322754, 54.86029815673828, 31.7668027206206, 213, 223.0, 385, 4, 54353.02619934082, 91.45049285888672, 391.20166015625, 255.17852675746863
WIN , 26346.0, -42.999755859375, 62.34449768066406, 15.398012857977792, 1711, 223.0, 285, 30, 357875.0962963104, 10.951581954956055, 409.3692932128906, 209.16136545663963
WIN , 27063.724090576172, -24.982376098632812, 63.945838928222656, 30.205049208232335, 896, 167.55181884765625, 340, 21, 242196.77937316895, 97.70599365234375, 400.6151428222656, 270.3089055504118
WIN , 27360.114639282227, -25.56976318359375, 59.988014221191406, 25.263263748183036, 1083, 154.77072143554688, 327, 24, 269607.6691856384, 52.060699462890625, 385.8540344238281, 248.94521623789328
LOSS, 21623.65000152588, -26.032852172851562, 64.8323745727539, 23.028381258281023, 939, 177.6999969482422, 337, 18, 213284.18379974365, 4.640667915344238, 402.74114990234375, 227.139705857022
WIN , 25482.0, -21.562705993652344, 82.829833984375, 19.26077097505669, 1323, 191.0, 311, 30, 305299.5769882202, 36.64874267578125, 421.87005615234375, 230.7630967409072
LOSS, 21509.70517730713, -21.61357879638672, 62.077537536621094, 32.29685462058127, 666, 193.6999969482422, 355, 18, 175723.72440719604, 30.070049285888672, 397.42047119140625, 263.84943604684094
LOSS, 20762.99131011963, -17.914703369140625, 64.2940444946289, 33.48869566148327, 620, 193.6999969482422, 358, 13, 170746.85871887207, 91.76435852050781, 403.2015075683594, 275.3981592239872
LOSS, 21870.10546875, -37.0, 69.7148666381836, 15.434089956774876, 1417, 191.0, 305, 19, 297955.11030960083, 20.25753402709961, 391.55426025390625, 210.27177862357152
LOSS, 8676.616821289062, -19.499732971191406, 61.325279235839844, 31.782479198861036, 273, 127.5, 381, 8, 74414.7855834961, 114.84884643554688, 391.6162414550781, 272.5816321739784
LOSS, 21087.389892578125, -44.999755859375, 64.0071792602539, 16.48740413805952, 1279, 207.0, 314, 24, 303119.62891578674, 12.520814895629883, 415.2687683105469, 236.99736428130316
LOSS, 19198.00537109375, -39.0, 63.982765197753906, 27.90407757426417, 688, 175.0, 354, 12, 181992.89679336548, 50.53005599975586, 415.7270202636719, 264.5245592926824
WIN , 27744.0, -29.963768005371094, 65.01220703125, 21.40740740740741, 1296, 207.0, 313, 22, 343091.66119003296, 56.680057525634766, 405.55908203125, 264.73122005403775
LOSS, 12316.787292480469, -28.440170288085938, 65.3072280883789, 24.245644276536357, 508, 170.4561767578125, 366, 12, 134619.19496154785, 103.4662857055664, 416.82305908203125, 264.9984152786375
LOSS, 17211.802505493164, -16.916351318359375, 66.5267105102539, 25.882409782696488, 665, 201.39498901367188, 355, 16, 184403.34989833832, 13.517500877380371, 404.2497253417969, 277.298270523817
WIN , 26687.45249938965, -22.23760986328125, 75.91397094726562, 22.94707867531354, 1163, 140.09500122070312, 322, 32, 327120.8316516876, 29.517457962036133, 424.9713439941406, 281.27328602896614
WIN , 27652.0, -26.54419708251953, 62.513038635253906, 25.462246777163905, 1086, 191.0, 327, 19, 281927.59625673294, 4.879685878753662, 417.6706848144531, 259.60183817378726
LOSS, 22627.0, -39.999755859375, 65.4503402709961, 22.226915520628683, 1018, 191.0, 332, 20, 263167.7018547058, 26.749248504638672, 409.0379638671875, 258.5144419004969
LOSS, 14795.388671875, -32.9345703125, 59.90595626831055, 18.681046302872474, 792, 191.0, 347, 9, 195869.31280899048, 11.503799438476562, 418.892333984375, 247.30973839519
WIN , 27213.300003051758, -31.373046875, 95.2950210571289, 17.093781408952108, 1592, 148.39999389648438, 293, 25, 355844.16820812225, 10.252036094665527, 402.4673767089844, 223.5202061608808
LOSS, 18508.1943359375, -23.99444580078125, 66.6417465209961, 28.127954917838146, 658, 207.0, 356, 16, 174243.56700897217, 36.661376953125, 435.59027099609375, 264.80785259722217
LOSS, 21102.64601135254, -43.999755859375, 69.0978012084961, 19.011392803020307, 1110, 201.39498901367188, 325, 20, 239496.4908466339, 24.170886993408203, 412.38287353515625, 215.76260436633686
LOSS, 11218.912719726562, -26.001136779785156, 59.79894256591797, 20.814309313036294, 539, 207.0, 364, 7, 122038.52976226807, 43.04655075073242, 418.74468994140625, 226.41656727693518
LOSS, 24447.941650390625, -17.662879943847656, 62.707740783691406, 24.79507266773897, 986, 207.0, 334, 22, 264459.6802825928, 76.44869995117188, 411.804931640625, 268.21468588498254
WIN , 26144.345001220703, -32.332237243652344, 90.9798355102539, 14.762476002947885, 1771, 146.30999755859375, 281, 33, 406887.6013021469, -15.448589324951172, 423.05169677734375, 229.7501983637193
LOSS, 24845.008544921875, -38.335487365722656, 91.2728042602539, 22.025716795143506, 1128, 175.0, 324, 20, 281771.4230041504, 31.217998504638672, 431.0349426269531, 249.79736081928226
LOSS, 21072.300003051758, -20.022804260253906, 68.5246810913086, 20.69970530751646, 1018, 180.39999389648438, 332, 18, 241281.4975090027, 37.384010314941406, 444.4569396972656, 237.0152234862502
LOSS, 10625.962188720703, -34.0869140625, 70.61160278320312, 19.077131398062303, 557, 164.19500732421875, 362, 7, 153133.0782623291, 74.9243392944336, 416.8286437988281, 274.92473655714383
LOSS, 24019.0, -34.403602600097656, 65.77230072021484, 20.1501677852349, 1192, 207.0, 320, 13, 277718.6541109085, 11.365792274475098, 409.97930908203125, 232.98544807962122
LOSS, 6409.0, -10.0, 68.7944564819336, 46.78102189781022, 137, 207.0, 390, 5, 40463.55097961426, 152.2298126220703, 438.13177490234375, 295.35438671251285
LOSS, 21079.276000976562, -26.092529296875, 65.30005645751953, 25.42735343905496, 829, 186.447998046875, 344, 15, 235733.73263549805, 45.529869079589844, 438.9881591796875, 284.3591467255706
LOSS, 19479.605590820312, -26.092529296875, 66.4732894897461, 20.8784625839446, 933, 186.447998046875, 337, 17, 232844.5008506775, 36.361812591552734, 423.94622802734375, 249.565381404799
LOSS, 24160.2744140625, -28.306884765625, 58.86660385131836, 23.66334418615328, 1021, 207.0, 331, 21, 291198.6472091675, 74.9918212890625, 422.1552429199219, 285.20925289830313
LOSS, 7737.9293212890625, -20.463829040527344, 64.4774398803711, 22.893282015648115, 338, 223.0, 377, 2, 89655.93441009521, 99.15167236328125, 418.9081726074219, 265.25424381684974
WIN , 26504.53843688965, -45.249755859375, 83.6689453125, 11.97674579163563, 2213, 185.92312622070312, 252, 22, 493942.8968639374, 16.93840789794922, 451.03912353515625, 223.20058602075795
LOSS, 17347.292236328125, -18.462913513183594, 69.2143783569336, 25.930182714989723, 669, 207.0, 355, 14, 198022.01429748535, 69.90457153320312, 433.5172424316406, 295.9970318348062
LOSS, 10661.013427734375, -23.42254638671875, 67.96744537353516, 21.02763989691198, 507, 223.0, 366, 7, 129858.04608535767, 43.68808364868164, 420.6637268066406, 256.13026841293424
WIN , 27792.0, -39.549949645996094, 63.474952697753906, 19.407821229050278, 1432, 191.0, 304, 25, 386997.33392333984, 30.57242774963379, 437.87384033203125, 270.2495348626675
LOSS, 12691.0, -24.061744689941406, 57.9620361328125, 18.23419540229885, 696, 223.0, 353, 11, 171895.40522003174, 16.60274887084961, 425.69091796875, 246.97615692533296
LOSS, 22674.3203125, -28.532432556152344, 70.7335433959961, 15.456251065098842, 1467, 223.0, 302, 26, 353310.3446998596, 42.559322357177734, 452.952880859375, 240.83868077700043
LOSS, 12422.648681640625, -20.161209106445312, 66.9716567993164, 27.791160361612135, 447, 207.0, 370, 10, 130421.49803161621, 81.85997772216797, 447.721435546875, 291.7706891087611
LOSS, 21017.65000152588, -21.4365234375, 61.550804138183594, 20.1318486604654, 1044, 209.6999969482422, 330, 14, 280240.44176483154, 40.25733947753906, 435.10638427734375, 268.4295419203367
WIN , 27461.924018859863, -27.3223876953125, 70.14364624023438, 16.249659182757316, 1690, 171.15196228027344, 287, 22, 434214.77420043945, 32.17803955078125, 429.6355895996094, 256.93181905351446
LOSS, 12164.5537109375, -16.48968505859375, 61.694557189941406, 28.622479319852943, 425, 191.0, 371, 8, 127389.22974395752, 68.3997802734375, 437.1525573730469, 299.73936410342947
LOSS, 17435.866943359375, -28.2073974609375, 62.621681213378906, 22.972156710618414, 759, 223.0, 349, 19, 208013.3648338318, 21.452739715576172, 431.7332458496094, 274.06240426064795
LOSS, 12123.999877929688, -33.68458557128906, 61.498313903808594, 19.032966841333888, 637, 223.0, 357, 14, 157590.02740859985, -11.530416488647461, 430.7903747558594, 247.39407756452096
LOSS, 7702.7205810546875, -19.35448455810547, 63.296119689941406, 29.74023390368605, 259, 223.0, 382, 7, 71354.83613967896, 47.13697052001953, 420.0804748535156, 275.50129783659827
LOSS, 10819.599998474121, -29.438331604003906, 64.2519302368164, 25.699762466684373, 421, 185.8000030517578, 371, 8, 125316.21928405762, 81.08689880371094, 444.0829162597656, 297.6632287032247
LOSS, 11671.0, -21.3397216796875, 65.8803482055664, 26.168161434977577, 446, 223.0, 370, 8, 127368.67352294922, 70.56387329101562, 451.6109924316406, 285.5799854774646
LOSS, 14307.7333984375, -39.685096740722656, 65.24922943115234, 21.2280910956046, 674, 223.0, 355, 14, 187261.0205116272, 50.487159729003906, 426.76031494140625, 277.8353420053816
WIN , 26804.0, -29.3341064453125, 66.76412200927734, 23.63668430335097, 1134, 207.0, 324, 19, 335429.90564346313, 53.51527786254883, 432.9126281738281, 295.79356758682815
WIN , 27847.688247680664, -23.42254638671875, 60.806884765625, 26.221928670132453, 1062, 159.62350463867188, 329, 26, 323716.8282546997, 38.814727783203125, 438.1636962890625, 304.8181057012238
WIN , 27497.300003051758, -25.570068359375, 93.4200210571289, 27.831275306732547, 988, 180.39999389648438, 334, 26, 298042.70252609253, 56.37290573120117, 441.8111877441406, 301.66265437863615
LOSS, 7432.763916015625, -18.0462646484375, 56.38359069824219, 25.80820804172092, 288, 223.0, 380, 6, 81040.82033538818, 64.90426635742188, 438.1190490722656, 281.39173727565344
WIN , 26104.0, -44.5556640625, 67.4593276977539, 21.08562197092084, 1238, 207.0, 317, 13, 362966.4868545532, 33.30417251586914, 435.63824462890625, 293.18779228962296
LOSS, 24463.014892578125, -18.924034118652344, 67.8780288696289, 29.83294499094893, 820, 207.0, 345, 14, 257851.0355606079, 67.4716796875, 443.0466003417969, 314.45248239098527
LOSS, 4811.0, -23.07360076904297, 62.538368225097656, 24.54591836734694, 196, 223.0, 386, 3, 52123.18939971924, 76.88397216796875, 439.0267028808594, 265.9346397944859
WIN , 26642.0, -43.999755859375, 66.1485824584961, 17.33376707872479, 1537, 191.0, 297, 24, 422576.6836090088, 44.65036392211914, 439.28814697265625, 274.9360335777546
WIN , 21691.0, -34.0869140625, 76.47026062011719, 8.045623145400594, 2696, 153.0, 220, 32, 590919.6479148865, 32.74618148803711, 428.3833312988281, 219.18384566575907
LOSS, 17911.623779296875, -26.803367614746094, 67.8685531616211, 23.41388729319853, 765, 223.0, 348, 17, 235172.2820968628, 48.632057189941406, 429.2765197753906, 307.41474783903635
LOSS, 7761.0, -18.153656005859375, 64.3190689086914, 23.88, 325, 223.0, 378, 5, 101986.08032226562, 124.5380630493164, 420.8359680175781, 313.8033240685096
WIN , 25863.05224609375, -25.763916015625, 72.07039642333984, 19.94067251048092, 1297, 148.8955078125, 313, 26, 349907.23763656616, 27.71088218688965, 445.0712585449219, 269.7819873836285
LOSS, -6022.935478210449, -34.0869140625, 65.23650360107422, -1.003989911353634, 5999, 230.87095642089844, 0, 5, 552193.4446725845, 9.154064178466797, 430.4426574707031, 92.04758204243782
LOSS, 25347.632957458496, -21.34033203125, 64.2861099243164, 26.26697715798808, 965, 169.8000030517578, 335, 23, 286305.1185722351, 60.5930290222168, 440.9999084472656, 296.68924204376697
WIN , 27194.83213043213, -33.000244140625, 72.29817962646484, 20.61776507235188, 1319, 165.3357391357422, 312, 27, 359333.4062461853, 28.682846069335938, 440.6486511230469, 272.4286628098448
LOSS, 16938.0703125, -39.0, 67.7583999633789, 19.182412584937712, 883, 223.0, 341, 19, 218465.83701515198, 20.97629737854004, 464.10369873046875, 247.41317895260698
LOSS, 5093.6845703125, -20.002357482910156, 59.41596221923828, 29.44326341221098, 173, 191.0, 388, 2, 48523.73341369629, 94.63141632080078, 444.13006591796875, 280.48400817165486
LOSS, 10647.773712158203, -23.881591796875, 64.08905029296875, 29.909476719545513, 356, 164.19500732421875, 376, 7, 112058.69752502441, 108.1962890625, 442.85736083984375, 314.7716222613045
LOSS, 13621.0, -36.0, 65.1775131225586, 18.839557399723375, 723, 223.0, 351, 10, 188563.22528457642, 47.83623504638672, 438.3887634277344, 260.806673975901
LOSS, 7749.668144226074, -13.293609619140625, 61.1065673828125, 30.998672576904298, 250, 178.00624084472656, 383, 5, 87457.30142211914, 140.1605224609375, 441.59747314453125, 349.8292056884766
LOSS, 20111.18800354004, -20.42236328125, 63.888450622558594, 20.711831105602514, 971, 202.62399291992188, 335, 23, 277848.3290901184, 54.23630905151367, 436.3791809082031, 286.146579907434
LOSS, 11216.418701171875, -16.361175537109375, 67.3601303100586, 33.18467071352626, 338, 223.0, 377, 8, 111181.69039916992, 131.19424438476562, 445.2093200683594, 328.93991242357964
LOSS, 14074.2529296875, -23.7188720703125, 68.4743423461914, 21.03774727905456, 669, 175.0, 355, 10, 202719.96142578125, 86.25918579101562, 438.7335205078125, 303.0193743285221
LOSS, 12393.141357421875, -28.55804443359375, 63.280860900878906, 25.292125219228318, 490, 191.0, 367, 6, 147554.8617630005, 67.64508056640625, 468.75103759765625, 301.132370944899
LOSS, 21564.857421875, -22.04345703125, 64.4258804321289, 28.042727466677505, 769, 223.0, 348, 18, 242035.85423660278, 45.47037124633789, 443.1680908203125, 314.74103281742885
LOSS, 6948.4169921875, -13.63671875, 55.74622344970703, 28.712466909865704, 242, 223.0, 383, 3, 77012.84197235107, 66.10570526123047, 444.428466796875, 318.2348841832689
LOSS, 5141.0, -18.98566436767578, 59.619598388671875, 24.364928909952607, 211, 223.0, 385, 4, 62612.86968231201, 78.73171997070312, 442.5439453125, 296.7434582100095
WIN , 25182.0, -17.66242218017578, 68.2408676147461, 23.381615598885794, 1077, 191.0, 328, 21, 334472.09619903564, 70.64955139160156, 443.4634094238281, 310.55904939557627
WIN , 20873.897872924805, -30.322265625, 70.6263656616211, 5.679972210319675, 3675, 167.20425415039062, 154, 37, 701626.0324039459, 14.467300415039062, 451.9178771972656, 190.91864827318255
LOSS, 13630.521827697754, -28.7469482421875, 70.1860580444336, 21.914022231025328, 622, 193.6999969482422, 358, 10, 156317.60625839233, 47.643890380859375, 443.0633239746094, 251.3144795151002
LOSS, 5032.160949707031, -21.562952041625977, 65.42623138427734, 37.835796614338584, 133, 175.0, 391, 4, 44638.712341308594, 133.73890686035156, 445.2560119628906, 335.6294161000646
LOSS, 6369.02734375, -33.000244140625, 62.23700714111328, 26.987403998940678, 236, 223.0, 384, 5, 79467.90242767334, 103.8291015625, 458.5602111816406, 336.7284001172599
LOSS, 11408.962158203125, -13.000030517578125, 69.84915924072266, 32.320006113889875, 353, 207.0, 376, 3, 116466.69900512695, 92.2237319946289, 448.08856201171875, 329.93399151594036
LOSS, 7453.073486328125, -22.82624053955078, 52.932655334472656, 28.01907325687265, 266, 207.0, 382, 3, 87922.34756469727, 148.61489868164062, 443.63739013671875, 330.5351412206664
LOSS, 11288.075927734375, -19.151687622070312, 56.4007568359375, 23.322470925071023, 484, 207.0, 367, 11, 152598.4778060913, 90.2173080444336, 443.10614013671875, 315.28611116961014
LOSS, 10219.92333984375, -39.0, 67.1114273071289, 4.724883652262482, 2163, 223.0, 255, 13, 369115.95558166504, 33.13953399658203, 449.9601135253906, 170.65000258052012
LOSS, 19536.11376953125, -38.0, 58.749900817871094, 21.304377066010087, 917, 191.0, 338, 13, 255479.1735687256, 70.15315246582031, 452.4003601074219, 278.60324271398645
LOSS, 11517.37353515625, -23.1219482421875, 69.6904525756836, 22.40734150808609, 514, 191.0, 365, 7, 152700.78966522217, 57.92503356933594, 446.7248229980469, 297.08324837591863
WIN , 24241.940521240234, -41.999755859375, 63.561622619628906, 9.650454029156144, 2512, 171.11895751953125, 232, 27, 535276.011428833, 34.476375579833984, 450.16790771484375, 213.08758416752906
WIN , 27206.0, -41.00048828125, 74.7314453125, 25.074654377880183, 1085, 223.0, 327, 29, 312173.34481430054, 48.14433288574219, 466.1510925292969, 287.7173684924429
LOSS, 14361.0, -36.0, 59.87945556640625, 15.695081967213115, 915, 223.0, 338, 13, 234949.76139450073, 48.56642532348633, 442.9178466796875, 256.7756955131156
LOSS, 22518.63525390625, -34.0, 68.8853988647461, 20.15992413062332, 1117, 175.0, 325, 26, 337319.4576034546, 34.68560791015625, 441.6897277832031, 301.98698084463257
LOSS, 24412.726104736328, -17.927047729492188, 61.485206604003906, 25.83357259760458, 945, 220.86126708984375, 336, 20, 288342.8660736084, 96.677001953125, 446.8005676269531, 305.1247260038184
LOSS, 11389.325805664062, -19.373779296875, 66.07396697998047, 37.220018972758375, 306, 223.0, 379, 4, 104276.98234558105, 154.52346801757812, 461.2537536621094, 340.774452109742
LOSS, 8598.223022460938, -23.87183380126953, 60.976478576660156, 22.103401086017833, 389, 207.0, 374, 8, 110072.36926269531, 55.06098556518555, 454.180419921875, 282.9623888501165
WIN , 27391.74871826172, -42.999755859375, 63.43360137939453, 20.502805926842605, 1336, 151.5025634765625, 310, 25, 408349.14766693115, 65.48612976074219, 467.76519775390625, 305.65055963093647
LOSS, 11584.369819641113, -16.81159210205078, 67.54691314697266, 25.62913676911751, 452, 199.40611267089844, 369, 9, 133144.524848938, 55.923179626464844, 463.7466125488281, 294.56753285163273
LOSS, 19599.660888671875, -31.05224609375, 60.642066955566406, 10.092513330932995, 1942, 223.0, 270, 19, 388899.30492401123, 42.22406768798828, 437.27703857421875, 200.25710861174625
LOSS, 17508.551986694336, -21.462791442871094, 67.0042953491211, 13.17423023829521, 1329, 180.18362426757812, 311, 17, 303432.6277217865, 24.387100219726562, 444.3057861328125, 228.3164994144368
LOSS, 23553.949996948242, -40.00048828125, 64.8683853149414, 23.791868683786102, 990, 177.10000610351562, 333, 20, 264588.1200065613, 44.70733642578125, 451.2265625, 267.26072727935485
LOSS, 14862.7724609375, -20.662452697753906, 64.37491607666016, 22.150182505122952, 671, 223.0, 355, 11, 197369.40380477905, 54.81318283081055, 444.9478759765625, 294.1421815272415
LOSS, 15191.0, -23.002235412597656, 66.48429107666016, 24.266773162939298, 626, 223.0, 358, 5, 179054.63466262817, 35.787803649902344, 473.65692138671875, 286.0297678316744
LOSS, 18447.65000152588, -34.0, 69.25496673583984, 29.610995187039933, 623, 209.6999969482422, 358, 10, 203183.4500732422, 84.29971313476562, 436.09063720703125, 326.13715902607095
LOSS, 12487.0, -19.614471435546875, 59.99809265136719, 31.062189054726367, 402, 191.0, 373, 5, 127768.14671325684, 157.40440368652344, 429.181640625, 317.8312107294946
LOSS, 7878.886421203613, -18.52898406982422, 65.13936614990234, 31.141843562069617, 253, 177.31138610839844, 383, 4, 77618.40573883057, 82.90015411376953, 450.7303771972656, 306.79211754478484
LOSS, 12492.160400390625, -38.0, 83.0548324584961, 4.514694759808683, 2767, 207.0, 215, 25, 718618.7629699707, 41.086891174316406, 440.6486511230469, 259.71043114202047
LOSS, 19755.3251953125, -21.34033203125, 61.32743835449219, 20.664566103883367, 956, 191.0, 336, 20, 250954.64349365234, 74.53404235839844, 456.8077697753906, 262.50485721093344
LOSS, 12761.6875, -21.3397216796875, 81.30504608154297, 24.215725806451612, 527, 191.0, 364, 11, 162691.99559783936, 77.2445068359375, 443.37310791015625, 308.7134641325225
LOSS, 17544.00048828125, -29.81298828125, 67.1633071899414, 15.37598640515447, 1141, 223.0, 323, 13, 284256.5387611389, 44.005165100097656, 435.5262451171875, 249.12930653912264
LOSS, 9063.062641143799, -16.00006103515625, 58.694358825683594, 32.25289196136583, 281, 127.62349700927734, 381, 8, 96701.67008972168, 140.11082458496094, 438.3711242675781, 344.134057258796
LOSS, 20239.271911621094, -20.966697692871094, 61.74613952636719, 27.387377417619884, 739, 186.4561767578125, 350, 15, 227818.15127182007, 46.48861312866211, 446.0926208496094, 308.2789597724223
LOSS, 13880.432373046875, -27.070419311523438, 63.942481994628906, 18.988279580091483, 731, 223.0, 351, 11, 229508.2686843872, 75.79583740234375, 455.9360656738281, 313.964799841843
LOSS, 24684.425926208496, -37.807373046875, 61.697608947753906, 23.644086136215034, 1044, 201.8000030517578, 330, 18, 324852.2230987549, 89.48583984375, 428.7442626953125, 311.1611332363552
LOSS, 16509.9326171875, -17.66242218017578, 70.3905258178711, 27.654828504501676, 597, 207.0, 360, 11, 175546.90922546387, 76.82581329345703, 453.27117919921875, 294.0484241632561
LOSS, 8559.521240234375, -18.204200744628906, 56.008506774902344, 23.32294615867677, 367, 207.0, 375, 5, 118697.54542160034, 54.158546447753906, 432.6640930175781, 323.42655428228977
WIN , 26212.065948486328, -16.48968505859375, 69.39111328125, 24.497257895781615, 1070, 150.86810302734375, 328, 27, 335768.74770355225, 87.68289184570312, 446.8520202636719, 313.8025679472451
LOSS, 11041.830451965332, -23.752479553222656, 62.156898498535156, 23.148491513554156, 477, 152.83079528808594, 368, 9, 142423.11542510986, 75.18077087402344, 433.38232421875, 298.58095476962234
LOSS, 17569.21923828125, -24.72809600830078, 60.128395080566406, 24.74537920884683, 710, 191.0, 352, 11, 233946.10274505615, 118.2112045288086, 442.1716613769531, 329.5015531620509
LOSS, 20414.77392578125, -21.462791442871094, 67.3808822631836, 23.172274603610955, 881, 207.0, 341, 18, 257938.50121498108, 27.15046501159668, 436.4990539550781, 292.7792295289229
WIN , 26970.0, -17.846038818359375, 84.04052734375, 27.16012084592145, 993, 175.0, 333, 25, 295275.1722640991, 58.15660095214844, 431.4507141113281, 297.3566689467262
LOSS, 17697.448486328125, -27.22137451171875, 62.43949890136719, 20.24879689511227, 874, 207.0, 341, 13, 247401.7939453125, 59.789939880371094, 442.7591247558594, 283.0684141250715
LOSS, 4739.289611816406, -17.662269592285156, 61.919776916503906, 26.476478278303947, 179, 207.0, 388, 3, 53121.24058532715, 89.59309387207031, 454.3376159667969, 296.7667071805986
LOSS, -11556.633750915527, -24.557228088378906, 65.2229995727539, -1.9264266962686327, 5999, 218.2675018310547, 0, 6, 478585.47412872314, 12.270349502563477, 431.1911315917969, 79.77754194511138
LOSS, 18367.089111328125, -21.34002685546875, 63.739845275878906, 26.27623621076985, 699, 191.0, 353, 6, 217927.58959960938, 63.567848205566406, 436.8334655761719, 311.77051444865435
WIN , 24722.0, -39.0, 82.6256332397461, 10.781508940252944, 2293, 191.0, 247, 29, 621094.4008789062, 35.313995361328125, 448.6690673828125, 270.86541686825393
LOSS, 12171.0, -20.078811645507812, 63.76929473876953, 24.73780487804878, 492, 223.0, 367, 12, 150166.1946029663, 57.64689636230469, 444.5518798828125, 305.2158426889559
WIN , 27663.300003051758, -19.373001098632812, 94.1121597290039, 29.523265744985867, 937, 148.39999389648438, 337, 26, 293222.2636642456, 52.16910171508789, 439.2540588378906, 312.9373144762493
LOSS, 16822.318359375, -26.092529296875, 64.6089859008789, 31.15244140625, 540, 223.0, 363, 9, 174384.0248336792, 116.43140411376953, 450.89837646484375, 322.93337932162814
LOSS, 17494.00048828125, -39.0, 62.627784729003906, 25.353623896059784, 690, 223.0, 353, 10, 194043.9903640747, 39.51603698730469, 440.17889404296875, 281.22317444068796
LOSS, 8057.210693359375, -16.00006103515625, 65.6584701538086, 33.15724565168467, 243, 175.0, 383, 10, 77749.74403381348, 103.44707489013672, 464.2578430175781, 319.95779437783324
WIN , 27321.45249938965, -21.133201599121094, 82.46304321289062, 22.431405992930745, 1218, 172.09500122070312, 318, 26, 360435.16216659546, 63.81339645385742, 443.41131591796875, 295.923778461901
WIN , 27934.0, -30.322265625, 64.17472076416016, 23.895637296834902, 1169, 207.0, 322, 33, 354393.7654457092, 57.96826934814453, 446.7693176269531, 303.1597651374758
WIN , 26264.0, -17.662269592285156, 65.0264663696289, 22.68048359240069, 1158, 207.0, 322, 24, 333110.3377609253, 68.07789611816406, 444.652587890625, 287.66004987990095
WIN , 27544.0, -34.0, 68.6375961303711, 27.325396825396826, 1008, 207.0, 332, 21, 311045.9873046875, 53.823333740234375, 439.61260986328125, 308.5773683578249
LOSS, 20907.269897460938, -39.5068359375, 60.479347229003906, 3.485125837216359, 5999, 210.460205078125, 0, 26, 840017.2750530243, 30.88446617126465, 451.24688720703125, 140.02621687831711
LOSS, 23215.39697265625, -29.969398498535156, 67.5508804321289, 22.4303352392814, 1035, 223.0, 330, 12, 312472.4085044861, 49.65741729736328, 450.8172302246094, 301.9057086999866
LOSS, 20142.837158203125, -39.999755859375, 60.649635314941406, 22.6578595705322, 889, 223.0, 340, 17, 259253.84243392944, 63.5536994934082, 440.75872802734375, 291.62411972320524
LOSS, 20228.930908203125, -28.4173583984375, 67.1578140258789, 23.092386881510418, 876, 223.0, 341, 17, 273473.878824234, 28.677499771118164, 444.60546875, 312.1847931783493
LOSS, 18424.065826416016, -21.7667236328125, 68.9146957397461, 23.440287310961853, 786, 164.19500732421875, 347, 13, 217588.5590839386, 30.87654685974121, 432.9327697753906, 276.8302278421611
LOSS, 15585.000244140625, -21.20392608642578, 61.862403869628906, 26.32601392591322, 592, 223.0, 360, 12, 181410.95602416992, 71.51691436767578, 447.2931213378906, 306.43742571650324
LOSS, 18170.56005859375, -27.772850036621094, 59.3023681640625, 20.98217096835306, 866, 207.0, 342, 17, 261500.21675491333, 63.6397590637207, 451.7978515625, 301.96329879320245
LOSS, 26086.3291015625, -24.584716796875, 64.4362564086914, 20.15945061944552, 1294, 207.0, 313, 23, 355407.0112953186, 39.499595642089844, 457.79437255859375, 274.6576594245121
LOSS, -6220.185264587402, -24.115028381347656, 53.185020446777344, -1.036870355823871, 5999, 225.3705291748047, 0, 7, 418776.3444018364, 4.5036187171936035, 422.25469970703125, 69.807692015642
LOSS, 14324.00048828125, -21.3397216796875, 61.482154846191406, 30.411890633293524, 471, 223.0, 368, 6, 143278.61307525635, 61.827110290527344, 435.5280456542969, 304.2008770175294
LOSS, 14655.01123046875, -37.542259216308594, 65.4622573852539, 15.313491358901516, 957, 223.0, 336, 10, 196785.66515731812, 36.261566162109375, 454.1291809082031, 205.62765429186845
LOSS, 23289.225830078125, -24.588058471679688, 62.25517272949219, 24.13391277728303, 965, 207.0, 335, 18, 260185.06978988647, 40.398075103759766, 450.43463134765625, 269.621833979157
LOSS, 22112.00048828125, -18.29052734375, 64.0071792602539, 26.23013106557681, 843, 207.0, 343, 11, 242315.18240737915, 48.81515121459961, 431.5260925292969, 287.44386999689107
LOSS, 24636.9541015625, -24.9822998046875, 64.07706451416016, 22.520067734517824, 1094, 207.0, 327, 18, 332422.47243118286, 45.22598648071289, 445.5910949707031, 303.8596640138783
WIN , 28390.0, -39.0, 74.92919921875, 14.41848654139157, 1969, 175.0, 268, 29, 443342.57206344604, 37.99714279174805, 443.5670166015625, 225.16128596416763
WIN , 27389.688247680664, -20.716552734375, 78.11204528808594, 26.36158637890343, 1039, 175.62350463867188, 330, 21, 305466.8198738098, 45.08802032470703, 462.99078369140625, 294.00078909895075
LOSS, 25612.341552734375, -41.00048828125, 69.3416519165039, 20.873953995708536, 1227, 223.0, 318, 27, 358513.74395751953, 60.54058074951172, 440.72796630859375, 292.18724038917645
LOSS, 22122.57666015625, -20.055068969726562, 62.384864807128906, 24.85682770804073, 890, 207.0, 340, 19, 273759.31938934326, 91.07740020751953, 445.3292236328125, 307.5947408869025
LOSS, 21607.421630859375, -29.857177734375, 66.70279693603516, 19.87803277907946, 1087, 207.0, 327, 19, 314151.7929573059, 59.87627029418945, 449.1963195800781, 289.00808919715354
LOSS, 14400.0, -29.650115966796875, 61.908180236816406, 24.283305227655987, 593, 185.0, 360, 9, 172872.21453857422, 46.55146789550781, 452.9421081542969, 291.52144104312686
LOSS, 6881.046745300293, -22.55980682373047, 62.96302032470703, 19.4930502699725, 353, 144.13575744628906, 376, 5, 78769.34779167175, 28.305044174194336, 429.5214538574219, 223.14262830501912
LOSS, 11111.999877929688, -21.34002685546875, 54.93109893798828, 26.39429899745769, 421, 207.0, 371, 3, 131382.69413757324, 62.11608123779297, 449.2613830566406, 312.0729076901977
LOSS, 10471.0, -16.275360107421875, 59.86479949951172, 27.268229166666668, 384, 223.0, 374, 5, 115950.08726501465, 119.22787475585938, 429.8119812011719, 301.95335225264233
WIN , 27958.65000152588, -32.934722900390625, 64.9861831665039, 17.17361793705521, 1628, 177.6999969482422, 291, 26, 463421.5755748749, 21.945619583129883, 452.0589599609375, 284.65698745385436
LOSS, 19604.399169921875, -18.77500343322754, 60.238548278808594, 25.069564155910324, 782, 207.0, 347, 15, 234725.09771347046, 51.66385269165039, 451.47528076171875, 300.1599715006016
LOSS, 11840.85205078125, -17.662269592285156, 64.4823226928711, 31.242353695992744, 379, 175.0, 374, 13, 118307.12814331055, 82.76559448242188, 432.2945861816406, 312.1560109322178
LOSS, 17449.44677734375, -26.092529296875, 67.00308990478516, 22.256947420081314, 784, 207.0, 347, 10, 215573.6612701416, 59.024269104003906, 449.6345520019531, 274.96640468130306
LOSS, 22016.8095703125, -44.999755859375, 63.906471252441406, 16.50435500023426, 1334, 191.0, 311, 9, 294714.3245677948, 25.578737258911133, 456.1449890136719, 220.92528078545337
LOSS, 5626.193420410156, -14.779937744140625, 64.0962905883789, 40.476211657627026, 139, 191.0, 390, 2, 44881.03894042969, 144.18191528320312, 427.8892517089844, 322.8851722333071
LOSS, 8962.590209960938, -13.858749389648438, 59.692893981933594, 32.35592133559905, 277, 191.0, 381, 5, 86616.60244750977, 126.65150451660156, 437.4451599121094, 312.6953156949811
LOSS, 22076.35507965088, -23.927940368652344, 65.3194351196289, 19.83500007156413, 1113, 177.6999969482422, 325, 24, 308835.1233100891, 49.337764739990234, 469.3918151855469, 277.4798951573128
LOSS, 13207.308227539062, -20.50737762451172, 68.01847076416016, 17.152348347453326, 770, 191.0, 348, 12, 156927.13262939453, 46.27265548706055, 436.9426574707031, 203.8014709472656
LOSS, 4463.9998779296875, 0, 61.993858337402344, 38.81739024286685, 115, 223.0, 392, 5, 35067.01412200928, 84.20890045166016, 433.61181640625, 304.93055758268935
LOSS, 5979.079040527344, 0, 61.04254913330078, 46.71155500411987, 128, 207.0, 391, 2, 43040.32313537598, 241.5722198486328, 443.68438720703125, 336.2525244951248
LOSS, 17689.208839416504, -23.644325256347656, 65.0075454711914, 26.20623531765408, 675, 209.6999969482422, 354, 11, 200943.13304138184, 67.18240356445312, 454.6259460449219, 297.6935304316768
LOSS, 24220.232177734375, -18.462913513183594, 64.2244644165039, 30.8931532879265, 784, 223.0, 347, 21, 237650.8801612854, 58.65353775024414, 448.0245361328125, 303.1261226547008
LOSS, 21582.99169921875, -23.6490478515625, 62.12333679199219, 19.184881510416666, 1125, 207.0, 324, 24, 338844.93508529663, 61.25190353393555, 447.9164123535156, 301.19549785359703
LOSS, 19881.0, -26.092529296875, 60.379638671875, 21.63329706202394, 919, 223.0, 338, 21, 266367.0620956421, 59.84484100341797, 443.1343688964844, 289.844463651406
WIN , 27927.05731201172, -27.4969482421875, 82.48470306396484, 18.556184260472904, 1505, 180.8853759765625, 299, 29, 419622.26848983765, 58.563934326171875, 442.74810791015625, 278.818783049726
LOSS, 13636.8251953125, -19.6842041015625, 67.8768081665039, 30.371548319181514, 449, 223.0, 370, 6, 126151.00416564941, 66.89278411865234, 448.20703125, 280.95992019075595
LOSS, 15393.064208984375, -26.658649444580078, 65.74332427978516, 27.635662852754713, 557, 223.0, 362, 11, 176374.88583374023, 102.18506622314453, 443.9439392089844, 316.65150059917454
WIN , 27233.05731201172, -20.81159210205078, 69.19734954833984, 26.69907579608992, 1020, 148.8853759765625, 331, 31, 314891.63832092285, 98.04178619384766, 455.5184631347656, 308.717292471493
WIN , 27297.786407470703, -20.1611328125, 69.73287200927734, 21.47740866048049, 1271, 159.42718505859375, 315, 29, 368937.55113220215, 80.3376235961914, 440.89093017578125, 290.2734469962251
LOSS, 13968.426147460938, -20.966697692871094, 65.4497299194336, 24.766713027413008, 564, 223.0, 362, 9, 179528.23267364502, 34.3233642578125, 443.6723937988281, 318.31246927951247
LOSS, 19429.223388671875, -18.6700439453125, 62.91899871826172, 25.298467953999836, 768, 207.0, 348, 18, 239128.801322937, 52.19783020019531, 456.3587951660156, 311.36562672257423
LOSS, 10745.892578125, -17.35771942138672, 61.07709503173828, 30.615078570156694, 351, 223.0, 376, 11, 108988.15839385986, 73.8879623413086, 436.98785400390625, 310.50757377168054
LOSS, 15161.946044921875, -20.346115112304688, 63.812461853027344, 28.879897228422617, 525, 223.0, 364, 7, 157399.3306312561, 50.670833587646484, 452.0356750488281, 299.8082488214402
LOSS, 24885.65000152588, -41.00048828125, 86.04774475097656, 23.085018554291167, 1078, 193.6999969482422, 328, 19, 300137.1453895569, 36.684349060058594, 460.4791564941406, 278.4203575042272
LOSS, 8768.718017578125, -21.34002685546875, 63.495399475097656, 32.4767333984375, 270, 207.0, 381, 3, 89106.59078216553, 121.53781127929688, 447.11566162109375, 330.02441030431675
LOSS, 7626.32421875, -15.670013427734375, 58.303749084472656, 34.19876331278027, 223, 207.0, 385, 4, 75533.1411895752, 206.103515625, 468.51690673828125, 338.71363762141345
WIN , 26482.802505493164, -34.11262512207031, 67.2182388305664, 20.24679090634034, 1308, 169.39498901367188, 312, 21, 411140.7282180786, 62.187374114990234, 472.9385681152344, 314.3277738670326
LOSS, 6977.8927001953125, -22.82624053955078, 66.3374252319336, 20.109200865116176, 347, 223.0, 376, 5, 98833.80912780762, 75.57933044433594, 453.8247985839844, 284.8236574288404
LOSS, 7521.619728088379, -17.35771942138672, 60.429298400878906, 40.00861557493818, 188, 209.6999969482422, 387, 6, 61035.22596740723, 129.57962036132812, 437.5935974121094, 324.6554572734427
WIN , 27265.250003814697, -25.704681396484375, 70.63505935668945, 20.562028660493738, 1326, 124.49999237060547, 311, 25, 417239.4577102661, 73.23070526123047, 447.1199645996094, 314.6602245175461
LOSS, 19516.933570861816, -17.662879943847656, 66.0500259399414, 25.918902484544244, 753, 180.6299285888672, 349, 15, 221523.82499694824, 82.00959777832031, 477.463134765625, 294.188346609493
LOSS, 6895.43798828125, -11.527137756347656, 68.9711685180664, 40.56139993106618, 170, 207.0, 388, 4, 59513.879486083984, 266.3299255371094, 454.4173583984375, 350.08164403578814
LOSS, 12307.416015625, -17.662269592285156, 60.39374542236328, 32.73248940325798, 376, 223.0, 374, 7, 124453.68465423584, 124.30074310302734, 461.017822265625, 330.99384216552085
LOSS, 20206.950485229492, -26.18492889404297, 62.803565979003906, 21.070855563325853, 959, 177.10000610351562, 336, 24, 303879.8607788086, 71.04391479492188, 453.7173767089844, 316.8715962239923
WIN , 27309.80992126465, -34.0, 77.15109252929688, 22.930151067392654, 1191, 175.38015747070312, 320, 19, 336130.09477615356, 56.18229293823242, 466.7137451171875, 282.2251005677192
LOSS, 6779.0, -14.966941833496094, 64.50003814697266, 29.732456140350877, 228, 207.0, 384, 4, 72206.7384262085, 115.48224639892578, 454.6304931640625, 316.69622116758114
LOSS, 18134.300003051758, -23.331825256347656, 68.86556243896484, 22.925790142922576, 791, 196.39999389648438, 347, 15, 243071.15071105957, 58.22140884399414, 460.87451171875, 307.29601859805257
LOSS, 23471.628173828125, -22.451148986816406, 70.7799301147461, 25.70824553540868, 913, 207.0, 339, 20, 274254.5600967407, 77.53021240234375, 467.0329895019531, 300.38834621767876
LOSS, 20897.65000152588, -21.132896423339844, 66.2352523803711, 25.60986519794838, 816, 209.6999969482422, 345, 20, 245339.87504196167, 61.01554489135742, 447.52325439453125, 300.6616115710315
LOSS, 12530.713989257812, -39.0, 65.4198226928711, 15.527526628572259, 807, 191.0, 346, 10, 214593.09491729736, 39.51069259643555, 453.8860778808594, 265.9146157587328
LOSS, 5041.0, -21.34002685546875, 61.41229248046875, 24.352657004830917, 207, 223.0, 386, 3, 66675.70254516602, 89.7002182006836, 457.434326171875, 322.1048432133624
LOSS, 22571.0, -17.662879943847656, 61.72843933105469, 30.175133689839573, 748, 223.0, 350, 11, 237511.35786819458, 57.35994338989258, 460.0375671386719, 317.5285532997254
LOSS, 7438.101432800293, -16.00006103515625, 64.72547149658203, 34.920664003757246, 213, 208.19288635253906, 385, 3, 71467.93239593506, 119.5771484375, 446.9618835449219, 335.5301990419486
LOSS, 21132.53525543213, -37.00048828125, 71.2157211303711, 12.956796600510195, 1631, 209.6999969482422, 291, 12, 365798.4147949219, 43.30752182006836, 466.13629150390625, 224.27861115568479
LOSS, 3608.0947265625, -23.7164306640625, 60.14033508300781, 18.315201657677665, 197, 223.0, 386, 3, 52991.85350036621, 61.486534118652344, 438.5913391113281, 268.99418020490464
WIN , 27153.37481689453, -19.49017333984375, 67.1810073852539, 27.018283399895054, 1005, 168.2503662109375, 332, 25, 315135.4924545288, 88.84969329833984, 455.95123291015625, 313.5676541836107
LOSS, 22828.261474609375, -19.908950805664062, 61.19384765625, 29.997715472548457, 761, 207.0, 349, 18, 245932.94412612915, 49.79449462890625, 454.3779296875, 323.1707544364378
LOSS, 10544.852661132812, -18.204200744628906, 69.9672622680664, 26.763585434347238, 394, 207.0, 373, 8, 116346.21588134766, 73.46222686767578, 461.48504638671875, 295.294964165857
LOSS, 13479.736694335938, -17.136009216308594, 62.224342346191406, 35.566587583999834, 379, 207.0, 374, 13, 129851.17637634277, 162.9259490966797, 443.45050048828125, 342.61524109852974
LOSS, 22096.21875, -22.781089782714844, 60.965187072753906, 25.813339661214954, 856, 191.0, 342, 17, 275657.11695861816, 97.96025085449219, 459.888427734375, 322.02934224137636
LOSS, 24996.978515625, -32.508399963378906, 67.9146499633789, 18.21937209593659, 1372, 207.0, 308, 21, 356352.257232666, 64.84615325927734, 448.4397888183594, 259.7319659130219
LOSS, 14348.980178833008, -18.14130401611328, 64.3617935180664, 32.463756060708164, 442, 196.39999389648438, 370, 12, 143812.28927612305, 70.19894409179688, 464.8627014160156, 325.3671703079707
LOSS, 11393.999877929688, -19.510841369628906, 59.488487243652344, 22.081395112266836, 516, 223.0, 365, 7, 162921.07482147217, 93.79592895507812, 461.8829040527344, 315.7385170958763
LOSS, 14936.537109375, -16.455223083496094, 65.9062728881836, 26.25050458589631, 569, 223.0, 362, 11, 186588.385597229, 118.4880599975586, 447.4258728027344, 327.92334902852195
WIN , 26024.40000152588, -33.57763671875, 68.7361831665039, 18.549109053118944, 1403, 146.1999969482422, 306, 27, 419805.0631790161, 71.32328033447266, 465.9713439941406, 299.2195746108454
WIN , 26974.0, -18.463523864746094, 89.693603515625, 23.193465176268273, 1163, 207.0, 322, 27, 317344.3275756836, 62.579383850097656, 462.0207824707031, 272.86700565407017
LOSS, 10564.819580078125, -16.91527557373047, 62.53875732421875, 28.630947371485433, 369, 223.0, 375, 6, 130094.87817382812, 91.7494888305664, 465.2758483886719, 352.5606454575288
LOSS, 18655.0439453125, -18.139938354492188, 68.2979507446289, 29.378021961122048, 635, 175.0, 357, 14, 208487.79866027832, 65.779052734375, 484.0008239746094, 328.32724198469026
LOSS, 21404.279541015625, -19.281654357910156, 65.7503433227539, 25.788288603633283, 830, 207.0, 344, 15, 252372.1103439331, 80.29071807861328, 454.5184631347656, 304.0627835469074
LOSS, 14712.524658203125, -26.086151123046875, 65.8037338256836, 22.393492630446158, 657, 223.0, 356, 8, 192379.25923538208, 52.70063781738281, 443.5243835449219, 292.81470203254503
LOSS, 19672.555908203125, -21.794815063476562, 57.27106857299805, 21.500061101861338, 915, 207.0, 338, 20, 294803.00074768066, 68.77979278564453, 460.3301696777344, 322.1890718553887
WIN , 26304.41293334961, -17.662879943847656, 66.8059310913086, 27.145936979720958, 969, 146.17413330078125, 335, 31, 299724.45838165283, 65.78524017333984, 453.6819763183594, 309.3131665445334
LOSS, 4505.3507080078125, -13.000030517578125, 55.48468780517578, 24.754674219823144, 182, 207.0, 387, 3, 57963.038665771484, 125.62223815917969, 444.20513916015625, 318.47823442731584
LOSS, 25188.287841796875, -22.793983459472656, 69.8705062866211, 23.2364278983366, 1084, 191.0, 327, 26, 339427.7193336487, 59.259395599365234, 475.6133728027344, 313.1252023373143
LOSS, -1304.3301391601562, -33.7359619140625, 61.83087921142578, -0.21742459395901922, 5999, 205.0, 0, 7, 380277.47577393055, -4.41637659072876, 464.3831787109375, 63.39014431970838
WIN , 26816.0, -19.49017333984375, 77.967529296875, 31.40046838407494, 854, 223.0, 343, 28, 283971.4856567383, 75.02955627441406, 470.73858642578125, 332.5193040477029
LOSS, 10231.388305664062, -18.0462646484375, 65.11038970947266, 30.2703796025564, 338, 207.0, 377, 5, 109632.30818939209, 73.2068099975586, 470.4811706542969, 324.355941388734
LOSS, 16784.10302734375, -36.9998779296875, 65.6694564819336, 28.988088130127373, 579, 223.0, 361, 16, 194757.7307281494, 75.03062438964844, 459.69097900390625, 336.3691376997399
LOSS, 4221.0, -18.904701232910156, 60.8663330078125, 33.23622047244095, 127, 223.0, 391, 2, 40940.73450469971, 119.3579330444336, 442.98870849609375, 322.36798822598195
LOSS, 23992.300003051758, -18.780555725097656, 66.4589614868164, 25.687687369434432, 934, 180.39999389648438, 337, 14, 304834.31577301025, 77.69149017333984, 466.24639892578125, 326.37507042078187
WIN , 27545.786407470703, -18.20465850830078, 82.078857421875, 23.603930083522453, 1167, 143.42718505859375, 322, 21, 350877.69089508057, 72.96305084228516, 471.43524169921875, 300.6664017952704
WIN , 26616.0, -17.662269592285156, 69.70267486572266, 34.03580562659847, 782, 223.0, 347, 20, 253285.88651657104, 49.58391189575195, 458.166259765625, 323.8949955454873
LOSS, 14112.69921875, -18.15350341796875, 62.839576721191406, 24.58658400479094, 574, 223.0, 361, 11, 178343.64990997314, 120.74830627441406, 449.2560729980469, 310.7032228396745
LOSS, 12981.999877929688, -13.61572265625, 67.28446197509766, 35.27717358133067, 368, 207.0, 375, 7, 126351.27407073975, 102.27103424072266, 456.605224609375, 343.34585345309716
WIN , 27649.559997558594, -19.72021484375, 62.829200744628906, 25.816582630773663, 1071, 175.8800048828125, 328, 18, 329239.3845062256, 59.02449035644531, 463.0101013183594, 307.41305742878205
LOSS, 9893.669677734375, -19.933372497558594, 61.40586853027344, 26.03597283614309, 380, 223.0, 374, 13, 119059.31727600098, 92.2342529296875, 453.74371337890625, 313.3139928315815
LOSS, 17957.60329437256, -44.544151306152344, 65.4903335571289, 2.99343278786007, 5999, 201.1337432861328, 0, 12, 802291.6346874237, 27.356637954711914, 459.58477783203125, 133.73756204157755
LOSS, 15332.5771484375, -26.092529296875, 65.45325469970703, 23.661384488329475, 648, 223.0, 356, 9, 220627.01683044434, 80.90852355957031, 481.4752502441406, 340.4737914050067
LOSS, 3640.0302734375, -14.90753173828125, 54.67018127441406, 34.66695498511905, 105, 207.0, 392, 1, 35303.411560058594, 198.29481506347656, 447.9989318847656, 336.22296723865327
LOSS, 14884.648681640625, -21.17333221435547, 63.963233947753906, 26.205367397254623, 568, 223.0, 362, 9, 185983.59048461914, 46.703857421875, 455.2061462402344, 327.4358987405267
LOSS, 16063.50830078125, -18.20404815673828, 65.1387710571289, 24.904664032218992, 645, 175.0, 356, 10, 202150.91987228394, 59.9678840637207, 455.2814025878906, 313.412278871758
LOSS, 14455.650001525879, -17.662269592285156, 60.66925048828125, 22.273728815910445, 649, 193.6999969482422, 356, 15, 198966.99592590332, 46.79369354248047, 450.95013427734375, 306.5747240768926
LOSS, 5214.39208984375, -14.023239135742188, 67.74236297607422, 35.9613247575431, 145, 175.0, 390, 3, 46828.34740447998, 124.31336212158203, 441.52032470703125, 322.95412003089643
LOSS, 12727.7041015625, -18.870094299316406, 66.01599884033203, 30.018170050854952, 424, 223.0, 371, 6, 141508.6430053711, 82.47266387939453, 475.3421325683594, 333.74679954096956
WIN , 27290.0, -21.34033203125, 82.18505859375, 21.27045985970382, 1283, 175.0, 314, 24, 394086.4041481018, 50.40428161621094, 468.26708984375, 307.1600967639141
