LOSS, 27325.993507385254, -34.27717590332031, 45.627052307128906, 6.548285048498743, 4173, 181.3357391357422, 121, 26, 14802.705888912082, -4.090591907501221, 50.338050842285156, 3.5472575818145415
WIN , 27922.753562927246, -43.999755859375, 77.86568450927734, 5.828168140873982, 4791, 189.4928741455078, 80, 38, 76233.57441634685, -8.880960464477539, 87.4981460571289, 15.911829350103705
LOSS, 9549.000175476074, -44.999755859375, 49.626075744628906, 1.59176532346659, 5999, 178.33998107910156, 0, 18, 172380.7437531501, -11.662607192993164, 118.57597351074219, 28.734913111043525
WIN , 28503.05731201172, -35.010353088378906, 58.385581970214844, 14.201822278032745, 2007, 148.8853759765625, 266, 31, 106308.54204836488, -2.8425533771514893, 147.32464599609375, 52.96887994437712
WIN , 29245.05731201172, -19.723846435546875, 75.60359954833984, 23.58472363871913, 1240, 164.8853759765625, 317, 28, 89808.69396924973, 3.4130139350891113, 152.05718994140625, 72.42636610423365
WIN , 28570.0, -32.62267303466797, 76.92626953125, 18.349389852280027, 1557, 175.0, 296, 21, 109001.90874099731, 11.675277709960938, 162.46505737304688, 70.00764851701818
LOSS, 20397.25439453125, -20.662452697753906, 58.452369689941406, 21.071543796003358, 968, 207.0, 335, 21, 79656.95268249512, 25.081024169921875, 168.26629638671875, 82.29024037447843
WIN , 28871.45249938965, -19.498374938964844, 62.333648681640625, 24.03951082380487, 1201, 172.09500122070312, 319, 29, 109542.93423318863, -7.464338779449463, 181.16799926757812, 91.20977038566913
WIN , 27784.0, -20.966697692871094, 75.8650894165039, 18.522666666666666, 1500, 207.0, 299, 33, 136194.05315971375, 2.622537612915039, 188.981201171875, 90.79603543980916
LOSS, 23405.767578125, -24.022785186767578, 58.41484069824219, 22.901925223214285, 1022, 207.0, 331, 15, 102372.87289428711, 16.293859481811523, 205.47604370117188, 100.16915155996782
WIN , 28050.65000152588, -17.96697235107422, 89.0315933227539, 30.622980351010785, 916, 193.6999969482422, 338, 22, 105132.96452999115, 14.493067741394043, 200.33450317382812, 114.77397874453182
LOSS, 8440.71875, -15.721900939941406, 60.215370178222656, 28.515941722972972, 296, 207.0, 380, 5, 32980.371547698975, 24.945636749267578, 189.53050231933594, 111.42017414763167
WIN , 27049.482124328613, -19.144065856933594, 68.20149993896484, 25.835226479779, 1047, 136.03575134277344, 330, 25, 125157.03754425049, 20.968746185302734, 208.600341796875, 119.53871780730705
WIN , 27183.940521240234, -22.253334045410156, 74.8714370727539, 20.18109912489995, 1347, 187.11895751953125, 310, 32, 153261.04084920883, -4.0329694747924805, 230.593505859375, 113.77954034833618
WIN , 27143.32250213623, -43.999755859375, 63.247901916503906, 18.143932153834378, 1496, 128.35499572753906, 300, 24, 181101.29429864883, -15.670502662658691, 238.65585327148438, 121.05701490551392
LOSS, 15114.551429748535, -26.71875, 63.182273864746094, 2.519511823595355, 5999, 195.8971405029297, 0, 21, 612704.7160253525, 13.030450820922852, 228.69046020507812, 102.13447508340597
LOSS, 10685.790672302246, -21.40106201171875, 57.383018493652344, 19.393449496011335, 551, 201.8000030517578, 363, 10, 77794.72589111328, 30.287975311279297, 240.77349853515625, 141.18825025610397
LOSS, 10869.487548828125, -21.3397216796875, 61.577964782714844, 27.728284563337052, 392, 223.0, 373, 4, 58542.29937171936, 19.673622131347656, 268.2934265136719, 149.3426004380596
LOSS, 24090.721923828125, -41.999755859375, 69.0416488647461, 11.19977774236547, 2151, 191.0, 256, 22, 274412.5679550171, -21.90639877319336, 283.0390930175781, 127.57441559972901
LOSS, 21014.00048828125, -38.00048828125, 63.963844299316406, 27.361979802449543, 768, 223.0, 348, 13, 126435.12180328369, 26.012386322021484, 268.89056396484375, 164.62906484802565
LOSS, 19189.07763671875, -17.662879943847656, 64.0273208618164, 26.837870820585664, 715, 191.0, 352, 10, 117712.61383342743, 15.716666221618652, 272.5162353515625, 164.63302634045795
LOSS, 11653.604393005371, -23.9776611328125, 58.569252014160156, 18.03963528329005, 646, 201.8000030517578, 356, 13, 95577.43699455261, -5.085856914520264, 281.888427734375, 147.95268884605667
LOSS, 12046.841796875, -20.576499938964844, 61.795265197753906, 22.30896629050926, 540, 207.0, 363, 14, 83881.38484573364, 33.000953674316406, 303.7337646484375, 155.33589786246972
LOSS, 5258.696029663086, -11.18874740600586, 56.32115936279297, 39.539067892203654, 133, 145.10000610351562, 391, 5, 23342.06379699707, 69.25462341308594, 262.1314697265625, 175.50423907516594
LOSS, 10305.675483703613, -21.46302032470703, 61.35917663574219, 34.12475325729673, 302, 183.40611267089844, 379, 4, 55190.42248535156, 22.370819091796875, 285.6927490234375, 182.7497433289787
WIN , 26146.65000152588, -39.999755859375, 90.9041519165039, 12.816985294865628, 2040, 161.6999969482422, 263, 18, 321352.80270957947, -11.987080574035645, 303.201171875, 157.52588368116642
LOSS, 11461.0, -21.462791442871094, 63.402000427246094, 28.159705159705158, 407, 223.0, 372, 10, 70788.16011047363, 35.193965911865234, 282.80572509765625, 173.92668331811703
WIN , 26884.0, -37.0, 87.646484375, 17.548302872062663, 1532, 207.0, 297, 33, 257598.73579883575, 12.916205406188965, 300.9985656738281, 168.1453889026343
LOSS, 20957.32041168213, -16.505958557128906, 62.335716247558594, 26.663257521224082, 786, 209.6999969482422, 347, 16, 149224.45849990845, 34.14260482788086, 324.78851318359375, 189.85300063601585
LOSS, 26771.353515625, -18.462913513183594, 64.2659683227539, 26.297989701006877, 1018, 207.0, 332, 19, 196657.29737472534, 50.85795974731445, 312.6934814453125, 193.180056360241
LOSS, 14572.22095489502, -15.999755859375, 60.047508239746094, 31.74775807166671, 459, 189.19334411621094, 369, 19, 88727.3327293396, 54.04654312133789, 299.8260498046875, 193.30573579376818
LOSS, 14836.121421813965, -38.9998779296875, 56.841651916503906, 13.11770240655523, 1131, 183.1917266845703, 324, 13, 199648.01443862915, 52.732032775878906, 334.6716613769531, 176.52344335864646
WIN , 28185.415954589844, -20.662147521972656, 64.1890640258789, 24.172740955908957, 1166, 164.1680908203125, 322, 24, 243666.25188446045, 59.314117431640625, 339.20355224609375, 208.97620230228168
LOSS, 11218.038818359375, -21.823646545410156, 63.282981872558594, 25.49554276899858, 440, 186.447998046875, 370, 7, 81132.37227249146, 44.701744079589844, 320.2756652832031, 184.3917551647533
WIN , 26885.300003051758, -41.9998779296875, 79.8812026977539, 13.089240507814877, 2054, 164.39999389648438, 263, 27, 347625.31076049805, -1.0097064971923828, 342.1773681640625, 169.24309189897664
LOSS, 7484.166778564453, -19.084495544433594, 60.384727478027344, 31.84751820665725, 235, 183.58538818359375, 384, 4, 51219.903663635254, 89.85004425048828, 309.7065734863281, 217.957036866533
LOSS, 16160.92138671875, -29.376136779785156, 59.061485290527344, 19.660488305010645, 822, 207.0, 345, 17, 155748.40420150757, 32.00918197631836, 326.86566162109375, 189.47494428407248
LOSS, 17302.06640625, -45.690284729003906, 58.424293518066406, 14.275632348391088, 1212, 207.0, 319, 14, 220944.7888393402, 29.728605270385742, 336.6941223144531, 182.29768056051174
LOSS, 19571.32958984375, -43.350196838378906, 64.7780532836914, 7.498593712583812, 2610, 223.0, 225, 20, 395358.78239512444, 1.6131103038787842, 344.6825866699219, 151.47846068778713
LOSS, 11365.129760742188, -19.13629150390625, 64.4747085571289, 35.07756098994502, 324, 207.0, 378, 5, 78653.68223571777, 65.62931060791016, 350.5818176269531, 242.75827850530177
LOSS, 18589.0, -18.77500343322754, 64.3758316040039, 32.55516637478109, 571, 207.0, 361, 14, 130738.84469604492, 84.7001724243164, 349.9562072753906, 228.9647017443869
LOSS, 11901.0, -18.462913513183594, 59.50232696533203, 24.742203742203742, 481, 223.0, 367, 6, 97424.6767501831, 31.17227554321289, 357.63018798828125, 202.54610550973618
WIN , 25232.0, -41.9998779296875, 90.9798355102539, 11.616942909760589, 2172, 191.0, 255, 30, 379871.8803691864, 9.086467742919922, 364.31982421875, 174.89497254566592
LOSS, 5005.349853515625, -19.858753204345703, 66.22000885009766, 45.503180486505684, 110, 154.447998046875, 392, 7, 26075.221450805664, 67.80756378173828, 356.10198974609375, 237.04746773459695
LOSS, 12806.93285369873, -26.6644287109375, 64.6663589477539, 25.716732637949256, 498, 176.19288635253906, 366, 12, 109344.43395996094, 59.801395416259766, 364.9178771972656, 219.567136465785
LOSS, 17506.01708984375, -39.0, 62.698585510253906, 20.965289927956587, 835, 223.0, 344, 10, 180144.2043838501, 33.79317092895508, 358.750244140625, 215.74156213634743
LOSS, 12779.0, -19.361923217773438, 65.8370132446289, 20.949180327868852, 610, 207.0, 359, 15, 122841.0038356781, 28.4962100982666, 362.9327087402344, 201.37869481258704
LOSS, 14604.2568359375, -18.52880096435547, 56.215431213378906, 24.099433722669144, 606, 223.0, 359, 14, 141037.80080413818, 55.52764892578125, 384.1985778808594, 232.73564489131712
LOSS, 21185.4794921875, -19.290283203125, 62.580177307128906, 21.270561739144075, 996, 207.0, 333, 23, 222340.48888397217, 33.00271224975586, 382.5272521972656, 223.23342257426924
WIN , 27064.0, -20.1611328125, 69.205322265625, 16.205988023952095, 1670, 207.0, 288, 32, 371915.86583328247, 62.100040435791016, 390.7430114746094, 222.70411127741465
LOSS, 9248.253440856934, -22.928543090820312, 66.2697525024414, 14.4956950483651, 638, 201.8000030517578, 357, 8, 129091.91807937622, 50.521697998046875, 361.3965148925781, 202.33842959149877
LOSS, 7176.065574645996, -18.46306610107422, 61.56951904296875, 26.876650092307102, 267, 169.8000030517578, 382, 6, 60321.48496246338, 37.50619888305664, 364.3097839355469, 225.92316465342088
WIN , 27760.0, -20.945335388183594, 71.44287109375, 23.327731092436974, 1190, 175.0, 320, 29, 285728.2374038696, 59.22095489501953, 386.82391357421875, 240.10776252426018
LOSS, 20905.000244140625, -20.078506469726562, 64.8595199584961, 22.972527740813874, 910, 223.0, 339, 20, 202642.42734527588, 36.44890594482422, 393.7189025878906, 222.68398609370976
LOSS, 23164.786376953125, -39.0, 63.660499572753906, 18.45799711311006, 1255, 175.0, 316, 17, 257315.85023498535, 10.947778701782227, 402.91680908203125, 205.03254998803612
LOSS, 16623.568603515625, -35.0001220703125, 66.0503158569336, 15.349555497244344, 1083, 191.0, 327, 12, 223328.63760375977, 13.583093643188477, 383.9244079589844, 206.21296177632482
LOSS, 10887.650001525879, -19.0604248046875, 66.3017807006836, 25.144688225232976, 433, 209.6999969482422, 371, 10, 106732.25306129456, 31.232961654663086, 386.3053894042969, 246.49481076511444
WIN , 27814.753562927246, -39.099647521972656, 61.77838897705078, 21.346702657657133, 1303, 205.4928741455078, 313, 27, 304936.8050804138, 37.53872299194336, 389.60723876953125, 234.026711496864
WIN , 26749.688247680664, -39.0, 78.47459411621094, 18.877691071051984, 1417, 175.62350463867188, 305, 30, 303887.2506842613, 1.643918514251709, 405.06634521484375, 214.45818679199812
LOSS, -8575.743827819824, -28.93316650390625, 64.3304214477539, -1.429528892785435, 5999, 227.82737731933594, 0, 6, 811561.3109855652, 31.0845947265625, 372.7956848144531, 135.2827656251984
LOSS, 17769.01220703125, -48.90796661376953, 63.035499572753906, 12.989044010987756, 1368, 207.0, 308, 17, 309858.12089920044, 50.41270446777344, 402.82147216796875, 226.5044743415208
LOSS, 11511.0, -34.0, 63.121849060058594, 19.710616438356166, 584, 223.0, 361, 15, 132498.9023628235, 32.842567443847656, 394.6776123046875, 226.8816821281224
LOSS, 16966.70556640625, -43.999755859375, 65.4430160522461, 12.285811416659124, 1381, 223.0, 307, 16, 279793.6318912506, 12.718149185180664, 398.66015625, 202.6021954317528
LOSS, 8701.639770507812, -17.66242218017578, 64.87020111083984, 31.413861987392824, 277, 207.0, 381, 3, 71913.94410324097, 34.834075927734375, 411.18511962890625, 259.6171267265017
LOSS, 10736.098022460938, -18.9091796875, 65.9230728149414, 33.34191932441285, 322, 170.447998046875, 378, 10, 89280.11172485352, 106.22759246826172, 406.4259338378906, 277.26742771693637
WIN , 28439.707305908203, -24.654541015625, 77.91439056396484, 18.784483029001454, 1514, 135.58538818359375, 299, 25, 369054.57874679565, 33.837459564208984, 412.71282958984375, 243.76128054610018
LOSS, 14130.955368041992, -18.462913513183594, 62.054664611816406, 30.00202838225476, 471, 191.81484985351562, 368, 10, 119771.26667785645, 39.607391357421875, 406.9928894042969, 254.29143668334703
WIN , 27841.40355682373, -21.080848693847656, 78.38692474365234, 24.747914272732206, 1125, 192.19288635253906, 324, 32, 302678.2289047241, 19.594268798828125, 421.9971923828125, 269.047314581977
LOSS, 20414.030586242676, -33.0001220703125, 65.5248031616211, 24.302417364574612, 840, 183.40611267089844, 343, 18, 220986.41453552246, 47.12554168701172, 429.01837158203125, 263.07906492324105
LOSS, 13714.261474609375, -26.866455078125, 63.867027282714844, 21.163983757113233, 648, 175.0, 356, 11, 153731.9282798767, 51.939144134521484, 409.901123046875, 237.24063006153813
LOSS, 21625.780029296875, -32.59063720703125, 66.6161117553711, 17.176949983555897, 1259, 175.0, 316, 23, 287289.8408355713, 46.7625846862793, 408.3966979980469, 228.18891249846806
LOSS, 21437.180419921875, -21.1578369140625, 62.06779479980469, 22.87852766267009, 937, 223.0, 337, 22, 242814.0446243286, 62.69316101074219, 413.052490234375, 259.139855522229
LOSS, 20223.9638671875, -18.463523864746094, 65.3060073852539, 30.140035569578988, 671, 223.0, 355, 18, 182791.1167526245, 47.56520080566406, 434.8631591796875, 272.41597131538674
LOSS, 13295.000244140625, -19.54491424560547, 64.9410171508789, 33.829517160663165, 393, 223.0, 373, 10, 103461.97841644287, 55.15694808959961, 419.4291076660156, 263.2620315940022
LOSS, 20085.29443359375, -36.0, 66.1424789428711, 26.428018991570724, 760, 223.0, 349, 18, 208020.938457489, 47.450836181640625, 416.5419616699219, 273.71176112827504
LOSS, 8431.599998474121, -21.061866760253906, 66.35245513916016, 23.750985911194707, 355, 201.8000030517578, 376, 7, 87961.66317558289, 16.212125778198242, 410.32232666015625, 247.77933288896588
LOSS, 8093.3255615234375, -36.0001220703125, 56.14013671875, 21.410914183924437, 378, 207.0, 374, 4, 97579.41652679443, 53.8411865234375, 416.0234069824219, 258.14660456823924
LOSS, 4109.0, -17.662269592285156, 58.33777618408203, 26.856209150326798, 153, 207.0, 389, 2, 42144.42281341553, 110.75617218017578, 407.796142578125, 275.45374387853286
LOSS, 15102.33056640625, -17.662269592285156, 64.1216049194336, 27.211406425957207, 555, 223.0, 362, 15, 138837.4567451477, 29.535659790039062, 424.3236389160156, 250.15757972098686
LOSS, -9482.93547821045, -29.900978088378906, 55.79754638671875, -1.5807527051526002, 5999, 230.87095642089844, 0, 5, 661223.9497013092, 5.758725166320801, 427.32855224609375, 110.2223620105533
LOSS, 19597.6298828125, -26.536865234375, 55.022193908691406, 23.611602268448795, 830, 191.0, 344, 18, 230087.82664871216, 60.41667556762695, 434.6409912109375, 277.214248974352
WIN , 27171.707305908203, -40.00048828125, 84.58919525146484, 19.576158001374786, 1388, 151.58538818359375, 307, 34, 359147.5024433136, 26.898550033569336, 450.72607421875, 258.75180291305014
WIN , 27615.300003051758, -44.77893829345703, 86.1586685180664, 16.083459524200208, 1717, 164.39999389648438, 285, 30, 431834.6141357422, 35.775421142578125, 441.2283020019531, 251.5053081745732
LOSS, 13784.21728515625, -25.599082946777344, 64.7042007446289, 28.131055683992347, 490, 207.0, 367, 8, 139974.11960601807, 48.0860481262207, 436.8298645019531, 285.66146858371036
LOSS, 8054.25537109375, -17.662269592285156, 68.7941665649414, 35.481301194245596, 227, 175.0, 384, 4, 65255.01697540283, 71.11705780029297, 429.4584045410156, 287.46703513393317
LOSS, 19692.40478515625, -22.227783203125, 69.75728607177734, 18.233708134403937, 1080, 175.0, 327, 15, 269908.63789367676, 52.84529495239258, 476.4353332519531, 249.9154054571081
LOSS, 8231.365966796875, -12.9998779296875, 65.18119049072266, 44.73568460215693, 184, 175.0, 387, 6, 56060.62860870361, 110.31024169921875, 428.89227294921875, 304.6773293951283
WIN , 27064.0, -38.0, 66.361083984375, 15.4123006833713, 1756, 207.0, 282, 34, 411611.8211517334, 30.60989761352539, 451.9064636230469, 234.40308721624908
LOSS, 22517.69384765625, -18.963623046875, 60.913917541503906, 23.407166161804835, 962, 207.0, 335, 21, 260192.23945617676, 41.37960433959961, 447.0301208496094, 270.47010338479913
LOSS, 22509.401611328125, -29.566650390625, 57.173683166503906, 20.260487498945206, 1111, 207.0, 325, 22, 315622.4580001831, 66.42402648925781, 430.1375427246094, 284.08862106227105
LOSS, 8412.732177734375, -19.26323699951172, 61.294471740722656, 20.41925285857858, 412, 223.0, 372, 6, 112200.64476776123, 83.9498062133789, 422.0126647949219, 272.3316620576729
LOSS, 11869.162475585938, -19.72052001953125, 60.16166687011719, 28.395125539679277, 418, 191.0, 372, 12, 124659.44756317139, 51.27501678466797, 441.2659606933594, 298.22834345256314
WIN , 28052.83213043213, -19.477294921875, 74.01204681396484, 20.810706328213744, 1348, 149.3357391357422, 310, 30, 368035.97577667236, 9.395462036132812, 441.6232604980469, 273.0237209025759
LOSS, 22020.63744354248, -45.00006103515625, 61.887123107910156, 21.610046558922946, 1019, 208.19288635253906, 332, 13, 276760.5421676636, 22.997421264648438, 435.93426513671875, 271.60013951684357
WIN , 27062.753562927246, -26.092529296875, 66.8419418334961, 19.372049794507692, 1397, 189.4928741455078, 306, 19, 417206.76500320435, 47.384422302246094, 439.8696594238281, 298.6447852564097
LOSS, 7236.559997558594, -21.114845275878906, 57.056190490722656, 17.60720194053186, 411, 191.8800048828125, 372, 5, 100958.77460479736, 74.31346130371094, 410.10498046875, 245.64178735960428
LOSS, 10436.732177734375, -39.0, 63.091957092285156, 21.212870279947918, 492, 185.0, 367, 11, 142992.55891609192, 27.00716209411621, 428.9702453613281, 290.6352823497803
LOSS, 17366.16552734375, -38.8433837890625, 60.02276611328125, 14.016275647573648, 1239, 207.0, 317, 15, 309222.7370529175, 44.074485778808594, 446.85540771484375, 249.57444475618846
LOSS, 16012.7822265625, -40.39366912841797, 56.184913635253906, 20.715112841607375, 773, 223.0, 348, 14, 207226.18490076065, 6.971590518951416, 454.29815673828125, 268.0804461846839
WIN , 24506.65000152588, -56.559837341308594, 89.7310562133789, 7.284973246589144, 3364, 161.6999969482422, 175, 32, 625547.4063558578, 13.539437294006348, 438.2652893066406, 185.95345016523717
LOSS, 14154.3310546875, -24.9822998046875, 65.92459869384766, 30.37410097572425, 466, 175.0, 368, 11, 138192.37195587158, 81.21622467041016, 420.5641174316406, 296.5501544117416
LOSS, 14598.047119140625, -16.946937561035156, 57.894508361816406, 27.33716688977645, 534, 223.0, 364, 12, 164495.77532958984, 82.16127014160156, 447.6187438964844, 308.04452308911954
LOSS, 8765.910888671875, -31.734657287597656, 56.795799255371094, 13.181820885220864, 665, 223.0, 355, 6, 184875.73230934143, 23.67189598083496, 434.9600524902344, 278.00862001404727
LOSS, 18960.6767578125, -26.092529296875, 66.3225326538086, 25.450572829278524, 745, 191.0, 350, 16, 221307.7539253235, 38.636329650878906, 447.4961853027344, 297.05738781922616
LOSS, 17665.826171875, -21.046142578125, 68.7688217163086, 29.2965608157131, 603, 207.0, 359, 17, 183863.250831604, 89.25511169433594, 430.27984619140625, 304.9141804835887
WIN , 26143.68825149536, -28.28331756591797, 79.1911506652832, 13.490035217489867, 1938, 127.62349700927734, 270, 21, 438802.4659576416, 33.27602767944336, 428.9125671386719, 226.4202610720545
LOSS, 8280.025024414062, -18.462913513183594, 61.4007568359375, 40.99022289313892, 202, 175.0, 386, 10, 64753.88235473633, 188.92501831054688, 432.5857849121094, 320.5637740333482
LOSS, 21019.276000976562, -26.092529296875, 68.3895034790039, 24.077063002264104, 873, 186.447998046875, 341, 14, 261096.30989074707, 37.207054138183594, 434.20257568359375, 299.07939277290615
LOSS, 19195.299270629883, -17.527503967285156, 66.2490005493164, 27.500428754484073, 698, 180.39999389648438, 353, 14, 210928.79512786865, 76.73348999023438, 446.4486083984375, 302.19025089952527
WIN , 27404.0, -21.074661254882812, 70.770263671875, 22.135702746365105, 1238, 207.0, 317, 30, 371932.3410644531, 70.46765899658203, 436.54632568359375, 300.43000085981674
LOSS, 12779.80704498291, -21.463096618652344, 67.1281967163086, 28.149354724631962, 454, 152.4550018310547, 369, 7, 129891.72598266602, 112.29659271240234, 444.1878356933594, 286.10512330983704
LOSS, 11510.511352539062, -16.00006103515625, 63.052589416503906, 29.897432084517046, 385, 191.0, 374, 7, 118651.94944763184, 88.68014526367188, 441.157470703125, 308.1868816821606
LOSS, 26412.604736328125, -22.0703125, 62.83942413330078, 24.320998836397905, 1086, 207.0, 327, 26, 318777.41077423096, 62.0670166015625, 434.23114013671875, 293.5335274164189
LOSS, 24311.374755859375, -25.2099609375, 67.7098617553711, 27.43947489374647, 886, 223.0, 340, 25, 261336.42153549194, 27.18874740600586, 434.4243469238281, 294.96210105586
LOSS, 16859.36328125, -21.061866760253906, 66.31429290771484, 25.27640671851574, 667, 191.0, 355, 14, 202768.43939971924, 59.858245849609375, 445.01580810546875, 304.00065877019375
LOSS, 7371.0, -23.9776611328125, 59.297401428222656, 20.361878453038674, 362, 223.0, 375, 4, 98098.43933486938, 34.67747497558594, 433.155517578125, 270.99016390847896
WIN , 28446.65000152588, -21.3397216796875, 77.2750015258789, 23.824664992902747, 1194, 161.6999969482422, 320, 24, 359011.3049507141, 55.690311431884766, 445.7376403808594, 300.67948488334514
LOSS, 12696.250366210938, -20.779922485351562, 54.66545104980469, 21.125208596024855, 601, 207.0, 359, 9, 165920.61455917358, 51.02500534057617, 467.1329345703125, 276.0742338754968
LOSS, 25402.662841796875, -28.796737670898438, 73.0255355834961, 24.614983373834182, 1032, 191.0, 331, 18, 312241.6819534302, 67.31710052490234, 458.3306884765625, 302.55976933471914
LOSS, 5524.508544921875, -17.27509307861328, 60.558998107910156, 21.66473939185049, 255, 191.0, 382, 3, 67676.60244369507, 48.87946701049805, 426.3344421386719, 265.39844095566696
LOSS, 18344.947998046875, -20.53156280517578, 67.6402816772461, 26.938249630024778, 681, 191.0, 354, 8, 202405.19123077393, 87.72716522216797, 436.5530700683594, 297.2176082683905
LOSS, 22299.9248046875, -35.999969482421875, 67.8292007446289, 9.264613545777939, 2407, 191.0, 239, 20, 482826.8847770691, 31.90792465209961, 450.8614196777344, 200.59280630538808
LOSS, 17120.09912109375, -15.6121826171875, 68.0040512084961, 36.81741746471774, 465, 223.0, 368, 14, 149389.2772140503, 62.5916748046875, 447.70233154296875, 321.2672628259146
LOSS, 9614.8349609375, -19.15283966064453, 65.1924819946289, 29.313521222370426, 328, 207.0, 378, 9, 101582.92412567139, 84.68678283691406, 439.65350341796875, 309.7040369685103
LOSS, 4400.058654785156, -15.83203125, 57.638160705566406, 29.333724365234374, 150, 207.0, 389, 1, 50752.775650024414, 169.2352752685547, 430.9918518066406, 338.35183766682945
LOSS, 11105.711669921875, -18.56298065185547, 56.920677185058594, 24.301338446218544, 457, 175.0, 369, 8, 137960.56034851074, 89.92108917236328, 434.0565490722656, 301.883064219936
LOSS, 21836.455322265625, -22.04345703125, 63.009864807128906, 24.128679914105664, 905, 223.0, 339, 16, 269514.3549194336, 60.456199645996094, 471.50030517578125, 297.80591703804816
LOSS, 19418.7841796875, -20.22753143310547, 60.80237579345703, 24.58073946795886, 790, 175.0, 347, 12, 252307.18228149414, 86.36766815185547, 444.42706298828125, 319.37618010315714
LOSS, 13000.947021484375, -18.055694580078125, 62.547218322753906, 26.264539437342172, 495, 207.0, 366, 10, 158513.01930236816, 124.4810791015625, 449.3816223144531, 320.228321822966
LOSS, 9529.0, -19.72021484375, 58.50005340576172, 27.78134110787172, 343, 207.0, 377, 7, 109811.09279632568, 116.54932403564453, 446.22406005859375, 320.1489585898708
LOSS, 12957.30581665039, -18.0462646484375, 61.4559326171875, 21.998821420459066, 589, 183.58538818359375, 360, 15, 170215.1314163208, 97.94386291503906, 446.1241149902344, 288.9900363604767
LOSS, 11724.744140625, -17.66242218017578, 70.1149673461914, 29.093657917183624, 403, 191.0, 373, 10, 127358.94618225098, 40.41090774536133, 447.54766845703125, 316.02716174255823
LOSS, 18713.636474609375, -21.463096618652344, 66.5657730102539, 28.7902099609375, 650, 175.0, 356, 14, 212709.95587158203, 99.01571655273438, 471.7822570800781, 327.24608595628007
LOSS, 10046.831298828125, -17.66242218017578, 63.161842346191406, 29.121250141530798, 345, 223.0, 376, 5, 105448.3007736206, 50.78612518310547, 431.06048583984375, 305.6472486191902
LOSS, 23337.0, -35.0, 67.4373550415039, 18.896356275303642, 1235, 191.0, 317, 17, 398046.76232910156, 72.92408752441406, 451.3461608886719, 322.30507071182313
LOSS, 7291.599998474121, -19.13629150390625, 58.45039367675781, 34.23286384260151, 213, 201.8000030517578, 385, 5, 66260.63439178467, 88.19927978515625, 434.89324951171875, 311.082790571759
LOSS, 14285.650001525879, -18.20404815673828, 64.0639419555664, 26.45490741023311, 540, 193.6999969482422, 363, 9, 161842.8491744995, 60.173187255859375, 429.6730651855469, 299.7089799527769
LOSS, 7477.650001525879, -19.94476318359375, 57.2418212890625, 25.78500000526165, 290, 209.6999969482422, 380, 3, 86342.99580383301, 130.08944702148438, 437.4651184082031, 297.73446828907936
WIN , 27426.0, -33.000244140625, 62.33740997314453, 20.73015873015873, 1323, 223.0, 311, 29, 376414.96647644043, 56.672523498535156, 446.4066162109375, 284.5162256057751
LOSS, 25721.59999847412, -18.855369567871094, 68.90372467041016, 22.64225351978356, 1136, 201.8000030517578, 324, 16, 319595.2051086426, 66.82083892822266, 444.6240234375, 281.33380731394595
LOSS, 12372.025024414062, -17.66242218017578, 60.908714294433594, 24.84342374380334, 498, 191.0, 366, 4, 145377.7822265625, 94.27517700195312, 437.0429382324219, 291.9232574830572
LOSS, 12643.999877929688, -42.99998474121094, 60.902381896972656, 17.783403485133174, 711, 223.0, 352, 18, 192854.7234840393, 50.747764587402344, 452.9637451171875, 271.2443368270595
LOSS, 6799.0, -18.955642700195312, 53.216773986816406, 18.781767955801104, 362, 207.0, 375, 5, 93518.48561096191, 58.631752014160156, 435.6816711425781, 258.3383580413313
LOSS, 10687.283569335938, -22.83197784423828, 57.40715026855469, 17.154548265386737, 623, 223.0, 358, 12, 161537.64566802979, 59.81843948364258, 459.1693420410156, 259.28996094386804
LOSS, 12775.253242492676, -21.7667236328125, 65.3316421508789, 28.57998488253395, 447, 194.49351501464844, 370, 6, 138242.81660461426, 108.39730834960938, 436.60205078125, 309.2680460953339
LOSS, 12161.0, -19.361923217773438, 62.673561096191406, 24.56767676767677, 495, 223.0, 366, 10, 148801.41243743896, 73.7690200805664, 450.4212951660156, 300.60891401502823
LOSS, 5640.36173248291, -16.13641357421875, 62.947288513183594, 23.798994651826625, 237, 186.0166473388672, 384, 9, 75871.74337005615, 86.24275207519531, 447.9540100097656, 320.13393827027915
LOSS, 18093.83213043213, -17.662879943847656, 60.14213562011719, 27.70877814767554, 653, 197.3357391357422, 356, 14, 207864.41889953613, 80.18131256103516, 438.6634216308594, 318.3222341493662
WIN , 28854.0, -32.809608459472656, 65.863037109375, 20.984727272727273, 1375, 207.0, 308, 32, 408396.02350234985, 40.32630920410156, 464.6917419433594, 297.0152898198908
LOSS, 26527.897705078125, -23.626014709472656, 64.2088851928711, 25.40986370218211, 1044, 207.0, 330, 25, 329396.9164657593, 43.24201583862305, 434.3779296875, 315.5142878024514
LOSS, 9312.83309173584, -36.69921875, 58.79791259765625, 18.189127132296562, 512, 216.6861114501953, 365, 6, 146054.4425201416, 100.28487396240234, 450.3146667480469, 285.26258304715157
LOSS, 8442.57421875, -24.4730224609375, 62.533790588378906, 31.50214260727612, 268, 207.0, 382, 5, 81562.13984680176, 65.11239624023438, 438.6405029296875, 304.3363427119469
LOSS, 18981.50146484375, -22.04345703125, 62.931434631347656, 28.672962937830437, 662, 175.0, 355, 14, 211941.99430084229, 93.77234649658203, 438.67718505859375, 320.15406994084935
LOSS, 12285.229614257812, -13.720458984375, 56.30157470703125, 32.41485386347708, 379, 154.447998046875, 374, 8, 121981.21128845215, 91.9924087524414, 439.1207580566406, 321.85016171095555
WIN , 27445.300003051758, -29.547874450683594, 90.1058120727539, 15.79131185446016, 1738, 164.39999389648438, 284, 16, 446912.66495895386, 58.82898712158203, 447.6131591796875, 257.14192460239
LOSS, 20870.12060546875, -27.2550048828125, 58.754783630371094, 22.734336171534586, 918, 207.0, 338, 19, 255419.31733322144, 32.320682525634766, 441.9914855957031, 278.2345504719188
LOSS, 15980.265869140625, -35.94793701171875, 66.8913803100586, 18.866901852586334, 847, 207.0, 343, 16, 225327.8194770813, 58.43425369262695, 465.0888366699219, 266.0304834440157
LOSS, 15288.422607421875, -17.21373748779297, 58.61083984375, 30.154679699056953, 507, 207.0, 366, 7, 159400.32884979248, 76.25540161132812, 442.7033386230469, 314.3990707096499
LOSS, 20015.144287109375, -20.272216796875, 62.45429992675781, 28.92361891200777, 692, 223.0, 353, 17, 204771.31596374512, 32.21350860595703, 453.1243896484375, 295.91230630599006
LOSS, 9418.825439453125, -23.5272216796875, 59.37200164794922, 21.21357080957911, 444, 207.0, 370, 4, 124071.73456192017, 44.27593231201172, 436.0946350097656, 279.4408436079283
WIN , 28046.0, -20.002967834472656, 67.9854507446289, 22.20585906571655, 1263, 223.0, 315, 19, 357519.0269470215, 64.75525665283203, 446.2642517089844, 283.07128024308906
LOSS, 8879.76220703125, -18.204200744628906, 60.571319580078125, 30.832507663302952, 288, 223.0, 380, 7, 89475.02573394775, 86.82929229736328, 450.547607421875, 310.6771726873186
LOSS, 14413.42431640625, -36.0, 62.672340393066406, 16.3975248195748, 879, 223.0, 341, 9, 237725.30703353882, 52.12784194946289, 466.7167663574219, 270.4497235876437
LOSS, 13353.8583984375, -22.26282501220703, 58.622047424316406, 27.647739955357142, 483, 207.0, 367, 8, 151682.5234451294, 87.52789306640625, 442.2706604003906, 314.04249160482277
LOSS, 10812.599876403809, -17.662269592285156, 60.80291748046875, 24.243497480726028, 446, 185.8000030517578, 370, 9, 147097.7684020996, 153.2981719970703, 461.25164794921875, 329.81562421995426
LOSS, 5795.6302490234375, -18.46306610107422, 62.194740295410156, 26.10644256316864, 222, 207.0, 385, 4, 72836.5104675293, 165.85610961914062, 436.0094909667969, 328.0923894933752
LOSS, 14220.698486328125, -21.3397216796875, 65.64566802978516, 32.39339062944903, 439, 223.0, 370, 13, 144895.3689956665, 69.27139282226562, 444.6506042480469, 330.0577881450262
LOSS, 17872.73300933838, -19.583526611328125, 67.8209457397461, 30.86827808175886, 579, 209.6999969482422, 361, 11, 194665.6307373047, 135.56736755371094, 449.9261169433594, 336.21007035803916
LOSS, 20471.0, -39.0, 60.900489807128906, 23.368721461187214, 876, 223.0, 341, 16, 275545.27366638184, 83.74212646484375, 457.5640563964844, 314.54939916253636
LOSS, 15941.02392578125, -15.999755859375, 68.1679458618164, 28.826444712081827, 553, 207.0, 363, 10, 182930.49559783936, 86.77827453613281, 463.4027404785156, 330.7965562347909
LOSS, 20933.22509765625, -21.074966430664062, 67.8340835571289, 27.221359034663525, 769, 175.0, 348, 26, 244956.2502746582, 78.24921417236328, 457.6802673339844, 318.5386869631446
LOSS, 22721.0, -39.999755859375, 68.0650863647461, 22.653040877367896, 1003, 223.0, 333, 21, 304024.8292808533, 61.593379974365234, 453.7657775878906, 303.1154828323562
LOSS, 20982.06689453125, -37.0, 59.66064453125, 23.235954478993634, 903, 223.0, 339, 21, 276293.52709198, 66.7654037475586, 448.3412780761719, 305.97289821924693
LOSS, 21007.65000152588, -17.662269592285156, 65.7125015258789, 25.21926770891462, 833, 209.6999969482422, 344, 20, 252630.31455230713, 92.6668472290039, 466.646728515625, 303.27768853818384
LOSS, 18707.295166015625, -22.822525024414062, 68.4935531616211, 20.62546324808779, 907, 223.0, 339, 15, 284935.5567855835, 52.817405700683594, 452.8006896972656, 314.1516612850976
LOSS, 17302.47671508789, -36.0, 59.5458984375, 14.055626900964981, 1231, 132.19500732421875, 317, 19, 305840.11364746094, 44.997352600097656, 449.47198486328125, 248.4485082432664
LOSS, 10845.677345275879, -15.999755859375, 67.3323745727539, 31.805505411366212, 341, 209.6999969482422, 377, 6, 111054.73727416992, 136.3734130859375, 448.929443359375, 325.6737163465394
LOSS, 14682.447265625, -17.662269592285156, 64.50003814697266, 28.565072501215955, 514, 207.0, 365, 9, 159050.2311477661, 76.03630828857422, 452.4252624511719, 309.43624736919475
LOSS, 15831.0, -20.683151245117188, 63.67247772216797, 29.10110294117647, 544, 223.0, 363, 17, 164090.72915267944, 14.000946044921875, 474.47308349609375, 301.6373697659549
LOSS, 6328.889953613281, -17.188827514648438, 58.038330078125, 18.29158946131006, 346, 191.0, 376, 3, 89095.49700164795, 49.484153747558594, 437.9379577636719, 257.5014364209478
LOSS, 8359.337524414062, -18.966064453125, 66.6585464477539, 25.178727483174885, 332, 207.0, 377, 3, 109176.22119140625, 102.4767074584961, 441.0520324707031, 328.84403973315136
LOSS, 11871.394287109375, -37.0, 67.9689712524414, 23.141119468049464, 513, 223.0, 365, 9, 159443.55967712402, 96.58256530761719, 447.2016906738281, 310.8061592146667
LOSS, 24836.8212890625, -38.0, 82.829833984375, 22.096816093471976, 1124, 175.0, 325, 24, 338137.6272468567, 57.97929763793945, 479.0606689453125, 300.83418794204334
LOSS, 15454.00048828125, -17.35832977294922, 66.1482925415039, 25.586093523644454, 604, 223.0, 359, 10, 182721.73586273193, 97.96611022949219, 460.6095886230469, 302.51943023631117
LOSS, 10567.891296386719, -27.78771209716797, 70.08536529541016, 20.28386045371731, 521, 175.8800048828125, 365, 7, 157385.63808441162, 107.16902160644531, 457.97027587890625, 302.0837583194081
LOSS, 26057.0, -38.3900146484375, 66.4635238647461, 13.852737905369484, 1881, 191.0, 274, 23, 500288.0492706299, 66.52718353271484, 454.58172607421875, 265.96919153143534
LOSS, 8599.846141815186, -16.00006103515625, 69.2607650756836, 30.934698351853186, 278, 119.9000015258789, 381, 10, 89307.84565734863, 133.8857421875, 472.4190979003906, 321.25124337175765
LOSS, 12617.52099609375, -15.999755859375, 66.6924057006836, 29.688284696691177, 425, 223.0, 371, 9, 143385.75019836426, 184.19068908691406, 448.79583740234375, 337.3782357608571
LOSS, 24844.2373046875, -39.0, 63.788673400878906, 23.132436968982773, 1074, 223.0, 328, 21, 327714.3712615967, 45.9841423034668, 447.75927734375, 305.1344238934792
LOSS, 18463.858642578125, -23.7164306640625, 61.956398010253906, 24.135762931474673, 765, 175.0, 348, 12, 241306.21257019043, 129.60531616210938, 441.2335510253906, 315.43295760809207
WIN , 26698.880935668945, -34.0869140625, 78.48564910888672, 22.120033915218677, 1207, 197.23812866210938, 319, 34, 363148.863319397, 87.58751678466797, 464.7324523925781, 300.8689836946122
LOSS, 14507.0, -17.357872009277344, 66.9112319946289, 28.114341085271317, 516, 191.0, 365, 12, 162643.45706176758, 51.046607971191406, 445.6329345703125, 315.2004981817201
LOSS, 18628.485107421875, -25.21689224243164, 62.840576171875, 28.353858610992198, 657, 175.0, 356, 15, 219305.1081161499, 90.58252716064453, 464.139892578125, 333.7977292483256
LOSS, 26046.39892578125, -39.0, 71.7900619506836, 25.66147677416872, 1015, 175.0, 332, 24, 326040.66662597656, 74.92091369628906, 449.56488037109375, 321.22233165120844
LOSS, 20214.34716796875, -23.9776611328125, 63.064796447753906, 28.67283286236702, 705, 223.0, 352, 11, 248210.57373046875, 96.22621154785156, 469.85711669921875, 352.07173578789894
WIN , 27732.246963500977, -27.433006286621094, 70.8476333618164, 20.361414804332583, 1362, 150.50607299804688, 309, 20, 419850.0391616821, 99.61222839355469, 455.8083801269531, 308.2599406473437
LOSS, 10293.75634765625, -17.662269592285156, 60.2703857421875, 30.098702770924707, 342, 223.0, 377, 6, 113896.659034729, 121.41500091552734, 451.5081787109375, 333.03116676821344
LOSS, 25342.995361328125, -23.9520263671875, 65.7445297241211, 28.539409190684825, 888, 207.0, 340, 16, 289048.5514526367, 80.64006805419922, 463.0356750488281, 325.50512550972604
WIN , 26866.0, -21.34033203125, 72.6904296875, 27.00100502512563, 995, 223.0, 333, 19, 327671.46310424805, 102.72881317138672, 457.0538330078125, 329.3180533711036
LOSS, -1857.7836456298828, -22.04345703125, 65.23650360107422, -0.3096822213085319, 5999, 231.90701293945312, 0, 4, 515289.2935771942, 19.1079044342041, 442.60028076171875, 85.89586490701687
LOSS, 18625.428955078125, -37.0, 63.955909729003906, 20.00583131587339, 931, 191.0, 337, 18, 274904.41886138916, 69.4535903930664, 467.8135070800781, 295.2786453935437
LOSS, 10680.617431640625, -16.7203369140625, 66.3878402709961, 34.90397853477329, 306, 207.0, 379, 9, 99390.02109527588, 106.87919616699219, 452.8084716796875, 324.8039905074375
WIN , 27040.907524108887, -37.0, 90.9798355102539, 15.056184590261072, 1796, 133.18495178222656, 280, 34, 512145.0606689453, 64.1094970703125, 467.0979919433594, 285.15871974885596
LOSS, 4894.820739746094, -13.858749389648438, 60.953590393066406, 42.56365860648777, 115, 191.0, 392, 2, 40094.17469787598, 218.09124755859375, 472.2025451660156, 348.64499737283455
LOSS, 20376.923583984375, -22.04345703125, 67.1980972290039, 26.46353712205763, 770, 207.0, 348, 15, 249457.000541687, 83.64273834228516, 449.72174072265625, 323.9701305736195
WIN , 27767.45249938965, -28.888839721679688, 83.23818969726562, 20.76847606536249, 1337, 140.09500122070312, 310, 20, 387032.5148200989, 43.72441482543945, 448.8004150390625, 289.47832073305824
LOSS, 9752.732788085938, -18.42095184326172, 67.0363540649414, 37.51051072340745, 260, 223.0, 382, 6, 87139.71964263916, 105.44002532958984, 455.42327880859375, 335.1527678563045
LOSS, 22144.61767578125, -37.0, 65.7343978881836, 21.92536403542698, 1010, 207.0, 332, 20, 314096.24534606934, 76.04064178466797, 459.41864013671875, 310.9863815307617
LOSS, 14452.96533203125, -14.662391662597656, 61.697914123535156, 33.689895878860725, 429, 223.0, 371, 8, 150820.25787353516, 148.85389709472656, 442.2554931640625, 351.5623726655831
LOSS, 16215.0400390625, -23.14422607421875, 63.688880920410156, 20.14290688082298, 805, 207.0, 346, 9, 242400.00129699707, 112.0838851928711, 449.033935546875, 301.1180140335367
LOSS, 20710.41748046875, -17.662879943847656, 68.0184097290039, 31.81323729718702, 651, 175.0, 356, 19, 209131.43040847778, 55.47987747192383, 471.64453125, 321.24643687938214
LOSS, 12082.296020507812, -20.7525634765625, 66.3539810180664, 30.822183725785237, 392, 191.0, 373, 10, 135588.81112670898, 79.80310821533203, 442.2933349609375, 345.889824302829
WIN , 26940.0, -34.0869140625, 67.2923812866211, 24.53551912568306, 1098, 175.0, 326, 15, 355759.11086273193, 81.6956558227539, 468.6083068847656, 324.00647619556645
LOSS, 9738.347412109375, -16.141403198242188, 63.207618713378906, 28.72668853129609, 339, 223.0, 377, 2, 104343.25169372559, 112.34680938720703, 440.1164245605469, 307.79720263635863
LOSS, 20051.4541015625, -19.307296752929688, 61.824562072753906, 25.349499496286345, 791, 223.0, 347, 21, 267986.61461639404, 100.39873504638672, 448.4904479980469, 338.794708743861
LOSS, 18226.715698242188, -19.003067016601562, 69.6987075805664, 23.95100617377423, 761, 170.447998046875, 349, 14, 231699.8182067871, 93.3863296508789, 451.7267761230469, 304.4675666317833
LOSS, 22855.9814453125, -34.0869140625, 66.8578109741211, 28.641580758536968, 798, 175.0, 346, 15, 252822.05074310303, 86.29214477539062, 441.0679626464844, 316.81961246002885
LOSS, 23857.529541015625, -19.72052001953125, 59.450294494628906, 25.543393512864697, 934, 223.0, 337, 15, 293380.0086326599, 55.49857711791992, 450.1003723144531, 314.1113582790791
LOSS, 15181.0, -18.65166473388672, 68.06983184814453, 28.5894538606403, 531, 223.0, 364, 10, 164750.1360015869, 58.15793228149414, 467.7479248046875, 310.2639096075083
LOSS, 12365.636474609375, -17.177635192871094, 64.4753189086914, 32.71332400690311, 378, 191.0, 374, 6, 132987.2547607422, 125.35113525390625, 437.6062927246094, 351.81813428767776
LOSS, 13641.0, -20.1611328125, 68.42948150634766, 26.69471624266145, 511, 223.0, 365, 10, 167365.44682312012, 86.23191833496094, 440.00054931640625, 327.52533624876736
WIN , 26962.802505493164, -22.20337677001953, 87.31534576416016, 12.876218961553565, 2094, 169.39498901367188, 260, 31, 608692.3545417786, 52.189334869384766, 451.30377197265625, 290.6840279569143
LOSS, 23972.108154296875, -39.0, 90.9798355102539, 15.709114124703063, 1526, 175.0, 298, 26, 474430.95919036865, 78.10051727294922, 460.8431701660156, 310.8984005179349
LOSS, 11592.329956054688, -30.322265625, 67.57621002197266, 25.933624062762163, 447, 223.0, 370, 9, 147132.45426940918, 139.56997680664062, 451.3034973144531, 329.15537867876776
LOSS, 10253.65966796875, -19.147964477539062, 67.7303237915039, 27.637896679161052, 371, 172.5, 375, 9, 117439.14492034912, 104.33539581298828, 442.9905090332031, 316.5475604322079
LOSS, 20303.05712890625, -43.999755859375, 60.69267272949219, 5.99440718302517, 3387, 191.0, 174, 19, 755705.122001648, 49.55695724487305, 454.6445007324219, 223.11931561902804
LOSS, 9687.8896484375, -15.942306518554688, 65.9508285522461, 30.180341583917446, 321, 223.0, 378, 7, 106210.77978515625, 133.7434844970703, 457.7401123046875, 330.8747033805491
LOSS, 13877.776123046875, -22.060302734375, 68.60013580322266, 24.693551820368103, 562, 223.0, 362, 14, 190026.45959472656, 119.49299621582031, 446.34710693359375, 338.12537294435333
LOSS, 25653.823486328125, -23.428955078125, 63.293067932128906, 23.665888825025945, 1084, 223.0, 327, 23, 329762.18993377686, 73.25602722167969, 455.2254333496094, 304.2086623005322
WIN , 27694.0, -20.1611328125, 66.8419418334961, 26.0037558685446, 1065, 207.0, 328, 21, 346651.00074005127, 102.05086517333984, 467.77069091796875, 325.49389740849887
LOSS, 12968.917999267578, -17.66242218017578, 67.9274673461914, 34.12873157701994, 380, 206.27777099609375, 374, 10, 125995.55338287354, 118.79315948486328, 464.6181640625, 331.56724574440403
LOSS, 17850.65048980713, -36.0001220703125, 64.9699935913086, 18.04919159737829, 989, 209.6999969482422, 334, 19, 282952.0859069824, 57.86402893066406, 458.1915283203125, 286.09917685235837
LOSS, 14458.749267578125, -18.77500343322754, 65.56189727783203, 22.769683885949803, 635, 191.0, 357, 9, 211229.21103668213, 104.08980560302734, 447.9830322265625, 332.6444268294207
LOSS, 25216.254104614258, -21.3397216796875, 60.236122131347656, 23.435180394622915, 1076, 208.83212280273438, 328, 23, 329320.4677352905, 68.23213195800781, 445.85211181640625, 306.05991425212875
WIN , 28252.0, -21.634071350097656, 80.8837890625, 20.20886981402003, 1398, 191.0, 306, 31, 435916.39917755127, 99.97555541992188, 466.4366149902344, 311.8143055633414
WIN , 25652.0, -29.857177734375, 84.35791015625, 9.536059479553904, 2690, 191.0, 220, 37, 618690.4638900757, 66.22001647949219, 447.95672607421875, 229.9964549777233
LOSS, 8680.431396484375, -22.143638610839844, 56.80076599121094, 22.903512919483838, 379, 191.0, 374, 7, 124162.88653564453, 139.7572784423828, 443.36236572265625, 327.60656078006474
LOSS, 15525.149169921875, -30.322265625, 59.793312072753906, 23.311034789672483, 666, 223.0, 355, 15, 218135.73238754272, 56.76387405395508, 456.5624084472656, 327.53112971102513
LOSS, 15035.248046875, -18.6700439453125, 65.8360824584961, 33.411662326388885, 450, 223.0, 369, 10, 144450.98360443115, 95.45779418945312, 479.91253662109375, 321.0021857876248
LOSS, 12807.27783203125, -19.141334533691406, 64.75516510009766, 36.384312022816054, 352, 175.0, 376, 3, 122848.39133453369, 103.89952087402344, 452.31982421875, 349.00111174583435
LOSS, 19827.39599609375, -33.99951171875, 57.93754577636719, 20.65353749593099, 960, 207.0, 335, 21, 276407.6042327881, 78.06460571289062, 452.26568603515625, 287.9245877424876
LOSS, 3428.256591796875, -18.72303009033203, 55.98395538330078, 19.70262409078664, 174, 207.0, 388, 3, 44244.787048339844, 91.57149505615234, 465.8715515136719, 254.28038533528647
WIN , 27862.0, -18.870704650878906, 82.9207763671875, 26.16150234741784, 1065, 191.0, 328, 16, 361294.71085357666, 92.00597381591797, 463.7209167480469, 339.24385995641
LOSS, 21769.0, -17.35832977294922, 63.717872619628906, 31.143061516452075, 699, 207.0, 353, 13, 224551.76817321777, 110.7217788696289, 444.0967712402344, 321.2471647685519
LOSS, 5713.9998779296875, -13.720458984375, 69.94193267822266, 37.59210446006373, 152, 223.0, 389, 4, 55966.304107666016, 164.7361602783203, 444.5667419433594, 368.1993691293817
LOSS, 13671.0, -18.963623046875, 65.68656158447266, 24.4125, 560, 223.0, 362, 7, 178116.80173492432, 81.82357788085938, 459.42132568359375, 318.0657173837934
LOSS, 8395.198608398438, -17.078628540039062, 66.8431625366211, 37.47856521606445, 224, 223.0, 385, 10, 82313.31164550781, 203.8842010498047, 462.1416931152344, 367.47014127458846
LOSS, 14991.45166015625, -35.877235412597656, 58.91471862792969, 17.391475243800755, 862, 223.0, 342, 13, 274042.4956970215, 58.05247497558594, 461.9735412597656, 317.9147281867999
LOSS, 18301.68613433838, -23.503929138183594, 65.7674331665039, 25.704615357216824, 712, 197.3357391357422, 352, 15, 238318.88470458984, 105.90437316894531, 458.6063232421875, 334.71753469745767
LOSS, 21964.00048828125, -21.34002685546875, 66.79769134521484, 22.666667170568886, 969, 223.0, 335, 14, 295849.9191894531, 78.31851959228516, 459.9918212890625, 305.3146740861229
LOSS, 13687.341918945312, -17.66242218017578, 67.2752914428711, 22.475109883325636, 609, 185.0, 359, 14, 198275.51934051514, 111.40574645996094, 463.97332763671875, 325.57556541956507
LOSS, 21978.799072265625, -48.90796661376953, 68.6666030883789, 23.481622940454727, 936, 223.0, 337, 22, 288187.7834854126, 50.04520797729492, 468.4951477050781, 307.89293107415875
LOSS, 11119.0, -19.13629150390625, 60.975799560546875, 22.973140495867767, 484, 207.0, 367, 9, 154100.40243530273, 82.5656967163086, 459.62188720703125, 318.38926122996435
LOSS, 10397.3818359375, -23.9501953125, 60.278541564941406, 21.616178453092516, 481, 223.0, 367, 5, 137711.30309295654, 66.58214569091797, 450.6148376464844, 286.3020854323421
LOSS, 20242.84326171875, -38.010231018066406, 62.586891174316406, 16.925454232206313, 1196, 223.0, 320, 19, 373289.16508483887, 73.83319091796875, 465.2064514160156, 312.11468652578503
WIN , 28582.0, -18.612060546875, 74.10400390625, 22.17377812257564, 1289, 191.0, 314, 16, 406104.69551467896, 58.83344650268555, 458.31329345703125, 315.0540694450574
LOSS, 3702.000030517578, -13.000030517578125, 56.45232391357422, 16.98165151613568, 218, 207.0, 385, 4, 67400.50639343262, 121.38287353515625, 453.16748046875, 309.1766348322597
LOSS, 6683.855224609375, -21.72411346435547, 66.36113739013672, 32.133919349083534, 208, 223.0, 386, 4, 74173.04214477539, 169.42337036132812, 462.6619567871094, 356.601164157574
WIN , 26992.65000152588, -22.684715270996094, 94.1133804321289, 30.092140469928516, 897, 209.6999969482422, 340, 25, 292436.45807266235, 23.219776153564453, 477.0640869140625, 326.01611825268935
LOSS, 8188.2364501953125, -16.858627319335938, 67.6363296508789, 24.66336280179311, 332, 207.0, 377, 4, 95351.87427139282, 37.364898681640625, 455.3997802734375, 287.2044405764844
WIN , 28436.0, -22.224647521972656, 81.1436538696289, 24.139219015280137, 1178, 223.0, 321, 30, 365576.429145813, 73.17566680908203, 453.5834045410156, 310.336527288466
WIN , 27432.0, -48.696189880371094, 83.0548324584961, 25.54189944134078, 1074, 191.0, 328, 37, 341043.35021972656, 68.26980590820312, 465.9558410644531, 317.54501882656103
LOSS, 16045.400634765625, -31.88385009765625, 62.318016052246094, 27.66448385304418, 580, 223.0, 361, 13, 193105.07749176025, 103.56373596191406, 461.9146728515625, 332.93978877889697
LOSS, 16316.452880859375, -17.662879943847656, 62.8350830078125, 29.346138274926933, 556, 223.0, 362, 18, 181059.24131774902, 58.45813751220703, 460.8249206542969, 325.64611747796584
LOSS, 17270.598388671875, -17.662269592285156, 66.76261138916016, 24.532099983908914, 704, 223.0, 353, 6, 225448.73770141602, 71.2411880493164, 465.66143798828125, 320.2396842349659
LOSS, 15264.00048828125, -24.167015075683594, 63.4747314453125, 21.46835511713256, 711, 223.0, 352, 15, 199046.8160018921, 55.065895080566406, 455.04705810546875, 279.95332771011545
LOSS, 11780.5185546875, -21.3397216796875, 64.54779815673828, 27.849925661199762, 423, 207.0, 371, 9, 147170.13735961914, 91.90737915039062, 467.0460510253906, 347.919946476641
LOSS, 23190.477294921875, -25.060791015625, 64.4237289428711, 25.26195783760553, 918, 175.0, 338, 20, 303084.26876068115, 79.49803161621094, 463.4757995605469, 330.15715551272456
LOSS, 19985.015670776367, -21.369384765625, 65.4460678100586, 18.94314281590177, 1055, 177.10000610351562, 329, 17, 311918.136177063, 69.59583282470703, 461.725830078125, 295.65700111569953
LOSS, 14533.4326171875, -21.114540100097656, 60.36430358886719, 22.290540823907207, 652, 175.0, 356, 13, 198486.88835144043, 103.48273468017578, 457.03924560546875, 304.4277428703074
LOSS, 16999.272216796875, -22.684234619140625, 66.5132827758789, 27.59622113116376, 616, 207.0, 358, 16, 196598.0068511963, 103.05718231201172, 467.2588806152344, 319.1526085246693
LOSS, 10354.018188476562, -18.719261169433594, 60.807716369628906, 28.841276291021064, 359, 223.0, 376, 5, 115988.26383972168, 53.879539489746094, 461.94158935546875, 323.0870859045172
LOSS, 18754.412841796875, -23.122398376464844, 70.55013275146484, 23.5017704784422, 798, 175.0, 346, 18, 259659.14318847656, 122.2603759765625, 471.5933837890625, 325.38739747929395
LOSS, 21476.908042907715, -21.271240234375, 63.389503479003906, 23.4977112066824, 914, 211.5696563720703, 339, 24, 283349.7303161621, 73.06413269042969, 465.246337890625, 310.0106458601336
WIN , 28085.300003051758, -34.0869140625, 70.2168960571289, 19.750562590050464, 1422, 164.39999389648438, 305, 29, 454351.871963501, 89.17815399169922, 458.0537109375, 319.51608436251826
LOSS, 15795.125732421875, -19.279701232910156, 59.239112854003906, 25.07162814670139, 630, 175.0, 357, 7, 195115.23668670654, 97.96483612060547, 455.5827331542969, 309.7067248995342
LOSS, 22050.67041015625, -43.350196838378906, 65.94275665283203, 24.02033813742511, 918, 223.0, 338, 16, 277341.9957332611, 24.417146682739258, 463.127197265625, 302.11546376172237
WIN , 26643.44598388672, -20.1611328125, 62.819664001464844, 26.146659454255857, 1019, 188.1080322265625, 332, 25, 321756.98109436035, 45.24243927001953, 478.45404052734375, 315.7575869424537
LOSS, 16884.266357421875, -25.570068359375, 65.6270523071289, 31.383394716397536, 538, 175.0, 364, 15, 181031.83359146118, 33.33479690551758, 488.70526123046875, 336.4903970101509
WIN , 28080.0, -21.076324462890625, 72.392578125, 16.47887323943662, 1704, 175.0, 286, 29, 468505.59644317627, 64.8070068359375, 470.94854736328125, 274.9445988516293
LOSS, 15571.9775390625, -16.23963165283203, 67.0674819946289, 24.717424665178573, 630, 175.0, 357, 7, 207966.4221420288, 108.9544906616211, 450.0450744628906, 330.1054319714743
WIN , 26699.45249938965, -28.43994140625, 93.19424438476562, 18.299830362844173, 1459, 156.09500122070312, 302, 30, 446640.86768341064, 84.26852416992188, 458.220458984375, 306.12807928952066
WIN , 26288.65000152588, -41.9998779296875, 69.2821273803711, 16.90588424535426, 1555, 177.6999969482422, 296, 26, 494853.6092758179, 73.04460144042969, 471.9887390136719, 318.2338323317157
LOSS, 5351.738182067871, -13.000030517578125, 61.003639221191406, 35.44197471568127, 151, 169.8000030517578, 389, 6, 50106.413429260254, 80.55531311035156, 455.133544921875, 331.8305525116573
LOSS, 6356.318115234375, -20.137962341308594, 60.12725830078125, 27.516528637378247, 231, 207.0, 384, 2, 82734.52540588379, 203.2855987548828, 471.2181396484375, 358.15811864018957
LOSS, 10638.850708007812, -16.586341857910156, 62.22404479980469, 36.06390070511123, 295, 175.0, 380, 7, 100767.11921691895, 147.154296875, 448.1192626953125, 341.5834549726066
LOSS, 9943.457275390625, -41.89208984375, 69.0676040649414, 31.972531432124196, 311, 223.0, 379, 8, 102301.79625701904, 75.64529418945312, 470.1370544433594, 328.9446824984535
LOSS, 21701.376708984375, -42.00048828125, 63.227745056152344, 29.525682597257653, 735, 207.0, 350, 17, 246099.20936584473, 40.604454040527344, 476.77349853515625, 334.82885628006085
LOSS, 21350.65048980713, -34.0869140625, 63.150535583496094, 19.8610702230764, 1075, 209.6999969482422, 328, 20, 322875.9186706543, 80.05810546875, 468.2242736816406, 300.34969178665517
WIN , 28104.0, -18.95287322998047, 89.20166015625, 21.420731707317074, 1312, 207.0, 312, 29, 410528.0092468262, 68.30928039550781, 473.54010009765625, 312.90244607227606
LOSS, 4529.870849609375, -16.084793090820312, 49.808250427246094, 23.470833417665155, 193, 223.0, 387, 4, 56157.90640258789, 104.32201385498047, 457.639892578125, 290.9736083035642
LOSS, 11940.61572265625, -21.40106201171875, 62.568580627441406, 27.833603083114802, 429, 191.0, 371, 9, 144701.87071990967, 109.09326934814453, 457.9305114746094, 337.3003979485074
LOSS, 23341.0, -21.34002685546875, 65.8952865600586, 24.543638275499475, 951, 223.0, 336, 14, 303064.23107147217, 86.74138641357422, 488.224365234375, 318.6795279405596
LOSS, 25762.955322265625, -19.927978515625, 66.0057601928711, 30.345059272397673, 849, 175.0, 343, 19, 285423.9908218384, 95.56444549560547, 476.7170715332031, 336.1884461976895
LOSS, 20363.5048828125, -27.32048797607422, 64.2360610961914, 22.5260009765625, 904, 223.0, 339, 15, 291390.10833740234, 79.29203033447266, 467.04339599609375, 322.3341906387194
LOSS, 16110.756546020508, -24.1314697265625, 64.3709487915039, 22.501056628520264, 716, 180.85018920898438, 352, 10, 220876.65145111084, 79.38125610351562, 461.52783203125, 308.48694336747326
LOSS, 16740.9091796875, -18.14130401611328, 65.4622573852539, 26.03562858427294, 643, 207.0, 357, 16, 202824.53034973145, 93.78958892822266, 455.2216491699219, 315.434728382164
LOSS, 18074.3564453125, -23.0926513671875, 63.070899963378906, 18.51880783331199, 976, 207.0, 334, 10, 246165.8691368103, 47.30036544799805, 469.63714599609375, 252.21912821394497
WIN , 27327.74871826172, -34.99951171875, 70.03662109375, 21.8972345498892, 1248, 199.5025634765625, 316, 26, 345304.65866851807, 53.30623245239258, 481.9754943847656, 276.6864252151587
LOSS, -1978.3930892944336, -22.036293029785156, 49.836669921875, -0.32978714607341786, 5999, 233.1259002685547, 0, 5, 474686.96624970436, -9.980091094970703, 448.278076171875, 79.12768232200439
