WIN , 33477.358390808105, -36.16058349609375, 76.55196380615234, 6.98317863804925, 4794, 220.28321838378906, 80, 34, 21003.315507665277, -1.1599822044372559, 64.30693817138672, 4.381167189750788
LOSS, 18391.7763671875, -40.00006103515625, 50.7421875, 17.59978599730861, 1045, 223.0, 330, 19, 15378.947772979736, 6.7302656173706055, 73.5145034790039, 14.716696433473432
LOSS, 10445.000244140625, -19.1707763671875, 48.39118194580078, 20.321012148133512, 514, 223.0, 365, 12, 7846.5152378082275, 7.206974029541016, 66.922119140625, 15.265593847875929
WIN , 31140.60662460327, -29.8216552734375, 86.11396026611328, 20.500728521792805, 1519, 113.78675079345703, 298, 19, 29176.13793182373, 7.09056282043457, 69.72834777832031, 19.207464076249988
WIN , 29431.28000640869, -25.027244567871094, 73.5024642944336, 21.752609021735914, 1353, 132.4399871826172, 309, 28, 46378.16417312622, 18.23190689086914, 109.99275970458984, 34.2780223009063
LOSS, 8687.456909179688, -17.752532958984375, 49.76294708251953, 23.607219861901324, 368, 223.0, 375, 6, 13965.822080612183, 16.143951416015625, 100.69806671142578, 37.95060347992441
WIN , 29415.13641357422, -21.462791442871094, 58.275367736816406, 26.240086006756663, 1121, 204.7271728515625, 325, 28, 46491.40713119507, 10.829439163208008, 109.81645965576172, 41.47315533558882
LOSS, 24369.15185546875, -20.002357482910156, 58.346473693847656, 20.34152909471515, 1198, 223.0, 320, 20, 51033.10814476013, 11.862336158752441, 102.80025482177734, 42.59858776691163
LOSS, 25489.612060546875, -23.9520263671875, 57.538673400878906, 21.935982840401785, 1162, 223.0, 322, 27, 68157.75892543793, 5.472628593444824, 144.30377197265625, 58.65555845562644
LOSS, 7691.2667236328125, -18.499305725097656, 58.068084716796875, 16.903882909083105, 455, 223.0, 369, 4, 28247.452842712402, 37.81307601928711, 131.2088165283203, 62.082313940027255
LOSS, 17834.703125, -20.662452697753906, 63.516456604003906, 28.90551559967585, 617, 207.0, 358, 21, 41165.45955467224, 24.78731346130371, 137.59445190429688, 66.71873509671352
LOSS, 17281.953125, -37.11250305175781, 60.97314453125, 2.8808056551091847, 5999, 205.0, 0, 30, 335915.90020751953, 6.206111907958984, 141.84085083007812, 55.995315920573354
WIN , 26570.0, -18.20465850830078, 84.9169921875, 26.07458292443572, 1019, 175.0, 332, 20, 108282.06438064575, 18.77592658996582, 190.00936889648438, 106.26306612428435
LOSS, 5233.7816162109375, -17.662269592285156, 54.862823486328125, 21.019203277955572, 249, 191.0, 383, 3, 24562.889793395996, 28.867963790893555, 185.3171844482422, 98.6461437485783
LOSS, 13329.0908203125, -20.647525787353516, 61.139366149902344, 25.292392448410816, 527, 223.0, 364, 12, 59119.316188812256, 36.55345153808594, 193.69815063476562, 112.18086563341984
LOSS, 15987.404052734375, -26.29754638671875, 61.260902404785156, 24.333948329884894, 657, 191.0, 356, 10, 71775.22856521606, 38.4129524230957, 184.92124938964844, 109.24692323472765
LOSS, 21222.26806640625, -40.680519104003906, 68.6635513305664, 29.64003919889141, 716, 184.4189453125, 352, 17, 80291.43510818481, 33.40550231933594, 185.6030731201172, 112.13887584942013
LOSS, 12057.440551757812, -22.199607849121094, 65.72623443603516, 21.00599399260943, 574, 207.0, 361, 13, 57154.04716873169, 32.97919464111328, 181.35675048828125, 99.57151074691932
LOSS, 12794.38623046875, -18.462913513183594, 63.698341369628906, 26.599555572700105, 481, 223.0, 367, 6, 52143.08760929108, 10.95474910736084, 208.2494354248047, 108.40558754530369
LOSS, 13625.3203125, -19.496566772460938, 70.7420883178711, 31.108037243150687, 438, 191.0, 370, 9, 54176.318130493164, 46.96342468261719, 203.4488983154297, 123.69022404222184
LOSS, 21561.3330078125, -17.68065643310547, 68.5680160522461, 33.069529153086656, 652, 175.0, 356, 11, 84587.72906112671, 42.544830322265625, 199.32266235351562, 129.73578076859926
LOSS, 16647.602783203125, -25.2093505859375, 65.22382354736328, 23.64716304432262, 704, 223.0, 353, 17, 83504.90696716309, 21.461627960205078, 223.232666015625, 118.61492466926575
LOSS, 14250.405517578125, -16.24193572998047, 66.5068588256836, 37.799484131506965, 377, 223.0, 374, 11, 51321.322734832764, 46.5638427734375, 217.70849609375, 136.13082953536542
LOSS, 11001.0, -18.71796417236328, 63.581153869628906, 31.521489971346703, 349, 223.0, 376, 10, 45988.50106430054, 45.07207489013672, 211.12562561035156, 131.77220935329666
LOSS, 11164.534912109375, -16.292098999023438, 67.86795806884766, 31.898671177455356, 350, 175.0, 376, 6, 48407.47894668579, 60.79030990600586, 221.55404663085938, 138.30708270481654
WIN , 25611.74871826172, -18.463523864746094, 67.2566909790039, 23.49701717271717, 1090, 151.5025634765625, 327, 16, 144100.46410751343, 36.63505554199219, 236.30023193359375, 132.20226064909488
LOSS, 11171.97607421875, -14.662391662597656, 70.7750473022461, 35.57954163763933, 314, 207.0, 379, 14, 50826.77815246582, 71.0817642211914, 235.2379150390625, 161.86872023078286
LOSS, 17703.77197265625, -21.123214721679688, 69.4762191772461, 23.111973854642624, 766, 175.0, 348, 13, 118872.07316970825, 22.008407592773438, 247.88333129882812, 155.18547411189067
LOSS, 19210.0, -18.98064422607422, 67.9604263305664, 23.71604938271605, 810, 185.0, 345, 17, 125169.62734222412, 24.213932037353516, 244.25929260253906, 154.53040412620263
LOSS, 9221.052612304688, -18.133018493652344, 56.006256103515625, 20.53686550624652, 449, 207.0, 370, 8, 67261.22883224487, 44.89013671875, 227.04458618164062, 149.80229138584605
LOSS, 6255.650001525879, -13.000030517578125, 59.488525390625, 22.262099649558287, 281, 193.6999969482422, 381, 3, 43385.668533325195, 56.71331787109375, 238.90762329101562, 154.39739691574803
LOSS, 16737.65000152588, -22.79913330078125, 63.421241760253906, 31.11087360878416, 538, 209.6999969482422, 364, 10, 86263.19717025757, 63.037593841552734, 235.31329345703125, 160.34051518635235
LOSS, 10995.604858398438, -20.1611328125, 60.3448486328125, 14.187877236643144, 775, 175.0, 348, 7, 112377.68645095825, 41.77238464355469, 255.04798889160156, 145.00346638833324
LOSS, 12213.17919921875, -15.999755859375, 67.0598373413086, 34.99478280578438, 349, 191.0, 376, 5, 59637.96227264404, 49.73790740966797, 265.71356201171875, 170.88241338866487
LOSS, 11384.083740234375, -41.999755859375, 67.3753890991211, 22.9517817343435, 496, 191.0, 366, 6, 88161.18196105957, 59.70903778076172, 250.58624267578125, 177.74431846987815
LOSS, 16048.844909667969, -18.462913513183594, 68.2051010131836, 28.008455339734674, 573, 143.8800048828125, 361, 10, 95513.88875198364, 50.23263931274414, 266.1534729003906, 166.69090532632399
LOSS, 9490.0, -33.000244140625, 65.7982406616211, 13.753623188405797, 690, 185.0, 353, 10, 103268.47693252563, 47.71247863769531, 251.34217834472656, 149.66445932250093
LOSS, 11852.504028320312, -17.87415313720703, 66.3133773803711, 30.78572474888393, 385, 207.0, 374, 11, 70233.43050003052, 53.23809051513672, 271.7787170410156, 182.42449480527407
LOSS, 18917.97265625, -39.0, 66.1003646850586, 10.05740173112706, 1881, 223.0, 274, 14, 230730.0996284485, 23.22136688232422, 274.2189636230469, 122.66352983968554
LOSS, 12728.503173828125, -40.4193115234375, 69.0550765991211, 7.150844479678722, 1780, 207.0, 281, 13, 218672.82333755493, 37.57280731201172, 265.1280212402344, 122.84990075143536
LOSS, 21918.449462890625, -19.13690185546875, 68.5802230834961, 28.68906997760553, 764, 207.0, 349, 17, 140065.64839172363, 69.0298080444336, 277.9335021972656, 183.33200051272726
LOSS, 11486.92041015625, -33.000244140625, 83.28324127197266, 9.392412436758994, 1223, 223.0, 318, 16, 247932.30366134644, 47.375526428222656, 294.41473388671875, 202.72469637068392
WIN , 25768.65000152588, -31.364013671875, 67.6241226196289, 18.419335240547447, 1399, 177.6999969482422, 306, 25, 278532.3198852539, 53.48810577392578, 298.8451232910156, 199.09386696587126
LOSS, 22872.985717773438, -42.00048828125, 67.7196273803711, 30.175442899437254, 758, 186.447998046875, 349, 20, 155049.62678527832, 68.78582763671875, 282.17877197265625, 204.5509588196284
LOSS, 7925.440673828125, -21.04644775390625, 62.07244873046875, 29.245168538111162, 271, 175.0, 381, 7, 54186.04968261719, 86.8934326171875, 289.3619384765625, 199.94852281408555
LOSS, 18431.409912109375, -24.061744689941406, 67.3409194946289, 19.00145351763853, 970, 175.0, 335, 14, 175845.95003509521, 44.1596794128418, 282.808349609375, 181.2844845722631
LOSS, 14859.87353515625, -18.76610565185547, 68.3348617553711, 28.798204525496608, 516, 191.0, 365, 15, 98007.55728530884, 46.84619140625, 303.11956787109375, 189.93712652191635
LOSS, 19975.323486328125, -19.13690185546875, 64.3440933227539, 26.387481487883917, 757, 175.0, 349, 18, 154902.74271011353, 42.26348114013672, 306.91009521484375, 204.62713700147097
LOSS, 19317.87109375, -30.322265625, 66.1864242553711, 22.41052331061485, 862, 175.0, 342, 22, 161864.52170562744, 44.89339828491211, 298.570556640625, 187.77786740792047
WIN , 26984.0, -20.247665405273438, 66.552734375, 25.846743295019156, 1044, 207.0, 330, 28, 210638.48258972168, 67.13645935058594, 300.1535949707031, 201.7609986491587
LOSS, 6641.9998779296875, -15.612335205078125, 58.11553955078125, 30.46788934830132, 218, 207.0, 385, 8, 45790.00942993164, 100.6556167602539, 298.4061279296875, 210.0459148162002
LOSS, 16658.938232421875, -22.97003936767578, 70.7878646850586, 29.908327167723293, 557, 223.0, 362, 11, 112512.33032608032, 56.4088249206543, 306.3283996582031, 201.99700238075462
LOSS, 22537.39111328125, -21.329261779785156, 63.440773010253906, 22.99733787069515, 980, 207.0, 334, 20, 216687.43448638916, 66.06243133544922, 313.8985900878906, 221.1096270269277
LOSS, 21480.040771484375, -21.721656799316406, 68.73082733154297, 27.644840117740507, 777, 191.0, 348, 21, 166830.18375778198, 55.71448516845703, 318.11346435546875, 214.71066120692663
LOSS, 23056.65048980713, -20.1611328125, 64.47156524658203, 21.269972776574843, 1084, 177.6999969482422, 327, 23, 232634.7756652832, 47.18556594848633, 309.7835998535156, 214.60772662849004
LOSS, 15353.650001525879, -24.823524475097656, 65.27701568603516, 13.563295054351483, 1132, 177.6999969482422, 324, 9, 193083.3243522644, 44.249324798583984, 322.1351623535156, 170.56830773168232
LOSS, 11069.161987304688, -27.96417236328125, 62.32353210449219, 14.264384004258618, 776, 175.0, 348, 10, 146188.97634506226, 58.63747024536133, 325.6738586425781, 188.38785611477095
LOSS, 20491.174560546875, -33.000244140625, 65.4503402709961, 16.3929396484375, 1250, 223.0, 316, 16, 263522.50522232056, 47.27146911621094, 321.4621887207031, 210.81800417785644
LOSS, 23877.445556640625, -26.513877868652344, 65.3020248413086, 20.21798946370925, 1181, 191.0, 321, 20, 243077.50185966492, 25.672452926635742, 326.66693115234375, 205.82345627406005
WIN , 26614.53271484375, -34.0, 60.94474792480469, 21.240648615198523, 1253, 125.9345703125, 316, 23, 285413.07975006104, 46.57265090942383, 339.4411315917969, 227.78378272151718
LOSS, 10558.6015625, -14.662391662597656, 70.1576919555664, 28.848638148907103, 366, 191.0, 375, 6, 85205.76126480103, 53.51433181762695, 332.99688720703125, 232.80262640656017
LOSS, 10652.356323242188, -34.98480987548828, 58.084007263183594, 16.64430675506592, 640, 207.0, 357, 10, 124166.96894836426, 33.766944885253906, 350.3143615722656, 194.01088898181916
LOSS, 22723.32373046875, -39.0, 67.1800765991211, 23.282093986136015, 976, 207.0, 334, 21, 215675.374710083, 53.377811431884766, 344.75067138671875, 220.97886753082275
LOSS, 13878.8388671875, -17.533905029296875, 64.08866119384766, 24.221359279559337, 573, 207.0, 361, 13, 123542.19496536255, 37.033084869384766, 330.489501953125, 215.60592489592068
LOSS, 8838.196411132812, -16.0723876953125, 59.581214904785156, 27.880745776444204, 317, 175.0, 378, 7, 76236.62278747559, 79.32781219482422, 341.08782958984375, 240.49407819392928
LOSS, 6781.0, -24.982452392578125, 63.364479064941406, 21.391167192429023, 317, 223.0, 378, 7, 68171.57982635498, 56.99357223510742, 324.3932189941406, 215.05230229134062
LOSS, 20098.6513671875, -18.612060546875, 68.8741226196289, 29.470163294996333, 682, 223.0, 354, 14, 156486.92873382568, 32.629154205322266, 333.5477600097656, 229.45297468302886
LOSS, 11886.371704101562, -21.3397216796875, 68.5567398071289, 30.24522062112357, 393, 223.0, 373, 10, 106111.03385925293, 117.9205551147461, 340.9601745605469, 270.00263068512197
LOSS, 22951.42236328125, -23.043922424316406, 63.108741760253906, 25.083521708504097, 915, 223.0, 338, 23, 221571.18702316284, 36.86146545410156, 365.378662109375, 242.15430275755503
LOSS, 21191.59999847412, -25.7354736328125, 63.317771911621094, 15.945522948438015, 1329, 201.8000030517578, 311, 17, 307948.60942077637, 74.54571533203125, 350.88623046875, 231.714529285761
LOSS, 14174.938835144043, -25.20965576171875, 67.92411041259766, 33.58990245294797, 422, 179.94898986816406, 371, 19, 107948.20602798462, 47.77106857299805, 364.6716613769531, 255.8014360852716
WIN , 23126.065948486328, -40.680519104003906, 68.8890609741211, 11.1774122515642, 2069, 182.86810302734375, 262, 23, 381237.17166137695, 33.318138122558594, 354.2231750488281, 184.26156194363313
LOSS, 13940.235107421875, -16.788002014160156, 64.5296401977539, 21.54595843496426, 647, 159.0, 356, 10, 164755.0682373047, 92.24186706542969, 357.9473571777344, 254.64461860479858
LOSS, 20344.460159301758, -30.754920959472656, 66.1498031616211, 25.49431097656862, 798, 212.37606811523438, 346, 12, 182348.2248954773, 51.21997833251953, 357.5145263671875, 228.5065474880668
LOSS, 15282.623474121094, -39.999755859375, 68.6440200805664, 22.70820724237904, 673, 180.1680908203125, 355, 8, 174094.4510231018, 63.93796920776367, 354.1412658691406, 258.68417685453466
LOSS, 23274.9443359375, -38.529052734375, 69.1920394897461, 21.19758136242031, 1098, 191.0, 326, 22, 270353.07975006104, 80.42330169677734, 349.32489013671875, 246.2232056011485
LOSS, 21478.25, -33.05702209472656, 64.4695053100586, 24.77306805074971, 867, 188.5, 342, 20, 212555.81824684143, 31.979028701782227, 357.0711975097656, 245.1624201232312
WIN , 25094.0, -34.137489318847656, 82.2261734008789, 15.254711246200609, 1645, 207.0, 290, 20, 373734.18126678467, 51.61151885986328, 372.0409851074219, 227.19403116521863
LOSS, 13323.60888671875, -40.9998779296875, 68.9217300415039, 27.815467404423277, 479, 191.0, 368, 8, 110564.58543014526, 58.47153091430664, 368.62030029296875, 230.8237691652302
LOSS, 12553.442993164062, -19.667205810546875, 66.0768814086914, 29.889149983723957, 420, 175.0, 371, 7, 102951.57905578613, 59.86611557006836, 357.30645751953125, 245.12280727568128
LOSS, 18076.742919921875, -19.156700134277344, 61.821189880371094, 25.860862546383228, 699, 207.0, 353, 17, 174530.22537231445, 68.5901870727539, 356.5624084472656, 249.68558708485617
LOSS, 8343.999877929688, -18.721778869628906, 67.8844223022461, 18.583518659086163, 449, 223.0, 370, 6, 95238.75415802002, 64.10372161865234, 358.0919189453125, 212.11303821385306
LOSS, 8703.999877929688, -31.321189880371094, 67.06807708740234, 24.245125008160688, 359, 223.0, 376, 7, 87874.59730529785, 75.8102035522461, 351.9018249511719, 244.77603706211102
LOSS, 2762.015380859375, -16.720489501953125, 55.36132049560547, 21.084086876789122, 131, 175.0, 391, 2, 27077.394088745117, 98.24159240722656, 343.46844482421875, 206.69766479958105
LOSS, 18891.643310546875, -39.808815002441406, 71.89351654052734, 27.104222827183463, 697, 223.0, 353, 11, 186731.51013183594, 92.8587417602539, 355.53240966796875, 267.9074750815437
WIN , 25830.0, -29.70458984375, 69.3044204711914, 18.463187991422444, 1399, 175.0, 306, 22, 319315.56383895874, 34.03457260131836, 365.6650085449219, 228.2455781550813
LOSS, 13499.770751953125, -21.34002685546875, 63.858558654785156, 32.21902327435113, 419, 223.0, 372, 7, 112918.70481109619, 103.29723358154297, 358.2733154296875, 269.495715539609
LOSS, 17240.97031402588, -32.4114990234375, 67.80072784423828, 20.37939753430955, 846, 209.6999969482422, 343, 14, 235982.07166290283, 96.79106903076172, 373.4914245605469, 278.9386189868828
LOSS, 14396.802001953125, -40.999755859375, 65.81807708740234, 25.66274866658311, 561, 223.0, 362, 13, 158250.86254119873, 86.17051696777344, 372.6369934082031, 282.0870990039193
LOSS, 20791.0, -23.9776611328125, 68.3604965209961, 26.58695652173913, 782, 223.0, 347, 14, 212916.18827056885, 115.36244201660156, 375.1298522949219, 272.2713404994486
LOSS, 11579.698120117188, -17.66242218017578, 65.8916244506836, 29.540046224788743, 392, 223.0, 373, 13, 103141.14109039307, 68.16183471679688, 383.314208984375, 263.11515584283944
LOSS, 15702.744384765625, -23.95233154296875, 64.6617660522461, 17.274746297871975, 909, 223.0, 339, 9, 204692.0966644287, 71.25786590576172, 370.83758544921875, 225.18382471334291
LOSS, 13906.560791015625, -16.825347900390625, 67.94341278076172, 30.97229574836442, 449, 159.0, 370, 8, 129318.27331542969, 100.73262786865234, 371.9246520996094, 288.0139717492866
LOSS, 19837.65000152588, -33.102333068847656, 68.6559066772461, 29.875978917960662, 664, 209.6999969482422, 355, 16, 179726.6456298828, 73.78785705566406, 380.4570007324219, 270.6726590811488
LOSS, 12822.998291015625, -20.795089721679688, 62.183128356933594, 16.894595903841402, 759, 223.0, 349, 10, 193269.12240600586, 41.71160888671875, 390.7475891113281, 254.63652490909863
LOSS, 9435.843772888184, -16.00006103515625, 69.1304702758789, 26.43093493806214, 357, 201.8000030517578, 376, 8, 96858.68491363525, 86.57376861572266, 387.7726135253906, 271.31284289533687
LOSS, 12428.920654296875, -26.092529296875, 66.5602798461914, 16.31091949382792, 762, 207.0, 349, 7, 175855.4594192505, 58.15609359741211, 386.0403747558594, 230.78144280741535
LOSS, 6652.00959777832, -27.93212890625, 59.571144104003906, 15.542078499482058, 428, 212.37606811523438, 371, 5, 106495.78025817871, 121.95967102050781, 377.2359619140625, 248.82191649107176
LOSS, 20714.300003051758, -21.826988220214844, 68.6434097290039, 27.436158944439413, 755, 196.39999389648438, 349, 18, 208576.6010131836, 74.61882019042969, 381.7930908203125, 276.2603986929584
LOSS, 12277.470092773438, -30.322418212890625, 67.4367446899414, 28.35443439439593, 433, 175.0, 371, 7, 114084.76252746582, 82.61906433105469, 394.19366455078125, 263.4752021419534
LOSS, 10862.349731445312, -21.463096618652344, 65.2364273071289, 15.128620795884837, 718, 191.0, 352, 9, 181791.2301940918, 88.23712921142578, 387.9782409667969, 253.19112840402758
LOSS, 22055.36962890625, -22.947982788085938, 68.5591812133789, 22.459643206625508, 982, 207.0, 334, 24, 251821.97569274902, 43.51013946533203, 400.65625, 256.4378571209257
LOSS, 4294.122863769531, -23.8665771484375, 61.043907165527344, 23.211474939294764, 185, 223.0, 387, 4, 50009.63967132568, 58.08715057373047, 388.6018371582031, 270.3223766017604
LOSS, 2881.7843627929688, -14.662391662597656, 62.913055419921875, 25.278810199938324, 114, 175.0, 392, 2, 26541.148292541504, 104.48175811767578, 384.8681945800781, 232.8170902854518
LOSS, 4387.858947753906, -13.000030517578125, 60.47821044921875, 29.84938059696535, 147, 207.0, 390, 1, 43422.11331176758, 140.73526000976562, 388.0673828125, 295.38852593039167
LOSS, 14357.0, -30.754920959472656, 69.7792739868164, 15.096740273396424, 951, 191.0, 336, 13, 220421.12355041504, 67.26652526855469, 387.2965087890625, 231.77825820232917
LOSS, 5623.9998779296875, -14.662391662597656, 69.93704986572266, 26.158138967114827, 215, 223.0, 385, 6, 52004.905712127686, 53.353675842285156, 398.34210205078125, 241.88328238198923
LOSS, 17910.084602355957, -21.34033203125, 66.6978988647461, 13.208026992887874, 1356, 184.83079528808594, 309, 23, 314721.8546562195, 50.0460205078125, 404.15283203125, 232.09576302081084
LOSS, 20913.23583984375, -38.03620147705078, 68.5613021850586, 14.533172925534226, 1439, 207.0, 304, 27, 357554.4260406494, 59.3411865234375, 399.7917175292969, 248.47423630343948
LOSS, 15864.5859375, -18.0462646484375, 59.0887451171875, 25.342789037539937, 626, 207.0, 358, 13, 189506.9167098999, 67.7959213256836, 400.392822265625, 302.72670400942474
LOSS, 10470.534400939941, -18.72193145751953, 61.299049377441406, 25.47575280034049, 411, 145.6999969482422, 372, 11, 118476.77699661255, 55.96114730834961, 396.6808166503906, 288.2646642253347
WIN , 25790.28749847412, -37.542259216308594, 67.4373550415039, 15.387999700760215, 1676, 154.4250030517578, 288, 25, 385486.24940109253, 41.494319915771484, 414.601806640625, 230.00372875960176
LOSS, 14845.643798828125, -16.6485595703125, 69.48310089111328, 27.905345486519032, 532, 191.0, 364, 9, 165376.90058135986, 112.99932098388672, 405.1893615722656, 310.8588356792479
LOSS, 9987.2060546875, -26.02204132080078, 60.075294494628906, 23.666365058501185, 422, 223.0, 371, 4, 111351.73638916016, 68.14078521728516, 398.8747863769531, 263.8666739079625
LOSS, 16790.681640625, -34.042724609375, 64.3456039428711, 22.063970618429696, 761, 191.0, 349, 12, 200961.21588897705, 31.479717254638672, 414.32965087890625, 264.0751851366321
LOSS, 23904.2568359375, -34.0869140625, 67.2887191772461, 9.312137450696339, 2567, 223.0, 228, 37, 521014.7182197571, 61.97629928588867, 399.7226867675781, 202.96638808716676
LOSS, 10411.927124023438, -20.87433624267578, 58.871971130371094, 24.90891656464937, 418, 223.0, 372, 11, 112827.9368057251, 64.66831970214844, 399.02447509765625, 269.9232937936007
LOSS, 4126.803649902344, -14.662391662597656, 60.037742614746094, 22.068468716055314, 187, 207.0, 387, 3, 50283.09149169922, 86.61750793457031, 408.5595703125, 268.8935373887659
LOSS, 6562.2396240234375, -20.7525634765625, 64.9468002319336, 32.486334772393256, 202, 223.0, 386, 5, 59107.82719421387, 65.06809997558594, 404.8488464355469, 292.6130059119498
LOSS, 5692.3778076171875, -16.794227600097656, 60.51188659667969, 36.725018113659274, 155, 191.0, 389, 2, 48729.407958984375, 146.23741149902344, 398.8243408203125, 314.3832771547379
LOSS, 13504.00048828125, -17.35832977294922, 68.77584075927734, 28.07484508998181, 481, 223.0, 367, 7, 145911.58698272705, 94.56715393066406, 403.16888427734375, 303.35049268758223
LOSS, 7299.4930419921875, -16.15697479248047, 68.53475189208984, 28.4026966614482, 257, 131.948974609375, 382, 3, 72590.72301483154, 89.69332122802734, 424.2636413574219, 282.45417515498656
LOSS, 7569.7423095703125, -22.833251953125, 67.94988250732422, 27.82993496165556, 272, 186.447998046875, 381, 6, 75564.02080535889, 74.19715881347656, 411.3980712890625, 277.8089000197018
LOSS, 4761.538902282715, -15.962753295898438, 70.15189361572266, 27.365166105073072, 174, 169.8000030517578, 388, 4, 40475.0326461792, 54.12029266357422, 396.76507568359375, 232.61513015045517
LOSS, 21116.15234375, -41.00048828125, 69.3871078491211, 28.005507087201593, 754, 175.0, 349, 21, 225095.81135559082, 87.732666015625, 410.6424255371094, 298.53555882704353
LOSS, 13531.0, -29.871742248535156, 64.9614486694336, 23.99113475177305, 564, 223.0, 362, 10, 165438.65592956543, 81.86051940917969, 398.7992248535156, 293.33095022972594
LOSS, 6932.5150146484375, -15.463035583496094, 65.50025177001953, 41.762138642460464, 166, 207.0, 388, 4, 55414.83322143555, 184.72735595703125, 413.8581848144531, 333.82429651467197
LOSS, 9152.989379882812, -36.9998779296875, 69.0569839477539, 29.81429765434141, 307, 191.0, 379, 7, 102316.42280578613, 151.96292114257812, 404.7754211425781, 333.2782501817138
LOSS, 14049.97705078125, -23.9776611328125, 63.392250061035156, 26.45946713894774, 531, 223.0, 364, 12, 165551.66316986084, 123.0054931640625, 414.58172607421875, 311.77337696772287
WIN , 24044.0, -25.570068359375, 85.902099609375, 15.944297082228116, 1508, 207.0, 299, 17, 446431.5548591614, 60.57831954956055, 414.1564636230469, 296.0421451320699
LOSS, 9597.380004882812, -25.78692626953125, 62.155982971191406, 23.12621687923569, 415, 223.0, 372, 8, 119896.64129638672, 117.2155532836914, 422.4643249511719, 288.90756938888364
LOSS, 13592.118370056152, -40.96221923828125, 61.661598205566406, 9.799652754186123, 1387, 183.2681427001953, 307, 13, 347376.0623931885, 66.41513061523438, 424.49005126953125, 250.45137879826135
LOSS, 6747.007080078125, -25.216896057128906, 64.13101196289062, 21.08439712524414, 320, 223.0, 378, 4, 89420.34059143066, 96.27679443359375, 427.185791015625, 279.43856434822084
LOSS, 20106.238037109375, -18.463523864746094, 63.298255920410156, 29.831213704910052, 674, 223.0, 355, 17, 212703.51355743408, 98.31090545654297, 424.2431640625, 315.58384800806243
WIN , 26141.812812805176, -39.0, 72.00128173828125, 16.92026719275416, 1545, 151.37437438964844, 296, 22, 453843.51958465576, 51.071800231933594, 423.9281005859375, 293.7498508638549
LOSS, 20713.72119140625, -22.04345703125, 67.8978500366211, 28.76905721028646, 720, 191.0, 351, 15, 212673.4041671753, 85.15003967285156, 408.43072509765625, 295.3797280099657
LOSS, 10384.740844726562, -23.0926513671875, 62.01591491699219, 18.98490099584381, 547, 223.0, 363, 9, 157357.93913269043, 117.6521987915039, 424.2771301269531, 287.6744773906589
LOSS, 7437.650001525879, -18.963623046875, 62.3846435546875, 24.958557052100264, 298, 209.6999969482422, 380, 5, 91120.13012695312, 152.1439666748047, 415.9902648925781, 305.7722487481648
LOSS, 14146.114990234375, -32.994384765625, 63.317176818847656, 19.868139031228054, 712, 191.0, 352, 12, 199259.37504577637, 72.20394134521484, 417.55621337890625, 279.85867281710165
WIN , 19419.13641357422, -32.45362091064453, 68.4688491821289, 4.206007453665631, 4617, 156.7271728515625, 92, 26, 849823.3745517731, 30.41267967224121, 413.1941833496094, 184.06397542815097
LOSS, 21985.217041015625, -35.887451171875, 63.692527770996094, 17.773012967676333, 1237, 207.0, 317, 22, 339336.5890350342, 85.56359100341797, 419.4328308105469, 274.32222234036715
LOSS, 10809.492553710938, -21.048583984375, 64.2208023071289, 26.624365895839748, 406, 207.0, 372, 7, 113981.56661605835, 57.41078186035156, 415.5962219238281, 280.74277491639987
WIN , 23902.0, -31.4996337890625, 83.68709564208984, 9.696551724137931, 2465, 191.0, 235, 32, 668980.4018211365, 46.64031219482422, 435.0984191894531, 271.39164374082617
LOSS, 2800.1133575439453, -29.704055786132812, 64.06623077392578, 13.146072101145283, 213, 148.39999389648438, 385, 2, 48156.620529174805, 92.01577758789062, 414.3222351074219, 226.08742032476434
LOSS, 15946.504150390625, -54.39722442626953, 69.15731048583984, 16.73295293850013, 953, 223.0, 336, 13, 318918.8670806885, 136.5596466064453, 429.1957702636719, 334.6472896964202
LOSS, 11845.962768554688, -16.206336975097656, 67.3097915649414, 32.36601849331882, 366, 223.0, 375, 5, 121659.03456115723, 108.71507263183594, 432.0909118652344, 332.40173377365363
LOSS, 8010.9600830078125, -22.64862060546875, 66.1135025024414, 24.57349718714053, 326, 175.0, 378, 5, 98855.76140594482, 73.6579818725586, 423.048095703125, 303.2385319200761
LOSS, 17047.926025390625, -34.36354064941406, 65.41861724853516, 5.981728429961623, 2850, 175.0, 209, 17, 554434.5115394592, 14.040124893188477, 419.3734436035156, 194.53842510156466
LOSS, 15859.77197265625, -25.20965576171875, 67.8542251586914, 23.671301451725746, 670, 223.0, 355, 7, 212150.09497833252, 107.28521728515625, 412.0716247558594, 316.6419328034814
LOSS, 24990.356201171875, -39.999755859375, 67.86795806884766, 20.088710772646202, 1244, 207.0, 317, 18, 371671.00340270996, 109.98960876464844, 424.0104675292969, 298.7709030568408
LOSS, 9847.02490234375, -16.084793090820312, 66.8965835571289, 29.306621733165922, 336, 207.0, 377, 4, 114725.35821533203, 135.84075927734375, 431.7820129394531, 341.444518498012
LOSS, 19955.27587890625, -39.0, 67.26676177978516, 21.22901689245346, 940, 175.0, 337, 20, 272562.46159362793, 86.10836029052734, 428.5157165527344, 289.9600655251361
LOSS, 5763.3724365234375, -35.0, 70.6160659790039, 19.94246517828179, 289, 223.0, 380, 3, 86673.10508728027, 101.84754943847656, 432.2616271972656, 299.90693801827086
LOSS, 5269.581481933594, -17.66242218017578, 60.972190856933594, 24.17239211896144, 218, 191.0, 385, 4, 59657.76574707031, 75.7701416015625, 417.4821472167969, 273.65947590399225
LOSS, 15992.77587890625, -30.322265625, 68.64562225341797, 8.44837605858756, 1893, 175.0, 273, 14, 401345.8582935333, 29.758317947387695, 444.87255859375, 212.01577300239478
LOSS, 4417.816711425781, -15.141426086425781, 60.522552490234375, 30.679282718234592, 144, 223.0, 390, 1, 50553.34844970703, 279.93798828125, 416.9481201171875, 351.06491978963214
LOSS, 8386.559936523438, -36.92205810546875, 52.4530029296875, 9.740487731153818, 861, 191.0, 342, 10, 203768.654838562, 90.17839050292969, 423.4654541015625, 236.66510434211617
LOSS, 11914.3955078125, -23.669471740722656, 63.906150817871094, 17.044914889574393, 699, 207.0, 353, 10, 189462.17059326172, 67.90479278564453, 435.6241760253906, 271.0474543537364
LOSS, 13876.537353515625, -17.82391357421875, 66.2178726196289, 33.43743940606175, 415, 191.0, 372, 9, 135226.28650665283, 78.11957550048828, 444.89495849609375, 325.84647351000683
WIN , 26240.0, -29.38159942626953, 69.6980972290039, 20.34108527131783, 1290, 175.0, 313, 23, 379145.25414276123, 111.0474853515625, 438.4696960449219, 293.91104972307073
LOSS, 17827.04931640625, -18.783180236816406, 67.2893295288086, 30.736291924838362, 580, 207.0, 361, 15, 182490.54135131836, 107.60767364501953, 434.8056640625, 314.63886439882475
LOSS, 13967.4306640625, -38.0, 66.6502914428711, 19.953472377232142, 700, 223.0, 353, 17, 188576.11572647095, 42.758262634277344, 426.17095947265625, 269.39445103781566
LOSS, 22569.51953125, -50.191650390625, 82.32489776611328, 18.729891727178423, 1205, 191.0, 319, 22, 357273.4751281738, 58.71247863769531, 450.03570556640625, 296.4925104798123
LOSS, 7530.905616760254, -25.867347717285156, 63.042213439941406, 28.63462211695914, 263, 209.6999969482422, 382, 6, 75220.1806716919, 106.60798645019531, 438.9742431640625, 286.0082915273456
LOSS, 9883.884887695312, -27.23480224609375, 66.5581283569336, 17.159522374471027, 576, 170.447998046875, 361, 8, 188504.46970367432, 118.03479766845703, 434.6756286621094, 327.2647043466568
LOSS, 14667.99951171875, -19.13690185546875, 65.19080352783203, 25.377161784980537, 578, 223.0, 361, 16, 173789.85912322998, 112.68114471435547, 428.19354248046875, 300.67449675299304
LOSS, 8136.7401123046875, -15.999755859375, 68.33792877197266, 46.231477910822086, 176, 175.0, 388, 3, 59677.60322570801, 184.9412841796875, 433.3338317871094, 339.07729105515915
LOSS, 18322.272399902344, -22.04345703125, 68.81795501708984, 17.043974325490552, 1075, 186.4561767578125, 328, 20, 277562.8938369751, 46.955142974853516, 436.5521545410156, 258.1980407785815
LOSS, 13622.5185546875, -22.04345703125, 70.2874526977539, 25.180256108479668, 541, 223.0, 363, 13, 170149.6535949707, 72.46739959716797, 437.1907653808594, 314.5095260535503
WIN , 25434.0, -19.0604248046875, 70.2660140991211, 21.427127211457456, 1187, 207.0, 320, 26, 353030.20722198486, 92.22360229492188, 432.9071350097656, 297.4138224279569
LOSS, 7783.9998779296875, -20.284019470214844, 67.08609771728516, 16.958605398539625, 459, 223.0, 369, 4, 128689.49681091309, 130.8154754638672, 427.185546875, 280.3692740978499
LOSS, 6894.384521484375, -23.71856689453125, 62.236549377441406, 32.520681705114974, 212, 207.0, 385, 7, 72253.61201477051, 170.78346252441406, 420.5501708984375, 340.8189245979741
LOSS, 14383.300491333008, -15.281166076660156, 71.46443939208984, 24.7135747273763, 582, 164.39999389648438, 361, 12, 184944.099319458, 82.94305419921875, 451.0719299316406, 317.77336652827836
LOSS, 20277.262939453125, -17.841270446777344, 65.8974380493164, 25.314935005559455, 801, 207.0, 346, 11, 261605.25214385986, 93.77095031738281, 451.92828369140625, 326.5983172832208
LOSS, 8601.0, -19.559005737304688, 57.17687225341797, 25.82882882882883, 333, 223.0, 377, 5, 107743.28674316406, 120.23699188232422, 429.83203125, 323.55341364313534
LOSS, 23724.802993774414, -37.2265625, 70.0206527709961, 24.308199788703295, 976, 201.39498901367188, 334, 18, 302262.16118621826, 89.6941909790039, 453.9608154296875, 309.69483728096134
LOSS, 12469.206298828125, -41.718833923339844, 69.5418472290039, 12.9080810546875, 966, 207.0, 335, 9, 249517.5904159546, 85.42522430419922, 425.3706359863281, 258.29978303929045
LOSS, 9871.0, -17.662269592285156, 68.6843032836914, 24.6775, 400, 223.0, 373, 7, 119768.06455993652, 99.78321075439453, 432.2820739746094, 299.42016139984133
LOSS, 11287.138938903809, -16.7203369140625, 68.7614974975586, 39.88388317633854, 283, 201.8000030517578, 381, 8, 95753.02978515625, 98.51991271972656, 449.2590637207031, 338.3499285694567
LOSS, 5768.210632324219, -21.738624572753906, 64.97405242919922, 20.899313885232676, 276, 191.0, 381, 1, 73450.18955993652, 77.8038558959961, 423.3212585449219, 266.1238752171613
LOSS, 6480.374076843262, -16.48968505859375, 66.0329360961914, 31.306154960595467, 207, 189.68641662597656, 386, 1, 66271.16082000732, 89.23579406738281, 434.0877380371094, 320.1505353623542
LOSS, 10891.0, -26.54389190673828, 69.1838607788086, 16.063421828908556, 678, 223.0, 354, 15, 151843.56452941895, 84.31179809570312, 436.4153747558594, 223.95805977790405
LOSS, 17876.303466796875, -30.754920959472656, 70.56111907958984, 10.226718230432995, 1748, 207.0, 283, 22, 481100.17655563354, 54.86418151855469, 445.6301574707031, 275.2289339563121
LOSS, 13168.7412109375, -17.35771942138672, 58.942832946777344, 31.131775912381798, 423, 207.0, 371, 9, 130968.74935913086, 73.56730651855469, 436.5113830566406, 309.61879281118405
LOSS, 20869.398712158203, -18.474960327148438, 67.0482406616211, 17.362228545888687, 1202, 186.20257568359375, 319, 19, 347918.21994018555, 89.25767517089844, 444.45989990234375, 289.4494342264439
WIN , 26780.0, -39.539649963378906, 76.95068359375, 18.367626886145406, 1458, 175.0, 302, 22, 382827.20864486694, 61.23958969116211, 451.63958740234375, 262.5701019512119
LOSS, 24673.4169921875, -25.940696716308594, 68.1749496459961, 21.85422231371789, 1129, 223.0, 324, 22, 318390.14194107056, 42.45507049560547, 448.00421142578125, 282.01075459793674
LOSS, 8367.0, -17.55754852294922, 53.811561584472656, 26.646496815286625, 314, 191.0, 379, 6, 105634.34167480469, 195.4095001220703, 452.3348693847656, 336.4151008751742
LOSS, 19542.43408203125, -25.2093505859375, 64.34989166259766, 25.314033785014573, 772, 175.0, 348, 15, 234557.69061660767, 55.747589111328125, 449.3359375, 303.831205461927
LOSS, 9319.0, -19.860694885253906, 62.02948760986328, 23.894871794871793, 390, 207.0, 373, 7, 113193.49810791016, 95.25419616699219, 435.7527770996094, 290.23973873823115
LOSS, 12087.057861328125, -22.04345703125, 69.9370346069336, 14.885539238088825, 812, 207.0, 345, 11, 229175.10258483887, 90.30595397949219, 474.0588073730469, 282.23534801088533
WIN , 22733.482124328613, -39.97752380371094, 77.39949798583984, 8.62750744756304, 2635, 168.03575134277344, 224, 24, 550509.3903617859, 35.09264373779297, 458.3393859863281, 208.92196977676883
LOSS, 6651.0, -16.749038696289062, 68.6974105834961, 31.37264150943396, 212, 223.0, 385, 4, 72076.06479644775, 99.34161376953125, 452.9949951171875, 339.98143771909315
LOSS, 11154.312507629395, -14.779937744140625, 68.8497085571289, 33.396145232423336, 334, 184.83079528808594, 377, 7, 111306.13065338135, 100.9568099975586, 454.988525390625, 333.2518881837765
LOSS, 7621.96257019043, -19.82623863220215, 66.0790023803711, 32.16017962105666, 237, 208.95327758789062, 384, 5, 80261.52810668945, 90.098388671875, 433.4185791015625, 338.6562367370863
LOSS, 8281.0, -16.7203369140625, 68.23018646240234, 18.280353200883003, 453, 223.0, 369, 11, 115395.19387817383, 103.35208892822266, 432.6742858886719, 254.73552732488704
LOSS, 10338.086791992188, -22.04345703125, 62.8863525390625, 32.61226117347693, 317, 223.0, 378, 5, 104858.45832061768, 117.6233139038086, 443.48297119140625, 330.78378019122295
LOSS, 17147.607177734375, -28.674842834472656, 70.2822036743164, 19.846767566822194, 864, 207.0, 342, 10, 253807.1042098999, 48.67963409423828, 454.0244445800781, 293.7582224651619
LOSS, 13987.172119140625, -17.275096893310547, 63.576576232910156, 29.32321198981263, 477, 191.0, 368, 8, 152976.75689697266, 107.43035125732422, 462.966064453125, 320.70598930182945
LOSS, -7695.495445251465, -35.58929443359375, 55.12676239013672, -1.282796373604178, 5999, 233.1259002685547, 0, 7, 613554.1590843201, 35.671241760253906, 441.0959167480469, 102.27607252614104
LOSS, 20157.0, -26.536865234375, 69.6358413696289, 21.240252897787144, 949, 191.0, 336, 22, 291150.8742980957, 143.70999145507812, 434.63531494140625, 306.79754931306184
LOSS, 8628.35107421875, -34.0869140625, 66.6875228881836, 22.295480811934755, 387, 223.0, 374, 9, 104689.28060531616, 54.964385986328125, 433.56475830078125, 270.51493696464127
LOSS, 8091.0, -29.33441162109375, 70.9209213256836, 23.5203488372093, 344, 223.0, 377, 6, 94292.85286712646, 68.65617370605469, 434.963134765625, 274.1071304276932
LOSS, 4261.0, -19.720443725585938, 55.58867263793945, 12.873111782477341, 331, 223.0, 377, 7, 65744.93674468994, 64.55489349365234, 416.15484619140625, 198.62518653984876
LOSS, 9215.40771484375, -34.0869140625, 56.4630126953125, 21.632412476159036, 426, 175.0, 371, 6, 118002.18839263916, 93.93313598632812, 432.23431396484375, 277.0004422362422
LOSS, 10226.7431640625, -25.20965576171875, 62.940895080566406, 19.857753716626213, 515, 175.0, 365, 11, 133687.3757095337, 92.12550354003906, 432.8443603515625, 259.5871373000654
LOSS, 7633.770751953125, -23.71856689453125, 68.4648666381836, 23.633965176325464, 323, 175.0, 378, 8, 113014.38526916504, 225.32208251953125, 451.098388671875, 349.88973767543354
LOSS, 15851.511085510254, -18.0462646484375, 67.7986831665039, 19.593956842410698, 809, 209.6999969482422, 346, 16, 231451.37755584717, 61.43132019042969, 443.70263671875, 286.0956459281176
LOSS, 5716.846984863281, -16.00006103515625, 66.3829574584961, 23.14512949337361, 247, 207.0, 383, 5, 70382.2271118164, 125.02313232421875, 431.76995849609375, 284.9482879020907
LOSS, 15199.0, -26.80402374267578, 68.7315902709961, 17.232426303854876, 882, 207.0, 341, 12, 250718.97470855713, 102.62016296386719, 440.1772766113281, 284.2618760867995
LOSS, 11431.791015625, -26.092529296875, 67.8658218383789, 28.296512414913366, 404, 223.0, 373, 9, 117053.26013183594, 64.8624267578125, 439.54803466796875, 289.7357924055345
LOSS, 14561.009521484375, -26.821067810058594, 68.8497085571289, 25.50089233184654, 571, 175.0, 361, 9, 173815.90551757812, 117.12162780761719, 442.08624267578125, 304.4061392602069
LOSS, 21306.79345703125, -20.065704345703125, 68.57831573486328, 25.578383501838236, 833, 223.0, 344, 19, 263050.54315185547, 87.42100524902344, 451.58880615234375, 315.7869665688541
LOSS, 13522.52587890625, -23.881668090820312, 61.68449401855469, 22.99749299133716, 588, 223.0, 360, 9, 166293.67306518555, 98.49808502197266, 434.6228942871094, 282.8123691584788
WIN , 26912.0, -48.47412109375, 83.385009765625, 25.876923076923077, 1040, 191.0, 330, 17, 338851.84885787964, 47.724735260009766, 439.9283752441406, 325.8190854402689
LOSS, 15829.858528137207, -42.00006103515625, 67.3509750366211, 17.90707978296064, 884, 136.83079528808594, 341, 19, 248265.4189453125, 98.86231994628906, 441.16943359375, 280.84323410103224
LOSS, 8816.559997558594, -29.7039794921875, 68.7846908569336, 10.765030522049566, 819, 191.8800048828125, 345, 11, 205507.51420593262, 81.2718505859375, 433.1096496582031, 250.9249257703695
LOSS, 5343.5919189453125, -16.895057678222656, 63.69268035888672, 17.577604996530635, 304, 175.0, 379, 3, 93099.91356658936, 105.26610565185547, 431.11334228515625, 306.2497156795703
LOSS, 24838.58250427246, -22.610687255859375, 68.3189926147461, 31.36184659630361, 792, 194.09719848632812, 347, 19, 243507.9230041504, 80.82677459716797, 440.7513732910156, 307.45949874261413
LOSS, 12779.567260742188, -23.9520263671875, 67.1343002319336, 28.27337889544732, 452, 175.0, 369, 2, 155829.57637023926, 126.23539733886719, 436.4256896972656, 344.75569993415763
LOSS, 11303.999877929688, -19.996780395507812, 61.801368713378906, 31.313019052436807, 361, 223.0, 375, 10, 116206.59164428711, 110.55976104736328, 438.9059753417969, 321.9019159121527
LOSS, 10738.730712890625, -33.000244140625, 66.7348403930664, 19.960466009090382, 538, 223.0, 364, 8, 143440.17937469482, 68.46394348144531, 458.3941955566406, 266.61743378196064
LOSS, 9079.303833007812, -17.91303253173828, 62.74272155761719, 29.768209288550207, 305, 223.0, 379, 10, 91772.32035064697, 71.07307434082031, 432.5180969238281, 300.8928536086786
LOSS, 24768.300537109375, -25.045623779296875, 66.1196060180664, 27.92367591556863, 887, 207.0, 340, 20, 262338.9085006714, 75.14247131347656, 438.2150573730469, 295.759761556563
LOSS, 12465.650001525879, -24.21021270751953, 64.0975112915039, 30.855569310707622, 404, 193.6999969482422, 373, 7, 135196.99564361572, 111.1514892578125, 449.97479248046875, 334.646028820831
LOSS, 14721.0, -26.092529296875, 64.61905670166016, 18.70520965692503, 787, 223.0, 347, 12, 230648.65547943115, 102.65615844726562, 442.37115478515625, 293.07325982138644
LOSS, 20820.898681640625, -19.908950805664062, 69.3788833618164, 28.758147350332354, 724, 223.0, 351, 19, 235010.9057006836, 77.60645294189453, 441.010986328125, 324.6006984816072
LOSS, 16390.02587890625, -25.770263671875, 68.3299789428711, 25.97468443566759, 631, 223.0, 357, 12, 206794.22889328003, 51.15103530883789, 456.77740478515625, 327.7246099735024
LOSS, 11031.0, -21.462791442871094, 62.25761413574219, 16.464179104477612, 670, 223.0, 355, 8, 206880.9278564453, 91.08367919921875, 466.0377502441406, 308.7775042633512
LOSS, 10600.701171875, -15.823318481445312, 63.839332580566406, 33.33553827633648, 318, 191.0, 378, 9, 107994.92291259766, 143.2178497314453, 443.7703857421875, 339.6066758257788
LOSS, 9770.654541015625, -18.46306610107422, 63.542091369628906, 30.06355243389423, 325, 223.0, 378, 6, 106625.14059448242, 121.21673583984375, 438.2465515136719, 328.0773556753305
LOSS, 13027.0, -33.0001220703125, 68.86434173583984, 31.016666666666666, 420, 191.0, 371, 14, 129714.3402709961, 82.5912857055664, 432.1501770019531, 308.84366731189544
LOSS, 11199.0, -14.846786499023438, 65.9599838256836, 29.1640625, 384, 207.0, 374, 8, 127150.75046539307, 94.55290222167969, 449.5096130371094, 331.1217460036278
LOSS, 24412.130615234375, -18.652984619140625, 67.025390625, 36.76525695065418, 664, 191.0, 355, 19, 213635.4165725708, 80.17876434326172, 448.75457763671875, 321.7400851996548
LOSS, 15541.632469177246, -18.31536102294922, 61.3458251953125, 26.476375586332615, 587, 185.8000030517578, 360, 13, 201543.24085235596, 123.91010284423828, 458.76300048828125, 343.3445329682384
LOSS, 6507.7767333984375, -37.3638916015625, 63.56603240966797, 9.336838928835634, 697, 223.0, 353, 8, 183933.0672531128, 79.18318176269531, 448.0811462402344, 263.89249247218476
LOSS, 7004.40283203125, -30.322265625, 65.7228775024414, 15.326920857836432, 457, 207.0, 369, 3, 141850.50785827637, 82.77287292480469, 443.54168701171875, 310.394984372596
LOSS, 12971.680053710938, -20.975128173828125, 67.7419204711914, 23.37239649317286, 555, 207.0, 362, 8, 159129.94036102295, 75.54803466796875, 462.2078857421875, 286.72061326310444
LOSS, 14941.0, -31.13275909423828, 69.15473175048828, 31.587737843551796, 473, 223.0, 368, 10, 150339.0665512085, 73.54939270019531, 455.1942443847656, 317.8415783323647
LOSS, -4400.351097106934, -41.89208984375, 54.765777587890625, -0.7335141018681336, 5999, 225.7021942138672, 0, 8, 649650.5371589661, 24.19420623779297, 449.3119812011719, 108.2931383828915
LOSS, 14315.08544921875, -25.763916015625, 62.556373596191406, 24.723809066008204, 579, 175.0, 361, 8, 172830.13634490967, 104.93644714355469, 442.3691101074219, 298.49764480986124
LOSS, 12351.0, -34.0869140625, 70.90230560302734, 20.050324675324674, 616, 223.0, 358, 14, 157996.3911819458, 65.03640747070312, 454.8822937011719, 256.4876480226393
LOSS, 7814.9656982421875, -15.360466003417969, 71.0478744506836, 37.037752124370556, 211, 186.447998046875, 385, 4, 69410.21841430664, 78.61320495605469, 443.14678955078125, 328.958381110458
LOSS, 8102.60595703125, -10.0, 70.9267349243164, 52.61432439630682, 154, 207.0, 389, 4, 53696.814765930176, 122.7337875366211, 446.1130065917969, 348.68061536318294
LOSS, 8166.0028076171875, -17.662269592285156, 66.1470718383789, 35.04722235028836, 233, 175.0, 384, 4, 79547.81755065918, 180.6391143798828, 430.05670166015625, 341.4069422775072
LOSS, 6409.0, -17.66242218017578, 65.1497573852539, 18.469740634005763, 347, 207.0, 376, 5, 83477.48385620117, 88.72388458251953, 446.3983459472656, 240.56911774121374
LOSS, 12449.0, -17.662269592285156, 70.41983795166016, 30.890818858560795, 403, 207.0, 373, 9, 128396.21147918701, 85.57070922851562, 455.98504638671875, 318.6010210401663
LOSS, 21018.306640625, -28.867530822753906, 69.8785171508789, 26.3717774662798, 797, 207.0, 346, 17, 248771.51096343994, 67.51914978027344, 452.1620788574219, 312.1348945588958
LOSS, 18783.085090637207, -23.002540588378906, 63.802101135253906, 21.815429838138453, 861, 184.83079528808594, 342, 21, 252886.75301742554, 59.91638946533203, 454.3359680175781, 293.7128374186127
LOSS, 9329.0, -15.66986083984375, 68.23401641845703, 34.680297397769515, 269, 207.0, 382, 7, 93752.82943725586, 160.7816162109375, 444.88720703125, 348.5235295065274
LOSS, 8311.0, -17.00421905517578, 61.656105041503906, 20.881909547738694, 398, 223.0, 373, 3, 119962.15559387207, 146.90904235839844, 448.7314453125, 301.4124512408846
LOSS, 19200.939208984375, -38.7371826171875, 67.46236419677734, 30.095516001542908, 638, 191.0, 357, 17, 203299.9083328247, 104.35298156738281, 443.89508056640625, 318.65189393859674
LOSS, 13966.38623046875, -19.6142578125, 65.50496673583984, 30.899084580683077, 452, 159.0, 369, 10, 156115.44301605225, 107.01689910888672, 452.2066345214844, 345.3881482656023
LOSS, 9545.246826171875, -22.390426635742188, 64.81269073486328, 24.16518183840981, 395, 223.0, 373, 5, 116116.90329742432, 124.64820098876953, 426.37396240234375, 293.9668437909476
LOSS, 6903.9998779296875, -28.17987060546875, 62.25341796875, 22.488598950911033, 307, 223.0, 379, 6, 104529.13046264648, 115.14884948730469, 436.1609802246094, 340.4857669793045
LOSS, 16411.652389526367, -23.280548095703125, 67.2594223022461, 23.180299985206734, 708, 129.10000610351562, 352, 13, 213116.8911972046, 64.97193145751953, 441.3619689941406, 301.01255818814207
LOSS, 13585.650001525879, -21.030975341796875, 67.7468032836914, 23.02652542631505, 590, 193.6999969482422, 360, 10, 157104.8204421997, 68.9112319946289, 448.4123229980469, 266.2793566816944
LOSS, 5178.017272949219, -18.133018493652344, 67.62442779541016, 32.16159796862869, 161, 175.0, 389, 2, 50922.737396240234, 125.0755615234375, 430.6015625, 316.2902943865853
LOSS, 14761.0, -43.999755859375, 70.9953842163086, 27.7984934086629, 531, 223.0, 364, 10, 159249.09393310547, 66.04180908203125, 457.4698486328125, 299.90413170076357
LOSS, 5615.382568359375, -16.25312042236328, 65.7387466430664, 27.798923605739482, 202, 191.0, 386, 1, 61320.81021118164, 105.47071075439453, 429.3620910644531, 303.56836738208733
LOSS, 19939.1044921875, -16.068466186523438, 69.3477554321289, 36.38522717552463, 548, 191.0, 363, 15, 183607.88691711426, 78.25564575195312, 444.2325744628906, 335.05088853488
LOSS, 20952.38525390625, -26.8125, 90.9798355102539, 10.684541179962391, 1961, 175.0, 269, 19, 516448.9008483887, 52.319026947021484, 466.43792724609375, 263.35996983599625
LOSS, 22052.55712890625, -39.999755859375, 68.9290542602539, 15.673459224524699, 1407, 207.0, 306, 18, 366123.95526885986, 62.08049774169922, 475.6129150390625, 260.21603075256564
LOSS, 4941.7808837890625, -16.202896118164062, 64.67948150634766, 38.30837894410126, 129, 191.0, 391, 2, 43340.3819732666, 130.509765625, 449.20086669921875, 335.97195328113645
LOSS, 4354.476989746094, -13.000030517578125, 64.74813079833984, 33.755635579427086, 129, 207.0, 391, 2, 45696.702697753906, 298.5858154296875, 443.23907470703125, 354.238005408945
LOSS, 16867.512451171875, -26.306663513183594, 65.92154693603516, 19.255151199967894, 876, 223.0, 341, 9, 271254.13345336914, 62.9378662109375, 445.7863464355469, 309.65083727553554
LOSS, 20264.48388671875, -16.72203826904297, 68.0565414428711, 34.93876532192888, 580, 223.0, 361, 13, 192381.21422576904, 113.6600570678711, 454.5068359375, 331.69174866511906
LOSS, 18776.744384765625, -40.349708557128906, 65.2938003540039, 20.724883426893626, 906, 175.0, 339, 16, 267647.97925567627, 64.79047393798828, 453.9749450683594, 295.4171956464418
LOSS, 15701.0, -27.236465454101562, 64.9358139038086, 13.906997342781223, 1129, 223.0, 324, 14, 260308.82834625244, 56.46858215332031, 440.2222900390625, 230.56583555912528
LOSS, 12155.140869140625, -27.050537109375, 64.4484634399414, 19.60506591796875, 620, 191.0, 358, 9, 187658.18487548828, 84.89298248291016, 450.9743957519531, 302.67449173465855
LOSS, 8321.570068359375, -19.781333923339844, 66.8419418334961, 27.46392761834777, 303, 223.0, 379, 6, 98082.33367919922, 135.8621826171875, 464.8541259765625, 323.7040715485123
LOSS, 25709.06884765625, -31.417236328125, 67.3396987915039, 19.883270570499807, 1293, 223.0, 313, 21, 372411.900932312, 49.44793701171875, 461.1898193359375, 288.0215784472637
LOSS, 16362.497802734375, -27.31494140625, 70.4708023071289, 25.057423893927066, 653, 223.0, 356, 8, 226138.60202026367, 105.0195541381836, 461.33447265625, 346.30720064358906
WIN , 25829.550003051758, -34.99951171875, 69.43476867675781, 24.529487182385335, 1053, 135.89999389648438, 329, 25, 314753.06577301025, 76.59748840332031, 456.1585693359375, 298.91079370656246
LOSS, 22617.882080078125, -36.0, 67.0979995727539, 25.731378930691836, 879, 175.0, 341, 14, 265463.1706047058, 38.326480865478516, 453.129638671875, 302.005882371679
LOSS, 15436.978393554688, -17.96509552001953, 69.1014633178711, 17.36443013898165, 889, 138.447998046875, 340, 13, 218074.32038116455, 65.1390380859375, 452.4949645996094, 245.30294756036508
LOSS, 10729.5068359375, -16.7203369140625, 69.0004653930664, 33.42525494061527, 321, 175.0, 378, 8, 107181.65207672119, 85.44757843017578, 461.9140319824219, 333.89922765333705
LOSS, 11829.836181640625, -20.662452697753906, 68.6885757446289, 29.13752754098676, 406, 207.0, 372, 10, 126892.49695587158, 64.9003677368164, 452.7881774902344, 312.54309595042264
LOSS, 18475.465782165527, -33.35609436035156, 68.70780181884766, 31.909267326710754, 579, 197.5620880126953, 361, 12, 184497.33513641357, 71.51754760742188, 459.170654296875, 318.64824721314955
LOSS, 15910.314697265625, -34.22357177734375, 68.4673080444336, 25.33489601475418, 628, 207.0, 358, 12, 190362.03102111816, 94.2911148071289, 454.77264404296875, 303.12425321834104
LOSS, 14188.206787109375, -19.13629150390625, 67.6390609741211, 27.60351515001824, 514, 175.0, 365, 12, 163539.4623184204, 98.50711059570312, 446.0875244140625, 318.1701601525689
LOSS, 10449.515747070312, -19.455406188964844, 70.23885345458984, 23.16965797576566, 451, 207.0, 369, 6, 146402.42957305908, 98.45008850097656, 458.7935791015625, 324.6173604724148
LOSS, 7901.3609619140625, -40.00006103515625, 70.3685531616211, 13.46058085504951, 587, 186.447998046875, 360, 8, 144341.51264190674, 79.56752014160156, 463.13775634765625, 245.89695509694505
LOSS, 18840.753662109375, -27.4393310546875, 63.266502380371094, 23.231508831207613, 811, 191.0, 345, 15, 257654.82106781006, 67.94388580322266, 461.1065673828125, 317.7001492821332
LOSS, 12182.300003051758, -16.363616943359375, 71.3567123413086, 37.25474007049467, 327, 180.39999389648438, 378, 9, 112814.88287353516, 102.58336639404297, 445.03131103515625, 344.9996418150922
WIN , 27280.0, -22.47900390625, 89.114990234375, 18.43243243243243, 1480, 175.0, 301, 22, 405968.76208496094, 66.05261993408203, 445.84039306640625, 274.3032176249736
LOSS, 22771.0, -33.777610778808594, 64.3993148803711, 25.994292237442924, 876, 223.0, 341, 25, 264856.8634300232, 47.86592102050781, 450.5992431640625, 302.34801761418174
LOSS, 10811.0, -18.41344451904297, 65.9215316772461, 26.893034825870647, 402, 223.0, 373, 8, 121718.47468566895, 79.98851776123047, 449.7422180175781, 302.7822753374849
LOSS, 9306.109497070312, -34.0869140625, 68.29305267333984, 23.323582699424342, 399, 191.0, 373, 8, 139552.59223937988, 237.2047119140625, 437.9900207519531, 349.755870274135
LOSS, 20977.7060546875, -33.000244140625, 68.7428970336914, 21.01974554577906, 998, 207.0, 333, 13, 294527.3486404419, 90.73666381835938, 446.034912109375, 295.117583808058
LOSS, 11529.240356445312, -16.56273651123047, 66.8419418334961, 30.420159251834598, 379, 223.0, 374, 8, 128438.52409362793, 136.03627014160156, 442.76129150390625, 338.8879263684114
LOSS, 10519.0, -19.40831756591797, 68.46183013916016, 27.82804232804233, 378, 207.0, 374, 8, 136816.91148376465, 198.59524536132812, 448.40435791015625, 361.94950127980064
LOSS, 6359.1976318359375, -17.9522705078125, 61.596885681152344, 20.447580809761856, 311, 223.0, 379, 4, 103499.24552154541, 87.98209381103516, 464.8113098144531, 332.7950016769949
LOSS, 10371.076599121094, -21.20423126220703, 61.24664306640625, 13.194753942902155, 786, 191.8800048828125, 347, 7, 237253.32472991943, 79.64047241210938, 449.9637451171875, 301.849013651297
LOSS, 11498.151123046875, -34.0, 62.1820068359375, 19.927471617065642, 577, 191.0, 361, 8, 159215.1642189026, 56.49332809448242, 441.50933837890625, 275.93615982478786
LOSS, 7579.2061767578125, -19.13629150390625, 61.002723693847656, 23.537907381235442, 322, 223.0, 378, 4, 108262.46139526367, 99.8279800415039, 437.859619140625, 336.2188242088934
LOSS, 8533.744995117188, -18.721778869628906, 64.4255599975586, 20.712973289119386, 412, 191.0, 372, 8, 91185.37858200073, 42.30754470825195, 438.5807189941406, 221.32373442233188
LOSS, 7686.263023376465, -32.985107421875, 57.588417053222656, 20.551505410097498, 374, 215.2681427001953, 375, 4, 118038.93584442139, 120.20537567138672, 452.0187072753906, 315.61212792626037
LOSS, 11523.720970153809, -16.92816162109375, 71.2700424194336, 25.954326509355425, 444, 201.8000030517578, 370, 8, 137165.60205078125, 88.22097778320312, 457.26495361328125, 308.93153615040825
LOSS, 7385.5948486328125, -18.20404815673828, 63.36066436767578, 22.79504582911362, 324, 207.0, 378, 1, 98545.5778503418, 90.8642807006836, 432.9833068847656, 304.1530180566105
