LOSS, 17103.482612609863, -33.803070068359375, 46.648780822753906, 6.731004570094397, 2541, 184.03575134277344, 230, 15, 5681.090723991394, 10.01744270324707, 26.69856071472168, 2.2357696670568257
WIN , 30705.205909729004, -40.847496032714844, 83.7282485961914, 11.76444670870843, 2610, 124.58818054199219, 225, 31, 24939.208436012268, 12.42233657836914, 57.2978630065918, 9.555252274334203
WIN , 28275.300003051758, -44.999755859375, 74.8750991821289, 8.030474297941424, 3521, 164.39999389648438, 165, 39, 69600.14769172668, 15.549209594726562, 74.6109390258789, 19.76715356197861
LOSS, 15264.029296875, -22.44573974609375, 59.565650939941406, 25.610787410864095, 596, 207.0, 360, 12, 21211.091537475586, 15.652395248413086, 79.22477722167969, 35.589079760865076
LOSS, 25372.10996246338, -26.092529296875, 59.28703308105469, 28.15994446444326, 901, 193.6999969482422, 339, 20, 35834.00505447388, 23.872150421142578, 83.6885757446289, 39.77137075968244
WIN , 28070.0, -27.65899658203125, 62.2412109375, 20.62454077883909, 1361, 175.0, 309, 19, 57761.31935310364, 17.766847610473633, 84.33275604248047, 42.44035220654198
LOSS, 17022.79296875, -21.462791442871094, 64.48905181884766, 30.289667204181494, 562, 175.0, 362, 17, 28069.890570640564, 8.453341484069824, 112.41985321044922, 49.94642450291915
LOSS, 19115.06591796875, -41.00048828125, 61.85966491699219, 19.911526997884113, 960, 175.0, 335, 20, 55956.75016784668, 16.704309463500977, 114.05197143554688, 58.28828142484029
LOSS, 5254.9368896484375, -24.4730224609375, 67.94454193115234, 37.26905595495346, 141, 207.0, 390, 3, 9258.898384094238, 22.501781463623047, 108.94871520996094, 65.66594598648396
LOSS, 21101.0, -20.662147521972656, 64.1637191772461, 25.09036860879905, 841, 223.0, 343, 16, 54412.51045036316, 21.36687469482422, 117.84461975097656, 64.6997746139871
LOSS, 9676.361961364746, -18.77500343322754, 63.738624572753906, 29.05814402812236, 333, 201.8000030517578, 377, 7, 23429.98233318329, -8.219791412353516, 119.40579223632812, 70.36030730685673
LOSS, 16841.0, -16.72203826904297, 62.888710021972656, 31.596622889305817, 533, 223.0, 364, 8, 36224.50623321533, 29.572935104370117, 126.8973159790039, 67.9634263287342
LOSS, 11159.491943359375, -23.61163330078125, 60.99420166015625, 27.152048523988746, 411, 207.0, 372, 7, 29673.220589637756, 5.150618553161621, 123.15249633789062, 72.1976170064179
WIN , 26712.0, -20.35759735107422, 78.64990234375, 25.105263157894736, 1064, 191.0, 329, 26, 75974.82289028168, 7.480095863342285, 145.19821166992188, 71.40490873146774
LOSS, 12172.4013671875, -38.0, 64.9916763305664, 15.565730648577366, 782, 223.0, 347, 10, 60344.72915363312, 10.665995597839355, 143.91831970214844, 77.16717283073288
LOSS, 18764.565185546875, -18.823196411132812, 62.882591247558594, 29.27389264515893, 641, 207.0, 357, 18, 56968.52950286865, 28.600719451904297, 147.97933959960938, 88.87446100291521
LOSS, 21522.762451171875, -21.14118194580078, 70.5870590209961, 23.59952023154811, 912, 175.0, 339, 11, 82139.68335342407, 20.625335693359375, 147.67588806152344, 90.06544227349131
LOSS, 16726.100830078125, -18.77500343322754, 67.5822982788086, 26.053116557754088, 642, 207.0, 357, 7, 56081.097393512726, -6.782079219818115, 149.79290771484375, 87.35373425780799
LOSS, 13308.993774414062, -21.132896423339844, 61.093650817871094, 24.37544647328583, 546, 223.0, 363, 8, 48170.35446929932, 16.03512191772461, 152.77890014648438, 88.22409243461414
LOSS, -8616.451026916504, -34.0869140625, 59.347450256347656, -1.436314556912236, 5999, 229.2417755126953, 0, 4, 353459.29644966125, 14.818836212158203, 167.75357055664062, 58.919702692058884
LOSS, 8736.799194335938, -16.084640502929688, 62.4151611328125, 25.32405563575634, 345, 191.0, 376, 5, 40486.040771484375, 40.368743896484375, 192.97561645507812, 117.35084281589674
LOSS, 21221.44775390625, -21.98082733154297, 90.9798355102539, 14.233030016033702, 1491, 175.0, 300, 21, 210335.97574424744, 29.44260597229004, 204.55813598632812, 141.0704062671009
LOSS, 13753.1142578125, -19.210662841796875, 65.9398422241211, 24.78038605011261, 555, 223.0, 362, 10, 72267.68004608154, 50.28358459472656, 218.9567108154297, 130.21203611906586
LOSS, 1869.599998474121, -14.779937744140625, 58.97216796875, 24.599999979922647, 76, 185.8000030517578, 394, 3, 8057.844795703888, -3.806837320327759, 204.85098266601562, 106.02427362768273
LOSS, 16235.05029296875, -16.00006103515625, 65.9520492553711, 35.447708063250545, 458, 223.0, 369, 12, 71850.63693237305, 72.0997085571289, 217.7420654296875, 156.87911993967913
WIN , 26020.0, -20.436798095703125, 78.14984893798828, 26.177062374245473, 994, 175.0, 333, 18, 144881.1807861328, 19.97032928466797, 237.39866638183594, 145.75571507659237
LOSS, 8826.93448638916, -16.27520751953125, 62.307640075683594, 32.33309335673685, 273, 138.9471893310547, 381, 8, 38953.21586227417, 39.380123138427734, 207.9738311767578, 142.68577238928268
LOSS, 18358.433837890625, -31.2774658203125, 71.7851791381836, 19.123368581136067, 960, 175.0, 335, 12, 138186.18550872803, 34.381080627441406, 232.77481079101562, 143.94394323825836
LOSS, 17290.0, -17.01622772216797, 63.91210174560547, 29.505119453924916, 586, 185.0, 360, 20, 92039.5037574768, 37.872928619384766, 241.97317504882812, 157.0639995861379
LOSS, 25047.756103515625, -20.1611328125, 61.69795227050781, 22.107463462944065, 1133, 207.0, 324, 15, 172335.5658378601, 39.294593811035156, 261.65374755859375, 152.1055303070257
LOSS, 6479.0, -15.562948226928711, 62.956764221191406, 38.11176470588235, 170, 207.0, 388, 2, 27065.800266981125, -2.129756212234497, 234.0776824951172, 159.21058980577132
LOSS, 5389.225646972656, -18.46306610107422, 68.2485122680664, 30.27654857849807, 178, 191.0, 388, 3, 26457.653858184814, 29.53265380859375, 237.30409240722656, 148.638504821263
WIN , 25170.0, -26.092529296875, 67.6701889038086, 25.70990806945863, 979, 175.0, 334, 30, 156649.14070129395, 37.24016189575195, 251.5850830078125, 160.00933677353825
LOSS, 10251.599998474121, -19.153175354003906, 63.489906311035156, 16.50821255792934, 621, 201.8000030517578, 358, 10, 93975.40694618225, -6.698428153991699, 247.51275634765625, 151.32915772332086
LOSS, 16455.63037109375, -34.0, 60.13701629638672, 23.308258315996813, 706, 191.0, 352, 13, 121848.66837692261, 23.107742309570312, 250.39126586914062, 172.59018183700087
LOSS, 9461.711692810059, -34.042724609375, 59.047142028808594, 20.613750964727796, 459, 201.8000030517578, 369, 8, 64842.13241958618, 34.52338409423828, 248.27125549316406, 141.2682623520396
LOSS, 15136.667236328125, -17.662879943847656, 67.09600067138672, 25.61195809869395, 591, 207.0, 360, 13, 91973.83156204224, 43.31547164916992, 262.2474365234375, 155.62408047722883
LOSS, 15369.0, -27.71728515625, 62.60749053955078, 17.726643598615915, 867, 207.0, 342, 16, 154691.08852386475, 58.98073959350586, 265.34197998046875, 178.42109402983246
LOSS, 18456.84716796875, -20.1611328125, 66.9051284790039, 26.749053866621377, 690, 223.0, 353, 12, 111992.53313446045, 23.714710235595703, 273.447509765625, 162.30801903544992
LOSS, 11059.88623046875, -21.709938049316406, 65.8440170288086, 30.384302830958106, 364, 207.0, 375, 5, 62655.941566467285, 27.507831573486328, 265.8214416503906, 172.13170760018485
LOSS, 5281.157287597656, -16.00006103515625, 58.72222900390625, 23.162970559638843, 228, 207.0, 384, 1, 39073.82676696777, 44.217552185058594, 262.1277160644531, 171.37643318845514
WIN , 24643.753898620605, -26.3763427734375, 68.46868133544922, 18.308881053952902, 1346, 127.49220275878906, 310, 30, 224340.60161018372, 17.877178192138672, 266.70648193359375, 166.67206657517363
LOSS, 9001.0, -17.662269592285156, 70.70272064208984, 21.585131894484412, 417, 223.0, 372, 11, 74364.85903549194, 48.40111541748047, 289.34295654296875, 178.3329952889495
LOSS, 13935.3720703125, -17.662269592285156, 70.0295181274414, 33.17945731026786, 420, 207.0, 371, 6, 84485.67041873932, 9.82211971282959, 283.23089599609375, 201.1563581398555
LOSS, 21285.997802734375, -30.322265625, 67.1242446899414, 20.253090202411393, 1051, 191.0, 329, 16, 178229.5731124878, 49.87588882446289, 285.2257080078125, 169.58094492149172
LOSS, 13421.0, -19.969276428222656, 65.78511810302734, 31.430913348946135, 427, 223.0, 371, 9, 81722.95556259155, 44.179100036621094, 302.59893798828125, 191.38865471332917
LOSS, 8051.285400390625, -13.858749389648438, 61.12663269042969, 33.82893025374212, 238, 175.0, 384, 6, 48210.41506195068, 99.01762390136719, 278.0732116699219, 202.56476916786002
LOSS, 12579.0, -17.71978759765625, 68.1517562866211, 32.253846153846155, 390, 207.0, 373, 9, 82735.82848739624, 51.3153076171875, 284.25299072265625, 212.14314996768266
LOSS, 20549.85693359375, -19.63957977294922, 70.1576919555664, 18.057870767657075, 1138, 207.0, 324, 19, 205659.32593345642, 17.74992561340332, 291.8330993652344, 180.7199700645487
WIN , 25859.40818786621, -26.092529296875, 66.0411605834961, 22.273392065345572, 1161, 196.18362426757812, 322, 28, 244825.8505706787, 68.91539001464844, 307.8280029296875, 210.8749789583796
LOSS, 9289.255004882812, -21.7667236328125, 69.5348129272461, 20.106612564681413, 462, 223.0, 369, 5, 97410.69354248047, 18.055877685546875, 320.42138671875, 210.84565701835598
WIN , 21434.0, -36.24951171875, 67.45520782470703, 7.785688339992735, 2753, 207.0, 216, 26, 419273.63674354553, 24.086210250854492, 315.30731201171875, 152.29699845388504
LOSS, 15556.87646484375, -21.393226623535156, 67.7742691040039, 31.555530354652635, 493, 223.0, 367, 12, 109226.40850830078, 51.33235168457031, 326.7867126464844, 221.55458115273993
LOSS, 11190.611030578613, -29.405982971191406, 69.5418472290039, 16.19480612240031, 691, 158.83775329589844, 353, 9, 113082.3690700531, 27.865568161010742, 313.77960205078125, 163.65031703336194
LOSS, 15556.1460647583, -39.0, 67.83841705322266, 23.183526176987037, 671, 198.69175720214844, 355, 14, 141897.63314437866, 44.31777572631836, 320.0179748535156, 211.4718824804451
LOSS, 7136.7952880859375, -18.20404815673828, 63.694374084472656, 20.160438666909428, 354, 223.0, 376, 4, 56445.55546951294, 24.957630157470703, 309.5230407714844, 159.45072166529079
LOSS, 14996.65380859375, -24.9822998046875, 66.98018646240234, 20.049002417906085, 748, 207.0, 350, 16, 149288.69956207275, 70.31583404541016, 318.22918701171875, 199.58382294394752
LOSS, 24354.3125, -30.5859375, 69.5067367553711, 24.851339285714285, 980, 207.0, 334, 13, 201504.1976222992, 29.3817195892334, 335.4476318359375, 205.6165281860196
LOSS, 13461.11474609375, -15.642463684082031, 68.6550064086914, 33.402269841423696, 403, 223.0, 373, 10, 94136.29598999023, 56.48460388183594, 321.79266357421875, 233.58882379650183
WIN , 23439.411041259766, -36.861915588378906, 68.0489273071289, 9.088565739146865, 2579, 116.17791748046875, 228, 18, 356714.2929096222, 17.932575225830078, 326.1944274902344, 138.31496429221488
LOSS, 18846.68310546875, -24.42169189453125, 67.9042739868164, 31.516192484061456, 598, 207.0, 360, 14, 142933.89781188965, 74.22765350341797, 330.72137451171875, 239.01989600650444
LOSS, 10122.89404296875, -17.687843322753906, 71.81539154052734, 37.49220015914352, 270, 207.0, 381, 8, 66034.23997497559, 74.93565368652344, 346.8270568847656, 244.57125916657625
LOSS, 13732.781005859375, -23.3365478515625, 68.10294342041016, 28.026083685427295, 490, 223.0, 367, 9, 114470.31636428833, 34.651371002197266, 345.24639892578125, 233.61289053936395
LOSS, 10426.252319335938, -21.121994018554688, 62.343292236328125, 36.58334147135417, 285, 191.0, 380, 11, 71563.41184234619, 33.28090286254883, 338.7528991699219, 251.0996906748989
LOSS, 8688.501586914062, -20.662147521972656, 61.79779052734375, 23.48243672138936, 370, 175.0, 375, 8, 87875.18583679199, 84.88526153564453, 336.54296875, 237.5005022616
LOSS, 6491.0, -14.9053955078125, 64.0843734741211, 25.35546875, 256, 223.0, 382, 8, 60908.88776397705, 96.7889175415039, 332.5025634765625, 237.92534282803535
LOSS, 7187.670654296875, -19.13629150390625, 63.013526916503906, 30.073935792037133, 239, 207.0, 384, 8, 53178.32825469971, 72.18260192871094, 344.5476989746094, 222.5034655008356
LOSS, 11695.951171875, -20.33240509033203, 64.1377944946289, 29.836610132334183, 392, 223.0, 373, 8, 99592.8424911499, 84.30573272705078, 340.7184143066406, 254.063373701913
LOSS, 19748.48486328125, -19.708778381347656, 67.74816131591797, 18.630646097435143, 1060, 207.0, 329, 19, 224367.93363571167, 39.88821029663086, 342.3513488769531, 211.66786192048272
LOSS, 24610.641845703125, -25.0601806640625, 69.6102066040039, 26.070595175532972, 944, 207.0, 337, 15, 221947.77548980713, 66.4758529663086, 354.03155517578125, 235.1141689510669
LOSS, 7204.258056640625, -16.48967742919922, 60.40618896484375, 24.504279104219812, 294, 223.0, 380, 1, 75637.6909790039, 23.443744659423828, 356.1661682128906, 257.27105775171395
LOSS, 16814.300003051758, -26.092529296875, 69.2241439819336, 22.329747680015615, 753, 196.39999389648438, 349, 15, 165529.71366119385, 53.7037239074707, 352.5474853515625, 219.82697697369701
LOSS, 13788.067138671875, -17.332679748535156, 69.0975112915039, 30.57221095049196, 451, 159.0, 369, 7, 113436.53887939453, 85.3569107055664, 343.5587158203125, 251.52225915608543
LOSS, 9519.705444335938, -18.20404815673828, 61.90055847167969, 19.628258648115334, 485, 223.0, 367, 7, 103502.49341583252, 41.28044128417969, 345.94097900390625, 213.4072029192423
WIN , 25651.0, -28.024765014648438, 85.25566101074219, 19.114008941877795, 1342, 153.0, 310, 26, 309754.14167785645, 28.85596466064453, 356.6534423828125, 230.81530676442358
LOSS, 14287.0, -20.7525634765625, 70.3401870727539, 22.822683706070286, 626, 191.0, 358, 10, 151115.3037147522, 57.372314453125, 359.38507080078125, 241.39824874561054
LOSS, 21233.355339050293, -18.79534149169922, 69.1481704711914, 29.490771304236517, 720, 178.21607971191406, 351, 17, 168439.50114059448, 39.829124450683594, 371.36962890625, 233.943751584159
LOSS, 9850.077758789062, -19.3548583984375, 61.476593017578125, 25.000197357332645, 394, 223.0, 373, 8, 95976.6522102356, 55.3917121887207, 350.2683410644531, 243.59556398536952
LOSS, 20877.209228515625, -23.140838623046875, 70.6249008178711, 24.24762976598795, 861, 207.0, 342, 11, 195326.19090270996, 50.43868637084961, 366.37664794921875, 226.85968745959346
WIN , 26760.0, -26.574386596679688, 68.5411605834961, 22.412060301507537, 1194, 175.0, 320, 22, 302937.9714202881, 101.3665542602539, 375.2530822753906, 253.71689398684094
LOSS, 12852.70263671875, -20.002357482910156, 66.0817642211914, 30.456641319238745, 422, 175.0, 371, 11, 108524.01989746094, 133.58297729492188, 355.1874084472656, 257.16592392763255
LOSS, 9051.0, -21.20392608642578, 68.9494857788086, 17.540697674418606, 516, 223.0, 365, 10, 115713.41536712646, 67.05361938476562, 360.8027648925781, 224.2508049750513
LOSS, 8107.458984375, -21.34002685546875, 68.8176498413086, 27.02486328125, 300, 186.447998046875, 379, 8, 71072.38605499268, 66.0423583984375, 356.81298828125, 236.90795351664227
LOSS, 7172.3818359375, -16.7203369140625, 70.8858413696289, 40.06917226780726, 179, 223.0, 388, 3, 47412.0318069458, 66.4271240234375, 356.0391540527344, 264.8716860723229
LOSS, 18364.221435546875, -23.718719482421875, 69.0685043334961, 25.087734201566768, 732, 223.0, 351, 8, 207759.7223815918, 89.65679931640625, 389.8385925292969, 283.8247573519014
WIN , 26895.80992126465, -38.00048828125, 77.50753784179688, 20.72096295937184, 1298, 143.38015747070312, 313, 22, 316714.0941505432, 61.78055953979492, 375.6020812988281, 244.0016133671365
LOSS, 9501.738525390625, -14.662391662597656, 61.276466369628906, 23.813881016016605, 399, 223.0, 373, 7, 96400.65002441406, 107.86077117919922, 346.4945373535156, 241.6056391589325
LOSS, 16784.81103515625, -18.462913513183594, 70.6737289428711, 23.875975867932077, 703, 223.0, 353, 11, 169394.11058044434, 63.17809295654297, 361.75274658203125, 240.95890551983547
LOSS, 14156.63232421875, -23.1195068359375, 66.09891510009766, 22.085229834974648, 641, 223.0, 357, 14, 148501.2271270752, 47.87512969970703, 374.75543212890625, 231.67118116548392
LOSS, 15216.178955078125, -20.35790252685547, 71.7583236694336, 22.575933167771698, 674, 207.0, 355, 13, 177528.4740371704, 98.73382568359375, 378.7373046875, 263.3953620729531
LOSS, 7868.25830078125, -21.34002685546875, 63.147178649902344, 20.815498150214946, 378, 223.0, 374, 5, 95164.01663970947, 76.615478515625, 368.8542785644531, 251.7566577770092
LOSS, 6359.357200622559, -21.145172119140625, 70.56815338134766, 19.81108162187713, 321, 169.8000030517578, 378, 6, 73045.45014953613, 77.11260986328125, 375.0610656738281, 227.55591946895993
LOSS, 16869.0, -17.989585876464844, 64.6755142211914, 29.856637168141592, 565, 207.0, 362, 6, 160277.43098449707, 106.62265014648438, 388.8955078125, 283.67686899910984
LOSS, 14759.030029296875, -28.42620849609375, 69.1826400756836, 25.66787831182065, 575, 191.0, 361, 10, 143403.80995559692, 50.09365463256836, 377.878662109375, 249.39793035755986
LOSS, 13024.7060546875, -17.662269592285156, 61.85722351074219, 19.945951079153904, 653, 223.0, 356, 8, 158724.56650543213, 74.91132354736328, 377.53240966796875, 243.0697802533417
LOSS, 15387.0, -35.0, 67.5743637084961, 33.892070484581495, 454, 191.0, 369, 9, 122446.8777999878, 71.61857604980469, 398.52960205078125, 269.7067792951273
LOSS, 23322.97479248047, -45.4351806640625, 66.5352554321289, 26.146832726996042, 892, 191.8800048828125, 340, 22, 228639.64639282227, 65.11245727539062, 389.1974792480469, 256.3224735345541
LOSS, 3920.7166137695312, -23.42254638671875, 63.237831115722656, 22.794864033543785, 172, 207.0, 388, 1, 47996.82197570801, 104.51961517333984, 371.95062255859375, 279.0512905564419
LOSS, 20995.77197265625, -37.0, 70.7616195678711, 14.400392299489884, 1458, 191.0, 302, 20, 301535.50369644165, 58.72657775878906, 409.0774230957031, 206.81447441456902
LOSS, 25544.1489944458, -27.3223876953125, 67.9164810180664, 22.348336828036572, 1143, 183.40611267089844, 323, 14, 275480.22800827026, 48.18761444091797, 390.0388488769531, 241.01507262315857
LOSS, 10328.000122070312, -22.708656311035156, 69.3926010131836, 30.55621337890625, 338, 223.0, 377, 6, 86241.9741973877, 91.0884780883789, 381.53997802734375, 255.1537698147565
LOSS, 20194.538284301758, -30.322265625, 68.8497085571289, 15.206730635769397, 1328, 164.39999389648438, 311, 22, 313669.5249519348, 52.150238037109375, 387.69293212890625, 236.19693143970994
LOSS, 20335.665184020996, -17.357872009277344, 69.1844711303711, 29.5147535326865, 689, 169.8000030517578, 354, 20, 183903.8453025818, 54.83485794067383, 389.2408142089844, 266.914144125663
LOSS, 1329.599998474121, -17.66242218017578, 56.19884490966797, 5.682051275530432, 234, 185.8000030517578, 384, 3, 32213.845016479492, 72.50198364257812, 394.9858093261719, 137.66600434392944
LOSS, 11967.319107055664, -26.092529296875, 65.3917465209961, 27.44797960333868, 436, 169.39498901367188, 370, 9, 119838.00207519531, 99.71760559082031, 382.48370361328125, 274.8578029247599
LOSS, 14371.0, -30.322265625, 61.757728576660156, 24.94965277777778, 576, 223.0, 361, 11, 154072.91291046143, 98.80126953125, 409.50469970703125, 267.48769602510663
LOSS, 8213.735961914062, -15.463035583496094, 62.582618713378906, 20.181169439592292, 407, 127.5, 372, 5, 112056.81480407715, 140.725830078125, 390.11553955078125, 275.32386929748685
LOSS, 20941.406005859375, -20.1611328125, 69.9840316772461, 23.556137239436868, 889, 207.0, 340, 21, 255754.12474822998, 60.51299285888672, 406.38800048828125, 287.6874294130821
LOSS, 20104.48236846924, -18.2713623046875, 60.00792694091797, 21.387747200499188, 940, 184.03575134277344, 337, 18, 250894.0912284851, 53.80329895019531, 381.9000549316406, 266.9086076898778
LOSS, 15630.329345703125, -20.1611328125, 70.9624252319336, 30.76836485374631, 508, 207.0, 366, 5, 148645.9303817749, 101.43635559082031, 403.10797119140625, 292.61009917672226
LOSS, 6633.9176025390625, -19.9285888671875, 62.428199768066406, 27.52662905617868, 241, 207.0, 383, 2, 64594.818115234375, 98.19918823242188, 382.035888671875, 268.02829093458246
LOSS, 15580.417724609375, -28.746337890625, 68.26558685302734, 21.97520130410349, 709, 223.0, 352, 9, 190032.4250640869, 62.08898162841797, 386.87310791015625, 268.02880827092656
LOSS, 6220.4805908203125, -29.857177734375, 69.5062026977539, 20.804282912442517, 299, 223.0, 380, 5, 76713.0859375, 77.4090805053711, 387.235107421875, 256.5655048076923
WIN , 25711.13641357422, -23.9776611328125, 77.142333984375, 18.144768111202694, 1417, 172.7271728515625, 305, 36, 326021.8539123535, 27.910930633544922, 408.6661376953125, 230.07893712939557
WIN , 26002.0, -21.16808319091797, 70.4677505493164, 26.39796954314721, 985, 191.0, 334, 24, 272701.44747161865, 64.36248779296875, 410.98101806640625, 276.85426139250626
LOSS, 23481.0, -26.5924072265625, 67.5948257446289, 20.4005212858384, 1151, 223.0, 323, 26, 282377.5007019043, 44.37278747558594, 385.62353515625, 245.33232033180218
LOSS, 7324.108642578125, -39.9998779296875, 66.86148834228516, 15.29041470266832, 479, 207.0, 368, 7, 122575.20296478271, 96.05436706542969, 393.1484069824219, 255.8981272751205
LOSS, 18668.62548828125, -19.0875244140625, 69.6901626586914, 27.739413801309436, 673, 175.0, 355, 11, 192254.16191864014, 53.82145690917969, 391.7137451171875, 285.6674025537001
LOSS, 7609.1976318359375, -39.0, 62.664100646972656, 24.310535564971048, 313, 223.0, 379, 4, 90081.09822845459, 86.67256927490234, 395.3673400878906, 287.79903587365686
LOSS, 5364.4560546875, -30.322418212890625, 60.65155029296875, 14.984514119238828, 358, 191.0, 376, 4, 82989.8124923706, 54.64433288574219, 393.12225341796875, 231.81511869377263
LOSS, 19498.56982421875, -25.2093505859375, 70.6929702758789, 28.63226112220081, 681, 191.0, 354, 12, 210107.14785003662, 101.49727630615234, 395.76556396484375, 308.52738303970136
LOSS, 20141.070556640625, -21.3397216796875, 70.20589447021484, 23.097557977798882, 872, 184.4189453125, 341, 15, 247934.72407531738, 90.34593200683594, 412.6372375488281, 284.32881201297863
LOSS, 7927.5303955078125, -18.373855590820312, 69.79962921142578, 29.580337296670944, 268, 186.447998046875, 382, 6, 73471.91833496094, 84.59286499023438, 383.4622802734375, 274.1489490110483
LOSS, 2956.080123901367, -17.66242218017578, 59.0045166015625, 16.15344330000747, 183, 140.09500122070312, 387, 1, 39721.872566223145, 86.29117584228516, 401.09423828125, 217.0594129301811
WIN , 26112.0, -22.826202392578125, 86.31591796875, 26.699386503067483, 978, 191.0, 334, 22, 290884.9955215454, 111.8985595703125, 414.8685607910156, 297.4284207786763
LOSS, 12031.0, -19.13629150390625, 65.3197250366211, 22.529962546816478, 534, 223.0, 364, 11, 151553.57932281494, 114.33798217773438, 422.0422058105469, 283.8082009790542
LOSS, 17030.33935546875, -42.099525451660156, 62.641212463378906, 21.287924194335936, 800, 175.0, 346, 11, 233696.16360473633, 132.31268310546875, 415.5297546386719, 292.1202045059204
LOSS, 19176.446533203125, -20.372589111328125, 63.69580841064453, 27.791951497395832, 690, 175.0, 353, 19, 197776.8514175415, 73.33494567871094, 421.46392822265625, 286.63311799643697
LOSS, 24083.17529296875, -31.630859375, 65.9215316772461, 19.724140289081696, 1221, 223.0, 318, 24, 350601.0848083496, 78.52836608886719, 424.7823486328125, 287.14257560061395
LOSS, 13939.827880859375, -16.185134887695312, 67.8676528930664, 28.390688148389767, 491, 175.0, 367, 10, 148359.1501312256, 141.49703979492188, 405.5836181640625, 302.15712857683417
LOSS, 11925.369018554688, -24.982452392578125, 67.8478012084961, 16.9154170475953, 705, 207.0, 352, 9, 186099.25759887695, 67.9496841430664, 409.6591796875, 263.9705781544354
LOSS, 16208.29443359375, -28.414703369140625, 69.2519302368164, 18.04932564988168, 898, 207.0, 340, 13, 259052.80238342285, 75.60391998291016, 419.17315673828125, 288.47750822207445
WIN , 25294.929111480713, -47.349021911621094, 86.92658615112305, 18.080721309135605, 1399, 125.14177703857422, 306, 23, 394006.1643714905, 60.445133209228516, 420.28045654296875, 281.6341417952041
LOSS, 4491.0, -16.363616943359375, 59.89007568359375, 24.14516129032258, 186, 223.0, 387, 2, 47074.49542236328, 101.8247299194336, 431.6836853027344, 253.08868506646925
LOSS, 25229.496337890625, -23.7188720703125, 69.53878021240234, 24.143058696546053, 1045, 191.0, 330, 21, 303659.1517562866, 72.35340118408203, 431.39923095703125, 290.58292034094416
LOSS, 15951.670555114746, -22.330299377441406, 66.3072738647461, 21.12804047035066, 755, 153.8000030517578, 349, 10, 208543.55612182617, 87.71031951904297, 430.1352233886719, 276.2166306249353
LOSS, 10456.09765625, -24.496971130371094, 68.8008804321289, 30.307529438405798, 345, 175.5, 376, 8, 112238.88932800293, 136.3701934814453, 424.9630126953125, 325.3301139942114
LOSS, 11942.234252929688, -18.41588592529297, 62.538963317871094, 27.265375006688785, 438, 207.0, 370, 8, 133218.17081451416, 110.99822998046875, 434.529296875, 304.1510749189821
LOSS, 21404.00048828125, -18.462303161621094, 63.379127502441406, 32.979969935718415, 649, 223.0, 356, 13, 210606.24615478516, 71.238525390625, 431.4709167480469, 324.50885385945327
LOSS, 4675.198547363281, -17.66242218017578, 58.873748779296875, 25.97332526312934, 180, 191.0, 387, 1, 53566.53542327881, 120.0546875, 402.7829284667969, 297.59186346266006
LOSS, 13031.0, -26.54450225830078, 63.099586486816406, 26.485772357723576, 492, 223.0, 367, 12, 148388.621635437, 105.33065795898438, 420.63616943359375, 301.60288950292073
LOSS, 8451.0, -28.9903564453125, 69.26824188232422, 17.98085106382979, 470, 223.0, 368, 11, 117707.03971862793, 95.79820251464844, 416.9430236816406, 250.4405100396339
LOSS, 7978.70280456543, -27.18488311767578, 69.14144134521484, 22.666769331151787, 352, 177.10000610351562, 376, 7, 100966.92441558838, 74.07894897460938, 423.6261291503906, 286.83785345337606
LOSS, 7679.6529541015625, -19.13629150390625, 66.6274185180664, 21.332369316948785, 360, 223.0, 375, 4, 83074.22476959229, 86.41278839111328, 418.4966735839844, 230.76173547108968
LOSS, 12665.650001525879, -17.662269592285156, 68.8213119506836, 32.31033163654561, 392, 193.6999969482422, 373, 9, 127888.25598144531, 120.955078125, 420.64764404296875, 326.2455509730748
LOSS, 23326.6142578125, -20.662147521972656, 67.28917694091797, 26.628555088827056, 876, 191.0, 341, 16, 280377.5032348633, 68.52995300292969, 417.70111083984375, 320.0656429621727
LOSS, 5606.581939697266, -16.895347595214844, 61.79271697998047, 32.78702888711851, 171, 191.42718505859375, 388, 2, 54297.823333740234, 180.68087768554688, 448.6736145019531, 317.53113060666806
LOSS, 18796.744384765625, -26.092529296875, 65.4497299194336, 22.21837397726433, 846, 175.0, 343, 25, 238022.22468948364, 57.153560638427734, 432.6244812011719, 281.3501473870965
LOSS, 20055.4599609375, -34.0869140625, 67.9250259399414, 12.349421158212746, 1624, 207.0, 291, 23, 455127.70210266113, 64.98112487792969, 425.5873718261719, 280.2510480927716
LOSS, 24593.65576171875, -20.1611328125, 69.2842788696289, 21.460432601848822, 1146, 207.0, 323, 19, 369891.9570388794, 104.42532348632812, 443.56298828125, 322.76785081926647
LOSS, 11236.0830078125, -18.61236572265625, 67.8676528930664, 25.421002280118778, 442, 223.0, 370, 6, 140261.97695922852, 186.4294891357422, 431.2468566894531, 317.334789500517
LOSS, 12575.447021484375, -39.999229431152344, 70.2590103149414, 3.4980381144601878, 3595, 223.0, 160, 15, 664862.3327636719, 98.28202819824219, 430.5880126953125, 184.94084360602835
LOSS, 24689.52978515625, -34.0869140625, 67.3936996459961, 26.924241859494273, 917, 207.0, 338, 31, 300247.18156433105, 89.58989715576172, 433.67608642578125, 327.42331686404697
LOSS, 10707.109313964844, -25.181884765625, 68.95284271240234, 23.636002900584643, 453, 191.8800048828125, 369, 7, 136106.6902923584, 66.47086334228516, 441.8836669921875, 300.4562699610561
LOSS, 16927.752685546875, -20.260330200195312, 66.6548843383789, 26.742105348415283, 633, 175.0, 357, 15, 194229.8034515381, 67.2928237915039, 430.5171203613281, 306.8401318349733
LOSS, 12883.999877929688, -21.3397216796875, 59.26249694824219, 23.131059026803747, 557, 223.0, 362, 13, 165769.60293579102, 76.21592712402344, 439.8319396972656, 297.6114953963932
LOSS, 13595.650001525879, -17.40343475341797, 67.38394927978516, 27.245791586224207, 499, 193.6999969482422, 366, 14, 156944.98920440674, 89.38037872314453, 433.1583557128906, 314.51901644169686
LOSS, 22561.89794921875, -39.415374755859375, 67.5201187133789, 13.064214214950058, 1727, 207.0, 284, 16, 449864.9217185974, 52.39070510864258, 442.368896484375, 260.4892424543123
LOSS, 19044.0849609375, -22.936134338378906, 68.03511810302734, 28.466494709921523, 669, 188.5, 355, 10, 217704.09284210205, 72.0300064086914, 445.61383056640625, 325.41717913617646
LOSS, 10205.204223632812, -40.4193115234375, 66.9673843383789, 7.898764878972765, 1292, 207.0, 313, 8, 323235.9499130249, 71.6708984375, 437.13006591796875, 250.1826237716911
LOSS, 8873.54052734375, -19.23950958251953, 68.9125747680664, 29.677393068039297, 299, 191.0, 380, 6, 95189.54751586914, 118.8468017578125, 434.08270263671875, 318.3596906885256
LOSS, 8192.477180480957, -17.49114990234375, 63.799644470214844, 28.948682616540484, 283, 184.83079528808594, 381, 7, 85307.82767486572, 91.07999420166016, 424.21783447265625, 301.44108719033824
LOSS, 8381.0, -36.6473388671875, 61.917335510253906, 18.023655913978494, 465, 223.0, 368, 8, 114369.28964996338, 76.84517669677734, 449.44140625, 245.95546161282448
LOSS, 5090.275421142578, -18.0462646484375, 67.43643951416016, 18.179555075509207, 280, 136.37969970703125, 381, 7, 62522.30074310303, 71.09133911132812, 441.4015808105469, 223.29393122536794
LOSS, 19391.962646484375, -34.0001220703125, 70.4061050415039, 31.99993836053527, 606, 207.0, 359, 11, 191555.8948287964, 110.24248504638672, 439.05316162109375, 316.09883635114915
LOSS, 15656.67041015625, -34.0869140625, 66.0842056274414, 22.990705448100222, 681, 191.0, 354, 9, 208040.66761016846, 118.64142608642578, 422.54534912109375, 305.49290397968934
LOSS, 24360.74853515625, -43.597801208496094, 70.50284576416016, 22.916978866562793, 1063, 223.0, 329, 26, 338833.865814209, 95.7238998413086, 429.08624267578125, 318.7524607847686
LOSS, 24184.2978515625, -20.821266174316406, 68.1917495727539, 24.305826986494974, 995, 207.0, 333, 16, 306176.92990875244, 72.2408218383789, 429.2176513671875, 307.7155074459823
LOSS, 18864.970703125, -31.7108154296875, 63.908912658691406, 25.11980120256325, 751, 175.0, 349, 18, 248171.5520477295, 97.03346252441406, 430.4164733886719, 330.4547963351924
WIN , 26614.0, -18.72193145751953, 69.1011734008789, 23.24366812227074, 1145, 207.0, 323, 27, 362700.50399017334, 66.1963882446289, 446.56634521484375, 316.7689991180553
LOSS, 19895.931640625, -33.77776336669922, 68.5518569946289, 26.387177242208224, 754, 223.0, 349, 20, 231496.26096343994, 88.41417694091797, 435.3233337402344, 307.0242187844031
LOSS, 15838.972412109375, -19.52875328063965, 69.2159194946289, 29.22319633230512, 542, 223.0, 363, 9, 178975.44582366943, 85.477294921875, 438.0763854980469, 330.21299967466683
LOSS, 12864.10888671875, -30.322265625, 68.9873275756836, 22.027583710134845, 584, 175.0, 361, 9, 162743.76768493652, 100.88507843017578, 421.7576599121094, 278.6708350769461
LOSS, 9979.506469726562, -20.349334716796875, 61.434837341308594, 25.523034449428547, 391, 223.0, 373, 6, 111431.70137023926, 80.97637176513672, 436.35137939453125, 284.99156360675
LOSS, 16707.0, -34.437255859375, 69.6333999633789, 25.703076923076924, 650, 191.0, 356, 11, 204335.06350708008, 79.33684539794922, 430.497802734375, 314.36163616473857
LOSS, 15167.225830078125, -23.106117248535156, 61.806861877441406, 22.109658644428755, 686, 191.0, 354, 10, 202581.98495483398, 89.74534606933594, 425.3238830566406, 295.3090159691458
LOSS, 13419.0, -39.08355712890625, 62.973243713378906, 24.667279411764707, 544, 207.0, 363, 12, 168144.66703796387, 123.35248565673828, 435.25299072265625, 309.08946146684536
LOSS, 10584.916625976562, -36.0001220703125, 64.11939239501953, 21.96040793771071, 482, 223.0, 367, 4, 138436.7064666748, 56.67182159423828, 425.963134765625, 287.2130839557569
LOSS, 24335.76953125, -35.99951171875, 68.47342681884766, 24.756632280010173, 983, 191.0, 334, 18, 312766.6499595642, 61.40608215332031, 454.1976318359375, 318.17563576761364
LOSS, 10750.00830078125, -28.44024658203125, 68.9079818725586, 22.58405105206145, 476, 207.0, 368, 6, 130285.04233551025, 75.38459014892578, 442.6896667480469, 273.7080721334249
LOSS, 13573.29736328125, -26.54450225830078, 66.21114349365234, 34.36277813488924, 395, 223.0, 373, 8, 129376.53440856934, 117.07534790039062, 452.49127197265625, 327.5355301482768
LOSS, 8076.3657302856445, -29.154747009277344, 65.98746490478516, 23.615104474519427, 342, 184.83079528808594, 377, 7, 112516.62296295166, 124.40619659423828, 439.4031982421875, 328.99597357588203
LOSS, 11422.306274414062, -17.662269592285156, 63.053199768066406, 31.20848708856301, 366, 207.0, 375, 10, 116682.24625396729, 97.59303283691406, 457.84698486328125, 318.8039515135718
LOSS, 4683.4508056640625, -13.000030517578125, 65.58631134033203, 30.812176353053044, 152, 191.0, 389, 4, 45144.36089324951, 90.739013671875, 439.68927001953125, 297.00237429769413
WIN , 26639.45249938965, -18.6015625, 92.34097290039062, 26.827243201802265, 993, 156.09500122070312, 333, 28, 316835.3052520752, 75.27157592773438, 463.0946044921875, 319.06878675939095
WIN , 28146.65000152588, -27.03466796875, 61.84791564941406, 18.019622280106198, 1562, 161.6999969482422, 295, 28, 437520.96461868286, 59.206695556640625, 450.5318298339844, 280.1030503320633
LOSS, 9151.994873046875, -14.232025146484375, 69.7966537475586, 25.999985434792258, 352, 223.0, 376, 11, 108919.93528747559, 81.81047821044922, 441.473876953125, 309.4316343394193
LOSS, 16580.913330078125, -21.046142578125, 59.930419921875, 26.657416929386052, 622, 223.0, 358, 15, 197278.76166534424, 103.69210052490234, 439.1691589355469, 317.16842711470133
LOSS, 18751.693115234375, -16.797637939453125, 60.523902893066406, 28.716222228536562, 653, 175.0, 356, 12, 213984.92768096924, 77.71424865722656, 457.3081359863281, 327.69514193104015
LOSS, 21223.425048828125, -17.188751220703125, 67.3146743774414, 26.662594282447394, 796, 207.0, 346, 14, 260403.29222869873, 85.2082290649414, 454.844970703125, 327.13981435766175
LOSS, 4604.7158203125, -15.999984741210938, 61.532814025878906, 19.51150771318856, 236, 223.0, 384, 2, 63958.898513793945, 137.13613891601562, 434.8121643066406, 271.0122818381099
LOSS, 15899.56689453125, -30.06689453125, 63.002540588378906, 19.58074740705819, 812, 223.0, 345, 16, 257166.5852432251, 115.32805633544922, 444.0006103515625, 316.7076172946122
WIN , 26630.0, -31.092529296875, 69.3135757446289, 24.543778801843317, 1085, 175.0, 327, 27, 350655.42738342285, 107.6954345703125, 454.1110534667969, 323.18472569900723
LOSS, 6731.0, -29.85498046875, 68.8497085571289, 24.039285714285715, 280, 223.0, 381, 6, 80987.07009124756, 81.72250366210938, 435.9035339355469, 289.23953604016987
LOSS, 12741.88134765625, -28.7689208984375, 70.2000961303711, 12.35875979404098, 1031, 223.0, 331, 11, 250587.04745483398, 78.72154998779297, 441.689697265625, 243.05242236162366
LOSS, 19598.05517578125, -22.132064819335938, 70.4598159790039, 21.073177608366937, 930, 207.0, 337, 15, 274850.64196014404, 92.42756652832031, 446.106689453125, 295.53832468832695
WIN , 25675.415954589844, -34.0869140625, 68.669677734375, 22.26835728932337, 1153, 164.1680908203125, 323, 28, 341327.2565765381, 89.00149536132812, 441.018798828125, 296.0340473343782
LOSS, 4139.0, -17.662269592285156, 59.563819885253906, 23.517045454545453, 176, 207.0, 388, 2, 54617.28042602539, 149.83021545410156, 436.20477294921875, 310.32545696605337
LOSS, 12800.433837890625, -25.3936767578125, 68.0348892211914, 20.221854404250593, 633, 191.0, 357, 7, 179047.58402252197, 77.14807891845703, 439.9235534667969, 282.85558297396835
WIN , 27949.707305908203, -33.458091735839844, 72.93392181396484, 21.030630027018965, 1329, 135.58538818359375, 311, 22, 426988.4280014038, 113.17394256591797, 445.9603271484375, 321.28549887238813
LOSS, 8633.380493164062, -17.99231719970703, 53.95263671875, 27.407557121155754, 315, 207.0, 378, 5, 105975.72201538086, 149.5130157470703, 442.1528625488281, 336.4308635408916
LOSS, 11881.0, -22.376480102539062, 59.4891357421875, 20.51986183074266, 579, 223.0, 361, 12, 181968.48983764648, 116.29886627197266, 437.2129211425781, 314.2806387524119
LOSS, 7234.007942199707, -38.01000213623047, 69.3297348022461, 13.322298236095225, 543, 184.83079528808594, 363, 6, 158051.34956359863, 98.53866577148438, 434.75885009765625, 291.0706253473271
LOSS, 7741.0, -22.424972534179688, 64.0997314453125, 29.433460076045627, 263, 223.0, 382, 4, 78792.71193695068, 123.2810287475586, 431.5880126953125, 299.59206059677064
LOSS, 7616.141357421875, -17.662269592285156, 71.3701400756836, 32.13561754186445, 237, 175.0, 384, 5, 79559.74473571777, 173.77000427246094, 429.6592102050781, 335.6951254671636
LOSS, 23902.162841796875, -26.9580078125, 69.7569808959961, 22.29679369570604, 1072, 207.0, 328, 18, 321483.64331817627, 78.53324127197266, 442.2198486328125, 299.89145831919427
LOSS, 8368.193359375, -14.298385620117188, 63.497825622558594, 25.281550934667674, 331, 175.0, 377, 10, 107699.13893127441, 160.7159423828125, 438.4775390625, 325.37504208844234
WIN , 26834.0, -34.0869140625, 69.3367691040039, 16.80275516593613, 1597, 207.0, 293, 26, 452767.79460144043, 80.81975555419922, 446.18536376953125, 283.51145560515994
LOSS, 17023.83213043213, -21.462791442871094, 69.7203598022461, 24.459528923034668, 696, 197.3357391357422, 353, 11, 220725.93578338623, 82.36062622070312, 436.49151611328125, 317.1349652060147
WIN , 26669.415954589844, -18.349098205566406, 70.4708023071289, 29.30705049954928, 910, 196.1680908203125, 339, 20, 309147.6341934204, 114.73159790039062, 447.9822998046875, 339.72267493782465
LOSS, 10386.326049804688, -21.34002685546875, 64.5689926147461, 22.57896967348845, 460, 207.0, 369, 9, 138193.2684249878, 78.53899383544922, 435.12408447265625, 300.42014874997346
WIN , 22943.707305908203, -37.542259216308594, 69.6980972290039, 6.187623329532957, 3708, 167.58538818359375, 152, 16, 691233.7685317993, 90.49829864501953, 448.1501770019531, 186.4168739298272
LOSS, 15665.669189453125, -33.0255126953125, 63.924766540527344, 17.822149248524603, 879, 223.0, 341, 8, 273263.41303253174, 110.25837707519531, 446.6291809082031, 310.8798783077722
LOSS, 3939.986328125, -16.13641357421875, 57.656707763671875, 18.156619023617512, 217, 207.0, 385, 2, 70545.91311645508, 140.14691162109375, 421.81951904296875, 325.0963738085487
LOSS, 6952.7144775390625, -19.877944946289062, 64.21622467041016, 25.561450285070084, 272, 223.0, 381, 4, 98863.79377746582, 129.95530700683594, 428.74334716796875, 363.4698300642126
LOSS, 7492.351318359375, -16.00006103515625, 60.282814025878906, 26.95090402287545, 278, 223.0, 381, 5, 88766.86920166016, 128.04478454589844, 425.6265563964844, 319.3052848980581
LOSS, 10151.976806640625, -34.0869140625, 65.6923599243164, 20.182856474434644, 503, 188.5, 366, 6, 149575.2103652954, 122.31739807128906, 447.33465576171875, 297.36622339024933
LOSS, 14255.444091796875, -19.7528076171875, 67.1346206665039, 24.16176964711335, 590, 207.0, 360, 12, 176219.45977020264, 116.85145568847656, 458.0036315917969, 298.67705045797055
LOSS, 21545.728515625, -35.9466552734375, 71.4134750366211, 20.023911259874534, 1076, 207.0, 328, 15, 315925.12492370605, 98.32305145263672, 450.8807067871094, 293.6107108956376
LOSS, 16006.4560546875, -28.380958557128906, 69.7966537475586, 14.003898560531496, 1143, 207.0, 323, 13, 299548.87577819824, 97.4828109741211, 452.5069580078125, 262.07250724251816
LOSS, 9088.614990234375, -17.66242218017578, 63.7945556640625, 32.002165458571746, 284, 191.0, 381, 5, 96271.4001083374, 127.05765533447266, 451.7550964355469, 338.98380319837116
WIN , 26102.0, -48.15843963623047, 89.356689453125, 13.75962045334739, 1897, 191.0, 273, 32, 603116.9863128662, 96.70301818847656, 458.7800598144531, 317.9319906762605
LOSS, 10568.234008789062, -16.7203369140625, 67.03694915771484, 30.99188858882423, 341, 207.0, 377, 5, 108889.96984100342, 102.16295623779297, 454.7090759277344, 319.3254247536757
LOSS, 20956.001403808594, -18.722877502441406, 65.2364273071289, 27.180287164472883, 771, 180.8853759765625, 348, 16, 236275.8062286377, 78.19190216064453, 455.7602844238281, 306.4537045767026
LOSS, 13316.766456604004, -19.76935577392578, 69.3904800415039, 26.060208329949127, 511, 177.6999969482422, 365, 13, 163940.3631439209, 145.5904541015625, 449.7130432128906, 320.82262846168476
LOSS, 8381.0, -37.43743896484375, 59.442649841308594, 16.66202783300199, 503, 223.0, 366, 7, 156164.15453338623, 120.88084411621094, 445.7903137207031, 310.4655159709468
WIN , 25746.0, -24.167789459228516, 80.24169921875, 24.22013170272813, 1063, 223.0, 329, 31, 359442.1765975952, 96.75040435791016, 453.2712707519531, 338.13939472962863
WIN , 26699.193550109863, -31.814430236816406, 69.2732925415039, 23.50281122368826, 1136, 136.61289978027344, 324, 28, 362708.9583892822, 92.85198211669922, 454.9628601074219, 319.2860549201428
LOSS, 25083.59228515625, -18.30016326904297, 68.7819595336914, 29.544867238111014, 849, 207.0, 343, 21, 269542.6004180908, 87.57958984375, 462.5872497558594, 317.4824504335581
LOSS, 20896.445068359375, -17.821083068847656, 69.4112319946289, 34.42577441245366, 607, 207.0, 359, 12, 199959.93843078613, 123.01093292236328, 447.1415100097656, 329.42329230772015
LOSS, 8271.0, -13.000030517578125, 67.7824935913086, 35.96086956521739, 230, 223.0, 384, 3, 76251.13241577148, 158.45362854003906, 452.8422546386719, 331.5266626772673
LOSS, 15964.765869140625, -35.320213317871094, 70.53519439697266, 24.828562782489307, 643, 223.0, 357, 12, 200587.63389587402, 113.7159423828125, 458.8465576171875, 311.9558847525257
LOSS, 16432.00048828125, -37.807373046875, 67.1358413696289, 20.66918300412736, 795, 207.0, 346, 13, 267757.7763519287, 147.54788208007812, 455.55291748046875, 336.80223440494177
LOSS, 4033.9998779296875, -21.061866760253906, 65.23856353759766, 24.59756023127858, 164, 223.0, 389, 3, 51319.79292297363, 105.06697845458984, 445.15020751953125, 312.92556660349777
LOSS, 13970.17236328125, -17.96697235107422, 70.05765533447266, 26.358815779775945, 530, 223.0, 364, 9, 174367.6798248291, 104.14945220947266, 439.1175842285156, 328.99562231099833
LOSS, 23124.078125, -28.236488342285156, 66.1864242553711, 26.79499203360371, 863, 207.0, 342, 17, 275643.25537109375, 86.46175384521484, 443.4905700683594, 319.40122290972624
LOSS, 20199.560485839844, -30.676044464111328, 70.1646957397461, 18.96672346088248, 1065, 191.8800048828125, 328, 15, 287341.4920501709, 74.56121826171875, 455.89898681640625, 269.8042178874844
LOSS, 7130.1864013671875, -17.174072265625, 61.01188659667969, 32.858001849618375, 217, 223.0, 385, 4, 71794.98237609863, 130.6892852783203, 449.9395751953125, 330.85245334607663
LOSS, 6509.6279296875, -27.396018981933594, 62.5177001953125, 22.141591597576532, 294, 223.0, 380, 6, 87281.657371521, 61.865821838378906, 453.549072265625, 296.87638561741835
LOSS, 15731.110595703125, -29.5361328125, 66.35001373291016, 33.32862414343882, 472, 207.0, 368, 7, 159685.3889465332, 134.67808532714844, 441.5662841796875, 338.31650200536694
LOSS, 16197.99951171875, -18.353553771972656, 67.7583999633789, 32.33133635073603, 501, 223.0, 366, 10, 168534.8553161621, 138.0988006591797, 438.7862548828125, 336.39691679872675
LOSS, 14529.580322265625, -26.092529296875, 68.6638412475586, 20.7862379431554, 699, 223.0, 353, 15, 204220.71668243408, 92.06185913085938, 446.07720947265625, 292.16125419518465
LOSS, 17041.0, -17.95374298095703, 66.5050277709961, 22.21773142112125, 767, 223.0, 348, 12, 240987.1965789795, 88.9559326171875, 458.7165222167969, 314.1945196596864
LOSS, 4910.931884765625, -15.999984741210938, 67.4660415649414, 32.522727713679636, 151, 191.0, 389, 4, 43671.81516265869, 107.50175476074219, 454.2607116699219, 289.21731895800457
WIN , 27332.0, -20.243637084960938, 77.637939453125, 23.36068376068376, 1170, 191.0, 321, 24, 353901.4763870239, 107.24978637695312, 478.1177062988281, 302.4798943478837
LOSS, 22870.00048828125, -19.44647216796875, 65.8064956665039, 27.487981356107273, 832, 191.0, 344, 11, 261679.56977844238, 87.89918518066406, 466.8689270019531, 314.51871367601245
LOSS, 7400.5032958984375, -20.392532348632812, 62.43705749511719, 27.308130243167668, 271, 207.0, 381, 7, 97596.80799865723, 178.17591857910156, 448.27569580078125, 360.1358228732739
WIN , 27044.0, -30.390914916992188, 69.3135757446289, 20.456883509833585, 1322, 207.0, 311, 27, 387504.5988998413, 69.67479705810547, 451.18267822265625, 293.11996891062125
LOSS, 14554.00048828125, -18.14130401611328, 64.61295318603516, 28.762846814785078, 506, 223.0, 366, 9, 171941.80182647705, 100.14153289794922, 456.8030090332031, 339.8059324633934
LOSS, 10418.178588867188, -26.527488708496094, 70.3337631225586, 31.380055990563818, 332, 191.0, 377, 10, 109405.84758758545, 127.83663177490234, 444.57659912109375, 329.5356855047755
LOSS, 5418.744079589844, -17.66242218017578, 55.2325439453125, 20.9217918130882, 259, 191.0, 382, 2, 80618.63314819336, 171.5776824951172, 442.1370849609375, 311.2688538540284
WIN , 25904.0, -39.999755859375, 70.8348617553711, 20.08062015503876, 1290, 207.0, 313, 25, 353134.6732330322, 60.48478698730469, 454.4003601074219, 273.7478087077769
LOSS, 22002.859130859375, -18.639083862304688, 64.2793960571289, 28.281309936837243, 778, 223.0, 348, 22, 268168.18103790283, 100.81514739990234, 446.05926513671875, 344.68917871195737
LOSS, 17190.707275390625, -25.570068359375, 65.64505767822266, 24.523120221669934, 701, 191.0, 353, 8, 219359.27489471436, 86.50146484375, 463.62652587890625, 312.9233593362544
LOSS, 15876.837646484375, -23.9776611328125, 66.6423568725586, 15.657630815073349, 1014, 191.0, 332, 10, 262024.63124084473, 76.05797576904297, 472.6927185058594, 258.40693416256875
LOSS, 14429.0, -18.462913513183594, 61.009979248046875, 22.65149136577708, 637, 207.0, 357, 9, 185631.7559814453, 103.72087860107422, 451.9573974609375, 291.4156294842156
LOSS, 11638.302612304688, -22.2296142578125, 65.4384536743164, 25.69161724570571, 453, 175.0, 369, 6, 147008.05989837646, 90.78874969482422, 471.4037170410156, 324.5211035284249
LOSS, 11081.0, -18.615638732910156, 60.021568298339844, 22.295774647887324, 497, 223.0, 366, 5, 157428.14057159424, 99.80452728271484, 452.7984619140625, 316.75682207564233
LOSS, 20415.873046875, -21.3397216796875, 66.9310531616211, 22.862119873320268, 893, 223.0, 340, 15, 260661.47315216064, 56.153480529785156, 467.4613037109375, 291.89414686692123
WIN , 22341.358390808105, -30.322265625, 67.4962387084961, 6.048012558421252, 3694, 172.28321838378906, 153, 21, 670090.1696243286, 69.78423309326172, 464.24945068359375, 181.39961278406298
LOSS, 23908.9169921875, -16.759872436523438, 69.2482681274414, 32.13564111853159, 744, 207.0, 350, 14, 240856.6848297119, 123.67692565917969, 454.1930236816406, 323.73210326574184
LOSS, 11479.324584960938, -36.0001220703125, 66.36710357666016, 29.89407444000244, 384, 223.0, 374, 14, 125431.69479370117, 128.2257080078125, 441.9527587890625, 326.6450385252635
LOSS, 10130.7431640625, -31.72919464111328, 61.772071838378906, 20.302090509143287, 499, 207.0, 366, 9, 144307.19313812256, 57.833526611328125, 456.600830078125, 289.1927718198849
LOSS, 2890.295623779297, -17.66242218017578, 63.083106994628906, 12.903105463300433, 224, 156.7271728515625, 385, 1, 41929.8576965332, 68.73146057128906, 445.60321044921875, 187.1868647166661
LOSS, 9522.574951171875, -23.9117431640625, 67.7895278930664, 26.01796434746414, 366, 191.0, 375, 3, 124920.12205505371, 130.30575561523438, 440.9458312988281, 341.3118088935894
LOSS, 26830.00048828125, -19.13690185546875, 63.672706604003906, 21.361465356911822, 1256, 191.0, 316, 24, 354184.85021972656, 87.9898910522461, 449.729248046875, 281.9943074997823
LOSS, 6116.543518066406, -13.000030517578125, 60.579124450683594, 27.80247053666548, 220, 223.0, 385, 6, 73414.43226623535, 174.65435791015625, 452.9733581542969, 333.70196484652433
LOSS, 20335.142578125, -27.60735321044922, 67.41597747802734, 18.48649325284091, 1100, 207.0, 326, 17, 345747.3578338623, 56.12477111816406, 450.3253173828125, 314.31577984896575
LOSS, 17170.512939453125, -24.59661102294922, 61.38214111328125, 20.224396866258097, 849, 223.0, 343, 12, 274687.11560058594, 102.44039154052734, 454.74664306640625, 323.541950059583
LOSS, 13922.68798828125, -18.721778869628906, 65.30814361572266, 29.685901893989872, 469, 175.0, 368, 12, 168634.772605896, 123.62458801269531, 458.0993347167969, 359.56241493794454
LOSS, 8480.461280822754, -26.0638427734375, 67.33878326416016, 25.090122132611697, 338, 209.6999969482422, 377, 6, 97230.30825805664, 76.18647766113281, 441.1663818359375, 287.66363389957587
LOSS, 11303.212158203125, -14.662391662597656, 70.8354721069336, 32.29489188058036, 350, 191.0, 376, 7, 114568.00862121582, 130.0267791748047, 451.29534912109375, 327.33716748918806
LOSS, 14337.680488586426, -18.4732666015625, 68.8182601928711, 25.97405885613483, 552, 147.56382751464844, 363, 6, 170245.10916137695, 101.3921127319336, 454.5254211425781, 308.41505282858145
LOSS, 3922.3963012695312, -17.795364379882812, 63.359214782714844, 29.491701513304747, 133, 207.0, 391, 2, 41385.68395233154, 112.81295013427734, 433.5773010253906, 311.170556032568
LOSS, 13670.9609375, -16.914779663085938, 61.6888427734375, 25.038389995421245, 546, 223.0, 363, 9, 180025.54061889648, 61.108314514160156, 444.94891357421875, 329.7171073606163
WIN , 27462.0, -25.2978515625, 76.5254898071289, 25.404255319148938, 1081, 191.0, 327, 33, 337845.28594970703, 91.88504028320312, 459.4804382324219, 312.53032927817486
LOSS, 9138.669311523438, -17.662269592285156, 60.001220703125, 22.453732952146037, 407, 191.0, 372, 8, 128951.49666595459, 107.50171661376953, 461.5476989746094, 316.83414414239456
LOSS, 5841.274070739746, -18.562828063964844, 58.229576110839844, 17.488844523172894, 334, 201.8000030517578, 377, 3, 103661.78605651855, 132.00369262695312, 458.3984069824219, 310.3646289117322
LOSS, 4777.432922363281, -17.66242218017578, 62.01507568359375, 26.68956939867755, 179, 207.0, 388, 2, 51219.82800292969, 66.14082336425781, 444.1171875, 286.1442905191603
LOSS, 15903.068603515625, -23.95263671875, 71.3921127319336, 24.205583871408866, 657, 207.0, 356, 10, 185854.4427947998, 85.31937408447266, 451.8197326660156, 282.8834745735157
LOSS, 10661.263671875, -21.870277404785156, 66.6475601196289, 33.84528149801587, 315, 223.0, 378, 6, 105338.57711791992, 132.8960418701172, 463.8974304199219, 334.4081813267299
LOSS, 10190.362915039062, -22.77191162109375, 68.27857208251953, 16.46262183366569, 619, 207.0, 358, 9, 190566.58123016357, 77.8930435180664, 469.1886291503906, 307.862005218358
WIN , 25385.300003051758, -18.963623046875, 76.6292495727539, 26.333298758352445, 964, 164.39999389648438, 335, 19, 310004.2326889038, 85.08860778808594, 462.1800231933594, 321.58115424160144
LOSS, 2925.6349029541016, 0, 67.75121307373047, 41.794784327915735, 70, 142.19241333007812, 395, 5, 24000.65899658203, 110.95097351074219, 445.81500244140625, 342.866557094029
LOSS, 12300.504859924316, -16.00006103515625, 68.7523422241211, 30.674575710534455, 401, 177.6999969482422, 373, 11, 126477.42644500732, 96.65528106689453, 465.207275390625, 315.40505347882123
LOSS, 18464.00048828125, -44.953704833984375, 61.851417541503906, 14.759392876323941, 1251, 223.0, 316, 15, 345478.92387390137, 95.45675659179688, 456.6053771972656, 276.1622093316558
LOSS, 13445.755859375, -18.462913513183594, 68.4346694946289, 31.711688347582548, 424, 223.0, 371, 15, 132081.508102417, 111.96531677246094, 469.1737976074219, 311.51299080758724
LOSS, 10021.599998474121, -16.757362365722656, 71.17467498779297, 27.08540540128141, 370, 201.8000030517578, 375, 7, 134523.3129119873, 149.0811004638672, 454.8212890625, 363.5765213837495
LOSS, 18534.27734375, -19.004295349121094, 65.4528579711914, 25.95837162990196, 714, 175.0, 352, 19, 221600.3059387207, 65.73904418945312, 460.6837463378906, 310.36457414386655
LOSS, 20202.221435546875, -21.34002685546875, 63.073951721191406, 27.263456728133434, 741, 207.0, 350, 17, 265757.53327941895, 119.88499450683594, 453.55096435546875, 358.64714342701615
LOSS, 9674.534057617188, -16.00006103515625, 65.1918716430664, 36.09900767767607, 268, 207.0, 382, 4, 94671.31303405762, 148.05735778808594, 462.670166015625, 353.25116803752843
LOSS, 11457.34423828125, -18.204200744628906, 62.957679748535156, 34.51007300687124, 332, 191.0, 377, 10, 115825.33369445801, 110.54747009277344, 440.89300537109375, 348.8714870315
LOSS, 18024.639892578125, -17.662269592285156, 67.9448471069336, 29.94126228003011, 602, 175.0, 359, 14, 203074.56002044678, 100.58641052246094, 468.0054016113281, 337.33315618014416
LOSS, 7183.9998779296875, -17.35771942138672, 61.32970428466797, 23.70957055422339, 303, 223.0, 379, 4, 89110.46918487549, 90.02562713623047, 449.0898742675781, 294.0939577058597
LOSS, 17307.0, -18.890548706054688, 68.0681381225586, 21.579800498753116, 802, 191.0, 346, 11, 233995.04023742676, 73.48531341552734, 462.3302307128906, 291.76438932347475
LOSS, 19119.0, -21.525100708007812, 60.268150329589844, 22.979567307692307, 832, 207.0, 344, 20, 269145.35064697266, 98.23078918457031, 476.1152648925781, 323.49200798914984
WIN , 26689.707305908203, -29.7412109375, 67.6231918334961, 31.070672067413508, 859, 135.58538818359375, 342, 19, 291566.94358062744, 68.97801971435547, 459.1334533691406, 339.42601115323333
LOSS, 5422.439674377441, -34.0869140625, 63.440147399902344, 25.103887381377042, 216, 142.5309295654297, 385, 4, 74192.66537475586, 175.86752319335938, 447.30621337890625, 343.484561920166
LOSS, 20194.00048828125, -20.681365966796875, 70.50679779052734, 28.203911296482193, 716, 223.0, 352, 15, 228068.05239868164, 91.35267639160156, 460.1811218261719, 318.5307994394995
LOSS, -7112.775001525879, -50.576026916503906, 61.77680206298828, -1.185660110272692, 5999, 210.5500030517578, 0, 4, 704434.3624343872, 57.3527717590332, 466.2254638671875, 117.42529795539043
