LOSS, 21945.983154296875, -38.29644012451172, 45.046913146972656, 6.3317897156078695, 3466, 191.0, 168, 21, 11435.1805421412, -17.393632888793945, 45.529964447021484, 3.2992442418180032
LOSS, 15092.251220703125, -46.019874572753906, 54.338600158691406, 4.684125146090356, 3222, 223.0, 185, 21, 38998.29553318024, -32.89213562011719, 85.44837951660156, 12.103754045059043
LOSS, 15230.267578125, -46.56787872314453, 58.788673400878906, 10.106348757879895, 1507, 223.0, 299, 14, 32048.650015234947, -51.65280532836914, 114.63050842285156, 21.266522903274684
LOSS, 24101.87255859375, -39.0, 59.777442932128906, 27.450879907282175, 878, 175.0, 341, 15, 41072.79713523388, -51.713138580322266, 129.20059204101562, 46.77995117908187
WIN , 27922.0, -24.210060119628906, 82.802734375, 29.48468848996832, 947, 191.0, 336, 31, 49369.6350261569, -11.323664665222168, 139.54319763183594, 52.132666342298734
LOSS, 13742.978759765625, -40.00048828125, 62.481300354003906, 24.28088120099934, 566, 223.0, 362, 7, 28383.737909197807, -37.991477966308594, 136.03517150878906, 50.14794683603853
LOSS, 14756.99609375, -38.9998779296875, 61.145240783691406, 30.67982555873181, 481, 223.0, 367, 13, 27613.5563287735, -73.4760513305664, 136.96340942382812, 57.40864101616112
LOSS, 22666.25, -18.19054412841797, 66.6719741821289, 33.9315119760479, 668, 175.0, 355, 15, 40878.89277201891, -18.14748191833496, 138.3229522705078, 61.19594726350136
LOSS, 17607.22314453125, -22.143333435058594, 61.55937194824219, 26.637251353299924, 661, 223.0, 355, 16, 45283.34102833271, -15.595891952514648, 173.59707641601562, 68.50732379475448
LOSS, 22991.391357421875, -36.0001220703125, 67.2762222290039, 28.21029614407592, 815, 207.0, 345, 13, 60449.663846731186, -63.9150505065918, 190.72972106933594, 74.17136668310575
LOSS, 25365.73291015625, -19.72252655029297, 66.7964859008789, 28.500823494557583, 890, 191.0, 340, 20, 72815.39189374447, -33.63802719116211, 187.7139434814453, 81.815047071623
LOSS, 10255.1845703125, -19.995201110839844, 66.0536880493164, 40.53432636487154, 253, 223.0, 383, 6, 24508.202728271484, -21.751338958740234, 185.91024780273438, 96.87036651490705
LOSS, 11121.531127929688, -18.6700439453125, 65.17865753173828, 33.90710709734661, 328, 207.0, 378, 7, 31797.422907710075, -18.32018280029297, 188.94757080078125, 96.94336252350632
WIN , 26919.45249938965, -18.762596130371094, 84.01699829101562, 32.868684370439134, 819, 156.09500122070312, 345, 21, 76233.13877105713, -37.35153579711914, 188.60116577148438, 93.08075552021627
WIN , 26742.0, -21.575790405273438, 67.13134765625, 29.16248636859324, 917, 191.0, 338, 24, 89807.58583116531, -31.036945343017578, 220.166748046875, 97.93629861631986
WIN , 27052.0, -17.967430114746094, 67.0166015625, 34.77120822622108, 778, 191.0, 348, 19, 94514.36933779716, -10.999062538146973, 230.0664520263672, 121.4837652156776
LOSS, 20867.550537109375, -18.462913513183594, 68.8561019897461, 39.74771530877976, 525, 191.0, 364, 11, 67225.77070045471, -64.49278259277344, 236.29151916503906, 128.04908704848518
WIN , 26669.80992126465, -18.323143005371094, 68.25186920166016, 36.3844610112751, 733, 175.38015747070312, 351, 27, 94251.77005386353, -2.863069534301758, 230.62355041503906, 128.58358806802664
LOSS, 11104.428039550781, -18.20404815673828, 65.8006820678711, 38.826671466960775, 286, 191.8800048828125, 380, 6, 37574.046291828156, -7.930639266967773, 228.56251525878906, 131.3777842371614
LOSS, -5244.062950134277, -22.528793334960938, 59.37059783935547, -0.8741561843864439, 5999, 233.1259002685547, 0, 4, 411307.1531623006, -55.79349136352539, 229.59205627441406, 68.56261929693292
WIN , 25997.97402191162, -18.991065979003906, 70.1100845336914, 37.78775293882503, 688, 179.0519561767578, 354, 11, 122525.34828710556, -5.4157938957214355, 296.0038757324219, 178.08916902195577
WIN , 26369.550003051758, -34.0, 81.33296203613281, 33.50641677643171, 787, 135.89999389648438, 347, 15, 128403.76442861557, -47.246002197265625, 310.0941162109375, 163.15599037943528
LOSS, 21954.372314453125, -19.722530364990234, 70.0072250366211, 38.24803539103332, 574, 207.0, 361, 13, 104836.94389212132, 1.9603487253189087, 304.6359558105469, 182.64275939393957
LOSS, 4906.991149902344, 0, 67.6088638305664, 44.60901045365767, 110, 191.0, 392, 3, 21357.2167263031, 30.1441707611084, 290.2236022949219, 194.15651569366455
LOSS, 16367.337890625, -18.84185791015625, 66.4546890258789, 37.712760116647466, 434, 223.0, 371, 12, 82146.0492515564, 42.84364700317383, 304.1187438964844, 189.2766111787014
LOSS, 22294.83203125, -17.662269592285156, 68.3980484008789, 30.836558826071922, 723, 191.0, 351, 12, 119078.57741546631, -44.19517135620117, 309.9363708496094, 164.70066032567954
LOSS, 11314.604858398438, -13.443550109863281, 70.50252532958984, 40.99494513912477, 276, 207.0, 381, 8, 56193.97821331024, -7.414889335632324, 329.4212341308594, 203.60137033808059
LOSS, 24034.125, -33.000244140625, 67.5087661743164, 35.03516763848396, 686, 223.0, 354, 16, 132946.69937753677, -68.84557342529297, 326.0991516113281, 193.79985332002445
WIN , 25696.300003051758, -39.9998779296875, 73.5369644165039, 41.445645166212515, 620, 142.39999389648438, 358, 21, 133919.81409406662, -95.55339813232422, 343.73382568359375, 215.99970015172036
LOSS, 11757.599998474121, -18.511947631835938, 65.0810775756836, 38.676315784454346, 304, 169.8000030517578, 379, 11, 62055.64446640015, 18.629249572753906, 332.1440734863281, 204.13040942894784
LOSS, 4126.0634765625, 0, 64.60868072509766, 45.3413568853022, 91, 223.0, 393, 2, 18386.234489440918, 66.02700805664062, 323.18975830078125, 202.04653285099909
WIN , 25375.32250213623, -18.39178466796875, 71.1412582397461, 43.45089469543875, 584, 144.35499572753906, 361, 17, 125771.767162323, 18.90778350830078, 336.0996398925781, 215.36261500397774
LOSS, 15612.607666015625, -20.169570922851562, 70.0649185180664, 37.53030688946064, 416, 223.0, 372, 6, 83208.85933113098, -27.090648651123047, 330.6708068847656, 200.02129646906485
LOSS, 21316.55810546875, -18.20404815673828, 69.9446792602539, 35.060128462942025, 608, 191.0, 359, 14, 122891.92662525177, -13.682177543640137, 336.3572998046875, 202.1248793178483
LOSS, 15299.405181884766, -16.260826110839844, 70.0517807006836, 38.3443738894355, 399, 199.51971435546875, 373, 9, 82974.6489906311, 13.111083984375, 356.18865966796875, 207.95651376098022
LOSS, 15817.084518432617, -17.795211791992188, 67.5493392944336, 38.20551816046526, 414, 129.10000610351562, 372, 10, 92085.02302932739, 9.612083435058594, 351.29095458984375, 222.42759185827873
LOSS, 21391.25732421875, -17.35832977294922, 66.6280288696289, 39.46726443582795, 542, 175.0, 363, 14, 124988.21681690216, 8.594674110412598, 356.4075927734375, 230.60556608284531
WIN , 25870.65000152588, -18.406417846679688, 68.9717788696289, 42.13460912300632, 614, 193.6999969482422, 359, 10, 145851.11713314056, -16.047134399414062, 359.6391296386719, 237.5425360474602
LOSS, 18452.85546875, -17.391212463378906, 70.48970794677734, 43.21511819379391, 427, 223.0, 371, 8, 101939.79017829895, 20.968542098999023, 355.71051025390625, 238.73487161194134
LOSS, 12573.112182617188, -17.298416137695312, 68.9351577758789, 36.443803427875906, 345, 175.0, 376, 6, 76790.93113327026, 26.22317123413086, 352.3153076171875, 222.58240908194279
LOSS, 24370.9208984375, -20.698707580566406, 69.9849624633789, 39.05596297826522, 624, 191.0, 358, 12, 139815.86542510986, 33.222103118896484, 357.10296630859375, 224.06388689921454
LOSS, 15263.562255859375, -34.11262512207031, 70.6242904663086, 40.379794327670304, 378, 223.0, 374, 7, 87639.00228691101, 8.370576858520508, 363.7789001464844, 231.84921239923548
LOSS, 24118.01513671875, -18.880462646484375, 69.84456634521484, 37.16181068831857, 649, 175.0, 356, 16, 144779.41082382202, 20.361156463623047, 359.51324462890625, 223.08075627707552
LOSS, 4900.937637329102, -13.024887084960938, 68.93119049072266, 48.52413502306041, 101, 135.89999389648438, 393, 4, 27083.07607269287, 90.77600860595703, 364.39324951171875, 268.14926804646404
WIN , 26079.550003051758, -36.0001220703125, 68.5936508178711, 35.82355769649967, 728, 135.89999389648438, 351, 23, 175225.90243721008, 29.655113220214844, 387.6833190917969, 240.69492093023362
LOSS, 14011.0, -17.35771942138672, 64.9669418334961, 30.326839826839826, 462, 223.0, 369, 7, 101237.1911201477, 31.34893035888672, 383.70648193359375, 219.12811930767901
LOSS, 14737.654296875, -16.48968505859375, 64.2659683227539, 39.405492772393046, 374, 191.0, 375, 14, 93878.61274147034, 31.86637306213379, 376.13421630859375, 251.01233353334314
LOSS, 19271.700485229492, -19.880935668945312, 70.90628814697266, 36.29322125278624, 531, 167.60000610351562, 364, 13, 128087.40532302856, 23.114044189453125, 384.75927734375, 241.21921906408392
LOSS, 24184.43017578125, -19.30132293701172, 68.2268295288086, 36.979251033304664, 654, 223.0, 356, 21, 160642.88636779785, 38.78990936279297, 377.29345703125, 245.63132472140344
WIN , 26851.550003051758, -17.49567413330078, 68.3168716430664, 32.35126506391778, 830, 151.89999389648438, 344, 18, 190023.40369033813, 28.95950698852539, 378.878662109375, 228.94385986787728
LOSS, 20352.987060546875, -16.40106964111328, 71.3988265991211, 43.304227788397604, 470, 175.0, 368, 20, 122252.7649269104, 39.341636657714844, 398.4582214355469, 260.11226580193704
LOSS, 5756.789474487305, -16.78815460205078, 66.49800872802734, 40.5407709470937, 142, 201.13845825195312, 390, 4, 35936.69621670246, 0.11505329608917236, 404.7306213378906, 253.07532546973565
LOSS, 22001.7587890625, -17.37657928466797, 69.67200469970703, 39.85825867583786, 552, 207.0, 363, 14, 147424.9922504425, -4.665060043334961, 400.12384033203125, 267.07426132326543
LOSS, 22727.65000152588, -17.881423950195312, 70.1024398803711, 38.19773109500148, 595, 209.6999969482422, 360, 16, 155792.0051574707, 24.8011417388916, 400.4315185546875, 261.835302785665
LOSS, 15364.973533630371, -33.0001220703125, 65.6844253540039, 32.5529100288779, 472, 185.8000030517578, 368, 10, 115021.0936756134, -4.611713409423828, 402.48272705078125, 243.68875778731652
LOSS, 11843.419799804688, -18.6700439453125, 62.891845703125, 27.288985713835686, 434, 175.0, 371, 7, 98999.08657836914, 5.1699676513671875, 413.20953369140625, 228.1084944202054
WIN , 25890.0, -35.99951171875, 69.7705078125, 40.6436420722135, 637, 175.0, 357, 15, 170740.78253555298, -22.602642059326172, 414.5897216796875, 268.03890507936103
LOSS, 12276.892456054688, -17.779815673828125, 65.23657989501953, 31.15962552298144, 394, 207.0, 373, 8, 93293.38739418983, -2.019002676010132, 387.2585754394531, 236.78524719337523
WIN , 25376.40000152588, -17.810142517089844, 71.9625473022461, 41.26243902687135, 615, 162.1999969482422, 358, 15, 166573.71207404137, -2.934898614883423, 407.2625732421875, 270.85156434803474
LOSS, 7506.12158203125, -13.000030517578125, 70.2028579711914, 47.80969160529459, 157, 207.0, 389, 0, 47536.32972717285, 66.69161224365234, 422.4491271972656, 302.77917023676974
WIN , 26051.211166381836, -19.48956298828125, 66.8929214477539, 38.08656603272198, 684, 192.57766723632812, 354, 16, 186642.2733975649, 0.7453328371047974, 412.2248229980469, 272.8688207566738
LOSS, 16417.500244140625, -23.01628875732422, 68.8084945678711, 31.451149892989704, 522, 223.0, 365, 14, 135209.47215270996, 35.44247817993164, 427.3265686035156, 259.0219773040421
LOSS, 10238.674072265625, -15.141426086425781, 71.22212982177734, 40.791530168388945, 251, 207.0, 383, 5, 74718.70211029053, 52.658050537109375, 423.86968994140625, 297.6840721525519
LOSS, 19140.426513671875, -17.844223022460938, 69.6138687133789, 34.17933306012835, 560, 191.0, 362, 17, 149794.94792175293, 32.016990661621094, 422.06634521484375, 267.49097843170165
LOSS, 8770.292358398438, -15.271484375, 61.54901123046875, 33.99338123410247, 258, 175.0, 382, 2, 69283.81017494202, 21.319265365600586, 411.5523681640625, 268.541899902876
WIN , 26530.0, -17.638465881347656, 80.4443359375, 32.79357231149567, 809, 175.0, 346, 14, 216828.84949874878, 13.754728317260742, 418.89111328125, 268.0208275633483
LOSS, 5473.9998779296875, -16.00006103515625, 64.6233139038086, 25.820754141177773, 212, 223.0, 385, 5, 49846.8173789978, 48.772300720214844, 418.0323486328125, 235.12649707074436
LOSS, 18830.9375, -16.48967742919922, 66.5022964477539, 33.626674107142854, 560, 175.0, 362, 10, 151001.9725112915, 31.17974090576172, 425.8319396972656, 269.64637948444914
LOSS, 12150.457397460938, -16.362045288085938, 63.15795135498047, 30.682973225911457, 396, 223.0, 373, 6, 105793.54793548584, 34.5471076965332, 418.42669677734375, 267.1554240795097
WIN , 26093.0, -18.87024688720703, 67.7693862915039, 34.46895640686922, 757, 169.0, 349, 21, 211543.76790714264, 12.348153114318848, 435.09088134765625, 279.4501557558027
LOSS, 21658.324951171875, -21.34002685546875, 68.30130767822266, 38.33331849764934, 565, 207.0, 362, 16, 164253.58237838745, 43.67844772338867, 433.7160339355469, 290.71430509449107
LOSS, 11009.22412109375, -16.48967742919922, 65.95877838134766, 40.17965007698449, 274, 191.0, 381, 9, 83230.69543075562, 47.510597229003906, 434.3883361816406, 303.7616621560424
WIN , 25853.897872924805, -18.264183044433594, 69.0694351196289, 42.733715492437696, 605, 167.20425415039062, 359, 18, 184396.13941574097, 49.443115234375, 432.1869201660156, 304.7870072987454
LOSS, 12541.0, -18.153656005859375, 70.64290618896484, 32.074168797953966, 391, 223.0, 373, 8, 105614.49380111694, 23.79959487915039, 439.4161376953125, 270.11379488776714
WIN , 26348.391960144043, -20.298446655273438, 69.6733627319336, 33.56483052247649, 785, 178.21607971191406, 347, 18, 216536.0599899292, 35.50140380859375, 444.5928649902344, 275.8421146368525
LOSS, 7941.599998474121, -16.582687377929688, 71.2218246459961, 31.766399993896485, 250, 201.8000030517578, 383, 5, 72354.55139541626, 25.234710693359375, 438.3992614746094, 289.41820558166506
LOSS, 12799.0, -16.046707153320312, 70.1195297241211, 35.75139664804469, 358, 207.0, 376, 11, 106692.42601490021, 11.76573657989502, 456.71380615234375, 298.02353635446985
LOSS, 19275.25390625, -17.24640655517578, 66.0518569946289, 24.83924472454897, 776, 175.0, 348, 12, 197820.53330993652, 21.842144012451172, 440.0456237792969, 254.92336766744398
WIN , 25367.40818786621, -19.489715576171875, 70.6114730834961, 32.39771160647026, 783, 180.18362426757812, 347, 21, 223628.83751106262, -5.545961380004883, 452.6148376464844, 285.6051564636815
LOSS, 10759.326538085938, -16.366127014160156, 64.6199722290039, 25.617444138299852, 420, 207.0, 371, 3, 110926.97235631943, 2.2762961387634277, 433.3357238769531, 264.11183894361767
LOSS, 8902.502319335938, -16.795578002929688, 64.74784088134766, 37.09375966389974, 240, 191.0, 383, 4, 73069.66840744019, 49.543155670166016, 445.6109619140625, 304.4569516976674
LOSS, 16122.712646484375, -17.662269592285156, 68.5597915649414, 34.01416170144383, 474, 223.0, 368, 5, 136985.6381340027, 21.961206436157227, 451.94927978515625, 288.9992365696259
LOSS, 6158.4267578125, -18.72193145751953, 82.65509796142578, 3.381892782983251, 1821, 223.0, 278, 8, 456726.6137008667, 34.4573860168457, 456.96295166015625, 250.8108806704375
LOSS, 8074.6390380859375, -15.775001525878906, 66.90741729736328, 51.760506654397034, 156, 207.0, 389, 8, 55932.68283843994, 95.24160766601562, 461.05609130859375, 358.54283870794836
LOSS, 21919.777099609375, -22.489662170410156, 69.10773468017578, 36.71654455545959, 597, 191.0, 360, 19, 189213.9327697754, 67.59207153320312, 461.5768737792969, 316.9412609208968
WIN , 26520.0, -34.06299591064453, 68.4908218383789, 32.66009852216749, 812, 175.0, 345, 17, 239891.533536911, 21.37331199645996, 460.4119567871094, 295.43292307501355
LOSS, 14354.264602661133, -12.9998779296875, 66.16048431396484, 37.091123004292335, 387, 196.39999389648438, 374, 12, 117465.59084701538, 32.68854904174805, 456.7663879394531, 303.5286585194196
LOSS, 20178.699996948242, -19.397811889648438, 62.588722229003906, 32.23434504304831, 626, 167.60000610351562, 358, 21, 182870.11823272705, 27.81332778930664, 452.6214294433594, 292.1247895091486
LOSS, 13676.958251953125, -19.358062744140625, 65.9957046508789, 38.09737674638753, 359, 223.0, 376, 10, 113132.46455574036, 25.277612686157227, 454.0934753417969, 315.1322132471876
WIN , 25334.0, -19.48955535888672, 71.7546615600586, 40.66452648475121, 623, 207.0, 358, 21, 204692.28467941284, 43.883846282958984, 475.61627197265625, 328.5590444292341
LOSS, 8335.395751953125, -13.858749389648438, 70.55913543701172, 38.06116781713756, 219, 223.0, 385, 4, 68299.64646148682, 27.090476989746094, 471.31658935546875, 311.870531787611
WIN , 24001.768089294434, -36.24951171875, 73.84661102294922, 5.036040304090314, 4766, 171.4638214111328, 82, 19, 882982.4229180813, -1.8343758583068848, 475.30841064453125, 185.26697921067588
LOSS, 21353.7041015625, -20.662452697753906, 69.1991195678711, 28.739844012870122, 743, 191.0, 350, 20, 217552.84504699707, 32.46299743652344, 494.73834228515625, 292.80329077657746
LOSS, 11117.553588867188, -15.204170227050781, 63.865867614746094, 36.45099537333504, 305, 188.5, 379, 5, 97819.1163520813, 34.77721405029297, 481.91455078125, 320.718414269119
LOSS, 11386.811401367188, -33.000244140625, 63.327247619628906, 27.840614673269407, 409, 191.0, 372, 7, 122111.58987140656, 10.504288673400879, 476.5948486328125, 298.5613444288669
LOSS, 12671.0, -17.528343200683594, 60.061866760253906, 30.026066350710902, 422, 223.0, 371, 8, 121790.8385848999, 39.07965850830078, 463.5877990722656, 288.6038829026064
LOSS, 11790.506591796875, -20.463672637939453, 62.74272155761719, 34.78025543302913, 339, 175.0, 377, 4, 104269.09631443024, 15.793423652648926, 471.5832824707031, 307.57845520480896
LOSS, 23762.52783203125, -20.349029541015625, 66.98323822021484, 36.05846408502466, 659, 207.0, 356, 19, 211527.84685134888, 39.70632553100586, 482.20025634765625, 320.9830756469634
WIN , 25625.482124328613, -17.35771942138672, 67.9781265258789, 36.24537782790468, 707, 184.03575134277344, 352, 10, 231649.4662246704, 48.205078125, 490.9677734375, 327.65129593305574
LOSS, 6751.6593017578125, -18.77500343322754, 68.12703704833984, 37.3019850925846, 181, 207.0, 387, 3, 59094.977977752686, 42.776878356933594, 488.03741455078125, 326.49159103730767
LOSS, 13617.835693359375, -17.890037536621094, 64.3028793334961, 31.966750453895248, 426, 175.0, 371, 9, 135471.8503036499, 47.604984283447266, 488.5255126953125, 318.00903827147863
LOSS, 12718.3681640625, -21.923301696777344, 83.0548324584961, 9.104057383008232, 1397, 223.0, 306, 11, 395696.11309814453, 37.26520919799805, 489.86737060546875, 283.2470387245129
LOSS, 8147.005615234375, -16.498497009277344, 62.989418029785156, 26.799360576428864, 304, 175.0, 379, 2, 90660.52519226074, 34.99337387084961, 479.08184814453125, 298.2254118166472
LOSS, 10299.469482421875, -12.9998779296875, 67.3519058227539, 40.075756740941145, 257, 191.0, 382, 10, 89376.6487121582, 97.95375061035156, 490.3092346191406, 347.76906113680235
LOSS, 3828.755859375, -15.966537475585938, 55.18310546875, 32.447083554025426, 118, 207.0, 392, 1, 36787.01118469238, 56.43323516845703, 483.69989013671875, 311.7543320736643
WIN , 26262.909507751465, -18.154117584228516, 65.45584869384766, 32.58425497239636, 806, 129.1809844970703, 346, 26, 268582.08867263794, 44.701908111572266, 498.8507080078125, 333.2283978568709
LOSS, 9426.123291015625, -17.43692398071289, 65.75064849853516, 38.790630827224795, 243, 223.0, 383, 8, 85965.96803283691, 24.2889404296875, 496.0965576171875, 353.7694157729914
WIN , 26336.300003051758, -20.662696838378906, 77.9437026977539, 30.694988348545174, 858, 142.39999389648438, 342, 24, 276248.2159142494, 6.760134220123291, 503.0230712890625, 321.9676176156753
LOSS, 21311.867431640625, -18.449378967285156, 63.858863830566406, 31.43343279003042, 678, 207.0, 354, 15, 220232.62604141235, 48.406681060791016, 496.9221496582031, 324.82688206697986
LOSS, 21607.01513671875, -17.01622772216797, 63.796607971191406, 32.638995674801734, 662, 207.0, 355, 10, 221984.821723938, 39.12071990966797, 497.9432067871094, 335.32450411470995
LOSS, 12632.848434448242, -19.394142150878906, 67.8966293334961, 41.14934343468483, 307, 148.60000610351562, 379, 11, 110525.20561981201, 74.16390991210938, 504.8707275390625, 360.0169564163258
LOSS, 6791.301780700684, -16.498497009277344, 62.648216247558594, 29.52739904652471, 230, 169.8000030517578, 384, 5, 72579.11685180664, 77.2622299194336, 488.3155517578125, 315.5613776165506
LOSS, 21113.949462890625, -17.298263549804688, 67.9378433227539, 37.0420166015625, 570, 191.0, 361, 21, 194497.5655670166, 37.913330078125, 506.930908203125, 341.22379924038
LOSS, 11202.20915222168, -18.58990478515625, 65.2168960571289, 34.681762081181674, 323, 135.60000610351562, 378, 9, 106340.62675094604, 60.16225814819336, 511.0039367675781, 329.22794659735615
LOSS, 22073.65000152588, -33.0001220703125, 64.7713394165039, 33.648856709643105, 656, 177.6999969482422, 356, 15, 224198.37879562378, -98.17732238769531, 507.9728698730469, 341.76582133479235
LOSS, 20853.973876953125, -18.870094299316406, 71.2102279663086, 34.35580539860482, 607, 191.0, 359, 12, 206271.95363235474, 47.670753479003906, 518.077880859375, 339.8219993943241
LOSS, 11889.063720703125, -21.78986358642578, 67.04032135009766, 36.24714548994855, 328, 175.0, 378, 8, 113749.80212402344, 56.28639602661133, 507.1653137207031, 346.7981772073885
LOSS, 17506.208778381348, -20.520980834960938, 66.1922378540039, 35.9470406126927, 487, 197.7753143310547, 367, 6, 166780.91032409668, 43.620628356933594, 508.6178894042969, 342.46593495707737
WIN , 26436.0, -19.603126525878906, 70.0176010131836, 37.12921348314607, 712, 223.0, 352, 20, 253544.28422164917, 50.3332633972168, 513.3790283203125, 356.1015227832151
LOSS, 16182.850830078125, -35.99951171875, 67.67171478271484, 30.591400434930293, 529, 191.0, 364, 4, 175017.51229286194, 24.948671340942383, 512.2496337890625, 330.84595896571255
WIN , 26114.391975402832, -18.408676147460938, 71.7540512084961, 32.80702509472717, 796, 146.21604919433594, 346, 17, 271390.98011398315, 53.699249267578125, 513.7355346679688, 340.9434423542502
LOSS, 23711.259765625, -34.99951171875, 69.4572982788086, 32.75035879229972, 724, 175.0, 351, 13, 242105.4374847412, 32.29414367675781, 518.8909912109375, 334.3997755314105
LOSS, 15516.5078125, -20.50707244873047, 70.5446548461914, 32.19192492219917, 482, 223.0, 367, 9, 161855.34693527222, 51.560325622558594, 518.98486328125, 335.7994749694444
LOSS, 20399.0, -44.999755859375, 69.0938491821289, 36.5573476702509, 558, 207.0, 362, 11, 195208.0434074402, 36.1461296081543, 522.9871826171875, 349.8352032391401
WIN , 25822.0, -18.880462646484375, 68.1178970336914, 38.71364317841079, 667, 191.0, 355, 16, 242438.39650726318, 72.0031967163086, 530.2710571289062, 363.47585683247854
WIN , 26940.0, -20.032630920410156, 87.2802734375, 29.669603524229075, 908, 175.0, 339, 25, 299528.25313568115, 44.36116027832031, 512.5142211914062, 329.8769307661687
WIN , 25896.40000152588, -18.676902770996094, 69.7441635131836, 29.86897347350159, 867, 162.1999969482422, 342, 14, 283900.3538246155, 40.00299835205078, 523.4281616210938, 327.4513884943662
WIN , 26613.0, -21.34033203125, 76.13822937011719, 29.935883014623172, 889, 169.0, 340, 25, 297173.54848861694, 28.792083740234375, 521.7340087890625, 334.27845724253876
LOSS, 16577.006301879883, -20.284095764160156, 68.0383071899414, 22.92808617134147, 723, 196.39999389648438, 351, 19, 222060.7810974121, 35.07282638549805, 519.3422241210938, 307.1380098166143
WIN , 26204.0, -18.77500343322754, 85.41959381103516, 18.27336122733612, 1434, 207.0, 304, 29, 417713.3035964966, 54.107421875, 512.638671875, 291.29240139225703
LOSS, 12624.53239440918, -14.31402587890625, 67.0293197631836, 43.835181925031875, 288, 148.60000610351562, 380, 7, 109035.38187408447, 100.41773223876953, 520.2827758789062, 378.5950759516822
LOSS, 14625.798606872559, -33.0001220703125, 69.03128814697266, 30.1562857873661, 485, 185.6073760986328, 367, 10, 161284.0978050232, 52.16031265258789, 532.0385131835938, 332.54453155674884
LOSS, 6711.0, -14.880943298339844, 63.232948303222656, 37.70224719101124, 178, 223.0, 388, 4, 65621.64326477051, 35.5568733215332, 515.120361328125, 368.66091721781186
LOSS, 20490.65048980713, -20.585037231445312, 69.3199691772461, 33.98117825838661, 603, 209.6999969482422, 359, 6, 210712.91652297974, 49.47127151489258, 520.6880493164062, 349.44098925867286
LOSS, 24912.888671875, -19.48956298828125, 66.3658676147461, 32.694079621883205, 762, 191.0, 349, 14, 268447.81631088257, 34.4237174987793, 530.2579345703125, 352.2937221927593
LOSS, 20878.053955078125, -16.757362365722656, 69.0331039428711, 25.680263167377767, 813, 207.0, 345, 18, 267363.71087646484, 61.62776184082031, 527.2186279296875, 328.8606529845816
WIN , 25946.65000152588, -18.616111755371094, 67.24539947509766, 36.44192415944646, 712, 161.6999969482422, 352, 12, 253036.35594177246, 57.115272521972656, 529.8618774414062, 355.38814036765797
WIN , 26804.0, -35.0001220703125, 78.048095703125, 31.534117647058824, 850, 207.0, 343, 12, 291725.41029167175, 6.151521682739258, 532.8056030273438, 343.2063650490256
WIN , 26738.300003051758, -17.340652465820312, 70.4967269897461, 34.952026147780074, 765, 158.39999389648438, 348, 16, 282533.0932235718, 66.22209167480469, 536.047607421875, 369.32430486741407
LOSS, -4257.783645629883, -21.445045471191406, 59.959136962890625, -0.7097488990881619, 5999, 231.90701293945312, 0, 4, 1195144.2728443146, 31.008176803588867, 517.3780517578125, 199.22391612674022
LOSS, 24700.603515625, -21.29991912841797, 69.8839340209961, 42.6608005451209, 579, 143.5, 361, 10, 226386.8482284546, 75.61505126953125, 534.2770385742188, 390.99628364154506
LOSS, 22466.589111328125, -19.210662841796875, 82.88126373291016, 25.794017349400832, 871, 207.0, 341, 18, 300455.55224227905, 41.81462860107422, 527.68603515625, 344.95470980743863
LOSS, 8753.56591796875, -18.36114501953125, 67.19884490966797, 29.87565159716297, 293, 223.0, 380, 6, 98038.15884399414, 49.229164123535156, 529.069580078125, 334.60122472352947
LOSS, 14348.000732421875, -20.76580810546875, 64.3581314086914, 42.449706308940456, 338, 223.0, 377, 12, 130645.0908126831, 91.19166564941406, 535.074462890625, 386.52393731563046
WIN , 26422.0, -21.1258544921875, 80.15180206298828, 36.44413793103448, 725, 191.0, 351, 21, 274266.5751876831, 64.48521423339844, 537.5612182617188, 378.2987243968043
LOSS, 22632.247802734375, -20.1744384765625, 67.9991683959961, 30.297520485588187, 747, 191.0, 350, 7, 259247.15842056274, 43.55632781982422, 545.312255859375, 347.05108222297554
LOSS, 20768.78076171875, -13.00048828125, 65.9529800415039, 39.11258147216337, 531, 223.0, 364, 10, 200377.64445114136, 49.80998611450195, 536.0320434570312, 377.35902909819464
LOSS, 12224.766479492188, -16.6807861328125, 63.299171447753906, 36.932829243178816, 331, 223.0, 377, 5, 121421.9033126831, 74.86387634277344, 541.77490234375, 366.83354475130847
WIN , 26394.0, -36.0001220703125, 84.659423828125, 33.7088122605364, 783, 207.0, 347, 23, 284541.92964172363, -48.38158416748047, 542.3448486328125, 363.399654714845
WIN , 27763.0, -18.14130401611328, 63.080665588378906, 29.724839400428266, 934, 169.0, 337, 24, 330022.6921386719, 34.004920959472656, 534.3861083984375, 353.3433534675288
LOSS, 3179.5366821289062, -18.141456604003906, 63.20319366455078, 33.12017377217611, 96, 223.0, 393, 2, 34868.31220245361, 111.36322784423828, 511.4813537597656, 363.21158544222516
LOSS, 18899.0, -19.88494873046875, 65.9312973022461, 34.36181818181818, 550, 207.0, 363, 18, 202649.5728378296, 69.44705963134766, 525.3743286132812, 368.4537687960538
WIN , 26943.300003051758, -19.185623168945312, 91.9405288696289, 29.83754153161878, 903, 148.39999389648438, 339, 24, 317191.87536621094, 60.158180236816406, 535.4877319335938, 351.26453528927016
WIN , 26838.391960144043, -19.185623168945312, 69.1652603149414, 36.073107473311886, 744, 178.21607971191406, 350, 17, 282308.64611053467, 66.88775634765625, 537.8314208984375, 379.4471049872778
LOSS, 16026.4853515625, -17.35771942138672, 66.4766616821289, 31.548199510949804, 508, 207.0, 366, 11, 189959.01249694824, 69.92505645751953, 536.8082885742188, 373.93506397037055
LOSS, 14773.641250610352, -21.81871795654297, 65.3935775756836, 2.4626839890999084, 5999, 197.71749877929688, 0, 27, 1374958.8084259033, 40.31064224243164, 538.412353515625, 229.19800107116242
LOSS, 12030.87158203125, -17.01622772216797, 58.79632568359375, 32.25434740490952, 373, 175.0, 375, 11, 131636.36151123047, 58.91986083984375, 527.055419921875, 352.91249734914334
LOSS, 22786.982666015625, -17.72039794921875, 70.7957992553711, 30.14151146298363, 756, 223.0, 349, 18, 263770.87464141846, 39.81544876098633, 543.88623046875, 348.9032733352096
LOSS, 22503.80908203125, -19.101890563964844, 69.2149887084961, 31.920296570257094, 705, 191.0, 352, 15, 256334.06140518188, 60.205657958984375, 542.4900512695312, 363.5944133406835
LOSS, 5971.4256591796875, -11.774749755859375, 61.925048828125, 36.19045854048296, 165, 191.0, 388, 0, 61496.68021392822, 102.0531997680664, 532.0349731445312, 372.70715281168617
LOSS, 22291.298583984375, -17.946273803710938, 60.437255859375, 33.571232807205384, 664, 207.0, 355, 14, 237473.259765625, 52.352542877197266, 539.0228881835938, 357.6404514542545
LOSS, 14677.23291015625, -17.283912658691406, 68.1151351928711, 31.976542287922115, 459, 223.0, 369, 10, 165909.54263687134, 57.972103118896484, 559.6035766601562, 361.45869855527525
LOSS, 22846.56982421875, -21.3397216796875, 82.6256332397461, 20.254051262605273, 1128, 175.0, 324, 17, 390989.55184173584, 69.55166625976562, 543.0284423828125, 346.62194312210625
LOSS, 13128.700927734375, -17.35771942138672, 68.0370101928711, 39.30748780758795, 334, 207.0, 377, 6, 125007.05261993408, 59.4757080078125, 544.27392578125, 374.2726126345332
LOSS, 16824.35693359375, -16.794227600097656, 64.5702133178711, 36.33770396024568, 463, 223.0, 369, 9, 175489.072265625, 75.17774200439453, 541.14306640625, 379.0260740078294
LOSS, 19105.020210266113, -18.562828063964844, 62.853004455566406, 29.945172743363813, 638, 180.43321228027344, 357, 8, 222473.51754760742, 45.770843505859375, 544.1888427734375, 348.7045729586323
LOSS, 20553.9052734375, -17.283912658691406, 65.5571517944336, 35.07492367480802, 586, 223.0, 360, 9, 221034.8567047119, 60.095497131347656, 563.220703125, 377.19258823329676
WIN , 26408.391960144043, -25.168540954589844, 66.5270004272461, 32.56275210868563, 811, 178.21607971191406, 345, 28, 302615.27602386475, 38.91029357910156, 549.8900146484375, 373.13844145975924
LOSS, 19701.0, -15.999755859375, 67.69095611572266, 28.84480234260615, 683, 223.0, 354, 17, 246645.7154159546, 72.8831558227539, 549.8611450195312, 361.1211060262878
LOSS, 11887.0, -17.779930114746094, 65.5345687866211, 22.772030651340994, 522, 191.0, 365, 7, 171725.18056488037, 57.40688705444336, 545.6664428710938, 328.9754416951731
LOSS, 6598.649879455566, -13.000030517578125, 68.25003814697266, 36.058196062598725, 183, 193.6999969482422, 387, 1, 71346.45496368408, 67.16922760009766, 544.4818115234375, 389.8713385993666
LOSS, 21276.467529296875, -20.6572265625, 67.2713394165039, 28.869019714107022, 737, 223.0, 350, 14, 257732.33475875854, 53.60676574707031, 552.4381103515625, 349.70466045964525
WIN , 26490.0, -16.858016967773438, 71.5343246459961, 38.44702467343977, 689, 175.0, 354, 26, 271471.6574859619, 96.32957458496094, 568.302978515625, 394.00821115524224
WIN , 27535.75, -36.9998779296875, 72.39892578125, 29.93016304347826, 920, 143.5, 338, 30, 337632.82312870026, 0.9051523208618164, 564.8663940429688, 366.99219905293506
WIN , 26435.300003051758, -36.9998779296875, 70.7002944946289, 31.965296255201643, 827, 164.39999389648438, 344, 12, 311516.4786939621, -41.83224868774414, 567.5916748046875, 376.682561903219
LOSS, 15578.029052734375, -16.723960876464844, 63.021461486816406, 30.485379750947896, 511, 191.0, 365, 14, 190456.34727478027, 69.95087432861328, 559.97998046875, 372.7130083655191
LOSS, 18585.99951171875, -32.54685974121094, 67.4434585571289, 31.77093933627137, 585, 207.0, 360, 16, 219034.96674346924, 67.01201629638672, 560.249755859375, 374.4187465700329
LOSS, 17610.744873046875, -24.247587203979492, 65.6358871459961, 24.699501925731944, 713, 198.52001953125, 352, 15, 250041.92909622192, 47.7542839050293, 565.7461547851562, 350.6899426314473
WIN , 26076.0, -15.980766296386719, 71.422119140625, 35.333333333333336, 738, 223.0, 350, 23, 294962.03731536865, 69.57444763183594, 557.5363159179688, 399.6775573378979
LOSS, 4282.5279541015625, -18.77500343322754, 63.431312561035156, 36.91834443191002, 116, 191.0, 392, 1, 46691.850021362305, 122.72496032714844, 550.6368408203125, 402.51594846001984
LOSS, 13966.396484375, -16.48968505859375, 65.35453033447266, 38.58120575794199, 362, 175.0, 375, 5, 145218.19928741455, 90.03007507324219, 565.8336791992188, 401.1552466503164
LOSS, 15409.782958984375, -19.02983856201172, 68.0098648071289, 27.082219611571837, 569, 223.0, 362, 15, 204791.24039459229, 70.93519592285156, 564.651123046875, 359.9143064931323
LOSS, 11035.095458984375, -41.9998779296875, 67.9463882446289, 33.13842480175488, 333, 223.0, 377, 4, 122775.09390449524, 29.67514991760254, 560.1000366210938, 368.6939756891749
LOSS, 22411.883296966553, -18.462913513183594, 67.4455795288086, 39.31909350345009, 570, 112.00000762939453, 361, 11, 232140.50010681152, 82.06681060791016, 568.3983764648438, 407.2640352751079
LOSS, 13012.300003051758, -18.6739501953125, 63.775550842285156, 31.892892164342545, 408, 180.39999389648438, 372, 7, 154848.62419128418, 45.19947814941406, 549.7758178710938, 379.5309416453044
WIN , 27780.0, -19.49016571044922, 78.3251953125, 28.404907975460123, 978, 175.0, 334, 19, 360445.8763771057, 59.77302169799805, 553.9133911132812, 368.5540658252615
LOSS, 13714.197021484375, -17.966819763183594, 62.919517517089844, 36.28094450128142, 378, 223.0, 374, 6, 148287.67330932617, 85.27720642089844, 543.0654907226562, 392.2954320352544
LOSS, 25390.298828125, -17.507118225097656, 66.95394134521484, 32.05845811631944, 792, 207.0, 347, 14, 298238.67196273804, 61.715335845947266, 555.6009521484375, 376.5639797509319
LOSS, 12981.271728515625, -42.69505310058594, 65.0053939819336, 28.78330760203021, 451, 207.0, 369, 11, 166394.57804107666, 24.436695098876953, 558.7339477539062, 368.94584931502584
WIN , 26963.0, -17.347129821777344, 68.7178726196289, 31.35232558139535, 860, 169.0, 342, 23, 329883.5867996216, 66.00213623046875, 558.5139770507812, 383.5855660460716
LOSS, 16863.420166015625, -18.612289428710938, 66.1513442993164, 31.938295768968988, 528, 207.0, 364, 15, 198356.95323181152, 63.722618103027344, 550.1818237304688, 375.67604778752184
WIN , 15187.25, -41.530517578125, 65.8473892211914, 2.7320111530850872, 5559, 140.5, 29, 24, 1292951.371266365, 15.047839164733887, 557.6570434570312, 232.58704286137166
LOSS, 24221.46826171875, -18.77500343322754, 66.8282241821289, 30.89472992566167, 784, 207.0, 347, 21, 282642.74193573, 44.16228485107422, 570.7492065429688, 360.5137014486352
LOSS, 17033.802978515625, -16.803688049316406, 69.8262710571289, 36.79007122789552, 463, 191.0, 369, 10, 183391.0085144043, 72.67670440673828, 564.792236328125, 396.0928909598365
LOSS, 22893.65000152588, -20.558914184570312, 65.55701446533203, 29.965510473201412, 764, 177.6999969482422, 349, 14, 278390.65382385254, 50.99300003051758, 563.78955078125, 364.3856725443096
LOSS, 11592.479248046875, -18.77500343322754, 68.4148178100586, 33.699067581531615, 344, 175.0, 377, 4, 129404.26321411133, 71.71695709228516, 564.8207397460938, 376.17518376195153
WIN , 25959.25049972534, -18.97533416748047, 67.6253433227539, 37.67670609539237, 689, 116.4990005493164, 354, 22, 280007.6464958191, 54.97890853881836, 571.5392456054688, 406.3971647254268
LOSS, 11746.643432617188, -18.77500343322754, 64.17012786865234, 26.220186233520508, 448, 207.0, 370, 6, 152207.14352416992, 59.24748611450195, 554.0880737304688, 339.7480882235936
LOSS, 18838.276611328125, -18.77500343322754, 67.2981948852539, 33.881792466417494, 556, 223.0, 362, 8, 207041.13753128052, 37.693214416503906, 570.7970581054688, 372.37614663899376
LOSS, 5571.798583984375, -25.198747634887695, 63.25568389892578, 36.4169842090482, 153, 191.0, 389, 1, 58821.275146484375, 80.92623138427734, 575.4551391601562, 384.452778735192
LOSS, 17067.99951171875, -17.35832977294922, 71.7339096069336, 30.478570556640626, 560, 223.0, 362, 13, 201505.77029800415, 42.498592376708984, 567.534912109375, 359.8317326750074
WIN , 2711.0, -19.92864990234375, 90.9798355102539, 0.6278369615562761, 4318, 153.0, 112, 25, 1369491.9095611572, 49.1804084777832, 573.833740234375, 317.15884890253756
WIN , 26388.65000152588, -18.77500343322754, 67.8731460571289, 29.15872928345401, 905, 177.6999969482422, 339, 16, 323557.1516227722, 40.4183235168457, 571.6925659179688, 357.5217145003008
LOSS, 4835.3258056640625, 0, 66.6292495727539, 46.94491073460255, 103, 191.0, 393, 4, 43914.82730102539, 187.7536163330078, 565.851318359375, 426.357546611897
LOSS, 16615.183349609375, -18.77500343322754, 67.3421401977539, 33.7706978650597, 492, 223.0, 367, 9, 191013.66912078857, 75.45781707763672, 576.5296020507812, 388.2391648796516
LOSS, 19382.149452209473, -33.000244140625, 66.6103286743164, 27.928169239494917, 694, 181.3920135498047, 353, 13, 245453.29415130615, 39.17739486694336, 566.4970092773438, 353.6790982007293
LOSS, 8222.477416992188, -25.205358505249023, 69.31539154052734, 36.22236747573651, 227, 127.5, 384, 5, 88681.85074615479, 76.09550476074219, 567.9066162109375, 390.668946018303
LOSS, 24915.4189453125, -39.999755859375, 62.909767150878906, 30.2005078125, 825, 223.0, 344, 22, 303966.55875587463, -21.613859176635742, 567.4659423828125, 368.4443136434844
LOSS, 10281.114868164062, -17.795211791992188, 65.6535873413086, 34.61654837765678, 297, 207.0, 380, 5, 114152.6845779419, 81.59172821044922, 555.2374877929688, 384.3524733264037
WIN , 26694.0, -18.77500343322754, 84.3359375, 27.266598569969357, 979, 207.0, 334, 11, 352694.7565917969, 53.73720169067383, 566.0474853515625, 360.26022123779046
LOSS, 11162.189575195312, -16.757362365722656, 69.5964584350586, 38.35803977730348, 291, 223.0, 380, 8, 115306.24392700195, 71.24176788330078, 571.174072265625, 396.2413880652988
LOSS, 21435.670166015625, -34.11201477050781, 65.1390609741211, 3.5732072288740833, 5999, 205.0, 0, 19, 1348212.7639255524, 23.0299015045166, 565.6297607421875, 224.7395839182451
LOSS, 21983.47216796875, -19.876625061035156, 68.7437973022461, 33.40953217016527, 658, 191.0, 356, 19, 239763.7364730835, 41.94015884399414, 558.8461303710938, 364.3825782265707
WIN , 26715.300003051758, -34.99951171875, 88.0013198852539, 33.35243446073877, 801, 164.39999389648438, 346, 15, 299623.0766906738, 59.33726501464844, 563.4571533203125, 374.0612692767464
WIN , 27252.0, -21.650779724121094, 77.166748046875, 30.347438752783965, 898, 191.0, 340, 17, 321704.2850418091, 48.475765228271484, 561.395751953125, 358.2453062826382
WIN , 27304.557502746582, -17.715057373046875, 63.185935974121094, 33.21722323935107, 822, 125.88499450683594, 345, 18, 307560.6579284668, 32.450103759765625, 560.3821411132812, 374.16138434120046
WIN , 26182.415000915527, -15.670166015625, 75.4397087097168, 38.904034176694694, 673, 110.16999816894531, 355, 20, 263370.0409812927, 63.81046676635742, 553.625732421875, 391.3373565843874
WIN , 26884.0, -16.48968505859375, 68.331298828125, 33.43781094527363, 804, 207.0, 346, 16, 296038.01278686523, 41.536888122558594, 552.7921752929688, 368.20648356575276
WIN , 26296.0, -16.803688049316406, 84.25048828125, 39.48348348348348, 666, 223.0, 355, 20, 269861.1464538574, 50.332393646240234, 560.583740234375, 405.1969165973835
LOSS, -5276.633750915527, -21.445045471191406, 60.8895263671875, -0.879585556078601, 5999, 218.2675018310547, 0, 5, 1173058.0750675201, 22.76286506652832, 546.0150756835938, 195.54226955617938
WIN , 26623.360481262207, -19.48956298828125, 68.5982437133789, 35.16956470444149, 757, 148.27903747558594, 349, 28, 281999.16705513, 30.328428268432617, 561.433837890625, 372.5220172458785
LOSS, 7472.125816345215, -34.0001220703125, 62.502967834472656, 35.58155150640579, 210, 129.1809844970703, 385, 1, 77689.91346359253, 45.91468048095703, 558.0152587890625, 369.95196887425016
LOSS, 22377.775634765625, -35.99951171875, 63.708717346191406, 35.296176080071966, 634, 207.0, 357, 9, 238035.8329563141, -23.656465530395508, 555.3688354492188, 375.4508406251011
LOSS, 22749.959716796875, -35.99951171875, 66.3863296508789, 34.46963593454072, 660, 175.0, 355, 15, 247220.71174240112, 18.914905548095703, 559.2144165039062, 374.57683597333505
LOSS, 7247.7349853515625, -16.76947784423828, 58.349830627441406, 27.663110631112833, 262, 175.0, 382, 4, 90311.55319976807, 44.69709777832031, 538.5609741210938, 344.70058473193916
LOSS, 22908.783447265625, -21.89659881591797, 63.217063903808594, 32.13013106208363, 713, 191.0, 352, 7, 263237.5683288574, 49.51429748535156, 552.9954833984375, 369.19715053135684
WIN , 27095.25050354004, -18.15411376953125, 65.8675308227539, 31.839307289706273, 851, 164.49899291992188, 343, 24, 305757.5717010498, 37.29767608642578, 563.2366943359375, 359.2920936557577
LOSS, 17544.300003051758, -17.662879943847656, 60.66650390625, 33.73903846740723, 520, 196.39999389648438, 365, 10, 199287.89241027832, 48.05321502685547, 554.1785888671875, 383.2459469428429
WIN , 27386.300003051758, -18.511795043945312, 75.3924331665039, 33.19551515521425, 825, 142.39999389648438, 344, 20, 295238.6708908081, 20.14556121826172, 557.089111328125, 357.86505562522194
LOSS, 26624.577392578125, -17.35771942138672, 64.94268035888672, 31.923953708127247, 834, 207.0, 344, 9, 301145.42934799194, 32.56357955932617, 551.4955444335938, 361.08564670023014
LOSS, 6654.8526611328125, -14.557670593261719, 64.8177261352539, 32.46269590796494, 205, 207.0, 386, 1, 72545.0564994812, 53.64792251586914, 551.1680297851562, 353.8783243877132
LOSS, 10290.81689453125, -15.095832824707031, 63.817359924316406, 38.83327130011792, 265, 223.0, 382, 5, 104354.41902160645, 128.13894653320312, 570.0546264648438, 393.79026045889225
LOSS, 14994.48046875, -17.662269592285156, 63.496009826660156, 29.4587042608055, 509, 191.0, 366, 8, 175239.99408721924, 43.76076889038086, 553.5768432617188, 344.28289604561735
WIN , 27525.250003814697, -21.90979766845703, 84.98808670043945, 31.931844551989208, 862, 124.49999237060547, 342, 23, 315686.64615631104, 38.064632415771484, 547.9189453125, 366.2258076059293
WIN , 26745.75, -18.14130401611328, 63.944923400878906, 34.77990897269181, 769, 143.5, 348, 23, 286002.65353012085, 47.65731430053711, 566.0916748046875, 371.91502409638605
WIN , 26769.550003051758, -23.210166931152344, 68.8878402709961, 32.92687577251139, 813, 135.89999389648438, 345, 15, 302041.6674461365, 41.49879837036133, 570.8157958984375, 371.51496610840894
LOSS, 23942.761474609375, -21.47423553466797, 64.53726959228516, 35.470757740162036, 675, 223.0, 354, 23, 250088.06718444824, 62.11042785644531, 565.084716796875, 370.50084027325664
WIN , 26686.557502746582, -22.363372802734375, 84.26477813720703, 37.85327305354125, 705, 141.88499450683594, 352, 13, 272137.901763916, 58.0301628112793, 564.1941528320312, 386.0112081757674
LOSS, 20687.65000152588, -36.9998779296875, 69.3138656616211, 32.57897638035571, 635, 209.6999969482422, 357, 11, 232326.5622730255, -18.488847732543945, 556.6710815429688, 365.86860200476457
LOSS, 16658.026611328125, -39.999755859375, 67.7571792602539, 37.0178369140625, 450, 191.0, 369, 6, 169384.44223308563, 10.060240745544434, 565.5491943359375, 376.4098716290792
LOSS, 18045.70849609375, -17.69066619873047, 68.2567367553711, 43.275080326363906, 417, 191.0, 372, 9, 170245.0804977417, 68.02128601074219, 565.0099487304688, 408.26158392743815
LOSS, 14828.520751953125, -41.999755859375, 83.28324127197266, 20.453132071659482, 725, 223.0, 351, 11, 257133.48270320892, -11.862252235412598, 582.07666015625, 354.6668726940813
LOSS, 25024.881591796875, -17.83428192138672, 65.9026107788086, 35.852265890826466, 698, 175.0, 353, 13, 259040.23836517334, 61.96485900878906, 568.5484619140625, 371.11782000741164
LOSS, 12598.443969726562, -18.487525939941406, 66.6200942993164, 37.2735028690135, 338, 207.0, 377, 3, 127625.69710159302, 51.66180419921875, 571.1246948242188, 377.5908198271983
LOSS, 22214.320556640625, -20.339759826660156, 64.3501968383789, 32.66811846564798, 680, 191.0, 354, 19, 249784.7418231964, 22.7197322845459, 565.075439453125, 367.3305026811712
WIN , 26720.0, -17.401649475097656, 79.14794921875, 36.403269754768395, 734, 175.0, 351, 14, 275835.15489578247, 32.25109100341797, 579.332275390625, 375.797213754472
LOSS, 14239.383010864258, -19.974197387695312, 63.730079650878906, 37.373708689932435, 381, 196.39999389648438, 374, 12, 144888.36013793945, 65.83551788330078, 563.3493041992188, 380.2844098108647
LOSS, 21463.97705078125, -17.682708740234375, 66.7113265991211, 32.42292605858195, 662, 175.0, 355, 18, 237519.22328948975, 51.11368179321289, 570.7323608398438, 358.7903675067821
LOSS, 16099.360595703125, -19.757240295410156, 68.9574203491211, 29.868943591285944, 539, 223.0, 364, 11, 191810.84419631958, 45.60851287841797, 571.5433349609375, 355.8642749467896
LOSS, 14661.107177734375, -20.662147521972656, 60.311500549316406, 29.031895401454207, 505, 175.0, 366, 10, 170504.9213695526, 18.287668228149414, 541.1190795898438, 337.63350766248044
LOSS, 4156.027770996094, -15.141426086425781, 59.652061462402344, 36.13937192170516, 115, 223.0, 392, 1, 41255.80494308472, 44.79189682006836, 546.1705932617188, 358.7461299398671
WIN , 15634.468879699707, -37.11250305175781, 69.0633316040039, 3.5760450319532726, 4372, 146.06224060058594, 108, 17, 998475.6187334061, 15.49511432647705, 571.4837036132812, 228.37960172310295
WIN , 26720.0, -18.22888946533203, 67.1953353881836, 31.961722488038276, 836, 175.0, 344, 27, 301067.6639060974, 51.38490295410156, 573.609375, 360.12878457667153
WIN , 26875.374824523926, -18.2657470703125, 67.6583023071289, 31.618088028851677, 850, 184.25035095214844, 343, 19, 303540.834022522, 34.824493408203125, 562.6451416015625, 357.1068635559082
WIN , 26442.0, -21.271240234375, 84.88004302978516, 30.85414235705951, 857, 191.0, 342, 17, 312029.90407180786, 35.46348190307617, 575.833984375, 364.095570678889
WIN , 26832.60662841797, -18.870094299316406, 67.66425323486328, 31.09224406537424, 863, 129.7867431640625, 342, 21, 300444.4198951721, 35.80913162231445, 569.5902709960938, 348.1395363791102
WIN , 25951.74871826172, -35.99951171875, 70.2734375, 37.073926740373885, 700, 151.5025634765625, 353, 13, 266120.32009506226, 33.76422119140625, 578.4454956054688, 380.1718858500889
WIN , 26127.40818786621, -18.20404815673828, 73.25762939453125, 30.9200096897825, 845, 180.18362426757812, 343, 16, 297539.7227897644, 35.36030960083008, 577.7747802734375, 352.1180151358159
LOSS, 13509.73046875, -18.462913513183594, 65.8051986694336, 34.20184928797468, 395, 223.0, 373, 6, 145023.30236816406, 31.49991226196289, 597.7252807617188, 367.1476009320609
LOSS, 8901.971801757812, -16.292098999023438, 64.0276107788086, 36.785007445280215, 242, 207.0, 383, 3, 96611.85069656372, 46.87984848022461, 562.2930297851562, 399.2225235395195
LOSS, 13174.00048828125, -17.662269592285156, 64.7237319946289, 36.79888404547835, 358, 223.0, 376, 4, 135324.95583343506, 42.96815872192383, 581.4739990234375, 378.0026699257962
WIN , 27065.76809310913, -16.940040588378906, 67.4281997680664, 33.41452851001127, 810, 123.46381378173828, 345, 18, 300555.48460006714, 49.090354919433594, 585.6401977539062, 371.0561538272434
WIN , 22422.0, -47.42118835449219, 83.24608612060547, 15.119352663519892, 1483, 191.0, 301, 14, 509702.4784679413, 28.954694747924805, 569.1617431640625, 343.69688366010877
LOSS, 17309.806396484375, -16.362655639648438, 68.8759536743164, 39.340469082919036, 440, 191.0, 370, 8, 169247.04360198975, 46.27455139160156, 565.5030517578125, 384.65237182270397
LOSS, 17141.78076171875, -19.498374938964844, 68.9754409790039, 32.775871437320745, 523, 207.0, 365, 10, 186136.2578125, 34.71261215209961, 563.514892578125, 355.9010665630975
WIN , 26593.25, -22.567916870117188, 83.72710037231445, 28.843004338394795, 922, 108.5, 338, 19, 315092.0016822815, 35.39061737060547, 597.2809448242188, 341.7483749265526
LOSS, 14108.939453125, -13.876869201660156, 68.8567123413086, 39.52083880427171, 357, 223.0, 376, 9, 132582.34576416016, 64.19912719726562, 567.444091796875, 371.37911978756347
LOSS, 20110.084602355957, -18.760086059570312, 66.9798812866211, 33.51680767059326, 600, 184.83079528808594, 359, 16, 224939.06926727295, 60.264801025390625, 549.7503662109375, 374.89844877878824
WIN , 27343.0, -18.77500343322754, 79.42314147949219, 31.794186046511626, 860, 169.0, 342, 28, 311286.72090530396, 63.41525650024414, 560.6469116210938, 361.9613033782604
WIN , 26594.0, -19.5006103515625, 66.8297348022461, 31.472189349112426, 845, 207.0, 343, 21, 301995.5210418701, 53.58092498779297, 573.3464965820312, 357.39114916197644
LOSS, 16375.943359375, -16.720489501953125, 66.7656478881836, 33.55726098232582, 488, 207.0, 367, 9, 176402.78300571442, 14.446736335754395, 567.5712280273438, 361.4811127166279
WIN , 24894.0, -36.998741149902344, 69.8787612915039, 13.081450341565949, 1903, 207.0, 273, 17, 508235.83192783594, -0.4425157904624939, 569.1168212890625, 267.0708523004918
WIN , 26070.0, -34.99951171875, 74.36994934082031, 37.83744557329463, 689, 175.0, 354, 15, 270301.443564415, -7.691039085388184, 569.73193359375, 392.30978746649487
LOSS, 11041.599998474121, -18.77500343322754, 66.30284881591797, 36.56158939892093, 302, 201.8000030517578, 379, 4, 115623.17611312866, 57.92461013793945, 566.61962890625, 382.8581990500949
LOSS, 22687.0, -41.999755859375, 65.3777084350586, 26.880331753554504, 844, 191.0, 343, 16, 282699.7848882675, 2.979891777038574, 565.2015380859375, 334.9523517633501
LOSS, 9607.944274902344, -17.60088348388672, 61.076560974121094, 32.45927119899441, 296, 191.8800048828125, 380, 5, 107261.49798202515, 59.056034088134766, 536.701904296875, 362.3699256149498
WIN , 26293.25, -18.27197265625, 79.32158279418945, 34.779431216931215, 756, 108.5, 349, 22, 284597.9043235779, 56.26117706298828, 558.4715576171875, 376.45225439626705
LOSS, 24457.746337890625, -17.715164184570312, 67.2508773803711, 34.496116132426835, 709, 207.0, 352, 15, 261989.94453430176, 40.2581787109375, 575.5075073242188, 369.52037310902926
LOSS, 21974.200927734375, -38.00048828125, 63.009864807128906, 28.500909115089982, 771, 191.0, 348, 20, 266596.88986587524, -21.850114822387695, 566.1737670898438, 345.78066130463714
WIN , 26678.398712158203, -33.000244140625, 78.873291015625, 32.77444559233194, 814, 138.20257568359375, 345, 11, 299690.0370388031, 8.107797622680664, 551.4686889648438, 368.1695786717483
WIN , 26306.0, -18.361602783203125, 69.9706039428711, 31.886060606060607, 825, 223.0, 344, 24, 302217.07051086426, 64.38491821289062, 568.3858032226562, 366.3237218313506
LOSS, 11110.235961914062, -17.821083068847656, 66.69974517822266, 33.26417952668881, 334, 207.0, 377, 7, 120394.50749778748, 20.016477584838867, 559.2404174804688, 360.4625972987649
LOSS, 16058.30078125, -38.000030517578125, 83.0548324584961, 7.18813821900179, 2234, 175.0, 251, 16, 704968.4971790314, 31.47858238220215, 562.1866455078125, 315.5633380389576
LOSS, 2890.9222412109375, -14.308624267578125, 57.85003662109375, 31.76837627704327, 91, 175.0, 393, 3, 30683.296520233154, 48.7988166809082, 535.4454345703125, 337.1790826399248
LOSS, 19375.65000152588, -18.77500343322754, 65.8016128540039, 40.28201663518894, 481, 193.6999969482422, 367, 7, 189292.26432037354, 66.77580261230469, 563.0309448242188, 393.53901106106764
LOSS, 16853.61390686035, -15.15362548828125, 69.0157241821289, 35.258606499707845, 478, 218.71701049804688, 368, 9, 183662.6965866089, 67.87564086914062, 571.0286254882812, 384.2315828171734
LOSS, 14270.894630432129, -12.774999618530273, 70.2437515258789, 41.850130881032634, 341, 209.6999969482422, 377, 11, 137569.24006652832, 73.37322235107422, 564.763916015625, 403.42885650008304
WIN , 26094.0, -18.77500343322754, 67.6290054321289, 31.027348394768133, 841, 207.0, 343, 19, 309643.0976085663, 30.452863693237305, 561.3267211914062, 368.18442046202887
LOSS, 14030.18212890625, -18.63146209716797, 70.5272445678711, 28.691578995718302, 489, 223.0, 367, 10, 168254.64443969727, 57.025917053222656, 569.4901123046875, 344.0790274840435
WIN , 26003.0, -17.966819763183594, 91.68144226074219, 36.11527777777778, 720, 169.0, 351, 18, 280556.02240371704, 44.33334732055664, 587.861572265625, 389.6611422273848
LOSS, 12008.132690429688, -18.77500343322754, 67.1590347290039, 39.37092685386783, 305, 207.0, 379, 7, 122351.45040130615, 75.41848754882812, 560.8790893554688, 401.1522963977251
LOSS, 11144.841186523438, -18.77500343322754, 67.89038848876953, 35.38044821118552, 315, 191.0, 378, 7, 122915.98306274414, 37.78767013549805, 569.3178100585938, 390.2094700404576
LOSS, 17806.021728515625, -16.48968505859375, 67.62885284423828, 30.027018091931915, 593, 175.0, 360, 14, 213738.23560714722, 54.748294830322266, 571.6868286132812, 360.43547319923647
LOSS, 11045.521499633789, -29.99993896484375, 65.7765884399414, 29.53347994554489, 374, 150.50607299804688, 375, 5, 137717.7372188568, 28.628965377807617, 554.6982421875, 368.22924390068664
LOSS, 9851.999877929688, -16.232513427734375, 60.51703643798828, 20.741052374588815, 475, 207.0, 368, 7, 156214.3896408081, 68.19645690917969, 560.4453735351562, 328.8723992438065
LOSS, 19142.79638671875, -17.35771942138672, 65.2477035522461, 30.825759076841788, 621, 207.0, 358, 10, 228518.53104019165, 59.46170425415039, 576.2869873046875, 367.9847520776033
WIN , 26447.54999923706, -18.021347045898438, 77.37543869018555, 34.891226911922246, 758, 119.9000015258789, 349, 24, 293092.5536727905, 44.83631134033203, 568.12158203125, 386.6656380907527
LOSS, 16913.394332885742, -21.27154541015625, 68.87747955322266, 30.529592658638524, 554, 199.84707641601562, 363, 11, 203523.6237640381, 58.50619125366211, 574.9402465820312, 367.37116202894964
LOSS, 23999.81610107422, -17.35771942138672, 68.2784194946289, 41.81152630849167, 574, 193.1436767578125, 361, 8, 240726.1842765808, 49.521080017089844, 592.43603515625, 419.38359630066344
LOSS, -15700.679908752441, -22.329872131347656, 65.0826187133789, -2.6172161874899884, 5999, 226.3598175048828, 0, 5, 1264755.71393013, 20.769128799438477, 572.1749877929688, 210.8277569478463
