LOSS, -512.0, -512.0, 0.0, -0.08534755792632105, 5999, 150.4399871826172, 0, 2, 815.3205891251564, 0.28129842877388, 1.1515331268310547, 0.13590941642359666
LOSS, -448.0, -512.0, 32.0, -0.07467911318553092, 5999, 189.25335693359375, 0, 4, 15324.885605633259, 0.36399221420288086, 20.130189895629883, 2.554573363166071
LOSS, -512.0, -512.0, 0.0, -0.08534755792632105, 5999, 206.7271728515625, 0, 2, 34033.7750210762, 3.075303316116333, 77.6981201171875, 5.673241377075547
LOSS, -512.0, -512.0, 0.0, -0.08534755792632105, 5999, 190.09500122070312, 0, 10, 71067.7875111103, 3.8198652267456055, 39.34574508666992, 11.84660568613274
LOSS, 520.0, -554.0, 42.0, 0.08936243340780203, 5819, 223.0, 12, 16, 89979.92282009125, 8.109396934509277, 42.7606201171875, 15.463124732787636
LOSS, -476.0, -554.0, 32.0, -0.6694796061884669, 711, 223.0, 352, 6, 12996.281161308289, 9.60264778137207, 44.64102554321289, 18.27887645753627
LOSS, 322.0, -554.0, 48.0, 0.16623644811564275, 1937, 223.0, 270, 25, 42998.89534473419, 9.652456283569336, 48.514732360839844, 22.198706941008876
WIN , 2162.0, -42.0, 1024.0, 0.5045507584597433, 4285, 182.86810302734375, 114, 32, 113166.00548839569, 13.671894073486328, 68.56010437011719, 26.409802914444736
LOSS, 650.0, -554.0, 48.0, 0.17416934619506966, 3732, 207.0, 151, 32, 130755.77851867676, 16.979490280151367, 196.25816345214844, 35.036382239731175
WIN , 2058.0, -42.0, 1024.0, 0.5652293326009338, 3641, 192.19288635253906, 157, 22, 196096.24043273926, 26.12871742248535, 400.1215515136719, 53.85779742728351
LOSS, -512.0, -512.0, 0.0, -0.08534755792632105, 5999, 181.72488403320312, 0, 4, 460551.28788375854, 43.45455551147461, 353.4974670410156, 76.77134320449385
LOSS, 462.0, -512.0, 48.0, 0.07701283547257877, 5999, 197.84796142578125, 0, 18, 486077.2906227112, 44.247047424316406, 638.132080078125, 81.02638616814656
LOSS, -156.0, -512.0, 32.0, -0.026004334055675947, 5999, 190.7271728515625, 0, 7, 498001.2365036011, 57.43218231201172, 315.3995361328125, 83.01404175755977
LOSS, -278.0, -512.0, 32.0, -0.046341056842807135, 5999, 231.64369201660156, 0, 4, 648150.0776977539, 69.13944244384766, 360.06072998046875, 108.04302011964559
WIN , 3390.0, 0.0, 1024.0, 0.6501726121979287, 5214, 180.1680908203125, 52, 35, 623858.7975921631, 84.42569732666016, 551.128662109375, 119.65070916612257
LOSS, -56.0, -512.0, 32.0, -0.009334889148191364, 5999, 195.15106201171875, 0, 10, 728305.9527893066, 82.4573974609375, 403.5049743652344, 121.40455955814413
LOSS, 238.0, -554.0, 32.0, 0.0919629057187017, 2588, 223.0, 227, 19, 352561.7713470459, 84.33830261230469, 431.4461975097656, 136.22943251431448
LOSS, -78.0, -512.0, 32.0, -0.013002167027837973, 5999, 198.70347595214844, 0, 13, 718922.9311599731, 86.90404510498047, 339.99017333984375, 119.84046193698502
LOSS, 130.0, -554.0, 32.0, 0.024870862827625788, 5227, 223.0, 51, 12, 678749.7168121338, 93.97731018066406, 389.1217346191406, 129.8545469317264
LOSS, -320.0, -554.0, 32.0, -0.2471042471042471, 1295, 191.0, 313, 5, 182455.34677124023, 101.18502807617188, 338.43017578125, 140.89215966891138
LOSS, -638.0, -554.0, 0.0, -0.9259796806966618, 689, 207.0, 354, 1, 96108.04456329346, 109.08759307861328, 278.9814147949219, 139.4891793371458
LOSS, -350.0, -554.0, 48.0, -0.06539611360239163, 5352, 223.0, 43, 6, 698885.3284301758, 100.0670394897461, 360.0580749511719, 130.5839552373273
LOSS, 14.0, -554.0, 32.0, 0.004392845936617509, 3187, 186.447998046875, 187, 11, 448614.65560150146, 100.01107025146484, 319.524658203125, 140.76393335472278
LOSS, 286.0, -512.0, 32.0, 0.047674612435405904, 5999, 228.77291870117188, 0, 31, 914966.7092056274, 113.5727767944336, 512.70849609375, 152.51987151285672
LOSS, -34.0, -512.0, 32.0, -0.005667611268544757, 5999, 177.811279296875, 0, 15, 996750.4007568359, 131.9310760498047, 362.7691650390625, 166.15275891929255
LOSS, 420.0, -512.0, 32.0, 0.07001166861143523, 5999, 198.27906799316406, 0, 15, 971887.8531723022, 123.78009796142578, 395.8690490722656, 162.00831024709154
LOSS, 438.0, -512.0, 32.0, 0.07301216869478247, 5999, 196.2085723876953, 0, 29, 1040327.5594940186, 128.7607879638672, 595.6417846679688, 173.4168293872343
LOSS, 766.0, -512.0, 80.0, 0.1276879479913319, 5999, 229.22113037109375, 0, 26, 1033851.0771179199, 132.5476837158203, 349.786865234375, 172.3372357256076
LOSS, 620.0, -512.0, 80.0, 0.1033505584264044, 5999, 202.45701599121094, 0, 20, 1057800.4340515137, 135.05130004882812, 431.780517578125, 176.32946058534984
LOSS, 452.0, -512.0, 32.0, 0.07534589098183031, 5999, 170.03575134277344, 0, 25, 1089832.1634521484, 147.6064453125, 449.7160949707031, 181.66897207070318
LOSS, -130.0, -512.0, 32.0, -0.021670278379729953, 5999, 229.84796142578125, 0, 26, 1062251.7861938477, 135.9866180419922, 393.22479248046875, 177.07147627835434
LOSS, 366.0, -554.0, 32.0, 0.18475517415446743, 1981, 196.1680908203125, 267, 12, 358625.2316894531, 136.38865661621094, 281.0050048828125, 181.03242387150587
LOSS, 498.0, -554.0, 48.0, 0.0939622641509434, 5300, 207.0, 46, 21, 999547.9957122803, 140.09127807617188, 299.5279541015625, 188.59396145514722
LOSS, -44.0, -512.0, 32.0, -0.0073345557592932155, 5999, 186.2871551513672, 0, 11, 1106780.6110076904, 148.61285400390625, 503.7635803222656, 184.49418419864818
LOSS, 530.0, -512.0, 32.0, 0.08834805800966827, 5999, 198.8853759765625, 0, 13, 1161242.4295806885, 155.512939453125, 287.57568359375, 193.5726670412883
LOSS, -240.0, -554.0, 32.0, -0.11105969458583989, 2161, 223.0, 255, 8, 434082.94326782227, 164.4417724609375, 370.2878112792969, 200.87132960102835
LOSS, 92.0, -554.0, 32.0, 0.04, 2300, 191.0, 246, 10, 456669.3310241699, 168.87384033203125, 336.6275634765625, 198.55188305398693
LOSS, -16.0, -512.0, 32.0, -0.002667111185197533, 5999, 230.06634521484375, 0, 13, 1155910.524887085, 156.87696838378906, 299.463623046875, 192.68386812586849
LOSS, 234.0, -512.0, 48.0, 0.03900650108351392, 5999, 214.1680908203125, 0, 13, 1198481.7205047607, 166.2189178466797, 324.8115539550781, 199.78025012581443
LOSS, -242.0, -512.0, 32.0, -0.040340056676112686, 5999, 232.8940887451172, 0, 5, 1210597.4397888184, 164.372802734375, 273.8741760253906, 201.7998732770159
LOSS, 574.0, -512.0, 80.0, 0.09568261376896149, 5999, 195.53067016601562, 0, 15, 1244873.861984253, 166.58282470703125, 391.3546447753906, 207.51356259114067
LOSS, -512.0, -512.0, 0.0, -0.08534755792632105, 5999, 230.7061004638672, 0, 2, 1223187.5074310303, 179.47659301757812, 283.6661071777344, 203.89856766644945
LOSS, -224.0, -512.0, 32.0, -0.03733955659276546, 5999, 227.53269958496094, 0, 5, 1248231.4594421387, 168.88011169433594, 290.1023254394531, 208.07325544959804
LOSS, 74.0, -512.0, 80.0, 0.012335389231538589, 5999, 203.39498901367188, 0, 25, 1266551.960220337, 167.97903442382812, 356.2847900390625, 211.12718123359508
LOSS, 216.0, -512.0, 32.0, 0.036006001000166696, 5999, 183.3357391357422, 0, 17, 1368054.0860443115, 185.69070434570312, 322.2669982910156, 228.0470221777482
LOSS, 424.0, -512.0, 64.0, 0.07067844640773462, 5999, 166.1680908203125, 0, 14, 1395276.6275634766, 191.0945587158203, 322.9407043457031, 232.58486873870254
LOSS, 0.0, -512.0, 32.0, 0.0, 5999, 174.09500122070312, 0, 16, 1394998.555847168, 187.4498291015625, 313.1207580566406, 232.5385157271492
LOSS, 292.0, -512.0, 32.0, 0.048674779129854975, 5999, 188.20257568359375, 0, 17, 1392638.7394714355, 189.1321563720703, 328.8994140625, 232.14514743647868
LOSS, 292.0, -512.0, 32.0, 0.048674779129854975, 5999, 195.67893981933594, 0, 13, 1427239.0070037842, 195.8966064453125, 359.40887451171875, 237.9128199706258
LOSS, 712.0, -512.0, 80.0, 0.11868644774129021, 5999, 170.4189453125, 0, 22, 1473127.452545166, 204.9498291015625, 363.6612548828125, 245.56216911904752
LOSS, -134.0, -512.0, 32.0, -0.022337056176029338, 5999, 233.87747192382812, 0, 12, 1471505.9441070557, 197.98536682128906, 369.5057067871094, 245.29187266328648
LOSS, -192.0, -512.0, 32.0, -0.032005334222370396, 5999, 214.70347595214844, 0, 8, 1459115.1676635742, 211.65208435058594, 326.812744140625, 243.22639901043078
LOSS, 440.0, -512.0, 32.0, 0.07334555759293215, 5999, 188.19219970703125, 0, 14, 1466314.0419311523, 214.94248962402344, 349.8265686035156, 244.4264113904238
LOSS, -512.0, -512.0, 0.0, -0.08534755792632105, 5999, 198.1680908203125, 0, 1, 1427243.4984588623, 216.87460327148438, 340.4417419433594, 237.9135686712556
LOSS, -38.0, -512.0, 80.0, -0.006334389064844141, 5999, 166.8853759765625, 0, 8, 1577255.5820922852, 224.8355255126953, 382.68048095703125, 262.9197503070987
LOSS, 52.0, -512.0, 32.0, 0.008668111351891982, 5999, 189.11895751953125, 0, 11, 1501718.1890106201, 214.67462158203125, 357.36285400390625, 250.3280861828005
LOSS, -150.0, -512.0, 32.0, -0.025004167361226872, 5999, 145.42718505859375, 0, 4, 1471233.4477233887, 212.5060577392578, 375.49798583984375, 245.24644902873624
LOSS, -234.0, -554.0, 32.0, -0.05473684210526316, 4275, 223.0, 114, 7, 1100390.2451782227, 209.8649139404297, 404.1947021484375, 257.4012269422743
LOSS, -400.0, -512.0, 32.0, -0.06667777962993832, 5999, 203.39498901367188, 0, 5, 1405893.4777526855, 214.9119415283203, 334.218994140625, 234.3546387319029
LOSS, -512.0, -512.0, 0.0, -0.08534755792632105, 5999, 169.58538818359375, 0, 1, 1387418.0552062988, 205.55276489257812, 308.4844665527344, 231.27488834910798
LOSS, -512.0, -512.0, 0.0, -0.08534755792632105, 5999, 233.08636474609375, 0, 1, 1354269.2977905273, 194.6815948486328, 329.99468994140625, 225.74917449417026
LOSS, -512.0, -512.0, 0.0, -0.08534755792632105, 5999, 214.27906799316406, 0, 2, 1336115.909729004, 198.52197265625, 317.7714538574219, 222.72310547241273
LOSS, -512.0, -512.0, 0.0, -0.08534755792632105, 5999, 187.39498901367188, 0, 3, 1332700.8625946045, 186.25946044921875, 366.7278137207031, 222.15383607177938
LOSS, -514.0, -512.0, 10.0, -0.08568094682447075, 5999, 185.58538818359375, 0, 13, 1446662.8726348877, 174.6658935546875, 400.5720520019531, 241.15067055090643
LOSS, -60.0, -512.0, 32.0, -0.010001666944490749, 5999, 185.62689208984375, 0, 11, 1563583.1520996094, 198.99391174316406, 395.8316345214844, 260.6406321219552
LOSS, -304.0, -512.0, 80.0, -0.050675112518753125, 5999, 187.44407653808594, 0, 4, 1398741.8207244873, 165.036865234375, 406.98828125, 233.16249720361515
LOSS, -442.0, -554.0, 32.0, -0.09908092355973996, 4461, 223.0, 102, 7, 1059223.0600891113, 184.30886840820312, 416.2440490722656, 237.44072183122873
LOSS, -384.0, -512.0, 32.0, -0.06401066844474079, 5999, 226.74002075195312, 0, 7, 1539525.2684173584, 181.83274841308594, 354.5069274902344, 256.6303164556357
LOSS, -150.0, -512.0, 32.0, -0.025004167361226872, 5999, 193.0072784423828, 0, 11, 1585062.944229126, 187.62229919433594, 440.8225402832031, 264.2211942372272
LOSS, -92.0, -512.0, 80.0, -0.015335889314885814, 5999, 172.20257568359375, 0, 8, 1501494.8953857422, 193.0388641357422, 363.21588134765625, 250.29086437501954
LOSS, -512.0, -512.0, 0.0, -0.08534755792632105, 5999, 140.20257568359375, 0, 3, 1604634.1124572754, 189.9472198486328, 389.6518859863281, 267.4835993427697
LOSS, -512.0, -512.0, 0.0, -0.08534755792632105, 5999, 218.2871551513672, 0, 2, 1293591.633605957, 170.60968017578125, 321.4290466308594, 215.6345446917748
LOSS, -512.0, -512.0, 0.0, -0.08534755792632105, 5999, 216.8940887451172, 0, 1, 1300295.430404663, 180.46926879882812, 343.5124206542969, 216.75203040584483
LOSS, -168.0, -512.0, 32.0, -0.028004667444574097, 5999, 198.8853759765625, 0, 8, 1642872.6633300781, 201.764892578125, 412.4936828613281, 273.857753513932
LOSS, -422.0, -512.0, 42.0, -0.07034505750958493, 5999, 155.39498901367188, 0, 3, 1427315.536239624, 196.6237030029297, 360.3511657714844, 237.92557696943226
LOSS, -512.0, -512.0, 0.0, -0.08534755792632105, 5999, 221.11895751953125, 0, 1, 1312119.4924163818, 177.99183654785156, 366.3145446777344, 218.7230359087151
LOSS, -134.0, -512.0, 32.0, -0.022337056176029338, 5999, 158.09500122070312, 0, 9, 1445070.9226837158, 186.8956756591797, 356.1497497558594, 240.88530133084112
LOSS, -210.0, -554.0, 42.0, -0.044766574291195904, 4691, 223.0, 87, 11, 1191962.4839324951, 199.669189453125, 382.469970703125, 254.09560518705928
LOSS, -512.0, -512.0, 0.0, -0.08534755792632105, 5999, 172.4250030517578, 0, 2, 1357589.9917449951, 190.76547241210938, 329.818359375, 226.30271574345642
LOSS, -512.0, -512.0, 0.0, -0.08534755792632105, 5999, 212.34812927246094, 0, 1, 1465034.6989593506, 190.7858428955078, 359.0259094238281, 244.21315201856152
LOSS, -342.0, -512.0, 32.0, -0.057009501583597265, 5999, 225.0, 0, 4, 1532110.246963501, 191.63072204589844, 370.3509216308594, 255.39427353950674
LOSS, -160.0, -512.0, 32.0, -0.026671111851975328, 5999, 190.09500122070312, 0, 6, 1570856.1041259766, 207.4565887451172, 366.0683288574219, 261.8529928531383
LOSS, -192.0, -512.0, 32.0, -0.032005334222370396, 5999, 166.1680908203125, 0, 7, 1500760.888244629, 201.96141052246094, 364.6354064941406, 250.16850945901464
LOSS, -618.0, -554.0, 10.0, -0.1720969089390142, 3591, 223.0, 160, 2, 835534.0158691406, 185.9339141845703, 364.33929443359375, 232.6744683567643
LOSS, -252.0, -512.0, 32.0, -0.042007001166861145, 5999, 234.19541931152344, 0, 9, 1474587.587677002, 199.4435272216797, 376.46307373046875, 245.80556554042374
LOSS, -386.0, -512.0, 32.0, -0.06434405734289048, 5999, 209.1796112060547, 0, 8, 1513837.617340088, 209.6465301513672, 392.74322509765625, 252.3483276112832
LOSS, -280.0, -512.0, 32.0, -0.046674445740956826, 5999, 203.39498901367188, 0, 8, 1484542.1130981445, 199.50845336914062, 417.15838623046875, 247.46492967130263
LOSS, -144.0, -512.0, 32.0, -0.024004000666777797, 5999, 166.8853759765625, 0, 9, 1527762.8635406494, 203.7937774658203, 371.9952087402344, 254.66958885491738
LOSS, -134.0, -512.0, 32.0, -0.022337056176029338, 5999, 193.0100860595703, 0, 11, 1503828.9228515625, 200.53106689453125, 383.90875244140625, 250.67993379756
LOSS, -310.0, -512.0, 32.0, -0.0516752792132022, 5999, 172.20257568359375, 0, 7, 1486612.3729553223, 181.88433837890625, 390.74395751953125, 247.81003049763666
LOSS, -554.0, -512.0, 0.0, -0.09234872478746457, 5999, 138.03575134277344, 0, 1, 1419659.645614624, 183.35231018066406, 365.5758056640625, 236.64938249952058
LOSS, -464.0, -512.0, 16.0, -0.07734622437072845, 5999, 148.30999755859375, 0, 4, 1555721.482345581, 204.944091796875, 373.6554870605469, 259.3301354134991
LOSS, -256.0, -512.0, 48.0, -0.042673778963160526, 5999, 232.48951721191406, 0, 6, 1542082.2588653564, 208.0302734375, 386.7701110839844, 257.05655256965434
LOSS, -288.0, -512.0, 32.0, -0.048008001333555594, 5999, 214.1680908203125, 0, 6, 1503338.6729278564, 184.161865234375, 356.7313232421875, 250.59821185661883
LOSS, -512.0, -512.0, 0.0, -0.08534755792632105, 5999, 151.3357391357422, 0, 2, 1579055.5626678467, 203.3598175048828, 382.8655090332031, 263.2197970774874
LOSS, -512.0, -512.0, 0.0, -0.08534755792632105, 5999, 186.03575134277344, 0, 1, 1528721.3489379883, 204.80726623535156, 383.3222351074219, 254.82936305017307
LOSS, -416.0, -512.0, 32.0, -0.06934489081513585, 5999, 145.62350463867188, 0, 3, 1533645.7785949707, 216.610595703125, 353.17327880859375, 255.6502381388516
LOSS, -512.0, -512.0, 0.0, -0.08534755792632105, 5999, 191.4928741455078, 0, 3, 1530171.867477417, 199.4202423095703, 387.7999572753906, 255.071156438976
LOSS, -512.0, -512.0, 0.0, -0.08534755792632105, 5999, 223.4928741455078, 0, 2, 1487505.7831878662, 192.40907287597656, 358.9859924316406, 247.9589570241484
LOSS, -512.0, -512.0, 0.0, -0.08534755792632105, 5999, 217.40611267089844, 0, 1, 1480776.6202697754, 191.60791015625, 427.5305480957031, 246.83724291878235
LOSS, -512.0, -512.0, 0.0, -0.08534755792632105, 5999, 210.19288635253906, 0, 1, 1482170.5212249756, 199.5203399658203, 368.4542541503906, 247.06959847057436
LOSS, -512.0, -512.0, 0.0, -0.08534755792632105, 5999, 210.74774169921875, 0, 2, 1385009.940109253, 194.5324249267578, 408.6064147949219, 230.8734689296971
LOSS, -512.0, -512.0, 0.0, -0.08534755792632105, 5999, 216.5458526611328, 0, 2, 1388759.4428100586, 193.10903930664062, 398.4963684082031, 231.49849021671255
LOSS, -482.0, -512.0, 10.0, -0.08034672445407567, 5999, 180.30999755859375, 0, 15, 1588031.9528961182, 189.11131286621094, 455.8095703125, 264.7161115012699
LOSS, 10.0, -512.0, 32.0, 0.001666944490748458, 5999, 166.1680908203125, 0, 11, 1710461.8220367432, 213.99082946777344, 427.0537109375, 285.1244910879719
LOSS, -102.0, -512.0, 80.0, -0.017002833805634273, 5999, 194.82839965820312, 0, 10, 1643403.038909912, 223.4483642578125, 421.1851806640625, 273.94616417901517
LOSS, 126.0, -554.0, 32.0, 0.02660472972972973, 4736, 207.0, 84, 18, 1326760.5572662354, 199.1037139892578, 445.9685363769531, 280.1436987470936
LOSS, -512.0, -512.0, 0.0, -0.08534755792632105, 5999, 191.4928741455078, 0, 2, 1643843.7547607422, 218.49710083007812, 399.4381408691406, 274.0196290649679
LOSS, -416.0, -512.0, 32.0, -0.06934489081513585, 5999, 225.01185607910156, 0, 5, 1679602.1705627441, 222.24993896484375, 420.70806884765625, 279.9803584868718
LOSS, -220.0, -512.0, 32.0, -0.03667277879646608, 5999, 194.19288635253906, 0, 9, 1651441.740814209, 200.46746826171875, 399.3134460449219, 275.28617116422885
LOSS, -512.0, -512.0, 0.0, -0.08534755792632105, 5999, 186.03575134277344, 0, 9, 1577355.460647583, 203.5933837890625, 420.0118103027344, 262.9363995078485
LOSS, -448.0, -512.0, 32.0, -0.07467911318553092, 5999, 225.91233825683594, 0, 4, 1638053.9055633545, 211.43649291992188, 444.8559875488281, 273.0544933427829
LOSS, 0.0, -512.0, 32.0, 0.0, 5999, 207.4928741455078, 0, 10, 1620901.2781982422, 210.76397705078125, 411.2994079589844, 270.1952455739694
LOSS, -310.0, -512.0, 32.0, -0.0516752792132022, 5999, 201.5025634765625, 0, 7, 1625149.7017059326, 205.54119873046875, 465.1390075683594, 270.90343419002045
LOSS, 484.0, -512.0, 64.0, 0.08068011335222537, 5999, 231.70997619628906, 0, 13, 1669765.3279418945, 205.0618896484375, 430.30230712890625, 278.34061142555333
LOSS, -198.0, -512.0, 32.0, -0.03300550091681947, 5999, 190.09500122070312, 0, 5, 1514012.4345092773, 165.93247985839844, 407.40679931640625, 252.37746866299005
LOSS, -166.0, -512.0, 32.0, -0.027671278546424403, 5999, 195.9772491455078, 0, 9, 1636624.62008667, 205.6077423095703, 404.5594787597656, 272.81623938767626
LOSS, 90.0, -512.0, 32.0, 0.015002500416736123, 5999, 214.70347595214844, 0, 7, 1591865.391860962, 176.99583435058594, 415.29119873046875, 265.3551244975766
LOSS, -554.0, -512.0, 0.0, -0.09234872478746457, 5999, 206.7271728515625, 0, 0, 1695353.0152282715, 218.67913818359375, 418.64093017578125, 282.60593686085537
LOSS, -512.0, -512.0, 0.0, -0.08534755792632105, 5999, 185.5025634765625, 0, 1, 1607287.6705322266, 222.57334899902344, 390.2618713378906, 267.9259327441618
LOSS, -512.0, -512.0, 0.0, -0.08534755792632105, 5999, 187.39498901367188, 0, 2, 1649240.3759155273, 226.48736572265625, 416.52117919921875, 274.91921585523045
LOSS, -512.0, -512.0, 0.0, -0.08534755792632105, 5999, 187.39498901367188, 0, 2, 1536752.6052703857, 226.88165283203125, 364.8563232421875, 256.1681288998809
LOSS, -512.0, -512.0, 0.0, -0.08534755792632105, 5999, 183.3357391357422, 0, 3, 1676553.2857818604, 223.64697265625, 458.75201416015625, 279.4721263180297
LOSS, -502.0, -512.0, 10.0, -0.08368061343557259, 5999, 230.70347595214844, 0, 6, 1742676.9364013672, 234.9656524658203, 432.4500427246094, 290.494571828866
LOSS, -502.0, -512.0, 10.0, -0.08368061343557259, 5999, 175.4928741455078, 0, 1, 1579965.0465545654, 218.53280639648438, 457.3060607910156, 263.3714029929264
LOSS, -170.0, -512.0, 64.0, -0.028338056342723787, 5999, 137.87747192382812, 0, 6, 1989680.2751464844, 221.63729858398438, 545.843505859375, 331.66865730063085
LOSS, -436.0, -554.0, 32.0, -0.1480978260869565, 2944, 223.0, 203, 6, 804322.882019043, 216.4470977783203, 461.5949401855469, 273.2075006858162
LOSS, -374.0, -512.0, 32.0, -0.06234372395399233, 5999, 187.39498901367188, 0, 7, 1837144.3971557617, 224.21820068359375, 447.45941162109375, 306.24177315481944
LOSS, -470.0, -554.0, 32.0, -0.14203686914475672, 3309, 223.0, 179, 5, 930507.5254974365, 227.37319946289062, 397.6987609863281, 281.20505454742715
LOSS, -182.0, -512.0, 32.0, -0.030338389731621937, 5999, 234.2871551513672, 0, 9, 1789272.2037506104, 232.2748565673828, 451.2954406738281, 298.26174424914325
LOSS, -502.0, -512.0, 10.0, -0.08368061343557259, 5999, 237.31439208984375, 0, 8, 1748706.7883148193, 221.43722534179688, 455.7058410644531, 291.49971467158184
LOSS, -448.0, -512.0, 32.0, -0.07467911318553092, 5999, 182.8853759765625, 0, 4, 1674766.3975067139, 224.91290283203125, 405.8190612792969, 279.1742619614459
LOSS, -128.0, -512.0, 32.0, -0.021336889481580263, 5999, 174.09500122070312, 0, 5, 1797565.9405059814, 237.0189971923828, 443.5830078125, 299.6442641283516
LOSS, -320.0, -512.0, 32.0, -0.053342223703950656, 5999, 225.2210693359375, 0, 4, 1769621.1233215332, 240.3683319091797, 445.7306213378906, 294.9860182232928
LOSS, -172.0, -512.0, 80.0, -0.028671445240873478, 5999, 225.95443725585938, 0, 3, 1804787.584274292, 232.6495819091797, 425.3148193359375, 300.84807205772495
LOSS, 0.0, -512.0, 80.0, 0.0, 5999, 188.20257568359375, 0, 5, 1840575.1285247803, 192.73849487304688, 470.23724365234375, 306.8136570303018
LOSS, -512.0, -512.0, 0.0, -0.08534755792632105, 5999, 193.0430908203125, 0, 3, 1616430.6006774902, 224.28245544433594, 387.6355895996094, 269.45000844765633
LOSS, -496.0, -512.0, 16.0, -0.08268044674112351, 5999, 185.5025634765625, 0, 3, 1650657.3220977783, 223.3610076904297, 424.89501953125, 275.1554129184495
LOSS, -400.0, -512.0, 32.0, -0.06667777962993832, 5999, 214.1680908203125, 0, 6, 1861827.970489502, 235.0498504638672, 433.486083984375, 310.3563878128858
LOSS, -512.0, -512.0, 0.0, -0.08534755792632105, 5999, 205.11895751953125, 0, 1, 1714529.7964630127, 245.30706787109375, 397.5799865722656, 285.8025998438094
LOSS, -512.0, -512.0, 0.0, -0.08534755792632105, 5999, 185.58538818359375, 0, 2, 1815420.026397705, 234.27395629882812, 442.3359680175781, 302.6204411398075
LOSS, -464.0, -512.0, 32.0, -0.07734622437072845, 5999, 129.42718505859375, 0, 3, 1778336.7859954834, 236.02394104003906, 411.46868896484375, 296.43887081104907
LOSS, 180.0, -512.0, 32.0, 0.030005000833472247, 5999, 218.19541931152344, 0, 11, 1814867.3913116455, 240.80499267578125, 475.2129211425781, 302.52831993859735
LOSS, -482.0, -512.0, 10.0, -0.08034672445407567, 5999, 193.83103942871094, 0, 12, 1888376.7235870361, 206.3047332763672, 471.29522705078125, 314.7819175841034
LOSS, -374.0, -512.0, 32.0, -0.06234372395399233, 5999, 198.1680908203125, 0, 7, 1801608.2485656738, 242.07839965820312, 456.78704833984375, 300.3180944433529
LOSS, -278.0, -512.0, 80.0, -0.046341056842807135, 5999, 150.4399871826172, 0, 8, 1818416.4478607178, 207.3926239013672, 432.4875183105469, 303.1199279647804
LOSS, -310.0, -512.0, 32.0, -0.0516752792132022, 5999, 227.53067016601562, 0, 9, 1785141.9719085693, 220.13916015625, 452.9941711425781, 297.5732575276828
LOSS, -438.0, -512.0, 16.0, -0.07301216869478247, 5999, 229.12075805664062, 0, 5, 1818283.2657318115, 232.69725036621094, 415.59783935546875, 303.09772724317577
LOSS, -64.0, -512.0, 80.0, -0.010668444740790132, 5999, 179.82737731933594, 0, 11, 1782739.6245422363, 227.708984375, 430.5769958496094, 297.1727995569656
LOSS, -332.0, -512.0, 32.0, -0.055342557092848806, 5999, 209.0833740234375, 0, 7, 1799032.1031646729, 202.6151123046875, 415.0223388671875, 299.8886653049963
LOSS, -512.0, -512.0, 0.0, -0.08534755792632105, 5999, 216.8940887451172, 0, 2, 1726965.6549835205, 220.28018188476562, 425.84344482421875, 287.8755884286582
LOSS, 346.0, -512.0, 48.0, 0.05767627937989665, 5999, 211.5552978515625, 0, 16, 1757544.4883422852, 215.93829345703125, 416.010009765625, 292.972910208749
LOSS, -202.0, -512.0, 32.0, -0.033672278713118856, 5999, 170.03575134277344, 0, 5, 1648048.4891204834, 220.60813903808594, 414.23712158203125, 274.720534942571
LOSS, -182.0, -512.0, 80.0, -0.030338389731621937, 5999, 161.42718505859375, 0, 5, 1703369.7715759277, 230.51075744628906, 416.57879638671875, 283.9422856435952
LOSS, -140.0, -512.0, 80.0, -0.023337222870478413, 5999, 209.4762420654297, 0, 6, 1741736.5019989014, 209.7674102783203, 433.620361328125, 290.3378066342559
LOSS, 74.0, -512.0, 80.0, 0.012335389231538589, 5999, 225.00363159179688, 0, 4, 1732147.9646759033, 232.0096435546875, 420.22576904296875, 288.73945068776516
LOSS, -416.0, -512.0, 32.0, -0.06934489081513585, 5999, 166.1680908203125, 0, 3, 1708290.1582336426, 229.49807739257812, 394.04193115234375, 284.76248678673824
LOSS, -60.0, -512.0, 32.0, -0.010001666944490749, 5999, 197.5696563720703, 0, 6, 1752776.508682251, 209.76885986328125, 428.0159912109375, 292.1781144661195
LOSS, -448.0, -512.0, 32.0, -0.07467911318553092, 5999, 193.42718505859375, 0, 6, 1838064.7268981934, 241.1573944091797, 445.4748840332031, 306.39518701420127
LOSS, -80.0, -512.0, 48.0, -0.013335555925987664, 5999, 231.41397094726562, 0, 2, 1780391.8687591553, 227.1450653076172, 499.2069091796875, 296.7814417001426
LOSS, -512.0, -512.0, 0.0, -0.08534755792632105, 5999, 209.00039672851562, 0, 2, 1845969.5943908691, 259.2489929199219, 418.1576843261719, 307.7128845459025
LOSS, -512.0, -512.0, 0.0, -0.08534755792632105, 5999, 156.4250030517578, 0, 2, 1785859.237335205, 250.9819793701172, 409.89324951171875, 297.6928216928163
LOSS, -240.0, -512.0, 48.0, -0.040006667777962995, 5999, 203.39498901367188, 0, 6, 1807501.7801513672, 247.23773193359375, 445.4742126464844, 301.3005134441352
LOSS, -502.0, -512.0, 10.0, -0.08368061343557259, 5999, 152.86810302734375, 0, 10, 1805718.9705047607, 227.45323181152344, 447.3958740234375, 301.00332897228884
LOSS, -376.0, -512.0, 32.0, -0.06267711285214202, 5999, 225.01010131835938, 0, 6, 1765860.631576538, 234.22572326660156, 445.0451354980469, 294.3591651236103
LOSS, -288.0, -512.0, 80.0, -0.048008001333555594, 5999, 197.2417755126953, 0, 2, 1830780.995727539, 234.48080444335938, 477.1553955078125, 305.18102945949977
LOSS, -310.0, -512.0, 32.0, -0.0516752792132022, 5999, 232.8940887451172, 0, 8, 1773446.8553619385, 218.45333862304688, 452.70623779296875, 295.6237465180761
LOSS, -192.0, -512.0, 32.0, -0.032005334222370396, 5999, 193.58615112304688, 0, 9, 1813379.956665039, 232.8717041015625, 469.5372009277344, 302.2803728396465
LOSS, -480.0, -554.0, 32.0, -0.28004667444574094, 1714, 223.0, 285, 6, 537241.4745941162, 244.01573181152344, 457.3491516113281, 313.4431006966839
LOSS, -300.0, -512.0, 32.0, -0.050008334722453744, 5999, 227.05616760253906, 0, 6, 1813759.2410583496, 243.9794158935547, 474.1875915527344, 302.343597442632
LOSS, -512.0, -512.0, 0.0, -0.08534755792632105, 5999, 214.70347595214844, 0, 2, 1734492.1539916992, 239.77528381347656, 431.70489501953125, 289.13021403428894
LOSS, -448.0, -512.0, 32.0, -0.07467911318553092, 5999, 203.39498901367188, 0, 4, 1791879.7647857666, 245.1206817626953, 426.669921875, 298.69641019932766
LOSS, -230.0, -512.0, 32.0, -0.038339723287214536, 5999, 185.5025634765625, 0, 6, 1758130.8834838867, 233.9061737060547, 420.834228515625, 293.07065902381845
LOSS, -336.0, -512.0, 32.0, -0.056009334889148193, 5999, 165.94898986816406, 0, 4, 1749934.1450958252, 245.00506591796875, 448.9697265625, 291.7043082340099
LOSS, -236.0, -512.0, 32.0, -0.03933988998166361, 5999, 145.62350463867188, 0, 6, 1804948.1765289307, 243.86038208007812, 444.12371826171875, 300.87484189513765
LOSS, -134.0, -512.0, 32.0, -0.022337056176029338, 5999, 201.40611267089844, 0, 7, 1777622.2804260254, 205.64578247070312, 461.8232421875, 296.31976669878736
LOSS, -226.0, -512.0, 32.0, -0.037672945490915155, 5999, 165.72488403320312, 0, 6, 1861132.886795044, 241.46876525878906, 428.4710388183594, 310.24052121937723
LOSS, -208.0, -512.0, 32.0, -0.03467244540756793, 5999, 214.1680908203125, 0, 4, 1762188.210510254, 222.76287841796875, 452.78765869140625, 293.7469929171952
LOSS, -380.0, -512.0, 32.0, -0.06334389064844141, 5999, 229.84796142578125, 0, 4, 1858886.6042480469, 249.8691864013672, 464.86102294921875, 309.8660783877391
LOSS, -12.0, -512.0, 32.0, -0.0020003333888981498, 5999, 171.39498901367188, 0, 9, 1822157.336013794, 234.2808074951172, 473.864501953125, 303.74351325450806
LOSS, -406.0, -512.0, 16.0, -0.0676779463243874, 5999, 138.03575134277344, 0, 3, 1819873.5343017578, 231.33203125, 466.1201171875, 303.36281618632404
LOSS, -512.0, -512.0, 0.0, -0.08534755792632105, 5999, 174.09500122070312, 0, 3, 1813844.540878296, 237.88522338867188, 457.6542663574219, 302.3578164491242
LOSS, -512.0, -512.0, 0.0, -0.08534755792632105, 5999, 223.4928741455078, 0, 3, 1732936.502105713, 229.21388244628906, 400.38311767578125, 288.8708955002022
LOSS, -502.0, -512.0, 10.0, -0.08368061343557259, 5999, 142.09500122070312, 0, 10, 1763681.1655731201, 194.93357849121094, 489.1016540527344, 293.99586023889316
LOSS, -374.0, -512.0, 32.0, -0.06234372395399233, 5999, 214.6471405029297, 0, 5, 1766518.0737609863, 246.77914428710938, 457.8374328613281, 294.4687570863454
LOSS, -406.0, -512.0, 32.0, -0.0676779463243874, 5999, 209.95443725585938, 0, 3, 1865528.6005401611, 213.31590270996094, 453.22027587890625, 310.9732623004103
LOSS, -290.0, -512.0, 32.0, -0.048341390231705285, 5999, 187.39498901367188, 0, 8, 1786827.2640838623, 217.7357177734375, 502.49664306640625, 297.85418637837347
LOSS, -310.0, -512.0, 32.0, -0.0516752792132022, 5999, 212.93898010253906, 0, 10, 1783799.7083435059, 222.9972381591797, 429.2523498535156, 297.3495096421913
LOSS, -278.0, -512.0, 32.0, -0.046341056842807135, 5999, 185.5025634765625, 0, 10, 1770700.9962768555, 222.1094512939453, 426.69073486328125, 295.166027050651
LOSS, -400.0, -512.0, 80.0, -0.06667777962993832, 5999, 184.8940887451172, 0, 2, 1787633.505569458, 228.84814453125, 434.57598876953125, 297.9885823586361
LOSS, -554.0, -512.0, 0.0, -0.09234872478746457, 5999, 164.30999755859375, 0, 1, 1814788.091430664, 175.85971069335938, 464.0366516113281, 302.51510108862544
LOSS, -288.0, -512.0, 32.0, -0.048008001333555594, 5999, 195.9772491455078, 0, 7, 1783676.9289398193, 231.98977661132812, 438.7109680175781, 297.32904299713607
LOSS, -96.0, -512.0, 32.0, -0.016002667111185198, 5999, 136.86810302734375, 0, 6, 1806428.2520446777, 204.61911010742188, 480.12762451171875, 301.1215622678243
LOSS, -272.0, -512.0, 80.0, -0.04534089014835806, 5999, 226.82839965820312, 0, 6, 1959692.546722412, 235.07794189453125, 480.0641784667969, 326.669869431974
LOSS, 56.0, -512.0, 32.0, 0.009334889148191364, 5999, 155.39498901367188, 0, 9, 1826959.376235962, 206.42428588867188, 459.4974060058594, 304.5439867037776
LOSS, -112.0, -512.0, 32.0, -0.01866977829638273, 5999, 190.09500122070312, 0, 6, 1835575.3371582031, 222.383056640625, 441.8164367675781, 305.980219562961
LOSS, -118.0, -512.0, 32.0, -0.019669944990831804, 5999, 150.8853759765625, 0, 9, 1775911.7106170654, 243.7294464111328, 473.4630126953125, 296.03462420687873
LOSS, -6.0, -512.0, 48.0, -0.0010001666944490749, 5999, 198.1680908203125, 0, 5, 1754493.294342041, 222.2738494873047, 467.990966796875, 292.4642931058578
LOSS, -390.0, -512.0, 32.0, -0.06501083513918987, 5999, 164.06224060058594, 0, 10, 1932025.8496246338, 231.14076232910156, 494.460205078125, 322.0579846015392
LOSS, -406.0, -512.0, 32.0, -0.0676779463243874, 5999, 218.4189453125, 0, 1, 1880531.8201446533, 240.90296936035156, 452.0914001464844, 313.47421572673
LOSS, 116.0, -512.0, 32.0, 0.019336556092682113, 5999, 187.39498901367188, 0, 9, 1882298.368850708, 228.34616088867188, 485.3189392089844, 313.7686895900497
LOSS, -512.0, -512.0, 0.0, -0.08534755792632105, 5999, 166.1680908203125, 0, 2, 1911385.8817443848, 263.9732666015625, 469.79571533203125, 318.6174165268186
LOSS, -416.0, -512.0, 16.0, -0.06934489081513585, 5999, 180.30999755859375, 0, 3, 1856403.064880371, 256.51617431640625, 449.642578125, 309.4520861610887
LOSS, -554.0, -512.0, 0.0, -0.09234872478746457, 5999, 214.1680908203125, 0, 2, 2016058.2160186768, 250.3927764892578, 485.1624755859375, 336.0657136220498
LOSS, -364.0, -512.0, 32.0, -0.060676779463243874, 5999, 215.73715209960938, 0, 5, 1947839.8899536133, 266.6126708984375, 489.83782958984375, 324.69409734182585
LOSS, -496.0, -512.0, 16.0, -0.08268044674112351, 5999, 199.3357391357422, 0, 2, 1870259.3355407715, 263.1927185058594, 432.65545654296875, 311.7618495650561
LOSS, -352.0, -512.0, 32.0, -0.058676446074345724, 5999, 195.83761596679688, 0, 5, 1841396.2971954346, 254.88990783691406, 447.5856018066406, 306.950541289454
LOSS, -448.0, -512.0, 32.0, -0.07467911318553092, 5999, 198.70347595214844, 0, 4, 1914655.398574829, 249.5011444091797, 510.1990966796875, 319.1624268336104
LOSS, -438.0, -512.0, 32.0, -0.07301216869478247, 5999, 218.4189453125, 0, 6, 1880037.8835906982, 247.88720703125, 491.71429443359375, 313.39187924499055
LOSS, -12.0, -512.0, 32.0, -0.0020003333888981498, 5999, 199.3247833251953, 0, 15, 1873546.7095947266, 240.7413787841797, 489.7734680175781, 312.30983657188307
LOSS, -156.0, -512.0, 80.0, -0.026004334055675947, 5999, 214.45187377929688, 0, 9, 1887567.752243042, 202.9999542236328, 484.01544189453125, 314.6470665515989
LOSS, -416.0, -512.0, 32.0, -0.06934489081513585, 5999, 234.4189453125, 0, 5, 1833031.5209350586, 239.819580078125, 467.399658203125, 305.5561795190963
LOSS, -38.0, -512.0, 32.0, -0.006334389064844141, 5999, 219.44407653808594, 0, 8, 1829970.6096038818, 235.17098999023438, 473.6775207519531, 305.0459425910788
LOSS, -310.0, -512.0, 32.0, -0.0516752792132022, 5999, 210.19288635253906, 0, 7, 1825371.3488311768, 235.48609924316406, 511.6285095214844, 304.2792713504212
LOSS, -140.0, -512.0, 80.0, -0.023337222870478413, 5999, 152.50607299804688, 0, 6, 1800401.418624878, 241.41807556152344, 439.8484802246094, 300.1169225912449
LOSS, -96.0, -512.0, 32.0, -0.016002667111185198, 5999, 214.70347595214844, 0, 5, 1926815.7145385742, 260.3333740234375, 545.5552978515625, 321.18948400376297
LOSS, 284.0, -512.0, 80.0, 0.047341223537256207, 5999, 212.46804809570312, 0, 15, 1874769.140472412, 247.8127899169922, 484.8212890625, 312.51360901357094
LOSS, -166.0, -512.0, 32.0, -0.027671278546424403, 5999, 167.3357391357422, 0, 6, 1884200.3078918457, 226.23040771484375, 465.4169616699219, 314.08573227068604
LOSS, -512.0, -512.0, 0.0, -0.08534755792632105, 5999, 232.5458526611328, 0, 2, 1891442.309173584, 272.2248840332031, 436.61907958984375, 315.2929336845448
LOSS, -512.0, -512.0, 0.0, -0.08534755792632105, 5999, 216.3250274658203, 0, 1, 1829281.2139282227, 257.3905029296875, 424.5022277832031, 304.9310241587302
LOSS, -512.0, -512.0, 0.0, -0.08534755792632105, 5999, 218.2871551513672, 0, 2, 1909814.4771118164, 254.9521942138672, 463.91912841796875, 318.35547209731897
LOSS, -512.0, -512.0, 0.0, -0.08534755792632105, 5999, 187.39498901367188, 0, 3, 1864537.0633850098, 254.98263549804688, 463.4355163574219, 310.8079785605951
LOSS, -512.0, -512.0, 0.0, -0.08534755792632105, 5999, 182.8853759765625, 0, 2, 1812802.466430664, 250.489501953125, 427.2076416015625, 302.1841084231812
LOSS, -492.0, -512.0, 10.0, -0.08201366894482413, 5999, 187.44407653808594, 0, 10, 1907800.3559875488, 241.95370483398438, 496.9546203613281, 318.0197292861392
LOSS, -374.0, -512.0, 32.0, -0.06234372395399233, 5999, 209.6895751953125, 0, 7, 2033401.0828552246, 261.0373840332031, 496.00439453125, 338.95667325474653
LOSS, -416.0, -512.0, 32.0, -0.06934489081513585, 5999, 218.4189453125, 0, 2, 1834282.544555664, 249.09848022460938, 453.21514892578125, 305.76471821231274
LOSS, -268.0, -554.0, 32.0, -0.05589155370177268, 4795, 223.0, 80, 10, 1606634.0281829834, 226.48789978027344, 493.4779968261719, 335.0644480047932
LOSS, -256.0, -512.0, 32.0, -0.042673778963160526, 5999, 218.2871551513672, 0, 9, 1967745.059173584, 264.2433776855469, 487.9917907714844, 328.01217855869044
LOSS, -160.0, -512.0, 32.0, -0.026671111851975328, 5999, 183.70997619628906, 0, 10, 1921980.5638122559, 262.28314208984375, 485.37939453125, 320.38349121724553
LOSS, -352.0, -554.0, 32.0, -0.5668276972624798, 621, 207.0, 358, 6, 217899.6072692871, 282.80389404296875, 470.38824462890625, 350.8850358603657
LOSS, -554.0, -512.0, 0.0, -0.09234872478746457, 5999, 218.4189453125, 0, 2, 1880172.3210754395, 244.13067626953125, 465.3070373535156, 313.4142892274445
LOSS, -278.0, -512.0, 32.0, -0.046341056842807135, 5999, 184.5458526611328, 0, 5, 2042420.7508087158, 246.13002014160156, 489.99737548828125, 340.4602018350918
LOSS, -246.0, -512.0, 48.0, -0.04100683447241207, 5999, 233.87747192382812, 0, 6, 1942283.3477172852, 257.08123779296875, 461.6105651855469, 323.76785259498
LOSS, -256.0, -512.0, 80.0, -0.042673778963160526, 5999, 155.39498901367188, 0, 2, 1909993.1800689697, 254.99826049804688, 505.2587585449219, 318.3852608883097
LOSS, -176.0, -512.0, 80.0, -0.029338223037172862, 5999, 190.09500122070312, 0, 5, 1971075.7356872559, 252.11581420898438, 461.51751708984375, 328.5673838451835
LOSS, -214.0, -512.0, 32.0, -0.035672612102017005, 5999, 148.30999755859375, 0, 8, 2059983.7512054443, 211.2869873046875, 518.9187622070312, 343.3878565103258
LOSS, -98.0, -512.0, 32.0, -0.01633605600933489, 5999, 169.55181884765625, 0, 9, 1976342.890197754, 260.91644287109375, 491.4307861328125, 329.4453892645031
LOSS, -150.0, -512.0, 32.0, -0.025004167361226872, 5999, 200.5458526611328, 0, 6, 2037130.3981781006, 208.2371063232422, 486.15771484375, 339.57832941791975
LOSS, -336.0, -512.0, 32.0, -0.056009334889148193, 5999, 203.39498901367188, 0, 6, 1986654.647277832, 256.98681640625, 504.5762634277344, 331.16430192996035
LOSS, -198.0, -512.0, 32.0, -0.03300550091681947, 5999, 184.8940887451172, 0, 6, 2076179.8095703125, 244.09805297851562, 522.543212890625, 346.08764953664155
LOSS, -448.0, -512.0, 16.0, -0.07467911318553092, 5999, 177.42718505859375, 0, 2, 1964716.1819763184, 240.13632202148438, 511.2598571777344, 327.5072815429769
LOSS, -502.0, -512.0, 10.0, -0.08368061343557259, 5999, 234.2871551513672, 0, 2, 1975609.9869995117, 264.17230224609375, 471.82196044921875, 329.3232183696469
LOSS, -448.0, -512.0, 32.0, -0.07467911318553092, 5999, 190.1080322265625, 0, 3, 1924320.2889556885, 251.8329315185547, 466.5827941894531, 320.77351041101656
LOSS, -534.0, -512.0, 10.0, -0.08901483580596767, 5999, 175.4928741455078, 0, 9, 2050247.454925537, 252.79901123046875, 487.57379150390625, 341.76486996591717
LOSS, -374.0, -512.0, 32.0, -0.06234372395399233, 5999, 190.09500122070312, 0, 4, 2105587.6426696777, 275.8045959472656, 527.1439208984375, 350.9897720736252
LOSS, -512.0, -512.0, 0.0, -0.08534755792632105, 5999, 199.3357391357422, 0, 2, 2003189.769683838, 265.075927734375, 491.0522155761719, 333.9206150498146
LOSS, -310.0, -512.0, 32.0, -0.0516752792132022, 5999, 231.70997619628906, 0, 8, 1998688.1795196533, 238.25416564941406, 548.9549560546875, 333.17022495743515
LOSS, -480.0, -554.0, 32.0, -0.6770098730606487, 709, 223.0, 352, 6, 242314.7370452881, 249.82569885253906, 466.8483581542969, 341.7697278494895
LOSS, -384.0, -512.0, 32.0, -0.06401066844474079, 5999, 206.7271728515625, 0, 7, 2064728.8402404785, 272.9532165527344, 515.0299072265625, 344.1788365128319
LOSS, -406.0, -512.0, 16.0, -0.0676779463243874, 5999, 177.00238037109375, 0, 3, 1936394.75881958, 257.3399353027344, 471.8509216308594, 322.7862575128488
LOSS, -512.0, -512.0, 0.0, -0.08534755792632105, 5999, 190.1080322265625, 0, 2, 1846099.9162902832, 228.30508422851562, 443.39642333984375, 307.7346084831277
LOSS, -128.0, -512.0, 32.0, -0.021336889481580263, 5999, 193.4762420654297, 0, 11, 1882601.0398406982, 206.5326385498047, 462.0290222167969, 313.81914316397706
LOSS, -256.0, -512.0, 32.0, -0.042673778963160526, 5999, 218.2871551513672, 0, 6, 1962376.8351135254, 264.1993713378906, 455.56195068359375, 327.11732540648865
LOSS, -326.0, -512.0, 32.0, -0.054342390398399734, 5999, 231.70997619628906, 0, 3, 2049336.4114379883, 263.5085144042969, 487.10455322265625, 341.613004073677
LOSS, -288.0, -512.0, 32.0, -0.048008001333555594, 5999, 197.63409423828125, 0, 3, 1949142.5650482178, 250.5485382080078, 448.1157531738281, 324.91124604904445
LOSS, -240.0, -512.0, 32.0, -0.040006667777962995, 5999, 218.19541931152344, 0, 5, 1997382.1679077148, 260.7565002441406, 452.329833984375, 332.95252007129767
LOSS, -448.0, -512.0, 32.0, -0.07467911318553092, 5999, 161.42718505859375, 0, 3, 1843631.8475952148, 251.1103973388672, 454.4837951660156, 307.32319513172445
LOSS, -230.0, -512.0, 32.0, -0.038339723287214536, 5999, 169.5025634765625, 0, 4, 1993949.0859222412, 239.16326904296875, 472.3613586425781, 332.3802443611004
LOSS, -256.0, -512.0, 32.0, -0.042673778963160526, 5999, 217.5518341064453, 0, 5, 1955056.4750976562, 275.5247497558594, 492.2734069824219, 325.8970620266138
LOSS, -416.0, -512.0, 32.0, -0.06934489081513585, 5999, 212.50265502929688, 0, 2, 1919591.8704528809, 259.4980773925781, 469.25518798828125, 319.98530929369576
LOSS, -214.0, -512.0, 32.0, -0.035672612102017005, 5999, 185.58538818359375, 0, 4, 1947055.440826416, 257.30926513671875, 455.4020690917969, 324.56333402674045
LOSS, -512.0, -512.0, 0.0, -0.08534755792632105, 5999, 210.19288635253906, 0, 2, 1881716.9387512207, 261.54803466796875, 421.8507995605469, 313.6717684199401
LOSS, -512.0, -512.0, 0.0, -0.08534755792632105, 5999, 203.39498901367188, 0, 2, 1886941.369354248, 261.88031005859375, 450.4029541015625, 314.5426520010415
LOSS, -526.0, -512.0, 10.0, -0.08768128021336889, 5999, 198.7061004638672, 0, 10, 1930306.9140777588, 248.79917907714844, 448.1387634277344, 321.7714475875577
LOSS, -374.0, -512.0, 48.0, -0.06234372395399233, 5999, 188.20257568359375, 0, 4, 1937257.0407104492, 250.06488037109375, 484.2638854980469, 322.92999511759444
LOSS, -302.0, -554.0, 80.0, -0.23798266351457842, 1269, 207.0, 315, 3, 408609.290725708, 193.84217834472656, 492.3181457519531, 321.9931368996911
LOSS, -280.0, -512.0, 32.0, -0.046674445740956826, 5999, 150.8853759765625, 0, 10, 1988301.2799987793, 229.47122192382812, 493.9609680175781, 331.4387864642072
LOSS, -304.0, -512.0, 32.0, -0.050675112518753125, 5999, 200.8940887451172, 0, 9, 1955220.9057312012, 264.0880126953125, 457.20318603515625, 325.9244717004836
LOSS, -304.0, -512.0, 32.0, -0.050675112518753125, 5999, 177.62350463867188, 0, 9, 1872532.6583862305, 251.61239624023438, 452.8964538574219, 312.14079986434916
LOSS, -464.0, -554.0, 32.0, -1.4967741935483871, 310, 223.0, 379, 3, 102105.59672546387, 248.5386505126953, 457.08990478515625, 329.3728926627867
LOSS, -512.0, -512.0, 0.0, -0.08534755792632105, 5999, 198.1680908203125, 0, 2, 1771792.154434204, 227.67745971679688, 423.0338439941406, 295.34791705854377
LOSS, -448.0, -512.0, 32.0, -0.07467911318553092, 5999, 209.6895751953125, 0, 2, 1788814.5925445557, 243.49732971191406, 408.10089111328125, 298.1854630012595
LOSS, -160.0, -512.0, 32.0, -0.026671111851975328, 5999, 235.44407653808594, 0, 6, 1903328.2278900146, 241.2261505126953, 443.2574768066406, 317.27425035672854
LOSS, -512.0, -512.0, 0.0, -0.08534755792632105, 5999, 174.09500122070312, 0, 1, 1706534.3512420654, 234.119873046875, 393.8984069824219, 284.4698035075955
LOSS, -124.0, -512.0, 80.0, -0.02067011168528088, 5999, 161.5953826904297, 0, 6, 1872930.8725891113, 238.21875, 480.98138427734375, 312.20717996151217
LOSS, -80.0, -512.0, 80.0, -0.013335555925987664, 5999, 190.09500122070312, 0, 5, 1912766.0421905518, 240.1077423095703, 460.62933349609375, 318.8474816120273
LOSS, -512.0, -512.0, 0.0, -0.08534755792632105, 5999, 146.33998107910156, 0, 3, 1754988.881942749, 245.77435302734375, 432.66229248046875, 292.5469048079262
LOSS, -220.0, -512.0, 32.0, -0.03667277879646608, 5999, 210.19288635253906, 0, 6, 1913409.5401000977, 182.87411499023438, 473.8343200683594, 318.9547491415399
LOSS, -464.0, -512.0, 32.0, -0.07734622437072845, 5999, 214.1680908203125, 0, 4, 1939678.136352539, 259.5886535644531, 470.4876403808594, 323.33357832181014
LOSS, -114.0, -512.0, 42.0, -0.019003167194532423, 5999, 213.84796142578125, 0, 6, 1849087.915298462, 225.04002380371094, 476.9725341796875, 308.2326913316323
LOSS, 14.0, -512.0, 32.0, 0.002333722287047841, 5999, 187.39498901367188, 0, 6, 1826082.7975616455, 222.31283569335938, 445.1402282714844, 304.3978659045917
LOSS, -512.0, -512.0, 0.0, -0.08534755792632105, 5999, 190.7271728515625, 0, 2, 1751067.715270996, 236.29806518554688, 415.75958251953125, 291.89326808984765
LOSS, -512.0, -512.0, 0.0, -0.08534755792632105, 5999, 183.3357391357422, 0, 2, 1700970.4283599854, 230.44195556640625, 414.1681823730469, 283.5423284480722
LOSS, -502.0, -512.0, 10.0, -0.08368061343557259, 5999, 44.424991607666016, 0, 12, 1845971.2340393066, 176.50650024414062, 476.91802978515625, 307.71315786619544
LOSS, -460.0, -554.0, 32.0, -0.09076558800315707, 5068, 223.0, 62, 6, 1537150.8213043213, 211.32774353027344, 448.09246826171875, 303.3052133591794
LOSS, -512.0, -512.0, 0.0, -0.08534755792632105, 5999, 229.84796142578125, 0, 2, 1663383.4579620361, 227.8538055419922, 463.9686279296875, 277.27678912519355
LOSS, -448.0, -512.0, 32.0, -0.07467911318553092, 5999, 169.40611267089844, 0, 3, 1781604.149093628, 230.118896484375, 411.4609375, 296.98352210262175
LOSS, -512.0, -512.0, 0.0, -0.08534755792632105, 5999, 216.8940887451172, 0, 3, 1738913.436630249, 220.45346069335938, 405.8382873535156, 289.8672173079262
LOSS, -512.0, -512.0, 0.0, -0.08534755792632105, 5999, 182.8853759765625, 0, 2, 1703380.976486206, 234.43963623046875, 419.58154296875, 283.944153439941
LOSS, -496.0, -512.0, 16.0, -0.08268044674112351, 5999, 179.60498046875, 0, 1, 1810656.5690002441, 210.49815368652344, 493.7049255371094, 301.8263992332462
LOSS, -512.0, -512.0, 0.0, -0.08534755792632105, 5999, 185.87747192382812, 0, 4, 1779749.029434204, 147.35411071777344, 476.756591796875, 296.6742839530262
LOSS, -480.0, -512.0, 32.0, -0.08001333555592599, 5999, 215.70997619628906, 0, 2, 1750922.4254302979, 221.89076232910156, 398.32916259765625, 291.8690490798963
LOSS, -512.0, -512.0, 0.0, -0.08534755792632105, 5999, 236.42747497558594, 0, 4, 1781700.8089294434, 213.2879638671875, 438.4747619628906, 296.9996347607007
LOSS, -512.0, -512.0, 0.0, -0.08534755792632105, 5999, 185.5025634765625, 0, 1, 1670196.2560424805, 180.1426239013672, 417.66015625, 278.4124447478714
LOSS, -512.0, -512.0, 0.0, -0.08534755792632105, 5999, 178.55413818359375, 0, 2, 1756895.396850586, 229.277099609375, 413.6454162597656, 292.864710260141
LOSS, -160.0, -512.0, 32.0, -0.026671111851975328, 5999, 197.00987243652344, 0, 3, 2022567.6130371094, 224.15133666992188, 511.1389465332031, 337.1507939718469
LOSS, -130.0, -512.0, 48.0, -0.021670278379729953, 5999, 210.19288635253906, 0, 9, 1900669.4360961914, 199.46766662597656, 489.4305419921875, 316.8310445234525
LOSS, -336.0, -512.0, 32.0, -0.056009334889148193, 5999, 227.82737731933594, 0, 3, 1899698.8130645752, 227.57823181152344, 489.635986328125, 316.6692470519379
LOSS, -304.0, -512.0, 32.0, -0.050675112518753125, 5999, 223.4928741455078, 0, 5, 1869223.3414764404, 244.7434539794922, 499.1484375, 311.5891551052576
LOSS, -410.0, -512.0, 32.0, -0.06834472412068678, 5999, 185.35662841796875, 0, 0, 1982084.9277648926, 236.29283142089844, 507.31207275390625, 330.4025550533243
