LOSS, -576.0, -512.0, 10.0, -0.09601600266711119, 5999, 234.2871551513672, 0, 2, 2114.3660357296467, 0.4867975413799286, 10.888802528381348, 0.3524530814685192
LOSS, 1502.0, -512.0, 64.0, 0.2503750625104184, 5999, 150.5500030517578, 0, 29, 23224.1616615057, 0.6084219813346863, 98.58580780029297, 3.871338833389848
LOSS, 1308.0, -512.0, 80.0, 0.2180363393898983, 5999, 232.8940887451172, 0, 35, 73329.60118198395, 3.944380760192871, 55.06382369995117, 12.223637469908976
WIN , 2542.0, -42.0, 1024.0, 0.46736532450818163, 5439, 175.0, 37, 40, 117710.4764623642, 9.309446334838867, 72.23117065429688, 21.641933528656775
LOSS, 740.0, -554.0, 58.0, 0.2678248280854144, 2763, 207.0, 215, 17, 103416.24252510071, 14.773475646972656, 563.0326538085938, 37.42896942638462
LOSS, -480.0, -554.0, 32.0, -0.20618556701030927, 2328, 207.0, 244, 6, 78331.9549074173, 11.112421035766602, 647.8814697265625, 33.647746953357945
LOSS, 778.0, -512.0, 48.0, 0.12968828138023003, 5999, 216.02792358398438, 0, 38, 272733.5627040863, 17.70038414001465, 846.4984130859375, 45.46317097917758
LOSS, 878.0, -512.0, 80.0, 0.14635772628771462, 5999, 236.94032287597656, 0, 35, 281855.1433830261, 16.6337833404541, 748.1625366210938, 46.98368784514521
LOSS, 578.0, -554.0, 32.0, 0.1920265780730897, 3010, 207.0, 199, 18, 162064.61051940918, 21.389095306396484, 777.0587768554688, 53.84206329548478
WIN , 2406.0, -42.0, 1024.0, 0.42979635584137194, 5598, 170.20257568359375, 26, 32, 317927.4501171112, 25.577077865600586, 909.5923461914062, 56.79304217883373
LOSS, -334.0, -554.0, 32.0, -0.06092666909886903, 5482, 223.0, 34, 19, 360159.14626693726, 24.76206398010254, 882.5389404296875, 65.69849439382293
LOSS, 942.0, -554.0, 58.0, 0.16788451256460524, 5611, 223.0, 25, 18, 382560.67524909973, 29.345989227294922, 961.3779296875, 68.18048035093561
LOSS, 824.0, -512.0, 58.0, 0.13735622603767295, 5999, 199.3357391357422, 0, 29, 426287.4900341034, 13.415857315063477, 906.8583984375, 71.05975829873368
LOSS, -110.0, -512.0, 32.0, -0.01833638939823304, 5999, 184.50607299804688, 0, 10, 377035.7932090759, 17.724390029907227, 936.15380859375, 62.8497738304844
LOSS, 474.0, -512.0, 80.0, 0.07901316886147691, 5999, 235.44407653808594, 0, 14, 439923.0030231476, 22.113174438476562, 921.6090698242188, 73.33272262429531
LOSS, 436.0, -512.0, 32.0, 0.07267877979663277, 5999, 216.8940887451172, 0, 18, 453148.61026000977, 28.09969711303711, 864.0823974609375, 75.53735793632436
LOSS, 566.0, -554.0, 32.0, 0.1465941465941466, 3861, 223.0, 142, 20, 316948.08502197266, 31.826412200927734, 908.456787109375, 82.08963611032704
LOSS, -176.0, -554.0, 32.0, -0.09119170984455958, 1930, 223.0, 271, 10, 151586.1053237915, 35.04283142089844, 834.0232543945312, 78.5420234838298
LOSS, 426.0, -512.0, 80.0, 0.07101183530588431, 5999, 203.39498901367188, 0, 22, 460808.4566307068, 28.7172794342041, 918.3070068359375, 76.81421180708564
LOSS, -10.0, -554.0, 48.0, -0.002002803925495694, 4993, 191.0, 67, 13, 418563.53343582153, 44.64421463012695, 935.7581176757812, 83.83006878346116
LOSS, 1052.0, -554.0, 32.0, 0.3448049819731236, 3051, 207.0, 196, 20, 258475.62283706665, 46.71772003173828, 878.8917236328125, 84.7183293467934
LOSS, 342.0, -512.0, 32.0, 0.057009501583597265, 5999, 235.81814575195312, 0, 16, 463800.89447784424, 28.120450973510742, 937.9590454101562, 77.31303458540494
LOSS, 326.0, -512.0, 48.0, 0.054342390398399734, 5999, 201.5025634765625, 0, 22, 471764.4612636566, 29.487489700317383, 978.739990234375, 78.64051696343668
LOSS, 310.0, -512.0, 32.0, 0.0516752792132022, 5999, 186.4189453125, 0, 23, 517322.29421806335, 27.743715286254883, 933.144775390625, 86.23475482881535
LOSS, -22.0, -512.0, 32.0, -0.0036672778796466078, 5999, 184.5458526611328, 0, 14, 562243.0677375793, 47.711402893066406, 981.2987060546875, 93.722798422667
LOSS, 346.0, -512.0, 32.0, 0.05767627937989665, 5999, 223.4928741455078, 0, 20, 535151.9453201294, 47.198177337646484, 898.4188232421875, 89.20685869647097
LOSS, 196.0, -554.0, 32.0, 0.03881956823133294, 5049, 223.0, 63, 19, 466860.1798057556, 54.13367462158203, 876.4976196289062, 92.46587043092804
LOSS, 160.0, -554.0, 32.0, 0.054533060668029994, 2934, 223.0, 204, 13, 293397.24795532227, 52.86829376220703, 727.8964233398438, 99.99906201612893
LOSS, 850.0, -512.0, 48.0, 0.14169028171361894, 5999, 228.0972137451172, 0, 33, 534627.2988319397, 43.56997299194336, 996.7437744140625, 89.11940303916315
LOSS, 196.0, -512.0, 80.0, 0.03267211201866978, 5999, 164.30999755859375, 0, 15, 459081.92615509033, 29.893341064453125, 706.0355224609375, 76.52640876064183
LOSS, -512.0, -512.0, 0.0, -0.08534755792632105, 5999, 184.8940887451172, 0, 3, 450378.8276672363, 35.99093246459961, 288.8240966796875, 75.07565055296489
LOSS, 1112.0, -512.0, 32.0, 0.18536422737122854, 5999, 199.3357391357422, 0, 35, 503193.2611999512, 42.18498229980469, 290.7245788574219, 83.87952345390084
LOSS, 848.0, -512.0, 32.0, 0.14135689281546923, 5999, 230.27906799316406, 0, 29, 511014.41438293457, 42.88966369628906, 361.5018615722656, 85.18326627486825
WIN , 2694.0, -42.0, 1024.0, 0.6721556886227545, 4008, 165.3357391357422, 132, 29, 335837.59773254395, 37.780067443847656, 338.2064208984375, 83.79181580153292
LOSS, 938.0, -512.0, 80.0, 0.15635939323220538, 5999, 181.2417755126953, 0, 16, 492981.46428871155, 29.10390853881836, 928.1136474609375, 82.17727359371754
LOSS, 1092.0, -554.0, 58.0, 0.2398945518453427, 4552, 201.8000030517578, 96, 31, 396498.69819641113, 35.435245513916016, 903.0638427734375, 87.10428343506396
LOSS, 702.0, -512.0, 32.0, 0.11701950325054175, 5999, 225.95443725585938, 0, 32, 498528.4323768616, 36.42742156982422, 945.830810546875, 83.10192238320747
WIN , 2422.0, 0.0, 1024.0, 0.43265451947123973, 5598, 181.3357391357422, 26, 37, 479496.9582576752, 30.345598220825195, 979.9853515625, 85.65504792027066
LOSS, 138.0, -554.0, 48.0, 0.04052863436123348, 3405, 223.0, 172, 11, 291770.7915611267, 37.631561279296875, 965.2109375, 85.68892556861283
LOSS, -182.0, -512.0, 48.0, -0.030338389731621937, 5999, 231.8326873779297, 0, 5, 492682.49618530273, 34.815555572509766, 946.58740234375, 82.12743727042886
LOSS, 1352.0, -554.0, 42.0, 0.4183168316831683, 3232, 207.0, 184, 29, 309444.8331565857, 37.859981536865234, 901.8834228515625, 95.74406966478517
LOSS, 318.0, -554.0, 32.0, 0.13922942206654992, 2284, 207.0, 247, 18, 198356.68677711487, 26.21791648864746, 950.287109375, 86.84618510381561
LOSS, 412.0, -512.0, 48.0, 0.06867811301883647, 5999, 213.31602478027344, 0, 19, 484129.4960308075, 20.532930374145508, 948.939208984375, 80.7016996217382
LOSS, -618.0, -554.0, 10.0, -1.1884615384615385, 520, 201.39498901367188, 365, 4, 49370.118576049805, 41.533935546875, 860.7236328125, 94.9425357231727
LOSS, 684.0, -512.0, 48.0, 0.11401900316719453, 5999, 199.3357391357422, 0, 20, 534637.6544799805, 17.262176513671875, 917.1982421875, 89.12112926820811
LOSS, 64.0, -554.0, 32.0, 0.020473448496481125, 3126, 223.0, 191, 18, 293032.8854904175, 31.17742919921875, 906.8611450195312, 93.74052638848927
LOSS, 630.0, -512.0, 48.0, 0.10501750291715285, 5999, 219.81814575195312, 0, 39, 588207.7601337433, 30.485536575317383, 915.7374267578125, 98.05096851704339
LOSS, 766.0, -512.0, 48.0, 0.1276879479913319, 5999, 166.8955078125, 0, 27, 611984.3941040039, 28.12489891052246, 831.0733032226562, 102.01440141757024
LOSS, 304.0, -512.0, 48.0, 0.050675112518753125, 5999, 193.0, 0, 16, 609074.6639232635, 21.253942489624023, 878.5999755859375, 101.52936554813527
LOSS, 494.0, -512.0, 58.0, 0.08234705784297383, 5999, 210.48863220214844, 0, 15, 596441.1767234802, 31.334991455078125, 824.38037109375, 99.42343335947328
LOSS, -512.0, -512.0, 0.0, -0.08534755792632105, 5999, 227.53067016601562, 0, 6, 558776.4222431183, 26.3150634765625, 911.5678100585938, 93.14492786183001
LOSS, 880.0, -512.0, 48.0, 0.1466911151858643, 5999, 185.58538818359375, 0, 25, 618276.6728954315, 30.041860580444336, 871.94580078125, 103.06328936413261
LOSS, 802.0, -512.0, 32.0, 0.13368894815802634, 5999, 153.5025634765625, 0, 27, 597511.7190036774, 26.61768913269043, 870.688232421875, 99.60188681508207
LOSS, 84.0, -512.0, 48.0, 0.014002333722287048, 5999, 203.39498901367188, 0, 19, 545883.2687015533, 17.00337791442871, 830.4530029296875, 90.99571073538145
LOSS, 606.0, -512.0, 80.0, 0.10101683613935655, 5999, 203.39498901367188, 0, 15, 543304.7855319977, 4.5094451904296875, 807.1552734375, 90.56589190398361
LOSS, 106.0, -512.0, 80.0, 0.017669611601933654, 5999, 200.86810302734375, 0, 9, 586199.0582923889, 21.985082626342773, 708.41259765625, 97.7161290702432
LOSS, -88.0, -512.0, 32.0, -0.014669111518586431, 5999, 145.42718505859375, 0, 8, 560044.594379425, 20.65479278564453, 695.7642822265625, 93.35632511742375
LOSS, 26.0, -512.0, 32.0, 0.004334055675945991, 5999, 172.4250030517578, 0, 13, 559177.1086378098, 14.284415245056152, 645.287109375, 93.2117200596449
LOSS, -288.0, -512.0, 32.0, -0.048008001333555594, 5999, 234.4189453125, 0, 5, 504878.97514152527, 23.744386672973633, 165.88064575195312, 84.16052261068933
LOSS, -118.0, -512.0, 32.0, -0.019669944990831804, 5999, 203.39498901367188, 0, 5, 515685.64932250977, 17.68790626525879, 179.0259246826172, 85.9619352096199
LOSS, 778.0, -512.0, 80.0, 0.12968828138023003, 5999, 206.7271728515625, 0, 14, 531476.2503396273, -41.4591178894043, 178.3714599609375, 88.594140746729
LOSS, 232.0, -554.0, 32.0, 0.07835190813914218, 2961, 223.0, 202, 17, 260455.7741267681, -28.56974220275879, 179.3594970703125, 87.96209865814527
LOSS, 206.0, -512.0, 48.0, 0.034339056509418237, 5999, -1.9049997329711914, 0, 10, 532626.386056602, -16.305805206298828, 177.2377166748047, 88.7858619864314
LOSS, -452.0, -512.0, 10.0, -0.07534589098183031, 5999, 201.40611267089844, 0, 18, 493020.09829092026, -25.985143661499023, 178.8221435546875, 82.18371366743128
LOSS, -60.0, -512.0, 32.0, -0.010001666944490749, 5999, 187.81814575195312, 0, 10, 471551.66111016273, -16.210561752319336, 174.2170867919922, 78.60504435908697
LOSS, -96.0, -512.0, 80.0, -0.016002667111185198, 5999, 233.71578979492188, 0, 10, 499308.78577673435, -44.34861755371094, 179.01939392089844, 83.23200296328294
LOSS, -310.0, -512.0, 32.0, -0.0516752792132022, 5999, 232.8940887451172, 0, 9, 460899.975209482, -27.232891082763672, 177.176025390625, 76.8294674461547
LOSS, -246.0, -512.0, 32.0, -0.04100683447241207, 5999, 164.30999755859375, 0, 9, 462308.9511346817, -36.37784957885742, 173.78375244140625, 77.06433591176558
LOSS, -38.0, -512.0, 80.0, -0.006334389064844141, 5999, 146.19288635253906, 0, 10, 458554.3201133162, -2.4094297885894775, 174.6415252685547, 76.43845976217973
LOSS, -352.0, -512.0, 80.0, -0.058676446074345724, 5999, 157.0, 0, 2, 456706.0619254112, -47.839290618896484, 184.71359252929688, 76.13036538179884
LOSS, -512.0, -512.0, 0.0, -0.08534755792632105, 5999, 190.7271728515625, 0, 3, 402828.82793319225, -75.67369079589844, 172.96127319335938, 67.14932954378934
LOSS, -512.0, -512.0, 0.0, -0.08534755792632105, 5999, 198.1680908203125, 0, 2, 401018.9642995596, -58.343666076660156, 177.7480926513672, 66.84763532248034
LOSS, -512.0, -512.0, 0.0, -0.08534755792632105, 5999, 190.7271728515625, 0, 3, 396922.49626374245, -158.65895080566406, 173.47689819335938, 66.16477684009709
LOSS, -512.0, -512.0, 0.0, -0.08534755792632105, 5999, 182.8853759765625, 0, 1, 402941.23635196686, -40.077903747558594, 174.9680938720703, 67.16806740322835
LOSS, -512.0, -512.0, 0.0, -0.08534755792632105, 5999, 114.3550033569336, 0, 2, 388886.00129425526, -32.162899017333984, 176.33343505859375, 64.82513773866566
LOSS, -512.0, -512.0, 0.0, -0.08534755792632105, 5999, 206.7271728515625, 0, 1, 389178.73725938797, -51.265594482421875, 168.2848358154297, 64.87393519909784
LOSS, -512.0, -512.0, 0.0, -0.08534755792632105, 5999, 161.42718505859375, 0, 2, 387431.49458158016, -48.74396514892578, 197.01841735839844, 64.58267954352061
LOSS, -512.0, -512.0, 0.0, -0.08534755792632105, 5999, 202.4189453125, 0, 2, 375143.91527605057, -31.475034713745117, 182.0539093017578, 62.534408280721884
LOSS, -512.0, -512.0, 0.0, -0.08534755792632105, 5999, 201.5025634765625, 0, 2, 358470.7559725046, -19.77812957763672, 175.58724975585938, 59.75508517628015
LOSS, -512.0, -512.0, 0.0, -0.08534755792632105, 5999, 187.39498901367188, 0, 1, 351390.49650490284, -10.677701950073242, 180.79025268554688, 58.57484522502131
LOSS, -512.0, -512.0, 0.0, -0.08534755792632105, 5999, 175.1417694091797, 0, 1, 341755.5345683098, -24.763334274291992, 162.0988311767578, 56.96875055314382
LOSS, -512.0, -512.0, 0.0, -0.08534755792632105, 5999, 190.7271728515625, 0, 2, 349521.2478476763, -35.58396530151367, 172.0776824951172, 58.26325184992103
LOSS, -512.0, -512.0, 0.0, -0.08534755792632105, 5999, 161.62350463867188, 0, 2, 352835.39384019375, -3.9838109016418457, 173.6487579345703, 58.815701590297344
LOSS, -512.0, -512.0, 0.0, -0.08534755792632105, 5999, 232.8940887451172, 0, 3, 342899.8983821273, -22.57525634765625, 171.3063201904297, 57.15950964862932
LOSS, -512.0, -512.0, 0.0, -0.08534755792632105, 5999, 175.4928741455078, 0, 1, 328357.86248993874, -10.993231773376465, 176.55714416503906, 54.73543298715432
LOSS, -512.0, -512.0, 0.0, -0.08534755792632105, 5999, 180.30999755859375, 0, 2, 314482.84385585785, -119.52487182617188, 152.24166870117188, 52.42254440004298
LOSS, -384.0, -512.0, 32.0, -0.06401066844474079, 5999, 202.4189453125, 0, 3, 321526.969422698, -31.382732391357422, 136.6050262451172, 53.596761030621444
LOSS, -512.0, -512.0, 0.0, -0.08534755792632105, 5999, 194.55413818359375, 0, 2, 303925.6618991643, -33.09909439086914, 123.95408630371094, 50.66272076998905
LOSS, -512.0, -512.0, 0.0, -0.08534755792632105, 5999, 189.11895751953125, 0, 2, 304285.76508522034, -74.14035034179688, 119.67919921875, 50.72274797219875
LOSS, -464.0, -512.0, 32.0, -0.07734622437072845, 5999, 181.12075805664062, 0, 1, 315703.5924012959, -69.03272247314453, 123.3764877319336, 52.626036406283696
LOSS, -512.0, -512.0, 0.0, -0.08534755792632105, 5999, 175.4928741455078, 0, 3, 309773.32025782764, -27.7282657623291, 111.38079833984375, 51.63749295846435
LOSS, -448.0, -512.0, 32.0, -0.07467911318553092, 5999, 194.19288635253906, 0, 4, 322916.4529976249, -1.8748215436935425, 117.09944152832031, 53.82838022964242
LOSS, -236.0, -512.0, 32.0, -0.03933988998166361, 5999, 194.19288635253906, 0, 5, 317613.24768686295, -17.720849990844727, 135.07568359375, 52.94436534203416
LOSS, 62.0, -512.0, 48.0, 0.01033505584264044, 5999, 185.5025634765625, 0, 11, 339003.7197379023, -20.312313079833984, 115.00253295898438, 56.51003829603305
LOSS, 426.0, -512.0, 80.0, 0.07101183530588431, 5999, 233.01907348632812, 0, 12, 317933.72977757454, -33.69765090942383, 115.55172729492188, 52.99778792758369
LOSS, 26.0, -512.0, 80.0, 0.004334055675945991, 5999, 234.4189453125, 0, 12, 326770.7093667984, -34.890506744384766, 118.07955169677734, 54.47086337169502
LOSS, -116.0, -512.0, 32.0, -0.019336556092682113, 5999, 175.4928741455078, 0, 9, 326002.8281464577, -34.43840408325195, 119.29398345947266, 54.3428618347154
LOSS, -192.0, -512.0, 48.0, -0.032005334222370396, 5999, 179.15106201171875, 0, 6, 343163.43040692806, -65.74815368652344, 141.07797241210938, 57.203438974317066
LOSS, -272.0, -512.0, 32.0, -0.04534089014835806, 5999, 229.84796142578125, 0, 6, 300250.2688001394, -48.724327087402344, 148.13076782226562, 50.050053142213606
LOSS, -298.0, -554.0, 32.0, -0.2213967310549777, 1346, 223.0, 310, 3, 82291.77877485752, -3.9072799682617188, 133.33901977539062, 61.13802286393575
LOSS, 254.0, -512.0, 80.0, 0.042340390065010836, 5999, 214.533203125, 0, 9, 340117.9109531641, -51.794891357421875, 155.9867401123047, 56.69576778682515
LOSS, 430.0, -512.0, 32.0, 0.0716786131021837, 5999, 183.3357391357422, 0, 19, 337075.32530874014, -53.37046432495117, 143.7142791748047, 56.18858564906487
LOSS, 350.0, -512.0, 32.0, 0.058343057176196034, 5999, 215.41397094726562, 0, 15, 342708.11814177036, -22.039724349975586, 150.13018798828125, 57.12754094711958
LOSS, -526.0, -512.0, 10.0, -0.08768128021336889, 5999, 198.8853759765625, 0, 13, 351920.7076715231, -39.238792419433594, 157.4716339111328, 58.66322848333441
LOSS, 744.0, -554.0, 64.0, 0.18507462686567164, 4020, 223.0, 131, 22, 235474.24934482574, -67.2340316772461, 160.25657653808594, 58.57568391662332
LOSS, -272.0, -512.0, 80.0, -0.04534089014835806, 5999, 214.70347595214844, 0, 2, 361412.7528434992, -5.059311389923096, 142.31600952148438, 60.24549972387051
LOSS, -258.0, -554.0, 32.0, -0.1925373134328358, 1340, 193.6999969482422, 310, 12, 88172.05266058445, -14.44144058227539, 174.79617309570312, 65.80003929894362
LOSS, 436.0, -512.0, 80.0, 0.07267877979663277, 5999, 215.3247833251953, 0, 15, 399697.1207872629, -8.768148422241211, 174.6444854736328, 66.62729134643489
LOSS, 100.0, -512.0, 32.0, 0.01666944490748458, 5999, 180.8842010498047, 0, 11, 400317.4595503807, -29.495576858520508, 166.0940399169922, 66.73069837479258
LOSS, -464.0, -512.0, 16.0, -0.07734622437072845, 5999, 175.4928741455078, 0, 1, 385309.08881771564, -34.79578399658203, 159.08132934570312, 64.22888628399994
LOSS, -512.0, -512.0, 0.0, -0.08534755792632105, 5999, 217.40611267089844, 0, 2, 331256.08985054493, -13.367942810058594, 172.9493865966797, 55.21855140032421
LOSS, 560.0, -512.0, 32.0, 0.09334889148191365, 5999, 197.83377075195312, 0, 19, 394075.25483202934, -25.180572509765625, 191.04324340820312, 65.6901574982546
LOSS, 680.0, -512.0, 32.0, 0.11335222537089515, 5999, 183.3357391357422, 0, 15, 445119.9551343918, -25.771442413330078, 185.96237182617188, 74.19902569334752
LOSS, -134.0, -512.0, 80.0, -0.022337056176029338, 5999, 215.70997619628906, 0, 7, 414592.8737322092, -11.3196439743042, 153.9981231689453, 69.11033067714773
LOSS, -128.0, -512.0, 80.0, -0.021336889481580263, 5999, 169.58538818359375, 0, 6, 386309.79858732224, -9.505672454833984, 175.17364501953125, 64.39569904772833
LOSS, 96.0, -512.0, 80.0, 0.016002667111185198, 5999, 215.90701293945312, 0, 5, 487668.2456216812, 13.051356315612793, 185.49388122558594, 81.29158953520273
LOSS, -98.0, -512.0, 48.0, -0.01633605600933489, 5999, 152.86810302734375, 0, 9, 450213.8953485489, -5.050709247589111, 171.25132751464844, 75.04815725096664
LOSS, -192.0, -512.0, 32.0, -0.032005334222370396, 5999, 228.93898010253906, 0, 4, 465890.3072628975, -5.907171726226807, 174.8632354736328, 77.66132809849933
LOSS, -320.0, -512.0, 32.0, -0.053342223703950656, 5999, 190.09500122070312, 0, 2, 411433.97935676575, -13.584115028381348, 179.26226806640625, 68.58376051954755
LOSS, -54.0, -512.0, 32.0, -0.009001500250041674, 5999, 233.1259002685547, 0, 6, 486501.39434337616, -8.08307933807373, 173.6448974609375, 81.0970819042134
LOSS, 186.0, -512.0, 80.0, 0.03100516752792132, 5999, 172.20257568359375, 0, 7, 485128.7553372383, 6.326355457305908, 197.0937957763672, 80.8682706013066
LOSS, 170.0, -512.0, 48.0, 0.028338056342723787, 5999, 164.30999755859375, 0, 10, 441747.7939155102, -29.117712020874023, 192.7529296875, 73.63690513677449
LOSS, 308.0, -512.0, 48.0, 0.051341890315052506, 5999, 203.39498901367188, 0, 17, 489439.86837387085, 17.035533905029297, 175.4365234375, 81.58690921384745
LOSS, -512.0, -512.0, 0.0, -0.08534755792632105, 5999, 127.27281188964844, 0, 15, 534459.0822229385, 3.0125679969787598, 210.0253143310547, 89.09136226420046
LOSS, -102.0, -512.0, 32.0, -0.017002833805634273, 5999, 184.8940887451172, 0, 13, 466302.3973977566, -31.434194564819336, 227.5395050048828, 77.73002123649884
LOSS, 260.0, -512.0, 48.0, 0.04334055675945991, 5999, 156.20257568359375, 0, 18, 466991.6710937023, -13.369091987609863, 186.89317321777344, 77.8449193355063
LOSS, -310.0, -512.0, 32.0, -0.0516752792132022, 5999, 219.44407653808594, 0, 10, 502304.5736141205, 16.559627532958984, 178.92210388183594, 83.73138416638115
LOSS, 56.0, -512.0, 80.0, 0.009334889148191364, 5999, 166.1680908203125, 0, 11, 518062.63224983215, 23.978513717651367, 202.93692016601562, 86.35816506915022
LOSS, 192.0, -512.0, 80.0, 0.032005334222370396, 5999, 185.40611267089844, 0, 11, 545515.1430568695, 24.399761199951172, 237.7714385986328, 90.93434623385056
LOSS, -176.0, -512.0, 80.0, -0.029338223037172862, 5999, 181.80006408691406, 0, 4, 490047.71521759033, -8.070802688598633, 233.90850830078125, 81.68823390858316
LOSS, -496.0, -512.0, 16.0, -0.08268044674112351, 5999, 229.84796142578125, 0, 4, 494682.13974380493, 19.79841423034668, 224.4739532470703, 82.46076675175945
LOSS, -34.0, -512.0, 32.0, -0.005667611268544757, 5999, 171.39498901367188, 0, 13, 612133.1308965683, 3.71982479095459, 250.35011291503906, 102.03919501526393
LOSS, -64.0, -512.0, 32.0, -0.010668444740790132, 5999, 217.40611267089844, 0, 7, 504491.4618368149, 15.860621452331543, 182.00894165039062, 84.09592629385145
LOSS, -230.0, -512.0, 32.0, -0.038339723287214536, 5999, 203.39498901367188, 0, 6, 515989.72620010376, 35.575984954833984, 180.60267639160156, 86.01262313720683
LOSS, 1652.0, -512.0, 80.0, 0.27537922987164526, 5999, 203.39498901367188, 0, 29, 534438.6229877472, 28.86345863342285, 196.11276245117188, 89.08795182326175
LOSS, -70.0, -512.0, 32.0, -0.011668611435239206, 5999, 174.7271728515625, 0, 14, 503374.1391506195, 31.683656692504883, 194.69561767578125, 83.90967480423728
LOSS, 166.0, -554.0, 32.0, 0.03656387665198238, 4540, 223.0, 97, 13, 391584.0049762726, 12.643938064575195, 207.22396850585938, 86.25198347494991
LOSS, -80.0, -554.0, 32.0, -0.021534320323014805, 3715, 223.0, 152, 8, 338052.38401794434, 45.536659240722656, 170.55369567871094, 90.9966040425153
LOSS, 220.0, -554.0, 48.0, 0.06440281030444965, 3416, 223.0, 172, 10, 319434.1454181671, 17.986146926879883, 189.56275939941406, 93.51116669150092
LOSS, -18.0, -512.0, 32.0, -0.0030005000833472247, 5999, 161.42718505859375, 0, 5, 581866.771232605, 42.29079818725586, 192.4991455078125, 96.99396086557843
LOSS, 1130.0, -554.0, 48.0, 0.3194797851286401, 3537, 207.0, 164, 28, 360068.7983055115, 31.25702667236328, 202.50575256347656, 101.80062151696677
LOSS, 122.0, -512.0, 32.0, 0.020336722787131188, 5999, 175.4928741455078, 0, 14, 617120.440536499, 34.81207275390625, 206.88916015625, 102.87055184805784
LOSS, 340.0, -512.0, 48.0, 0.056676112685447574, 5999, 233.87747192382812, 0, 21, 582950.0857162476, 34.224571228027344, 195.11685180664062, 97.17454337660402
LOSS, -482.0, -512.0, 10.0, -0.08034672445407567, 5999, 188.94032287597656, 0, 16, 588310.5164570808, 3.003828525543213, 194.08042907714844, 98.0680974257511
LOSS, 312.0, -512.0, 48.0, 0.052008668111351894, 5999, 182.1680908203125, 0, 14, 640531.8386311531, -14.008980751037598, 208.1516571044922, 106.7731019555181
LOSS, -214.0, -554.0, 80.0, -0.10694652673663169, 2001, 223.0, 266, 8, 214837.34204387665, -78.18524932861328, 215.84910583496094, 107.36498852767448
LOSS, 194.0, -512.0, 32.0, 0.03233872312052009, 5999, 232.5458526611328, 0, 20, 608150.0687395334, -19.6413516998291, 183.1390380859375, 101.37524066336613
LOSS, 512.0, -554.0, 96.0, 0.11594202898550725, 4416, 223.0, 105, 18, 483679.86398267746, -9.163665771484375, 206.16383361816406, 109.52895470622225
LOSS, 442.0, -512.0, 32.0, 0.07367894649108185, 5999, 186.4189453125, 0, 20, 676894.1036577225, -18.633359909057617, 222.24801635742188, 112.83448969123562
LOSS, 532.0, -512.0, 58.0, 0.08868144690781797, 5999, 179.83761596679688, 0, 16, 680420.4934520721, -91.33975982666016, 201.26995849609375, 113.4223192952279
LOSS, -208.0, -512.0, 32.0, -0.03467244540756793, 5999, 190.09500122070312, 0, 16, 661867.3286811113, -11.410655975341797, 193.4893798828125, 110.32960971513775
LOSS, 352.0, -512.0, 32.0, 0.058676446074345724, 5999, 187.39498901367188, 0, 15, 697946.5233125687, -5.02913761138916, 216.93206787109375, 116.34381118729266
LOSS, 372.0, -512.0, 32.0, 0.06201033505584264, 5999, 142.09500122070312, 0, 10, 758943.8808693886, -21.562774658203125, 214.6404266357422, 126.51173210024814
LOSS, -144.0, -512.0, 80.0, -0.024004000666777797, 5999, 174.09500122070312, 0, 5, 716309.3616466522, 6.52850341796875, 199.56869506835938, 119.40479440684318
LOSS, -176.0, -512.0, 80.0, -0.029338223037172862, 5999, 199.64369201660156, 0, 5, 743699.7229876518, -7.374314785003662, 236.29730224609375, 123.97061560054206
LOSS, 58.0, -512.0, 80.0, 0.009668278046341057, 5999, 234.19541931152344, 0, 8, 678400.98323524, 1.1635197401046753, 219.5622100830078, 113.08567815223203
LOSS, -118.0, -512.0, 32.0, -0.019669944990831804, 5999, 188.20257568359375, 0, 9, 672354.1735973358, 17.92629051208496, 242.53338623046875, 112.07770855098113
LOSS, 190.0, -512.0, 32.0, 0.031671945324220706, 5999, 136.50607299804688, 0, 17, 778987.1045179367, 11.41083812713623, 230.62399291992188, 129.85282622402678
LOSS, -236.0, -512.0, 16.0, -0.03933988998166361, 5999, 234.2871551513672, 0, 10, 758127.6255054474, 24.288230895996094, 236.9215545654297, 126.37566686205157
LOSS, -156.0, -512.0, 32.0, -0.026004334055675947, 5999, 207.4928741455078, 0, 12, 785970.7472691536, 3.643373966217041, 217.9417266845703, 131.01696070497644
LOSS, 212.0, -512.0, 48.0, 0.03533922320386731, 5999, 183.3357391357422, 0, 11, 808079.7696151733, 53.98888397216797, 211.03225708007812, 134.70241200452963
LOSS, -480.0, -512.0, 32.0, -0.08001333555592599, 5999, 188.20257568359375, 0, 4, 725989.2953987122, 36.961082458496094, 212.79066467285156, 121.01838563072381
LOSS, -224.0, -512.0, 32.0, -0.03733955659276546, 5999, 226.82839965820312, 0, 5, 770067.505197525, 16.316743850708008, 227.77760314941406, 128.36597852934239
LOSS, 26.0, -512.0, 32.0, 0.004334055675945991, 5999, 229.12075805664062, 0, 24, 815374.9545267224, -17.416940689086914, 241.68203735351562, 135.91847883425945
LOSS, -364.0, -512.0, 32.0, -0.060676779463243874, 5999, 213.84796142578125, 0, 6, 789325.2904205322, 37.38703536987305, 228.52780151367188, 131.5761444274933
LOSS, -272.0, -512.0, 80.0, -0.04534089014835806, 5999, 107.3949966430664, 0, 7, 848612.8187904358, 17.765539169311523, 222.27029418945312, 141.45904630612364
LOSS, -140.0, -512.0, 48.0, -0.023337222870478413, 5999, 198.8853759765625, 0, 13, 823458.922712326, 30.699914932250977, 233.35597229003906, 137.26603145729723
LOSS, -448.0, -512.0, 32.0, -0.07467911318553092, 5999, 235.44407653808594, 0, 6, 792735.1439437866, 45.97278594970703, 237.2718505859375, 132.1445480819781
LOSS, -374.0, -512.0, 32.0, -0.06234372395399233, 5999, 237.31439208984375, 0, 7, 826649.4920806885, 53.154571533203125, 239.46035766601562, 137.79788166039148
LOSS, -384.0, -512.0, 80.0, -0.06401066844474079, 5999, 183.64369201660156, 0, 2, 807528.9217147827, 51.41805648803711, 236.04586791992188, 134.61058871724998
LOSS, -502.0, -512.0, 10.0, -0.08368061343557259, 5999, 174.09500122070312, 0, 2, 831043.8594741821, 74.89725494384766, 240.0629119873047, 138.53039831208235
LOSS, -448.0, -512.0, 32.0, -0.07467911318553092, 5999, 216.8940887451172, 0, 2, 822353.3489952087, 52.91908645629883, 224.58824157714844, 137.08173845561072
LOSS, -448.0, -512.0, 32.0, -0.07467911318553092, 5999, 181.94898986816406, 0, 4, 845308.330001831, 65.32164001464844, 232.60255432128906, 140.90820636803318
LOSS, -512.0, -512.0, 0.0, -0.08534755792632105, 5999, 172.20257568359375, 0, 2, 837432.1051025391, 79.78003692626953, 244.8649444580078, 139.59528339765612
LOSS, -192.0, -512.0, 80.0, -0.032005334222370396, 5999, 166.8853759765625, 0, 3, 973824.2500534058, 81.34782409667969, 255.5366973876953, 162.33109685837735
LOSS, -182.0, -512.0, 32.0, -0.030338389731621937, 5999, 202.2871551513672, 0, 7, 994426.560623169, 80.21720886230469, 266.31817626953125, 165.7653876684729
LOSS, -416.0, -512.0, 32.0, -0.06934489081513585, 5999, 174.7271728515625, 0, 5, 964606.0935134888, 103.1290054321289, 285.5473327636719, 160.7944813324702
LOSS, -512.0, -512.0, 0.0, -0.08534755792632105, 5999, 182.1680908203125, 0, 2, 869245.1080093384, 90.9853515625, 234.797119140625, 144.8983343906215
LOSS, -522.0, -512.0, 16.0, -0.08701450241706951, 5999, 230.45187377929688, 0, 0, 933493.7187576294, 81.5583267211914, 283.4636535644531, 155.6082211631321
LOSS, -12.0, -512.0, 32.0, -0.0020003333888981498, 5999, 202.4189453125, 0, 7, 1148568.9841079712, 115.57449340820312, 312.2496032714844, 191.4600740303336
LOSS, -512.0, -512.0, 0.0, -0.08534755792632105, 5999, 190.09500122070312, 0, 2, 984227.9461135864, 96.2099609375, 261.3955383300781, 164.0653352414713
LOSS, -512.0, -512.0, 0.0, -0.08534755792632105, 5999, 161.5953826904297, 0, 2, 978888.2155838013, 84.49110412597656, 265.4111022949219, 163.17523180260065
LOSS, -512.0, -512.0, 0.0, -0.08534755792632105, 5999, 169.58538818359375, 0, 2, 1019372.263710022, 87.85961151123047, 291.6889343261719, 169.92369790132054
LOSS, -482.0, -512.0, 10.0, -0.08034672445407567, 5999, 179.4190216064453, 0, 10, 1223980.4187774658, 121.3035888671875, 331.98626708984375, 204.03074158650873
LOSS, -544.0, -512.0, 10.0, -0.09068178029671611, 5999, 166.1680908203125, 0, 2, 1100860.0260925293, 84.57298278808594, 288.2884826660156, 183.50725555801455
LOSS, -374.0, -512.0, 32.0, -0.06234372395399233, 5999, 218.4189453125, 0, 5, 1201186.5929260254, 109.22843170166016, 326.18609619140625, 200.2311373438949
LOSS, -512.0, -512.0, 0.0, -0.08534755792632105, 5999, 169.5025634765625, 0, 1, 1007689.4106216431, 98.7149429321289, 264.99749755859375, 167.97623114213087
LOSS, -512.0, -512.0, 0.0, -0.08534755792632105, 5999, 185.5518341064453, 0, 2, 1044749.79246521, 111.35772705078125, 313.286376953125, 174.15399107604767
LOSS, -512.0, -512.0, 0.0, -0.08534755792632105, 5999, 200.8940887451172, 0, 2, 1094602.2279281616, 111.89480590820312, 305.1995849609375, 182.4641153405837
LOSS, -316.0, -512.0, 32.0, -0.052675445907651275, 5999, 162.19288635253906, 0, 5, 1339688.5949554443, 118.96634674072266, 368.470458984375, 223.31865226795205
LOSS, -512.0, -512.0, 0.0, -0.08534755792632105, 5999, 187.39498901367188, 0, 3, 1294267.8853302002, 106.433837890625, 341.9753112792969, 215.74727210038344
LOSS, -512.0, -512.0, 0.0, -0.08534755792632105, 5999, 211.67893981933594, 0, 2, 1259047.0848388672, 145.0657196044922, 319.8703918457031, 209.87616016650563
LOSS, -512.0, -512.0, 0.0, -0.08534755792632105, 5999, 214.1680908203125, 0, 3, 1389652.3173675537, 162.56715393066406, 347.54364013671875, 231.64732744916714
LOSS, -320.0, -512.0, 32.0, -0.053342223703950656, 5999, 182.1680908203125, 0, 3, 1465814.262588501, 150.7377166748047, 423.0863342285156, 244.34310094824153
LOSS, -512.0, -512.0, 0.0, -0.08534755792632105, 5999, 186.2871551513672, 0, 0, 1198159.0482788086, 127.97763061523438, 322.9120178222656, 199.72646245687758
LOSS, -304.0, -512.0, 32.0, -0.050675112518753125, 5999, 190.7271728515625, 0, 2, 1393713.7240447998, 154.801513671875, 367.8520812988281, 232.32434139769958
LOSS, -416.0, -512.0, 32.0, -0.06934489081513585, 5999, 134.49899291992188, 0, 3, 1383832.9398040771, 120.374755859375, 379.8319396972656, 230.6772695122649
LOSS, -96.0, -512.0, 32.0, -0.016002667111185198, 5999, 225.03662109375, 0, 7, 1523841.1998901367, 144.66580200195312, 409.3036804199219, 254.01586929323832
LOSS, -512.0, -512.0, 0.0, -0.08534755792632105, 5999, 225.97769165039062, 0, 2, 1401820.5666656494, 153.3681182861328, 349.3368835449219, 233.6757070621186
LOSS, -512.0, -512.0, 0.0, -0.08534755792632105, 5999, 187.39498901367188, 0, 1, 1389087.9689788818, 160.1775360107422, 349.27978515625, 231.55325370543122
LOSS, -364.0, -512.0, 32.0, -0.060676779463243874, 5999, 182.70347595214844, 0, 4, 1548862.9726257324, 181.97914123535156, 389.4686584472656, 258.18685991427446
LOSS, -512.0, -512.0, 0.0, -0.08534755792632105, 5999, 172.4250030517578, 0, 2, 1511417.2115478516, 159.1787109375, 416.07818603515625, 251.9448594012088
LOSS, -480.0, -512.0, 16.0, -0.08001333555592599, 5999, 231.41397094726562, 0, 4, 1514760.676727295, 176.78929138183594, 377.1484680175781, 252.50219648729703
LOSS, -502.0, -512.0, 10.0, -0.08368061343557259, 5999, 229.0519561767578, 0, 10, 1576803.4167785645, 195.87091064453125, 410.7702331542969, 262.8443768592373
LOSS, -374.0, -512.0, 32.0, -0.06234372395399233, 5999, 218.4189453125, 0, 5, 1555779.133239746, 174.52171325683594, 387.2704772949219, 259.3397454975406
LOSS, -224.0, -512.0, 80.0, -0.03733955659276546, 5999, 212.04977416992188, 0, 4, 1520817.6168670654, 188.61712646484375, 395.00006103515625, 253.5118547869754
LOSS, -480.0, -512.0, 16.0, -0.08001333555592599, 5999, 129.62350463867188, 0, 3, 1512647.2406768799, 180.69189453125, 379.9583740234375, 252.14989842921818
LOSS, -448.0, -512.0, 32.0, -0.07467911318553092, 5999, 203.44407653808594, 0, 3, 1466566.0263061523, 176.0802459716797, 409.5592956542969, 244.46841578698988
LOSS, -512.0, -512.0, 0.0, -0.08534755792632105, 5999, 182.1680908203125, 0, 2, 1368108.9563903809, 175.0352325439453, 365.0113525390625, 228.05616875985677
LOSS, -72.0, -512.0, 80.0, -0.012002000333388899, 5999, 227.15106201171875, 0, 10, 1653122.8952789307, 199.17430114746094, 385.5425109863281, 275.56641028153535
LOSS, -502.0, -512.0, 10.0, -0.08368061343557259, 5999, 158.09500122070312, 0, 3, 1573625.1264190674, 143.23727416992188, 390.0736389160156, 262.31457349876104
LOSS, -464.0, -512.0, 16.0, -0.07734622437072845, 5999, 205.11895751953125, 0, 2, 1447254.6821746826, 202.48736572265625, 355.67230224609375, 241.24932191609977
LOSS, -448.0, -512.0, 32.0, -0.07467911318553092, 5999, 206.1080322265625, 0, 5, 1453532.4910736084, 182.55873107910156, 369.1356201171875, 242.29579781190338
LOSS, -512.0, -512.0, 0.0, -0.08534755792632105, 5999, 177.42718505859375, 0, 2, 1429613.6857910156, 190.266357421875, 352.3581848144531, 238.30866574279307
LOSS, -230.0, -512.0, 80.0, -0.038339723287214536, 5999, 177.49822998046875, 0, 3, 1473930.6719207764, 174.44854736328125, 381.90185546875, 245.6960613303511
LOSS, -176.0, -512.0, 32.0, -0.029338223037172862, 5999, 170.03575134277344, 0, 5, 1508336.7291259766, 166.37400817871094, 377.4326171875, 251.4313600810096
LOSS, 8.0, -512.0, 32.0, 0.0013335555925987664, 5999, 162.19288635253906, 0, 9, 1576136.2214508057, 196.6936492919922, 431.4378356933594, 262.7331591016512
LOSS, -150.0, -512.0, 32.0, -0.025004167361226872, 5999, 229.2235107421875, 0, 4, 1649728.4292449951, 199.1359100341797, 424.4227600097656, 275.0005716361052
LOSS, -512.0, -512.0, 0.0, -0.08534755792632105, 5999, 229.12075805664062, 0, 2, 1386913.3223266602, 179.44598388671875, 342.9429626464844, 231.19075217980665
LOSS, -150.0, -512.0, 32.0, -0.025004167361226872, 5999, 213.12075805664062, 0, 5, 1541449.5610656738, 199.8478240966797, 432.782470703125, 256.9510853585054
LOSS, -586.0, -512.0, 10.0, -0.09768294715785965, 5999, 213.02000427246094, 0, 1, 1565220.62550354, 182.30740356445312, 434.8231201171875, 260.91358984889814
LOSS, -512.0, -512.0, 0.0, -0.08534755792632105, 5999, 201.5518341064453, 0, 2, 1584099.3749694824, 212.19851684570312, 421.98602294921875, 264.0605725903455
LOSS, -512.0, -512.0, 0.0, -0.08534755792632105, 5999, 212.30157470703125, 0, 2, 1546047.5478363037, 189.69627380371094, 391.3188781738281, 257.71754423008895
LOSS, -568.0, -554.0, 10.0, -0.5922836287799792, 959, 191.0, 336, 10, 259568.85455322266, 108.27839660644531, 433.8904113769531, 270.6661674173333
LOSS, -204.0, -512.0, 32.0, -0.034005667611268546, 5999, 228.378662109375, 0, 9, 1623738.382659912, 190.80841064453125, 439.4001770019531, 270.6681751391752
LOSS, -368.0, -512.0, 32.0, -0.061343557259543255, 5999, 213.84796142578125, 0, 2, 1594383.6974639893, 180.06956481933594, 413.9440002441406, 265.7749120626753
LOSS, -352.0, -512.0, 32.0, -0.058676446074345724, 5999, 190.09500122070312, 0, 9, 1567938.100982666, 177.89013671875, 408.1111145019531, 261.36657792676544
LOSS, -102.0, -512.0, 32.0, -0.017002833805634273, 5999, 185.1259002685547, 0, 11, 1753308.1278839111, 189.00662231445312, 485.1518859863281, 292.26673243605785
LOSS, -288.0, -512.0, 32.0, -0.048008001333555594, 5999, 164.30999755859375, 0, 9, 1634188.0685577393, 184.02012634277344, 449.6442565917969, 272.4100797729187
LOSS, 98.0, -512.0, 32.0, 0.01633605600933489, 5999, 166.8853759765625, 0, 16, 1683193.269104004, 178.39122009277344, 418.2901611328125, 280.57897467978063
LOSS, -54.0, -512.0, 80.0, -0.009001500250041674, 5999, 132.30999755859375, 0, 9, 1627945.8027801514, 147.1752166748047, 431.9215087890625, 271.3695287181449
LOSS, -352.0, -512.0, 32.0, -0.058676446074345724, 5999, 170.4189453125, 0, 5, 1652108.2042999268, 167.56668090820312, 441.7061767578125, 275.3972669278091
LOSS, -160.0, -512.0, 32.0, -0.026671111851975328, 5999, 177.42718505859375, 0, 4, 1652288.1694335938, 133.81483459472656, 419.4730224609375, 275.4272661166184
LOSS, -160.0, -512.0, 80.0, -0.026671111851975328, 5999, 218.45701599121094, 0, 5, 1679007.031829834, 210.79859924316406, 411.1271057128906, 279.8811521636663
LOSS, -204.0, -512.0, 32.0, -0.034005667611268546, 5999, 179.84591674804688, 0, 6, 1625498.931930542, 197.7030029296875, 421.6529846191406, 270.961648929912
LOSS, 80.0, -512.0, 80.0, 0.013335555925987664, 5999, 203.39498901367188, 0, 5, 1670928.2243041992, 196.11224365234375, 415.30242919921875, 278.53445979399885
LOSS, -396.0, -512.0, 32.0, -0.06601100183363894, 5999, 210.48558044433594, 0, 5, 1695139.9211883545, 223.31195068359375, 445.8909912109375, 282.5704152672703
LOSS, 106.0, -512.0, 32.0, 0.017669611601933654, 5999, 195.82737731933594, 0, 6, 1739639.8759155273, 194.93043518066406, 460.0668640136719, 289.98831070437194
LOSS, -490.0, -554.0, 32.0, -0.351506456241033, 1394, 223.0, 307, 2, 390130.44874572754, 198.0312957763672, 404.3185119628906, 279.86402349047887
LOSS, -112.0, -512.0, 32.0, -0.01866977829638273, 5999, 183.3357391357422, 0, 2, 1717590.4567718506, 240.24024963378906, 436.4643249511719, 286.3127949277964
LOSS, -80.0, -554.0, 48.0, -0.058997050147492625, 1356, 207.0, 309, 4, 387296.30169677734, 208.30184936523438, 400.4911804199219, 285.6167416642901
LOSS, -448.0, -512.0, 32.0, -0.07467911318553092, 5999, 156.99456787109375, 0, 3, 1695998.5621490479, 232.5124053955078, 402.5958557128906, 282.7135459491662
LOSS, -384.0, -512.0, 32.0, -0.06401066844474079, 5999, 120.00373840332031, 0, 3, 1692126.2903900146, 234.35675048828125, 421.89935302734375, 282.06805974162603
LOSS, -434.0, -554.0, 16.0, -0.16334211516748212, 2657, 223.0, 222, 14, 793772.1875305176, 208.40428161621094, 473.1132507324219, 298.7475301206314
LOSS, -364.0, -512.0, 32.0, -0.060676779463243874, 5999, 174.09500122070312, 0, 7, 1750761.9041137695, 230.60455322265625, 462.70758056640625, 291.84229106747284
LOSS, 124.0, -512.0, 64.0, 0.02067011168528088, 5999, 205.0, 0, 13, 1746944.613433838, 212.3334503173828, 441.5987243652344, 291.2059699006231
LOSS, -288.0, -554.0, 32.0, -0.2210283960092095, 1303, 223.0, 313, 10, 386970.68489074707, 233.4627227783203, 459.8083801269531, 296.98440897217733
LOSS, -342.0, -512.0, 32.0, -0.057009501583597265, 5999, 214.70347595214844, 0, 8, 1734774.7991485596, 227.3043212890625, 420.35443115234375, 289.17732941299545
LOSS, -352.0, -512.0, 32.0, -0.058676446074345724, 5999, 190.09500122070312, 0, 8, 1719528.2747192383, 236.21035766601562, 432.1623229980469, 286.63581842294354
LOSS, -230.0, -512.0, 80.0, -0.038339723287214536, 5999, 181.9903106689453, 0, 5, 1818301.19190979, 230.3517303466797, 495.54058837890625, 303.10071543753793
LOSS, -512.0, -512.0, 0.0, -0.08534755792632105, 5999, 145.42718505859375, 0, 3, 1780601.9082336426, 222.0260772705078, 449.7459411621094, 296.8164541146262
LOSS, -512.0, -512.0, 0.0, -0.08534755792632105, 5999, 183.3357391357422, 0, 2, 1522817.9108428955, 205.33157348632812, 385.4921569824219, 253.84529268926414
LOSS, -176.0, -512.0, 32.0, -0.029338223037172862, 5999, 175.4928741455078, 0, 7, 1702879.3162384033, 176.29928588867188, 414.8306579589844, 283.86052946131076
LOSS, -262.0, -512.0, 32.0, -0.043673945657609604, 5999, 225.811279296875, 0, 7, 1761839.815536499, 212.1993865966797, 461.3019104003906, 293.68891740898465
LOSS, -352.0, -512.0, 32.0, -0.058676446074345724, 5999, 167.3357391357422, 0, 3, 1740027.1471099854, 225.04464721679688, 451.1771240234375, 290.0528666627747
LOSS, 64.0, -512.0, 80.0, 0.010668444740790132, 5999, 186.03575134277344, 0, 4, 1822237.1109771729, 222.34803771972656, 448.0361022949219, 303.7568112980785
LOSS, -288.0, -512.0, 32.0, -0.048008001333555594, 5999, 198.1680908203125, 0, 6, 1788520.5310668945, 211.7795867919922, 465.1507263183594, 298.13644458524664
LOSS, 10.0, -512.0, 32.0, 0.001666944490748458, 5999, 174.7271728515625, 0, 6, 1797725.1269836426, 225.99884033203125, 463.5207824707031, 299.6707996305455
LOSS, -176.0, -512.0, 32.0, -0.029338223037172862, 5999, 187.39498901367188, 0, 7, 1618607.1333312988, 225.93443298339844, 432.511962890625, 269.81282435927636
LOSS, -512.0, -512.0, 0.0, -0.08534755792632105, 5999, 215.70997619628906, 0, 1, 1588292.9321289062, 207.4403533935547, 388.99945068359375, 264.7596152906995
LOSS, -384.0, -512.0, 32.0, -0.06401066844474079, 5999, 164.1741485595703, 0, 2, 1731211.6957244873, 230.9346466064453, 436.6368713378906, 288.583379850723
LOSS, -224.0, -512.0, 32.0, -0.03733955659276546, 5999, 182.1680908203125, 0, 6, 1663378.906906128, 203.4685821533203, 416.2930603027344, 277.2760304894362
LOSS, -512.0, -512.0, 0.0, -0.08534755792632105, 5999, 217.08636474609375, 0, 2, 1523429.3977661133, 201.85488891601562, 397.8741760253906, 253.94722416504638
LOSS, -482.0, -512.0, 10.0, -0.08034672445407567, 5999, 179.53067016601562, 0, 10, 1628184.197189331, 218.79539489746094, 457.9859313964844, 271.40926774284566
LOSS, -374.0, -512.0, 48.0, -0.06234372395399233, 5999, 217.5518341064453, 0, 4, 1692093.2226715088, 229.39828491210938, 422.9056396484375, 282.06254753650757
LOSS, -432.0, -512.0, 32.0, -0.07201200200033339, 5999, 233.87747192382812, 0, 2, 1600423.256866455, 202.7393035888672, 383.56756591796875, 266.78167308992414
LOSS, -320.0, -512.0, 32.0, -0.053342223703950656, 5999, 234.5133819580078, 0, 8, 1750728.0592041016, 219.638427734375, 464.2435607910156, 291.83664930890177
LOSS, -102.0, -512.0, 48.0, -0.017002833805634273, 5999, 203.39498901367188, 0, 10, 1640491.4202575684, 210.56817626953125, 434.28143310546875, 273.4608135118467
LOSS, -146.0, -512.0, 32.0, -0.024337389564927488, 5999, 213.63409423828125, 0, 9, 1653185.963317871, 214.04010009765625, 430.9756774902344, 275.57692337354075
LOSS, -166.0, -512.0, 80.0, -0.027671278546424403, 5999, 158.7271728515625, 0, 5, 1741757.838684082, 189.27005004882812, 466.90802001953125, 290.3413633412372
LOSS, -512.0, -512.0, 0.0, -0.08534755792632105, 5999, 213.80006408691406, 0, 3, 1577408.4604797363, 203.65435791015625, 435.3927001953125, 262.9452342856703
LOSS, -448.0, -512.0, 32.0, -0.07467911318553092, 5999, 202.2871551513672, 0, 4, 1558994.3733215332, 204.35818481445312, 393.5044250488281, 259.8757081716175
LOSS, -288.0, -512.0, 32.0, -0.048008001333555594, 5999, 214.1680908203125, 0, 5, 1619984.8448181152, 198.23353576660156, 413.67742919921875, 270.0424812165553
LOSS, -256.0, -512.0, 80.0, -0.042673778963160526, 5999, 212.5879669189453, 0, 3, 1635931.6266937256, 205.6482696533203, 436.59259033203125, 272.7007212358269
LOSS, -432.0, -512.0, 32.0, -0.07201200200033339, 5999, 193.07086181640625, 0, 3, 1616099.9577026367, 213.86343383789062, 458.2651672363281, 269.3948920991226
LOSS, -16.0, -512.0, 80.0, -0.002667111185197533, 5999, 201.5025634765625, 0, 5, 1787814.0600280762, 220.62118530273438, 423.32440185546875, 298.0186797846435
LOSS, -416.0, -512.0, 32.0, -0.06934489081513585, 5999, 177.42718505859375, 0, 3, 1592829.5203094482, 219.7030792236328, 433.2632751464844, 265.5158393581344
LOSS, -432.0, -512.0, 16.0, -0.07201200200033339, 5999, 167.3357391357422, 0, 3, 1652565.902557373, 210.3114471435547, 416.8888244628906, 275.47356268667664
LOSS, -256.0, -512.0, 32.0, -0.042673778963160526, 5999, 162.97450256347656, 0, 5, 1614416.0084533691, 217.8560028076172, 424.126953125, 269.114187106746
LOSS, -416.0, -512.0, 32.0, -0.06934489081513585, 5999, 137.5025634765625, 0, 1, 1695286.5719146729, 218.78982543945312, 446.5562438964844, 282.59486112930034
LOSS, -512.0, -512.0, 0.0, -0.08534755792632105, 5999, 198.8853759765625, 0, 2, 1671641.212234497, 205.51239013671875, 403.0054016113281, 278.6533109242369
LOSS, -512.0, -512.0, 0.0, -0.08534755792632105, 5999, 164.30999755859375, 0, 2, 1526939.9298553467, 214.86126708984375, 420.14031982421875, 254.53241037762072
LOSS, -512.0, -512.0, 0.0, -0.08534755792632105, 5999, 169.58538818359375, 0, 2, 1534221.0110321045, 203.16873168945312, 388.3374938964844, 255.74612619304958
LOSS, -566.0, -512.0, 10.0, -0.09434905817636273, 5999, 226.1117706298828, 0, 8, 1589449.4535980225, 198.7462158203125, 434.5741882324219, 264.95240099983704
LOSS, -512.0, -512.0, 0.0, -0.08534755792632105, 5999, 137.58538818359375, 0, 1, 1493567.90725708, 204.33688354492188, 397.07354736328125, 248.96947945608937
LOSS, -512.0, -512.0, 0.0, -0.08534755792632105, 5999, 234.83132934570312, 0, 2, 1526163.5175476074, 206.69891357421875, 407.30389404296875, 254.4029867557272
LOSS, -352.0, -512.0, 32.0, -0.058676446074345724, 5999, 194.55413818359375, 0, 6, 1732017.6047363281, 213.59915161132812, 467.4784851074219, 288.71772040945626
LOSS, -512.0, -512.0, 0.0, -0.08534755792632105, 5999, 171.39498901367188, 0, 2, 1602464.422531128, 214.40711975097656, 434.71258544921875, 267.1219240758673
LOSS, -448.0, -512.0, 32.0, -0.07467911318553092, 5999, 165.94898986816406, 0, 5, 1784389.7690734863, 211.4503936767578, 457.4334716796875, 297.44786949049615
LOSS, -496.0, -512.0, 16.0, -0.08268044674112351, 5999, 182.70347595214844, 0, 1, 1665174.8960113525, 207.9390106201172, 434.9117126464844, 277.57541190387605
LOSS, -576.0, -512.0, 10.0, -0.09601600266711119, 5999, 219.81814575195312, 0, 2, 1601237.4342193604, 213.90406799316406, 395.5185241699219, 266.9173919352159
LOSS, -448.0, -512.0, 32.0, -0.07467911318553092, 5999, 218.4189453125, 0, 2, 1594142.6083831787, 208.80142211914062, 403.9710998535156, 265.7347238511716
LOSS, -256.0, -512.0, 32.0, -0.042673778963160526, 5999, 172.20257568359375, 0, 6, 1680331.8749542236, 210.85748291015625, 424.1278991699219, 280.101996158397
LOSS, -336.0, -512.0, 32.0, -0.056009334889148193, 5999, 183.3357391357422, 0, 3, 1728094.9296722412, 221.37400817871094, 466.63018798828125, 288.06383225074865
LOSS, -512.0, -512.0, 0.0, -0.08534755792632105, 5999, 177.0677490234375, 0, 1, 1652538.7876281738, 224.68716430664062, 465.0565185546875, 275.46904277849205
LOSS, -496.0, -512.0, 16.0, -0.08268044674112351, 5999, 196.1741485595703, 0, 1, 1651433.5170288086, 226.23377990722656, 412.9254455566406, 275.28480030485224
LOSS, -512.0, -512.0, 0.0, -0.08534755792632105, 5999, 197.22113037109375, 0, 3, 1668413.7617797852, 235.7873992919922, 418.0326232910156, 278.1153128487723
LOSS, -512.0, -512.0, 0.0, -0.08534755792632105, 5999, 195.84591674804688, 0, 2, 1614270.0365600586, 219.2549591064453, 437.3992614746094, 269.08985440241014
LOSS, -320.0, -512.0, 32.0, -0.053342223703950656, 5999, 206.7271728515625, 0, 5, 1721616.2074127197, 209.8608856201172, 436.740966796875, 286.9838652129888
LOSS, -512.0, -512.0, 0.0, -0.08534755792632105, 5999, 172.20257568359375, 0, 1, 1630507.518814087, 223.89111328125, 426.1389465332031, 271.796552561108
