LOSS, -512.0, -512.0, 0.0, -0.08534755792632105, 5999, 203.39498901367188, 0, 2, 1366.3032035827637, 0.47080862522125244, 1.4256032705307007, 0.22775515979042568
LOSS, 346.0, -512.0, 32.0, 0.05767627937989665, 5999, 229.43873596191406, 0, 23, 34403.70476144552, 0.8589097857475281, 70.29790496826172, 5.734906611342811
LOSS, 38.0, -554.0, 48.0, 0.033628318584070796, 1130, 191.8800048828125, 324, 10, 17345.71866607666, 5.53186559677124, 67.1825180053711, 15.350193509802354
LOSS, 338.0, -554.0, 58.0, 0.09250136836343732, 3654, 191.0, 156, 22, 63697.36335039139, 5.626955986022949, 56.23835754394531, 17.432228612586588
LOSS, 700.0, -554.0, 48.0, 0.19162332329592116, 3653, 209.6999969482422, 156, 24, 96643.07149982452, 10.775553703308105, 68.55074310302734, 26.455809334745286
LOSS, 370.0, -512.0, 80.0, 0.061676946157692945, 5999, 196.04977416992188, 0, 21, 203026.5484161377, 14.210325241088867, 81.19547271728516, 33.84339863579558
LOSS, 304.0, -554.0, 32.0, 0.07723577235772358, 3936, 223.0, 137, 22, 172672.2227458954, 21.20844078063965, 92.17962646484375, 43.86997529113196
WIN , 2176.0, -42.0, 1024.0, 0.5627101111973106, 3867, 207.0, 142, 30, 175357.95044517517, 23.69416046142578, 102.71665954589844, 45.347284831956344
LOSS, 646.0, -554.0, 58.0, 0.17094469436358825, 3779, 175.0, 148, 19, 214119.29570007324, 26.928983688354492, 230.31222534179688, 56.66030582166532
WIN , 2404.0, -42.0, 1024.0, 0.42488511841640153, 5658, 207.0, 22, 29, 454776.79612350464, 35.17962646484375, 520.7925415039062, 80.37765926537728
LOSS, -330.0, -554.0, 32.0, -0.1288056206088993, 2562, 223.0, 229, 3, 241328.1803741455, 42.95848846435547, 278.4160461425781, 94.19523043487334
LOSS, 1086.0, -512.0, 48.0, 0.18103017169528254, 5999, 186.03575134277344, 0, 32, 552673.3264389038, 49.375335693359375, 604.8445434570312, 92.12757566909548
WIN , 2716.0, 0.0, 1024.0, 0.8867123734900424, 3063, 164.1680908203125, 195, 35, 328815.2540206909, 65.62380981445312, 721.3818969726562, 107.35071956274598
WIN , 2520.0, -42.0, 1024.0, 0.7368421052631579, 3420, 191.0, 171, 27, 384332.8952102661, 63.062713623046875, 534.05078125, 112.37803953516553
LOSS, 682.0, -554.0, 58.0, 0.3144306131857999, 2169, 191.0, 255, 9, 258016.61837768555, 68.94788360595703, 604.7340698242188, 118.95648611234927
LOSS, 516.0, -554.0, 80.0, 0.11579892280071813, 4456, 191.0, 102, 15, 525716.9161376953, 71.97467041015625, 728.3296508789062, 117.97955927686161
LOSS, -182.0, -512.0, 32.0, -0.030338389731621937, 5999, 115.78675079345703, 0, 8, 703293.7331771851, 66.11737060546875, 728.822265625, 117.23516138976247
LOSS, 74.0, -512.0, 32.0, 0.012335389231538589, 5999, 229.96604919433594, 0, 19, 738171.6117935181, 69.10384368896484, 743.310546875, 123.04911015061144
LOSS, 298.0, -512.0, 48.0, 0.049674945824304054, 5999, 193.42718505859375, 0, 18, 771656.0467376709, 79.54471588134766, 724.6084594726562, 128.6307795862095
LOSS, -182.0, -512.0, 32.0, -0.030338389731621937, 5999, 210.5500030517578, 0, 5, 825801.9088592529, 92.18365478515625, 793.63818359375, 137.65659424224918
LOSS, 1228.0, -512.0, 48.0, 0.20470078346391066, 5999, 182.8853759765625, 0, 31, 888184.477897644, 98.30575561523438, 798.24462890625, 148.05542221997734
LOSS, 158.0, -512.0, 32.0, 0.026337722953825637, 5999, 181.08006286621094, 0, 17, 851920.1143188477, 90.7808609008789, 820.8538818359375, 142.01035411215997
LOSS, 100.0, -512.0, 32.0, 0.01666944490748458, 5999, 172.99456787109375, 0, 16, 833183.7826385498, 96.3663558959961, 764.18505859375, 138.88711162502915
LOSS, -608.0, -554.0, 10.0, -0.6274509803921569, 969, 183.58538818359375, 335, 5, 147741.43967437744, 102.07353973388672, 700.2435302734375, 152.4679460003895
LOSS, -44.0, -512.0, 32.0, -0.0073345557592932155, 5999, 153.5025634765625, 0, 12, 894388.1347351074, 95.3072738647461, 848.8897094726562, 149.0895373787477
LOSS, 454.0, -512.0, 132.0, 0.07567927987998, 5999, 199.3357391357422, 0, 12, 923131.9036865234, 91.49825286865234, 792.791259765625, 153.88096410843863
LOSS, -204.0, -512.0, 32.0, -0.034005667611268546, 5999, 206.7271728515625, 0, 14, 897970.5707626343, 97.82833862304688, 798.354736328125, 149.68670957870216
LOSS, -368.0, -512.0, 32.0, -0.061343557259543255, 5999, 198.8853759765625, 0, 8, 880784.3468780518, 93.02947235107422, 769.6167602539062, 146.8218614565847
LOSS, -448.0, -512.0, 32.0, -0.07467911318553092, 5999, 198.8853759765625, 0, 4, 913340.9208679199, 98.9706802368164, 869.929931640625, 152.24886162159027
LOSS, -114.0, -512.0, 80.0, -0.019003167194532423, 5999, 197.12075805664062, 0, 8, 976084.764717102, 98.75849151611328, 821.6367797851562, 162.70791210486783
LOSS, -512.0, -512.0, 0.0, -0.08534755792632105, 5999, 190.7271728515625, 0, 2, 865396.0748977661, 98.21145629882812, 889.5946044921875, 144.2567219366171
LOSS, -512.0, -512.0, 0.0, -0.08534755792632105, 5999, 215.70997619628906, 0, 2, 863872.1547393799, 102.03492736816406, 896.616455078125, 144.00269290538088
LOSS, -512.0, -512.0, 0.0, -0.08534755792632105, 5999, 211.9772491455078, 0, 2, 870130.0599975586, 96.38579559326172, 886.7997436523438, 145.04585097475555
LOSS, -256.0, -512.0, 80.0, -0.042673778963160526, 5999, 145.0, 0, 4, 990388.977722168, 103.20354461669922, 256.6871643066406, 165.09234501119653
LOSS, -182.0, -512.0, 32.0, -0.030338389731621937, 5999, 226.82839965820312, 0, 6, 952093.0649414062, 99.49110412597656, 252.8878936767578, 158.70862892838912
LOSS, -512.0, -512.0, 0.0, -0.08534755792632105, 5999, 232.8940887451172, 0, 1, 861775.8048400879, 97.51390838623047, 215.55796813964844, 143.6532430138503
LOSS, -512.0, -512.0, 0.0, -0.08534755792632105, 5999, 171.39498901367188, 0, 3, 872408.1146697998, 95.01062774658203, 231.116455078125, 145.42559004330718
LOSS, -432.0, -512.0, 16.0, -0.07201200200033339, 5999, 182.1680908203125, 0, 3, 945111.7364654541, 99.04690551757812, 255.83523559570312, 157.54488022427972
LOSS, -512.0, -512.0, 0.0, -0.08534755792632105, 5999, 231.70997619628906, 0, 2, 903641.0540924072, 109.20083618164062, 218.59669494628906, 150.63194767334676
LOSS, -512.0, -512.0, 0.0, -0.08534755792632105, 5999, 214.6471405029297, 0, 1, 898929.3064346313, 107.50485229492188, 226.6488800048828, 149.8465254933541
LOSS, -512.0, -512.0, 0.0, -0.08534755792632105, 5999, 227.9772491455078, 0, 1, 879537.069770813, 103.4198226928711, 218.1845245361328, 146.61394728634988
LOSS, -512.0, -512.0, 0.0, -0.08534755792632105, 5999, 207.4928741455078, 0, 2, 877405.1594467163, 103.29328918457031, 232.25607299804688, 146.25856966939762
LOSS, -512.0, -512.0, 0.0, -0.08534755792632105, 5999, 187.39498901367188, 0, 2, 871220.3757400513, 103.33448028564453, 228.35838317871094, 145.227600556768
LOSS, -512.0, -512.0, 0.0, -0.08534755792632105, 5999, 233.40611267089844, 0, 3, 864997.0645370483, 104.1609115600586, 242.8098602294922, 144.19020912436213
LOSS, -512.0, -512.0, 0.0, -0.08534755792632105, 5999, 184.8940887451172, 0, 1, 882608.530921936, 93.47623443603516, 243.36224365234375, 147.12594281079114
LOSS, -512.0, -512.0, 0.0, -0.08534755792632105, 5999, 206.7271728515625, 0, 2, 849699.347946167, 88.45867156982422, 281.63299560546875, 141.64016468514203
LOSS, -512.0, -512.0, 0.0, -0.08534755792632105, 5999, 202.4189453125, 0, 1, 923169.4480514526, 113.10798645019531, 257.3941345214844, 153.8872225456664
LOSS, -512.0, -512.0, 0.0, -0.08534755792632105, 5999, 198.70347595214844, 0, 2, 890326.7140960693, 107.59264373779297, 270.4114074707031, 148.41252110286203
LOSS, -512.0, -512.0, 0.0, -0.08534755792632105, 5999, 202.2871551513672, 0, 2, 887324.0607681274, 103.26485443115234, 248.2433624267578, 147.911995460598
LOSS, -496.0, -512.0, 16.0, -0.08268044674112351, 5999, 181.0519561767578, 0, 1, 891747.1405715942, 102.42982482910156, 286.8571472167969, 148.649298311651
LOSS, -512.0, -512.0, 0.0, -0.08534755792632105, 5999, 152.86810302734375, 0, 3, 1000599.2860565186, 108.94507598876953, 281.58331298828125, 166.79434673387541
LOSS, -512.0, -512.0, 0.0, -0.08534755792632105, 5999, 182.8853759765625, 0, 2, 869634.5980377197, 101.5868911743164, 237.88722229003906, 144.96326021632268
LOSS, -512.0, -512.0, 0.0, -0.08534755792632105, 5999, 198.1680908203125, 0, 2, 907209.7571411133, 113.14029693603516, 256.237060546875, 151.22683066196254
LOSS, -512.0, -512.0, 0.0, -0.08534755792632105, 5999, 207.4928741455078, 0, 2, 947198.6793441772, 115.4524917602539, 279.5328063964844, 157.89276201769917
LOSS, -192.0, -512.0, 80.0, -0.032005334222370396, 5999, 197.00987243652344, 0, 3, 1153779.6330718994, 123.28600311279297, 293.78076171875, 192.32866028869802
LOSS, -512.0, -512.0, 0.0, -0.08534755792632105, 5999, 232.8940887451172, 0, 1, 1016498.444984436, 115.6154556274414, 283.2279968261719, 169.44464827211803
LOSS, -416.0, -512.0, 32.0, -0.06934489081513585, 5999, 200.8940887451172, 0, 3, 1095547.8332061768, 133.2163848876953, 293.8398132324219, 182.6217424914447
LOSS, -224.0, -512.0, 32.0, -0.03733955659276546, 5999, 229.63409423828125, 0, 4, 1189533.7511138916, 134.24583435058594, 323.29022216796875, 198.2886732978649
LOSS, -512.0, -512.0, 0.0, -0.08534755792632105, 5999, 233.87747192382812, 0, 2, 1125388.8300323486, 136.36744689941406, 326.3796081542969, 187.59607101722764
LOSS, -512.0, -512.0, 0.0, -0.08534755792632105, 5999, 199.88465881347656, 0, 1, 1222487.2538604736, 143.41709899902344, 339.31201171875, 203.7818392832928
LOSS, -512.0, -512.0, 0.0, -0.08534755792632105, 5999, 166.4399871826172, 0, 1, 1153493.5924682617, 147.1781005859375, 331.226806640625, 192.2809789078616
LOSS, -416.0, -512.0, 32.0, -0.06934489081513585, 5999, 215.70997619628906, 0, 4, 1235736.4523010254, 142.6277618408203, 344.79693603515625, 205.9904071180239
LOSS, -512.0, -512.0, 0.0, -0.08534755792632105, 5999, 156.99456787109375, 0, 2, 1168866.738998413, 146.92494201660156, 366.34979248046875, 194.84359709925207
LOSS, -566.0, -512.0, 10.0, -0.09434905817636273, 5999, 145.42718505859375, 0, 5, 1403591.5895385742, 136.29934692382812, 378.3592224121094, 233.97092674421975
LOSS, -502.0, -512.0, 10.0, -0.08368061343557259, 5999, 152.86810302734375, 0, 2, 1295165.8960113525, 156.9252166748047, 378.0676574707031, 215.89696549614143
LOSS, -512.0, -512.0, 0.0, -0.08534755792632105, 5999, 188.0166473388672, 0, 2, 1308294.84274292, 157.44642639160156, 350.0516662597656, 218.08548803849308
LOSS, -512.0, -512.0, 0.0, -0.08534755792632105, 5999, 171.39498901367188, 0, 1, 1393977.949371338, 162.6947479248047, 358.4029235839844, 232.36838629293848
LOSS, -512.0, -512.0, 0.0, -0.08534755792632105, 5999, 140.99456787109375, 0, 2, 1363330.2602233887, 170.39549255371094, 328.461181640625, 227.25958663500396
LOSS, -512.0, -512.0, 0.0, -0.08534755792632105, 5999, 171.39498901367188, 0, 2, 1361538.7596740723, 167.43055725097656, 362.49444580078125, 226.96095343791836
LOSS, -512.0, -512.0, 0.0, -0.08534755792632105, 5999, 181.84796142578125, 0, 1, 1317467.7501068115, 167.71583557128906, 371.29736328125, 219.6145607779316
LOSS, -512.0, -512.0, 0.0, -0.08534755792632105, 5999, 217.40611267089844, 0, 2, 1495556.3045959473, 183.9178924560547, 386.45513916015625, 249.30093425503372
LOSS, -512.0, -512.0, 0.0, -0.08534755792632105, 5999, 214.70347595214844, 0, 2, 1355965.5356140137, 178.86199951171875, 369.5467529296875, 226.0319279236562
LOSS, -512.0, -512.0, 0.0, -0.08534755792632105, 5999, 216.5458526611328, 0, 0, 1454667.8128814697, 170.5647430419922, 390.89886474609375, 242.48504965518748
LOSS, -502.0, -512.0, 10.0, -0.08368061343557259, 5999, 218.2871551513672, 0, 1, 1392273.3173675537, 163.04702758789062, 362.38720703125, 232.0842336001923
LOSS, -512.0, -512.0, 0.0, -0.08534755792632105, 5999, 155.39498901367188, 0, 1, 1459424.0053863525, 177.0366668701172, 396.95062255859375, 243.27788054448283
LOSS, -512.0, -512.0, 0.0, -0.08534755792632105, 5999, 190.09500122070312, 0, 1, 1402688.9999084473, 168.4193878173828, 389.4701232910156, 233.82047006308505
LOSS, -512.0, -512.0, 0.0, -0.08534755792632105, 5999, 201.87747192382812, 0, 3, 1444971.4827423096, 178.3080596923828, 369.40234375, 240.86872524459235
LOSS, -512.0, -512.0, 0.0, -0.08534755792632105, 5999, 198.70347595214844, 0, 2, 1377471.447631836, 149.8936767578125, 364.8722839355469, 229.6168440793192
LOSS, -512.0, -512.0, 0.0, -0.08534755792632105, 5999, 206.7271728515625, 0, 2, 1437209.4379577637, 153.48403930664062, 396.0028076171875, 239.5748354655382
LOSS, -512.0, -512.0, 0.0, -0.08534755792632105, 5999, 187.39498901367188, 0, 1, 1350611.0934753418, 135.31544494628906, 370.0220031738281, 225.13937214124718
LOSS, -512.0, -512.0, 0.0, -0.08534755792632105, 5999, 203.39498901367188, 0, 1, 1412274.259262085, 159.78372192382812, 377.0679016113281, 235.4182795902792
LOSS, -512.0, -512.0, 0.0, -0.08534755792632105, 5999, 162.33998107910156, 0, 2, 1385404.18409729, 182.33665466308594, 388.36712646484375, 230.93918721408403
LOSS, -512.0, -512.0, 0.0, -0.08534755792632105, 5999, 199.3357391357422, 0, 3, 1593951.0547943115, 166.27578735351562, 389.4932556152344, 265.7027929312071
LOSS, -512.0, -512.0, 0.0, -0.08534755792632105, 5999, 233.87747192382812, 0, 3, 1416030.6522369385, 139.2108917236328, 410.3260803222656, 236.04444944773104
LOSS, -512.0, -512.0, 0.0, -0.08534755792632105, 5999, 140.20257568359375, 0, 0, 1420015.858947754, 189.5675811767578, 460.2033996582031, 236.7087612848398
LOSS, -512.0, -512.0, 0.0, -0.08534755792632105, 5999, 201.5025634765625, 0, 2, 1412012.5641174316, 192.0581512451172, 424.01849365234375, 235.37465646231567
LOSS, -512.0, -512.0, 0.0, -0.08534755792632105, 5999, 200.8940887451172, 0, 1, 1488090.4430084229, 173.7129669189453, 452.3874816894531, 248.05641657083228
LOSS, -512.0, -512.0, 0.0, -0.08534755792632105, 5999, 199.70997619628906, 0, 2, 1482296.0680847168, 200.16888427734375, 421.7507629394531, 247.090526435192
LOSS, -512.0, -512.0, 0.0, -0.08534755792632105, 5999, 201.87747192382812, 0, 2, 1472750.7437286377, 163.1632080078125, 434.02197265625, 245.49937385041468
LOSS, -502.0, -512.0, 10.0, -0.08368061343557259, 5999, 183.03765869140625, 0, 1, 1453446.444152832, 191.53843688964844, 393.2631530761719, 242.28145426784997
LOSS, -492.0, -512.0, 10.0, -0.08201366894482413, 5999, 218.4189453125, 0, 2, 1448831.573562622, 196.27017211914062, 422.6750793457031, 241.5121809572632
LOSS, -512.0, -512.0, 0.0, -0.08534755792632105, 5999, 217.87747192382812, 0, 2, 1431190.7417755127, 187.17140197753906, 406.984619140625, 238.571552221289
LOSS, -512.0, -512.0, 0.0, -0.08534755792632105, 5999, 177.42718505859375, 0, 2, 1400373.2732391357, 202.50857543945312, 363.88421630859375, 233.43445128173624
LOSS, -512.0, -512.0, 0.0, -0.08534755792632105, 5999, 187.39498901367188, 0, 1, 1398667.7936553955, 188.76156616210938, 484.3677978515625, 233.15015730211627
LOSS, -512.0, -512.0, 0.0, -0.08534755792632105, 5999, 183.70997619628906, 0, 0, 1561934.417022705, 168.2834014892578, 467.2084655761719, 260.3657971366403
LOSS, -512.0, -512.0, 0.0, -0.08534755792632105, 5999, 228.50265502929688, 0, 1, 1432555.4524230957, 192.5360565185547, 384.3894348144531, 238.79904191083443
LOSS, -512.0, -512.0, 0.0, -0.08534755792632105, 5999, 171.39498901367188, 0, 3, 1444584.5078735352, 191.9849853515625, 408.9629211425781, 240.8042186820362
LOSS, -512.0, -512.0, 0.0, -0.08534755792632105, 5999, 169.5025634765625, 0, 2, 1441540.5495910645, 162.25790405273438, 403.9426574707031, 240.29680773313294
LOSS, -512.0, -512.0, 0.0, -0.08534755792632105, 5999, 225.4762420654297, 0, 2, 1419103.8460235596, 203.47027587890625, 411.708740234375, 236.5567337928921
LOSS, -512.0, -512.0, 0.0, -0.08534755792632105, 5999, 198.1680908203125, 0, 1, 1401921.2127838135, 166.8142547607422, 390.02069091796875, 233.69248421133747
LOSS, -512.0, -512.0, 0.0, -0.08534755792632105, 5999, 230.27906799316406, 0, 1, 1408584.9464111328, 201.0859375, 385.4067077636719, 234.80329161712498
LOSS, -512.0, -512.0, 0.0, -0.08534755792632105, 5999, 183.3357391357422, 0, 2, 1430533.0934906006, 145.55874633789062, 412.1396789550781, 238.46192590275055
LOSS, -512.0, -512.0, 0.0, -0.08534755792632105, 5999, 218.2871551513672, 0, 2, 1529109.3591918945, 189.2283935546875, 534.2274780273438, 254.89404220568338
LOSS, -566.0, -512.0, 10.0, -0.09434905817636273, 5999, 177.5953826904297, 0, 3, 1430101.8724060059, 192.50807189941406, 440.8910827636719, 238.39004374162457
LOSS, -512.0, -512.0, 0.0, -0.08534755792632105, 5999, 186.2871551513672, 0, 0, 1542706.5921936035, 211.2020263671875, 398.95782470703125, 257.16062546984557
LOSS, -512.0, -512.0, 0.0, -0.08534755792632105, 5999, 231.70997619628906, 0, 2, 1444755.9220428467, 202.10784912109375, 418.2576904296875, 240.8327924725532
LOSS, -320.0, -512.0, 32.0, -0.053342223703950656, 5999, 106.61289978027344, 0, 6, 1605576.2351837158, 215.52239990234375, 498.93316650390625, 267.64064597161456
LOSS, -512.0, -512.0, 0.0, -0.08534755792632105, 5999, 200.81610107421875, 0, 2, 1553729.185913086, 144.30160522460938, 425.4697265625, 258.99803065729054
LOSS, -512.0, -512.0, 0.0, -0.08534755792632105, 5999, 198.45187377929688, 0, 2, 1529775.3362426758, 149.7291717529297, 425.89813232421875, 255.00505688325984
LOSS, -512.0, -512.0, 0.0, -0.08534755792632105, 5999, 142.09500122070312, 0, 1, 1467147.2048492432, 172.93121337890625, 407.8160705566406, 244.56529502404453
LOSS, -512.0, -512.0, 0.0, -0.08534755792632105, 5999, 145.42718505859375, 0, 3, 1642540.3800506592, 148.9691619873047, 440.9825134277344, 273.8023637357325
LOSS, -512.0, -512.0, 0.0, -0.08534755792632105, 5999, 183.3357391357422, 0, 2, 1485788.9577178955, 177.40652465820312, 454.9450988769531, 247.67277174827396
LOSS, -512.0, -512.0, 0.0, -0.08534755792632105, 5999, 205.11895751953125, 0, 1, 1476706.556793213, 150.0098419189453, 429.12921142578125, 246.15878592985712
LOSS, -512.0, -512.0, 0.0, -0.08534755792632105, 5999, 217.40611267089844, 0, 1, 1509687.945678711, 167.97357177734375, 439.6073913574219, 251.65660037984847
LOSS, -512.0, -512.0, 0.0, -0.08534755792632105, 5999, 132.30999755859375, 0, 2, 1644833.1716461182, 182.3795928955078, 531.7352294921875, 274.18455936758096
LOSS, -512.0, -512.0, 0.0, -0.08534755792632105, 5999, 180.30999755859375, 0, 1, 1489897.3793487549, 186.15093994140625, 544.4908447265625, 248.35762282859724
LOSS, -512.0, -512.0, 0.0, -0.08534755792632105, 5999, 145.5953826904297, 0, 3, 1631559.0375976562, 195.9727020263672, 435.5834655761719, 271.97183490542693
LOSS, -512.0, -512.0, 0.0, -0.08534755792632105, 5999, 167.3357391357422, 0, 2, 1631676.3705444336, 220.19024658203125, 502.40478515625, 271.99139365634835
LOSS, -512.0, -512.0, 0.0, -0.08534755792632105, 5999, 193.42718505859375, 0, 2, 1545620.245956421, 199.77264404296875, 420.8126525878906, 257.64631537863323
LOSS, -512.0, -512.0, 0.0, -0.08534755792632105, 5999, 213.12075805664062, 0, 1, 1680502.109161377, 195.5203857421875, 448.1289367675781, 280.1303732557721
LOSS, -502.0, -512.0, 10.0, -0.08368061343557259, 5999, 206.7271728515625, 0, 1, 1554141.199798584, 207.1848907470703, 447.7685546875, 259.0667110849448
LOSS, -512.0, -512.0, 0.0, -0.08534755792632105, 5999, 207.4928741455078, 0, 2, 1762390.79246521, 205.61427307128906, 463.5151672363281, 293.7807622045691
LOSS, -512.0, -512.0, 0.0, -0.08534755792632105, 5999, 211.84591674804688, 0, 2, 1675499.798461914, 211.87022399902344, 413.86346435546875, 279.29651582962396
LOSS, -502.0, -512.0, 10.0, -0.08368061343557259, 5999, 186.03575134277344, 0, 3, 1602267.4762420654, 221.31820678710938, 629.416015625, 267.08909422271466
LOSS, -374.0, -512.0, 48.0, -0.06234372395399233, 5999, 225.49822998046875, 0, 4, 1798357.3901367188, 158.34080505371094, 547.8963012695312, 299.77619438851787
LOSS, -544.0, -512.0, 10.0, -0.09068178029671611, 5999, 234.2871551513672, 0, 1, 1768752.101348877, 220.6732177734375, 547.584716796875, 294.8411570843269
LOSS, -512.0, -512.0, 0.0, -0.08534755792632105, 5999, 166.8853759765625, 0, 1, 1869224.9280548096, 251.62083435058594, 508.3774108886719, 311.5894195790648
LOSS, -512.0, -512.0, 0.0, -0.08534755792632105, 5999, 190.28321838378906, 0, 2, 1876778.7089385986, 222.36570739746094, 455.5032958984375, 312.8485929219201
LOSS, -512.0, -512.0, 0.0, -0.08534755792632105, 5999, 171.39498901367188, 0, 2, 1849550.2902374268, 255.03872680664062, 568.9859619140625, 308.30976666734904
LOSS, -496.0, -512.0, 16.0, -0.08268044674112351, 5999, 155.39498901367188, 0, 1, 1999838.3072509766, 265.8005065917969, 557.810546875, 333.3619448659738
LOSS, -512.0, -512.0, 0.0, -0.08534755792632105, 5999, 161.5953826904297, 0, 2, 1927807.8170928955, 237.71702575683594, 484.8365173339844, 321.35486199248135
LOSS, -512.0, -512.0, 0.0, -0.08534755792632105, 5999, 170.03575134277344, 0, 2, 1864679.3730773926, 260.3564147949219, 478.8883056640625, 310.8317007963648
LOSS, -512.0, -512.0, 0.0, -0.08534755792632105, 5999, 190.7271728515625, 0, 3, 1856810.341079712, 235.287353515625, 458.60546875, 309.5199768427591
LOSS, -448.0, -512.0, 32.0, -0.07467911318553092, 5999, 187.39498901367188, 0, 2, 1903655.4245758057, 248.69422912597656, 608.609375, 317.3287922280056
LOSS, -512.0, -512.0, 0.0, -0.08534755792632105, 5999, 167.88465881347656, 0, 1, 1980173.413635254, 260.2916259765625, 485.3241271972656, 330.0839162585854
LOSS, -512.0, -512.0, 0.0, -0.08534755792632105, 5999, 201.5025634765625, 0, 1, 2041607.3730773926, 224.46749877929688, 572.8187866210938, 340.3246162822791
LOSS, -416.0, -512.0, 32.0, -0.06934489081513585, 5999, 148.30999755859375, 0, 3, 1962964.390625, 281.6031494140625, 520.8130493164062, 327.2152676487748
LOSS, -512.0, -512.0, 0.0, -0.08534755792632105, 5999, 182.1680908203125, 0, 2, 1930221.2346801758, 275.9858093261719, 574.8045654296875, 321.7571653075806
LOSS, -512.0, -512.0, 0.0, -0.08534755792632105, 5999, 232.8940887451172, 0, 2, 1823944.9692077637, 258.5127258300781, 490.8018493652344, 304.0415017849248
LOSS, -128.0, -512.0, 32.0, -0.021336889481580263, 5999, 174.09500122070312, 0, 6, 2196543.2333831787, 106.49540710449219, 622.4400024414062, 366.1515641578894
LOSS, -512.0, -512.0, 0.0, -0.08534755792632105, 5999, 171.1112518310547, 0, 1, 1948883.576538086, 192.08163452148438, 541.5003051757812, 324.8680741020313
LOSS, -512.0, -512.0, 0.0, -0.08534755792632105, 5999, 217.40611267089844, 0, 2, 2016904.0148773193, 204.11654663085938, 561.3834228515625, 336.20670359681935
LOSS, -512.0, -512.0, 0.0, -0.08534755792632105, 5999, 172.20257568359375, 0, 2, 2212084.7138824463, 214.21286010742188, 754.9838256835938, 368.7422426875223
LOSS, -502.0, -512.0, 10.0, -0.08368061343557259, 5999, 234.2871551513672, 0, 3, 2281050.0384521484, 215.54603576660156, 692.4295043945312, 380.23837947193675
LOSS, -374.0, -512.0, 48.0, -0.06234372395399233, 5999, 226.07333374023438, 0, 4, 2290643.3302459717, 193.1160430908203, 809.6842041015625, 381.8375279623223
LOSS, -512.0, -512.0, 0.0, -0.08534755792632105, 5999, 234.4189453125, 0, 2, 2070515.7409973145, 233.2872314453125, 586.3591918945312, 345.14348074634347
LOSS, -512.0, -512.0, 0.0, -0.08534755792632105, 5999, 167.3357391357422, 0, 1, 2151834.9465179443, 245.49349975585938, 650.2544555664062, 358.69894090980904
LOSS, -448.0, -512.0, 32.0, -0.07467911318553092, 5999, 225.0, 0, 4, 2297344.516998291, 248.1585693359375, 693.4930419921875, 382.9545785961479
LOSS, -512.0, -512.0, 0.0, -0.08534755792632105, 5999, 193.49822998046875, 0, 2, 2215958.1723632812, 292.83465576171875, 692.9473266601562, 369.38792671499937
LOSS, -326.0, -512.0, 48.0, -0.054342390398399734, 5999, 193.38015747070312, 0, 6, 2725416.6204833984, 224.64854431152344, 842.0986328125, 454.31182205090823
LOSS, -512.0, -512.0, 0.0, -0.08534755792632105, 5999, 214.13201904296875, 0, 2, 2320941.2299194336, 289.66143798828125, 631.25341796875, 386.88801965651504
LOSS, -512.0, -512.0, 0.0, -0.08534755792632105, 5999, 164.30999755859375, 0, 2, 2347796.0845336914, 284.8941955566406, 629.9921875, 391.3645748514238
LOSS, -512.0, -512.0, 0.0, -0.08534755792632105, 5999, 236.42747497558594, 0, 3, 2418523.7665100098, 319.62835693359375, 803.0060424804688, 403.1544868328071
LOSS, -502.0, -512.0, 10.0, -0.08368061343557259, 5999, 174.09500122070312, 0, 2, 2429935.793029785, 318.242919921875, 690.1878051757812, 405.05680830634856
LOSS, -512.0, -512.0, 0.0, -0.08534755792632105, 5999, 186.2871551513672, 0, 3, 2571376.8319091797, 326.473876953125, 709.9974365234375, 428.6342443589231
LOSS, -512.0, -512.0, 0.0, -0.08534755792632105, 5999, 227.53067016601562, 0, 1, 2465577.8427124023, 327.1533203125, 823.84765625, 410.99814014209073
LOSS, -416.0, -512.0, 32.0, -0.06934489081513585, 5999, 189.11895751953125, 0, 3, 2588982.320098877, 340.625732421875, 733.3602905273438, 431.5689815133984
LOSS, -214.0, -512.0, 32.0, -0.035672612102017005, 5999, 223.4928741455078, 0, 4, 3016429.0985717773, 244.26275634765625, 775.7102661132812, 502.82198675975616
LOSS, -512.0, -512.0, 0.0, -0.08534755792632105, 5999, 199.3357391357422, 0, 2, 2484775.606903076, 316.2606201171875, 698.2858276367188, 414.1983008673239
LOSS, -512.0, -512.0, 0.0, -0.08534755792632105, 5999, 161.62350463867188, 0, 1, 2531369.059967041, 333.3758239746094, 747.2593383789062, 421.9651708563162
LOSS, -512.0, -512.0, 0.0, -0.08534755792632105, 5999, 181.94898986816406, 0, 1, 2462048.3506469727, 331.9141540527344, 697.88916015625, 410.4097934067299
LOSS, -512.0, -512.0, 0.0, -0.08534755792632105, 5999, 198.1680908203125, 0, 2, 2504337.9102478027, 331.6943359375, 827.2898559570312, 417.45922824600814
LOSS, -512.0, -512.0, 0.0, -0.08534755792632105, 5999, 214.45187377929688, 0, 2, 2652187.0655822754, 331.0557861328125, 776.9422607421875, 442.1048617406693
LOSS, -512.0, -512.0, 0.0, -0.08534755792632105, 5999, 180.30999755859375, 0, 3, 2535471.98046875, 324.51007080078125, 810.4701538085938, 422.6491049289465
LOSS, -374.0, -512.0, 32.0, -0.06234372395399233, 5999, 233.5814666748047, 0, 3, 3081830.100402832, 330.8682556152344, 804.2830810546875, 513.7239707289268
LOSS, -512.0, -512.0, 0.0, -0.08534755792632105, 5999, 188.20257568359375, 0, 2, 2424754.9546813965, 306.2244567871094, 707.3057861328125, 404.1931913121181
LOSS, -502.0, -512.0, 10.0, -0.08368061343557259, 5999, 199.70997619628906, 0, 1, 2541808.661743164, 347.8498229980469, 696.2330322265625, 423.7053945229478
LOSS, -512.0, -512.0, 0.0, -0.08534755792632105, 5999, 164.1741485595703, 0, 2, 2523142.353302002, 340.8819274902344, 674.0328979492188, 420.5938245210872
LOSS, -512.0, -512.0, 0.0, -0.08534755792632105, 5999, 196.46804809570312, 0, 2, 2522554.0613098145, 339.90771484375, 700.6461791992188, 420.49575951155435
LOSS, -496.0, -512.0, 16.0, -0.08268044674112351, 5999, 183.70997619628906, 0, 1, 2774532.8574523926, 358.2584533691406, 830.3858642578125, 462.49922611308426
LOSS, -502.0, -512.0, 10.0, -0.08368061343557259, 5999, 185.5025634765625, 0, 2, 2330226.70501709, 301.6152648925781, 701.8504028320312, 388.435856812317
LOSS, -512.0, -512.0, 0.0, -0.08534755792632105, 5999, 216.29779052734375, 0, 2, 2342647.883453369, 299.4112548828125, 671.23046875, 390.506398308613
LOSS, -512.0, -512.0, 0.0, -0.08534755792632105, 5999, 169.3743896484375, 0, 2, 2316415.6828918457, 297.77081298828125, 693.356201171875, 386.133636087989
LOSS, -502.0, -512.0, 10.0, -0.08368061343557259, 5999, 205.11895751953125, 0, 1, 2410555.192260742, 294.3016357421875, 742.2109375, 401.82616973841345
LOSS, -512.0, -512.0, 0.0, -0.08534755792632105, 5999, 186.4189453125, 0, 1, 2559646.5668945312, 327.9071960449219, 694.543701171875, 426.67887429480436
LOSS, -512.0, -512.0, 0.0, -0.08534755792632105, 5999, 232.81610107421875, 0, 1, 2287860.630340576, 304.3083190917969, 686.2557373046875, 381.3736673346518
LOSS, -502.0, -512.0, 10.0, -0.08368061343557259, 5999, 191.4928741455078, 0, 3, 2379034.53805542, 311.7852478027344, 725.8523559570312, 396.5718516511785
LOSS, -208.0, -512.0, 32.0, -0.03467244540756793, 5999, 203.39498901367188, 0, 4, 3145140.907470703, 345.497314453125, 868.9532470703125, 524.2775308335895
LOSS, -512.0, -512.0, 0.0, -0.08534755792632105, 5999, 223.4928741455078, 0, 2, 2331445.871246338, 307.97174072265625, 702.1226196289062, 388.6390850552322
LOSS, -512.0, -512.0, 0.0, -0.08534755792632105, 5999, 174.09500122070312, 0, 1, 2301817.433319092, 301.2228088378906, 674.6981811523438, 383.70018891800163
LOSS, -512.0, -512.0, 0.0, -0.08534755792632105, 5999, 227.9772491455078, 0, 1, 2332678.4970703125, 291.51849365234375, 712.6136474609375, 388.84455693787504
LOSS, -512.0, -512.0, 0.0, -0.08534755792632105, 5999, 199.88465881347656, 0, 2, 2431257.3864746094, 274.30255126953125, 745.693359375, 405.2771105975345
LOSS, -288.0, -512.0, 32.0, -0.048008001333555594, 5999, 174.1080322265625, 0, 6, 3078343.089996338, 310.3880615234375, 870.2637939453125, 513.1427054502981
LOSS, -502.0, -512.0, 10.0, -0.08368061343557259, 5999, 210.19288635253906, 0, 3, 2390816.1803894043, 278.45330810546875, 704.8112182617188, 398.5357860292389
LOSS, -374.0, -512.0, 32.0, -0.06234372395399233, 5999, 229.12075805664062, 0, 6, 3270460.23828125, 282.18902587890625, 842.9066772460938, 545.1675676414819
LOSS, -512.0, -512.0, 0.0, -0.08534755792632105, 5999, 185.58538818359375, 0, 2, 2319580.041015625, 270.3341369628906, 737.3345336914062, 386.6611170221079
LOSS, -512.0, -512.0, 0.0, -0.08534755792632105, 5999, 202.2871551513672, 0, 2, 2746982.7893981934, 295.69940185546875, 879.3336791992188, 457.906782696815
LOSS, -512.0, -512.0, 0.0, -0.08534755792632105, 5999, 216.8940887451172, 0, 3, 2935982.2487487793, 352.8417663574219, 945.5235595703125, 489.4119434487047
LOSS, -352.0, -512.0, 32.0, -0.058676446074345724, 5999, 233.62689208984375, 0, 7, 2954378.5795898438, 337.0184631347656, 837.6312255859375, 492.4785096832545
LOSS, -230.0, -512.0, 80.0, -0.038339723287214536, 5999, 232.0178985595703, 0, 6, 3390988.4554748535, 354.6191101074219, 896.8629150390625, 565.258952404543
LOSS, -554.0, -512.0, 0.0, -0.09234872478746457, 5999, 215.41397094726562, 0, 1, 2961101.276550293, 348.3308410644531, 926.632568359375, 493.59914594937374
LOSS, -448.0, -512.0, 32.0, -0.07467911318553092, 5999, 169.58538818359375, 0, 4, 2738987.1777038574, 284.7505798339844, 864.0037231445312, 456.5739586104113
LOSS, -512.0, -512.0, 0.0, -0.08534755792632105, 5999, 231.70997619628906, 0, 3, 2677898.4998779297, 312.46673583984375, 753.6795654296875, 446.3908151155075
LOSS, -240.0, -512.0, 80.0, -0.040006667777962995, 5999, 177.42718505859375, 0, 4, 3436652.5799560547, 366.1087951660156, 944.2581176757812, 572.8709084774221
LOSS, -512.0, -512.0, 0.0, -0.08534755792632105, 5999, 179.53067016601562, 0, 1, 2663282.2339172363, 353.336669921875, 805.8533935546875, 443.9543647136583
LOSS, -176.0, -512.0, 32.0, -0.029338223037172862, 5999, 227.15106201171875, 0, 4, 3535840.376800537, 325.8352355957031, 932.8228149414062, 589.4049636273608
LOSS, -512.0, -512.0, 0.0, -0.08534755792632105, 5999, 200.5458526611328, 0, 3, 2751360.7898254395, 355.11322021484375, 753.5645141601562, 458.63657106608423
LOSS, -240.0, -512.0, 32.0, -0.040006667777962995, 5999, 201.5025634765625, 0, 4, 3766887.604248047, 337.3271789550781, 928.2083129882812, 627.919253916994
LOSS, -512.0, -512.0, 0.0, -0.08534755792632105, 5999, 203.39498901367188, 0, 2, 2590215.662384033, 333.3434143066406, 728.5313720703125, 431.77457282614324
LOSS, -140.0, -512.0, 32.0, -0.023337222870478413, 5999, 190.7271728515625, 0, 3, 3294469.0256347656, 351.5831604003906, 924.19970703125, 549.1696992223314
LOSS, -512.0, -512.0, 0.0, -0.08534755792632105, 5999, 198.8853759765625, 0, 1, 2789699.745361328, 333.62408447265625, 819.9201049804688, 465.02746213724424
LOSS, -512.0, -512.0, 0.0, -0.08534755792632105, 5999, 182.8853759765625, 0, 2, 2931272.347381592, 347.98382568359375, 864.82763671875, 488.6268290351045
LOSS, -512.0, -512.0, 0.0, -0.08534755792632105, 5999, 218.4189453125, 0, 2, 2767546.8107910156, 346.3840637207031, 871.8848876953125, 461.33469091365487
LOSS, -512.0, -512.0, 0.0, -0.08534755792632105, 5999, 201.5025634765625, 0, 3, 2927405.7246398926, 235.76669311523438, 858.0758666992188, 487.98228448739667
LOSS, -512.0, -512.0, 0.0, -0.08534755792632105, 5999, 186.2871551513672, 0, 0, 2741010.5950927734, 247.27276611328125, 724.1680908203125, 456.91125105730515
LOSS, -512.0, -512.0, 0.0, -0.08534755792632105, 5999, 178.33998107910156, 0, 2, 2769870.4140319824, 292.24310302734375, 830.3443603515625, 461.7220226757764
LOSS, -512.0, -512.0, 0.0, -0.08534755792632105, 5999, 202.19541931152344, 0, 1, 2672400.987854004, 326.9541931152344, 718.4419555664062, 445.4744103773969
LOSS, -512.0, -512.0, 0.0, -0.08534755792632105, 5999, 199.70997619628906, 0, 2, 2501070.644683838, 320.5074157714844, 658.3529052734375, 416.9145932128418
LOSS, -512.0, -512.0, 0.0, -0.08534755792632105, 5999, 195.53067016601562, 0, 2, 2446528.276245117, 313.5706787109375, 667.69970703125, 407.82268315471197
LOSS, -512.0, -512.0, 0.0, -0.08534755792632105, 5999, 158.10801696777344, 0, 1, 2514234.4277648926, 324.8670959472656, 711.3165283203125, 419.108922781279
LOSS, -512.0, -512.0, 0.0, -0.08534755792632105, 5999, 156.99456787109375, 0, 2, 2481716.652404785, 309.19921875, 701.02392578125, 413.6883901324863
LOSS, -512.0, -512.0, 0.0, -0.08534755792632105, 5999, 218.4189453125, 0, 2, 2530748.5960998535, 300.8995666503906, 697.4813842773438, 421.86174297380455
LOSS, -342.0, -512.0, 32.0, -0.057009501583597265, 5999, 234.2599639892578, 0, 6, 2755443.49017334, 301.1011657714844, 833.31494140625, 459.3171345513152
LOSS, -240.0, -512.0, 80.0, -0.040006667777962995, 5999, 200.8940887451172, 0, 3, 2984273.3791503906, 306.0130310058594, 823.9954833984375, 497.4618068262028
LOSS, -512.0, -512.0, 0.0, -0.08534755792632105, 5999, 123.11125183105469, 0, 1, 2399552.6252441406, 313.11346435546875, 647.173583984375, 399.99210289117195
LOSS, -512.0, -512.0, 0.0, -0.08534755792632105, 5999, 177.62350463867188, 0, 1, 2560030.055999756, 300.0348815917969, 816.6263427734375, 426.742799799926
LOSS, -502.0, -512.0, 10.0, -0.08368061343557259, 5999, 174.7271728515625, 0, 3, 2215051.3760375977, 299.071044921875, 707.708984375, 369.23676880106643
LOSS, -432.0, -512.0, 16.0, -0.07201200200033339, 5999, 201.87747192382812, 0, 3, 2450734.1915893555, 290.6065979003906, 729.9786987304688, 408.5237858958752
LOSS, -512.0, -512.0, 0.0, -0.08534755792632105, 5999, 230.45187377929688, 0, 2, 2298864.7646484375, 294.6815490722656, 685.6834716796875, 383.20799544064636
LOSS, -512.0, -512.0, 0.0, -0.08534755792632105, 5999, 187.39498901367188, 0, 1, 2196865.87310791, 280.3868408203125, 614.5541381835938, 366.2053464090532
LOSS, -512.0, -512.0, 0.0, -0.08534755792632105, 5999, 231.41397094726562, 0, 1, 2347586.7289733887, 287.7960205078125, 693.65234375, 391.3296764416384
LOSS, -512.0, -512.0, 0.0, -0.08534755792632105, 5999, 218.4189453125, 0, 2, 2229005.5222473145, 270.5641174316406, 657.2103271484375, 371.56284751580506
LOSS, -512.0, -512.0, 0.0, -0.08534755792632105, 5999, 215.64369201660156, 0, 2, 2269988.5618896484, 282.66455078125, 687.34423828125, 378.39449273039645
LOSS, -534.0, -512.0, 10.0, -0.08901483580596767, 5999, 214.1680908203125, 0, 6, 2584057.3855285645, 279.6006774902344, 758.22314453125, 430.7480222584705
LOSS, -384.0, -512.0, 32.0, -0.06401066844474079, 5999, 188.20257568359375, 0, 5, 3365274.8646850586, 254.48849487304688, 851.2617797851562, 560.9726395541021
LOSS, -496.0, -512.0, 16.0, -0.08268044674112351, 5999, 230.70347595214844, 0, 2, 3048529.299255371, 304.9071044921875, 819.30419921875, 508.1729120278998
LOSS, -512.0, -512.0, 0.0, -0.08534755792632105, 5999, 153.58538818359375, 0, 1, 2364526.5115966797, 301.47955322265625, 641.0872802734375, 394.1534441734755
LOSS, -368.0, -512.0, 32.0, -0.061343557259543255, 5999, 162.33998107910156, 0, 7, 2791083.1120910645, 297.2995300292969, 825.9483642578125, 465.2580616921261
LOSS, -384.0, -512.0, 32.0, -0.06401066844474079, 5999, 231.41397094726562, 0, 7, 2803648.304382324, 317.0109558105469, 709.05859375, 467.35260949863715
LOSS, -512.0, -512.0, 0.0, -0.08534755792632105, 5999, 185.87747192382812, 0, 1, 2457441.6033325195, 316.0087890625, 660.1558227539062, 409.6418742011201
LOSS, -512.0, -512.0, 0.0, -0.08534755792632105, 5999, 216.8940887451172, 0, 2, 2466993.248046875, 276.787109375, 669.1844482421875, 411.23408035453826
LOSS, -448.0, -512.0, 32.0, -0.07467911318553092, 5999, 169.58538818359375, 0, 3, 2636748.8992614746, 326.2749938964844, 700.8839721679688, 439.5314051110976
LOSS, -512.0, -512.0, 0.0, -0.08534755792632105, 5999, 198.1680908203125, 0, 3, 2565560.9868774414, 305.544677734375, 710.6839599609375, 427.6647752754528
LOSS, -512.0, -512.0, 0.0, -0.08534755792632105, 5999, 213.0519561767578, 0, 2, 2451592.3314208984, 294.4859313964844, 676.733642578125, 408.66683304232345
LOSS, -512.0, -512.0, 0.0, -0.08534755792632105, 5999, 182.279052734375, 0, 2, 2362361.682067871, 296.17547607421875, 628.3049926757812, 393.7925791078298
LOSS, -368.0, -512.0, 80.0, -0.061343557259543255, 5999, 229.63409423828125, 0, 2, 2441459.613861084, 300.8298645019531, 775.7213134765625, 406.9777652710592
LOSS, -480.0, -512.0, 16.0, -0.08001333555592599, 5999, 180.8842010498047, 0, 3, 2442139.3500061035, 305.2063903808594, 756.391357421875, 407.09107351326946
LOSS, -288.0, -512.0, 32.0, -0.048008001333555594, 5999, 167.3357391357422, 0, 3, 3119816.7423095703, 310.74273681640625, 887.328857421875, 520.056133073774
LOSS, -512.0, -512.0, 0.0, -0.08534755792632105, 5999, 223.4928741455078, 0, 2, 2562257.808959961, 321.9647521972656, 695.0770874023438, 427.1141538523022
LOSS, -112.0, -512.0, 32.0, -0.01866977829638273, 5999, 235.44407653808594, 0, 3, 3314090.0050964355, 357.4388732910156, 815.9207153320312, 552.4404075840033
LOSS, -502.0, -512.0, 10.0, -0.08368061343557259, 5999, 206.7271728515625, 0, 1, 2839883.66116333, 307.6889953613281, 787.986083984375, 473.3928423342774
LOSS, -416.0, -512.0, 32.0, -0.06934489081513585, 5999, 212.50265502929688, 0, 3, 2778031.0752563477, 345.59796142578125, 770.0658569335938, 463.0823596026584
LOSS, -512.0, -512.0, 0.0, -0.08534755792632105, 5999, 213.0519561767578, 0, 2, 2486583.596008301, 327.1755676269531, 708.146484375, 414.49968261515266
LOSS, -512.0, -512.0, 0.0, -0.08534755792632105, 5999, 235.44407653808594, 0, 3, 2765889.563232422, 322.9429931640625, 809.0003051757812, 461.0584369448945
LOSS, -512.0, -512.0, 0.0, -0.08534755792632105, 5999, 181.12075805664062, 0, 1, 2464547.6510620117, 323.7767333984375, 725.8756103515625, 410.82641291248734
LOSS, -512.0, -512.0, 0.0, -0.08534755792632105, 5999, 230.70347595214844, 0, 2, 2544955.558868408, 321.36859130859375, 723.3897705078125, 424.22996480553564
LOSS, -512.0, -512.0, 0.0, -0.08534755792632105, 5999, 156.20257568359375, 0, 1, 2511975.009185791, 332.93743896484375, 703.3164672851562, 418.7322902460062
LOSS, -512.0, -512.0, 0.0, -0.08534755792632105, 5999, 154.03575134277344, 0, 2, 2405721.9523620605, 304.3213195800781, 619.6525268554688, 401.02049547625614
LOSS, -512.0, -512.0, 0.0, -0.08534755792632105, 5999, 171.39498901367188, 0, 2, 2325289.369415283, 312.42340087890625, 604.873291015625, 387.61283037427626
LOSS, -406.0, -512.0, 16.0, -0.0676779463243874, 5999, 129.62350463867188, 0, 3, 2686839.4990234375, 305.5345764160156, 812.5208129882812, 447.8812300422466
LOSS, -512.0, -512.0, 0.0, -0.08534755792632105, 5999, 184.86810302734375, 0, 2, 2326453.622253418, 313.1553649902344, 628.0096435546875, 387.806904859713
LOSS, -512.0, -512.0, 0.0, -0.08534755792632105, 5999, 219.44407653808594, 0, 2, 2373371.8206481934, 279.9499816894531, 636.5060424804688, 395.62790809271434
LOSS, -512.0, -512.0, 0.0, -0.08534755792632105, 5999, 214.70347595214844, 0, 2, 2241940.2216796875, 279.9207458496094, 583.7111206054688, 373.71899011163316
LOSS, -336.0, -512.0, 80.0, -0.056009334889148193, 5999, 182.8853759765625, 0, 2, 2352899.6434020996, 261.13153076171875, 706.8911743164062, 392.21530978531416
LOSS, -512.0, -512.0, 0.0, -0.08534755792632105, 5999, 173.11895751953125, 0, 2, 2577369.732116699, 313.5068054199219, 735.5478515625, 429.6332275573761
LOSS, -288.0, -512.0, 80.0, -0.048008001333555594, 5999, 201.87747192382812, 0, 2, 2943463.5623779297, 312.1287536621094, 795.3270263671875, 490.65903690247205
LOSS, -396.0, -512.0, 32.0, -0.06601100183363894, 5999, 188.56626892089844, 0, 4, 2843105.053466797, 206.89712524414062, 779.6900634765625, 473.9298305495577
LOSS, -512.0, -512.0, 0.0, -0.08534755792632105, 5999, 161.38015747070312, 0, 2, 2197586.7943115234, 265.4921875, 638.1664428710938, 366.32551997191587
LOSS, -368.0, -512.0, 32.0, -0.061343557259543255, 5999, 214.1680908203125, 0, 6, 2622344.9090881348, 298.99700927734375, 726.6760864257812, 437.13033990467324
LOSS, -512.0, -512.0, 0.0, -0.08534755792632105, 5999, 190.7271728515625, 0, 1, 2258341.772125244, 265.7626037597656, 685.0338745117188, 376.4530375271286
LOSS, -554.0, -512.0, 0.0, -0.09234872478746457, 5999, 198.8853759765625, 0, 0, 2199831.546356201, 292.65753173828125, 596.7242431640625, 366.6997076773131
LOSS, -512.0, -512.0, 0.0, -0.08534755792632105, 5999, 174.09500122070312, 0, 2, 1991564.444732666, 215.77110290527344, 607.1219482421875, 331.98273791176297
LOSS, -512.0, -512.0, 0.0, -0.08534755792632105, 5999, 212.93898010253906, 0, 2, 1918261.7222595215, 259.3513488769531, 541.8485107421875, 319.7635809734158
LOSS, -512.0, -512.0, 0.0, -0.08534755792632105, 5999, 193.42718505859375, 0, 3, 2473415.023742676, 273.90557861328125, 686.31591796875, 412.304554716232
LOSS, -374.0, -512.0, 32.0, -0.06234372395399233, 5999, 203.39498901367188, 0, 4, 3078232.2794799805, 330.4456787109375, 794.5100708007812, 513.1242339523221
LOSS, -502.0, -512.0, 10.0, -0.08368061343557259, 5999, 199.3357391357422, 0, 2, 2356291.5779418945, 261.13507080078125, 705.467041015625, 392.7807264447232
LOSS, -512.0, -512.0, 0.0, -0.08534755792632105, 5999, 158.09500122070312, 0, 1, 2175834.7407073975, 251.0301971435547, 645.7303466796875, 362.6995733801296
LOSS, -512.0, -512.0, 0.0, -0.08534755792632105, 5999, 200.8940887451172, 0, 2, 2299293.245574951, 264.69195556640625, 642.0684814453125, 383.27942083263065
LOSS, -512.0, -512.0, 0.0, -0.08534755792632105, 5999, 191.4928741455078, 0, 2, 2245411.320159912, 272.4957580566406, 633.8707275390625, 374.29760296047874
LOSS, -236.0, -512.0, 32.0, -0.03933988998166361, 5999, 185.6422119140625, 0, 5, 3149870.9692382812, 289.5079345703125, 813.1348266601562, 525.0660058740259
LOSS, -512.0, -512.0, 0.0, -0.08534755792632105, 5999, 181.80006408691406, 0, 4, 2852075.046569824, 266.3736267089844, 809.0042724609375, 475.42507860807206
LOSS, -448.0, -512.0, 32.0, -0.07467911318553092, 5999, 191.4928741455078, 0, 4, 2644470.9837036133, 249.42599487304688, 736.4649658203125, 440.8186337228894
LOSS, -182.0, -512.0, 32.0, -0.030338389731621937, 5999, 194.19288635253906, 0, 6, 2739458.807434082, 330.2525329589844, 697.163818359375, 456.65257666845844
LOSS, -256.0, -512.0, 80.0, -0.042673778963160526, 5999, 217.35662841796875, 0, 2, 2386484.3664245605, 185.7589569091797, 781.7194213867188, 397.81369668687455
LOSS, -496.0, -512.0, 16.0, -0.08268044674112351, 5999, 182.70347595214844, 0, 1, 2531350.4622192383, 280.5009765625, 737.0750122070312, 421.9620707149922
LOSS, -512.0, -512.0, 0.0, -0.08534755792632105, 5999, 201.5025634765625, 0, 1, 2566055.091491699, 267.7087097167969, 714.2545776367188, 427.74713977191186
LOSS, -512.0, -512.0, 0.0, -0.08534755792632105, 5999, 200.8940887451172, 0, 2, 2118208.964630127, 211.46212768554688, 750.5928344726562, 353.0936763844186
LOSS, -512.0, -512.0, 0.0, -0.08534755792632105, 5999, 167.3357391357422, 0, 2, 2282500.1303100586, 251.40350341796875, 684.03271484375, 380.480101735299
LOSS, -368.0, -512.0, 32.0, -0.061343557259543255, 5999, 198.8853759765625, 0, 6, 2695339.543029785, 266.8946228027344, 760.8323974609375, 449.2981401949967
LOSS, -480.0, -512.0, 16.0, -0.08001333555592599, 5999, 150.4399871826172, 0, 1, 2662677.133117676, 274.5031433105469, 700.8465576171875, 443.85349776924085
LOSS, -512.0, -512.0, 0.0, -0.08534755792632105, 5999, 185.58538818359375, 0, 1, 2519322.128112793, 286.71038818359375, 663.875732421875, 419.9570141878301
LOSS, -480.0, -512.0, 16.0, -0.08001333555592599, 5999, 211.5056610107422, 0, 3, 2592678.5825805664, 297.38189697265625, 704.2930297851562, 432.18512795141964
LOSS, -512.0, -512.0, 0.0, -0.08534755792632105, 5999, 172.20257568359375, 0, 2, 2389678.1154785156, 294.03778076171875, 653.9702758789062, 398.3460769259069
LOSS, -554.0, -512.0, 0.0, -0.09234872478746457, 5999, 188.20257568359375, 0, 3, 2449849.560974121, 262.65960693359375, 649.5870971679688, 408.37632288283396
LOSS, -512.0, -512.0, 0.0, -0.08534755792632105, 5999, 150.8853759765625, 0, 0, 2462203.8688964844, 301.293701171875, 756.3626708984375, 410.4357174356533
LOSS, -256.0, -512.0, 80.0, -0.042673778963160526, 5999, 211.15106201171875, 0, 2, 2491513.360961914, 256.2292785644531, 761.3384399414062, 415.3214470681637
LOSS, -512.0, -512.0, 0.0, -0.08534755792632105, 5999, 203.44407653808594, 0, 1, 2117922.320587158, 263.1082763671875, 670.6461181640625, 353.0458944135953
LOSS, -512.0, -512.0, 0.0, -0.08534755792632105, 5999, 183.88465881347656, 0, 2, 2278464.840270996, 265.9569091796875, 682.26611328125, 379.80744128538026
LOSS, -512.0, -512.0, 0.0, -0.08534755792632105, 5999, 168.86810302734375, 0, 2, 2334474.1905822754, 264.8812255859375, 631.6617431640625, 389.14388907855897
LOSS, -480.0, -512.0, 16.0, -0.08001333555592599, 5999, 118.44000244140625, 0, 1, 2474238.9526672363, 301.6001892089844, 707.0227661132812, 412.4418990943885
LOSS, -512.0, -512.0, 0.0, -0.08534755792632105, 5999, 215.70997619628906, 0, 3, 2597255.4644470215, 309.40814208984375, 737.876953125, 432.948068752629
LOSS, -448.0, -512.0, 32.0, -0.07467911318553092, 5999, 187.39498901367188, 0, 4, 2368773.8145751953, 291.4485168457031, 587.0569458007812, 394.86144600353316
LOSS, -384.0, -512.0, 32.0, -0.06401066844474079, 5999, 170.03575134277344, 0, 6, 2395123.6844787598, 295.9500427246094, 673.9998779296875, 399.25382305030166
LOSS, -512.0, -512.0, 0.0, -0.08534755792632105, 5999, 190.7271728515625, 0, 1, 2281123.468536377, 286.9210205078125, 632.181396484375, 380.2506198593727
LOSS, -512.0, -512.0, 0.0, -0.08534755792632105, 5999, 183.70997619628906, 0, 2, 2248442.963623047, 287.92999267578125, 581.439453125, 374.80296109735735
LOSS, -512.0, -512.0, 0.0, -0.08534755792632105, 5999, 226.82839965820312, 0, 1, 2427193.9693603516, 281.3287658691406, 676.3564453125, 404.599761520312
LOSS, -416.0, -512.0, 32.0, -0.06934489081513585, 5999, 138.03575134277344, 0, 4, 2136462.661834717, 260.01898193359375, 667.57470703125, 356.13646638351673
LOSS, -464.0, -512.0, 16.0, -0.07734622437072845, 5999, 185.58538818359375, 0, 3, 2626171.2784118652, 303.8595886230469, 670.8984985351562, 437.7681744310494
LOSS, -208.0, -512.0, 32.0, -0.03467244540756793, 5999, 203.39498901367188, 0, 5, 2511383.7367248535, 268.8958435058594, 723.9473876953125, 418.63372840887706
LOSS, -38.0, -512.0, 80.0, -0.006334389064844141, 5999, 234.2871551513672, 0, 6, 2935572.3448181152, 267.48187255859375, 919.406494140625, 489.343614738809
