LOSS, -512.0, -512.0, 0.0, -0.08534755792632105, 5999, 190.09500122070312, 0, 2, 1864.7466204166412, 0.7739530205726624, 2.0135743618011475, 0.3108429105545326
LOSS, -448.0, -512.0, 32.0, -0.07467911318553092, 5999, 213.84796142578125, 0, 4, 9281.59716975689, 1.079144835472107, 38.17500305175781, 1.5471907267472729
LOSS, -512.0, -512.0, 0.0, -0.08534755792632105, 5999, 231.64369201660156, 0, 3, 20105.721428394318, 1.6477738618850708, 56.92776870727539, 3.351512156758513
LOSS, -514.0, -512.0, 10.0, -0.08568094682447075, 5999, 190.09500122070312, 0, 4, 43891.95901608467, 2.029770851135254, 64.01612854003906, 7.316545927001945
LOSS, -294.0, -512.0, 80.0, -0.049008168028004666, 5999, 226.82839965820312, 0, 4, 78403.38078260422, 6.534623622894287, 47.454063415527344, 13.069408365161562
LOSS, -464.0, -512.0, 32.0, -0.07734622437072845, 5999, 163.7867431640625, 0, 2, 100458.47329473495, 7.906505107879639, 74.01055145263672, 16.745869860765954
LOSS, -426.0, -554.0, 32.0, -1.3438485804416405, 317, 223.0, 378, 5, 8140.958312034607, 11.755836486816406, 91.97403717041016, 25.68125650484103
LOSS, 432.0, -512.0, 80.0, 0.07201200200033339, 5999, 203.39498901367188, 0, 16, 194059.99083042145, 11.034045219421387, 141.17189025878906, 32.348723258946734
LOSS, -512.0, -512.0, 0.0, -0.08534755792632105, 5999, 200.5458526611328, 0, 3, 198752.89884376526, 18.095643997192383, 157.54452514648438, 33.13100497479001
LOSS, 580.0, -512.0, 48.0, 0.09668278046341057, 5999, 203.4672393798828, 0, 33, 305109.28607559204, 24.28119468688965, 150.1435546875, 50.86002434999034
LOSS, -138.0, -554.0, 58.0, -0.039884393063583816, 3460, 223.0, 169, 14, 203442.58671951294, 26.88637924194336, 158.78489685058594, 58.798435468067325
LOSS, 750.0, -512.0, 80.0, 0.12502083680613435, 5999, 140.20257568359375, 0, 20, 379561.4946632385, 33.28009796142578, 161.0256805419922, 63.270794242913574
LOSS, 904.0, -512.0, 32.0, 0.15069178196366062, 5999, 214.1680908203125, 0, 28, 412264.7452316284, 40.00577163696289, 167.94503784179688, 68.72224457936797
LOSS, -134.0, -512.0, 80.0, -0.022337056176029338, 5999, 206.1080322265625, 0, 7, 452058.7830581665, 46.80513000488281, 174.83705139160156, 75.3556897913263
LOSS, 478.0, -512.0, 80.0, 0.0796799466577763, 5999, 216.99874877929688, 0, 12, 492915.14346694946, 49.49635696411133, 162.05833435058594, 82.16621828087172
LOSS, -336.0, -512.0, 80.0, -0.056009334889148193, 5999, 187.39498901367188, 0, 2, 464149.1038169861, 49.68214416503906, 165.32659912109375, 77.37107914935591
LOSS, -228.0, -512.0, 32.0, -0.038006334389064846, 5999, 182.46395874023438, 0, 7, 544298.7133178711, 57.93467330932617, 176.63116455078125, 90.73157414866996
LOSS, -432.0, -512.0, 16.0, -0.07201200200033339, 5999, 174.7271728515625, 0, 3, 508818.56872558594, 59.108436584472656, 182.4765625, 84.81723099276311
LOSS, -208.0, -512.0, 32.0, -0.03467244540756793, 5999, 223.4928741455078, 0, 6, 580901.2169036865, 64.77108764648438, 195.78404235839844, 96.83300831866754
LOSS, -98.0, -512.0, 32.0, -0.01633605600933489, 5999, 232.8940887451172, 0, 6, 629020.2244186401, 58.33347702026367, 180.9062042236328, 104.85417976640109
LOSS, 914.0, -512.0, 80.0, 0.15235872645440907, 5999, 158.10801696777344, 0, 20, 685475.0313339233, 70.47525787353516, 195.29116821289062, 114.26488270277102
LOSS, 10.0, -554.0, 32.0, 0.0023849272597185785, 4193, 223.0, 120, 10, 480348.99083709717, 68.5122299194336, 205.88156127929688, 114.55974024257027
LOSS, 382.0, -512.0, 32.0, 0.0636772795465911, 5999, 170.61289978027344, 0, 22, 705773.8537139893, 67.67666625976562, 230.85475158691406, 117.64858371628425
LOSS, 120.0, -512.0, 64.0, 0.020003333888981498, 5999, 199.41397094726562, 0, 21, 722043.8723449707, 72.99689483642578, 212.8075408935547, 120.36070550841319
LOSS, 796.0, -512.0, 80.0, 0.13268878146357727, 5999, 157.0, 0, 20, 802181.2356338501, 88.80928802490234, 219.92019653320312, 133.7191591321637
LOSS, 512.0, -512.0, 48.0, 0.08534755792632105, 5999, 184.8940887451172, 0, 16, 799235.8089599609, 88.55696868896484, 220.53646850585938, 133.2281728554694
LOSS, 194.0, -512.0, 32.0, 0.03233872312052009, 5999, 118.44000244140625, 0, 20, 821751.0627593994, 86.53119659423828, 219.8793487548828, 136.98134068334713
LOSS, -86.0, -512.0, 32.0, -0.014335722620436739, 5999, 171.39498901367188, 0, 10, 857201.0916442871, 85.20368194580078, 248.24850463867188, 142.89066371800087
LOSS, -384.0, -512.0, 32.0, -0.06401066844474079, 5999, 230.7979278564453, 0, 7, 793924.4319000244, 83.62039947509766, 218.5224151611328, 132.3427957826345
LOSS, -172.0, -512.0, 32.0, -0.028671445240873478, 5999, 172.4250030517578, 0, 11, 812503.7125778198, 84.69827270507812, 231.54754638671875, 135.43985873942654
LOSS, -598.0, -554.0, 10.0, -0.11429663608562692, 5232, 223.0, 51, 7, 698786.9863510132, 76.92010498046875, 247.52684020996094, 133.56020381326704
LOSS, -448.0, -512.0, 32.0, -0.07467911318553092, 5999, 199.3357391357422, 0, 4, 778265.5520324707, 77.81085205078125, 239.1021270751953, 129.73254742998344
LOSS, 566.0, -554.0, 42.0, 0.11548663538053458, 4901, 207.0, 73, 20, 663377.3065414429, 73.30915069580078, 237.8785858154297, 135.355500212496
LOSS, -186.0, -512.0, 80.0, -0.03100516752792132, 5999, 211.94784545898438, 0, 7, 859929.328201294, 84.11412811279297, 233.63687133789062, 143.34544560781697
LOSS, 58.0, -512.0, 80.0, 0.009668278046341057, 5999, 194.86184692382812, 0, 8, 881728.2622909546, 72.90257263183594, 255.11727905273438, 146.97920691631182
LOSS, 128.0, -512.0, 80.0, 0.021336889481580263, 5999, 187.39498901367188, 0, 5, 915968.1715240479, 82.9725341796875, 229.37937927246094, 152.68680972229504
LOSS, -158.0, -512.0, 32.0, -0.026337722953825637, 5999, 201.5025634765625, 0, 9, 881629.42993927, 96.18376159667969, 258.4920654296875, 146.962732111897
LOSS, 106.0, -512.0, 32.0, 0.017669611601933654, 5999, 154.41896057128906, 0, 10, 947440.3583755493, 92.35265350341797, 244.93026733398438, 157.93304857068668
LOSS, -192.0, -512.0, 32.0, -0.032005334222370396, 5999, 227.9772491455078, 0, 5, 790115.0529022217, 87.72332000732422, 219.13595581054688, 131.70779344927848
LOSS, -240.0, -512.0, 48.0, -0.040006667777962995, 5999, 215.82737731933594, 0, 5, 811133.8457946777, 79.80638885498047, 219.23876953125, 135.21150955070473
LOSS, -352.0, -512.0, 32.0, -0.058676446074345724, 5999, 208.76849365234375, 0, 4, 795018.0642776489, 79.42643737792969, 212.93080139160156, 132.52509822931304
LOSS, -512.0, -512.0, 0.0, -0.08534755792632105, 5999, 209.6004180908203, 0, 3, 715908.7459030151, 80.0108871459961, 215.63059997558594, 119.33801398616689
LOSS, -512.0, -512.0, 0.0, -0.08534755792632105, 5999, 164.30999755859375, 0, 2, 706155.8658370972, 72.59963989257812, 202.2164764404297, 117.71226301668564
LOSS, -524.0, -512.0, 10.0, -0.08734789131521921, 5999, 102.70347595214844, 0, 14, 781920.604019165, 72.68396759033203, 234.10092163085938, 130.3418243072454
LOSS, -480.0, -554.0, 32.0, -0.19520130134200894, 2459, 207.0, 236, 3, 352883.83165740967, 66.22213745117188, 232.56594848632812, 143.50704825433496
LOSS, -336.0, -512.0, 32.0, -0.056009334889148193, 5999, 174.09500122070312, 0, 9, 848763.4801483154, 72.29801940917969, 226.05184936523438, 141.48416071817226
LOSS, -310.0, -512.0, 32.0, -0.0516752792132022, 5999, 169.5025634765625, 0, 8, 835621.158706665, 77.26731872558594, 230.45578002929688, 139.29340868589182
LOSS, -512.0, -512.0, 0.0, -0.08534755792632105, 5999, 197.12075805664062, 0, 2, 649700.3182563782, 63.552738189697266, 196.7695770263672, 108.30143661549894
LOSS, -512.0, -512.0, 0.0, -0.08534755792632105, 5999, 171.39498901367188, 0, 2, 625267.0405464172, 59.630489349365234, 196.3714141845703, 104.2285448485443
LOSS, -274.0, -512.0, 32.0, -0.045674279046507754, 5999, 199.70997619628906, 0, 6, 785295.5503387451, 59.89412307739258, 234.59751892089844, 130.90440912464496
LOSS, -502.0, -512.0, 10.0, -0.08368061343557259, 5999, 213.08006286621094, 0, 2, 669899.309928894, 68.37120056152344, 205.05580139160156, 111.66849640421637
LOSS, -448.0, -512.0, 32.0, -0.07467911318553092, 5999, 197.63409423828125, 0, 4, 808968.0065460205, 71.2105484008789, 244.86322021484375, 134.85047617036514
LOSS, -288.0, -512.0, 32.0, -0.048008001333555594, 5999, 230.70347595214844, 0, 6, 768465.1569671631, 68.73816680908203, 211.69400024414062, 128.09887597385617
LOSS, -448.0, -512.0, 32.0, -0.07467911318553092, 5999, 173.11895751953125, 0, 2, 645890.9577140808, 61.377235412597656, 216.86256408691406, 107.66643735857323
LOSS, -246.0, -512.0, 32.0, -0.04100683447241207, 5999, 158.09500122070312, 0, 6, 786443.5744857788, 60.39662551879883, 224.32608032226562, 131.09577837735935
LOSS, -118.0, -512.0, 32.0, -0.019669944990831804, 5999, 214.1680908203125, 0, 6, 991977.7352523804, 85.41421508789062, 265.7076416015625, 165.3571820724088
LOSS, 198.0, -554.0, 32.0, 0.033271719038817, 5951, 186.447998046875, 3, 14, 961097.423248291, 78.56562805175781, 249.62014770507812, 161.50183553155622
LOSS, 36.0, -512.0, 32.0, 0.006001000166694449, 5999, 230.46395874023438, 0, 15, 968207.9839859009, 88.77014923095703, 262.3760070800781, 161.39489648039688
LOSS, -246.0, -512.0, 32.0, -0.04100683447241207, 5999, 236.42747497558594, 0, 10, 964796.207572937, 74.78564453125, 269.0141906738281, 160.8261722908713
LOSS, -80.0, -512.0, 32.0, -0.013335555925987664, 5999, 228.06468200683594, 0, 5, 957522.4894294739, 61.77778244018555, 266.88616943359375, 159.61368385222102
LOSS, -224.0, -512.0, 32.0, -0.03733955659276546, 5999, 206.7271728515625, 0, 5, 904243.3338470459, 66.10880279541016, 255.0809326171875, 150.73234436523518
LOSS, -240.0, -512.0, 32.0, -0.040006667777962995, 5999, 203.39498901367188, 0, 6, 893048.2180252075, 77.60256958007812, 227.76528930664062, 148.86618070098476
LOSS, -64.0, -512.0, 32.0, -0.010668444740790132, 5999, 153.5025634765625, 0, 7, 918215.9310531616, 91.02389526367188, 240.7012481689453, 153.06149875865339
LOSS, -268.0, -512.0, 16.0, -0.044674112352058676, 5999, 226.88209533691406, 0, 19, 996269.3991165161, 107.34126281738281, 261.9797668457031, 166.07257861585532
LOSS, -470.0, -554.0, 32.0, -0.436397400185701, 1077, 207.0, 328, 6, 169212.26949310303, 108.33676147460938, 250.33285522460938, 157.1144563538561
LOSS, -336.0, -512.0, 32.0, -0.056009334889148193, 5999, 215.55836486816406, 0, 2, 924777.9610748291, 92.8603744506836, 242.41064453125, 154.15535273792784
LOSS, -288.0, -554.0, 32.0, -0.11842105263157894, 2432, 191.38015747070312, 237, 9, 387667.71099853516, 93.03889465332031, 268.18438720703125, 159.40284169347663
LOSS, 398.0, -512.0, 80.0, 0.06634439073178863, 5999, 205.0, 0, 14, 972956.545211792, 121.07239532470703, 267.2367248535156, 162.18645527784497
LOSS, 436.0, -512.0, 80.0, 0.07267877979663277, 5999, 235.13845825195312, 0, 17, 948506.0559082031, 121.65606689453125, 272.3603820800781, 158.1106944337728
LOSS, -156.0, -512.0, 32.0, -0.026004334055675947, 5999, 199.3247833251953, 0, 14, 938962.9428787231, 117.89067077636719, 241.71961975097656, 156.51991046486467
LOSS, -502.0, -512.0, 10.0, -0.08368061343557259, 5999, 186.4189453125, 0, 3, 889213.8265380859, 110.019287109375, 221.92245483398438, 148.22700892450175
LOSS, 522.0, -512.0, 32.0, 0.08701450241706951, 5999, 145.42718505859375, 0, 20, 926080.2122421265, 113.77586364746094, 272.953369140625, 154.37243077881755
LOSS, 664.0, -512.0, 32.0, 0.11068511418569761, 5999, 161.1597137451172, 0, 18, 918070.9894332886, 108.25791931152344, 261.3977355957031, 153.03733779518063
LOSS, -470.0, -512.0, 32.0, -0.07834639106517753, 5999, 190.1080322265625, 0, 2, 806838.5897903442, 106.01993560791016, 224.45082092285156, 134.49551421742694
LOSS, 532.0, -512.0, 96.0, 0.08868144690781797, 5999, 234.4189453125, 0, 15, 940278.1031341553, 113.41792297363281, 269.3137512207031, 156.73914037908906
LOSS, -96.0, -512.0, 32.0, -0.016002667111185198, 5999, 227.67893981933594, 0, 5, 961148.7501678467, 107.41107177734375, 247.63401794433594, 160.2181613882058
LOSS, -300.0, -512.0, 32.0, -0.050008334722453744, 5999, 171.81814575195312, 0, 3, 922150.5337371826, 107.26905059814453, 239.86207580566406, 153.71737518539467
LOSS, -230.0, -512.0, 32.0, -0.038339723287214536, 5999, 216.8940887451172, 0, 4, 994356.3488388062, 113.46784973144531, 259.7472229003906, 165.75368375376
LOSS, -256.0, -512.0, 32.0, -0.042673778963160526, 5999, 234.2871551513672, 0, 3, 858795.5127410889, 96.97657012939453, 255.5778045654297, 143.15644486432552
LOSS, -502.0, -512.0, 10.0, -0.08368061343557259, 5999, 190.7271728515625, 0, 1, 769655.1579666138, 93.55583190917969, 228.05804443359375, 128.2972425348581
LOSS, -512.0, -512.0, 0.0, -0.08534755792632105, 5999, 232.8940887451172, 0, 1, 806456.4628067017, 91.17224884033203, 231.56082153320312, 134.43181577041202
LOSS, -512.0, -512.0, 0.0, -0.08534755792632105, 5999, 194.19288635253906, 0, 2, 748808.8560714722, 84.28862762451172, 239.34246826171875, 124.82227972519956
LOSS, -512.0, -512.0, 0.0, -0.08534755792632105, 5999, 187.39498901367188, 0, 2, 774385.5521316528, 82.68614196777344, 217.509033203125, 129.08577298410614
LOSS, -502.0, -512.0, 10.0, -0.08368061343557259, 5999, 198.8853759765625, 0, 6, 910635.9183883667, 86.0207290649414, 233.19757080078125, 151.79795272351504
LOSS, -512.0, -512.0, 0.0, -0.08534755792632105, 5999, 175.4928741455078, 0, 1, 859250.5279388428, 82.80071258544922, 235.34942626953125, 143.2322933720358
LOSS, -512.0, -512.0, 0.0, -0.08534755792632105, 5999, 186.03575134277344, 0, 2, 886554.6508636475, 79.58325958251953, 270.92626953125, 147.78373910045798
LOSS, -320.0, -512.0, 32.0, -0.053342223703950656, 5999, 234.2871551513672, 0, 9, 1109315.4202728271, 114.78834533691406, 323.5354919433594, 184.91672283260996
LOSS, -368.0, -512.0, 32.0, -0.061343557259543255, 5999, 175.9345703125, 0, 7, 1040171.6896438599, 106.49246978759766, 276.6231994628906, 173.3908467484347
LOSS, -336.0, -512.0, 32.0, -0.056009334889148193, 5999, 212.93898010253906, 0, 8, 1047778.09740448, 106.20692443847656, 272.1047058105469, 174.65879269952993
LOSS, -368.0, -512.0, 80.0, -0.061343557259543255, 5999, 181.63409423828125, 0, 2, 1107645.871269226, 91.7179946899414, 287.4137878417969, 184.63841828125123
LOSS, -512.0, -512.0, 0.0, -0.08534755792632105, 5999, 199.88465881347656, 0, 2, 949465.6969146729, 88.6106948852539, 262.6940612792969, 158.27066126265592
LOSS, -448.0, -512.0, 32.0, -0.07467911318553092, 5999, 215.70997619628906, 0, 4, 969463.8785476685, 94.86325073242188, 258.5855712890625, 161.6042471324668
LOSS, -512.0, -512.0, 0.0, -0.08534755792632105, 5999, 218.19541931152344, 0, 2, 909147.6783065796, 73.81043243408203, 243.7889404296875, 151.54987136299042
LOSS, -512.0, -512.0, 0.0, -0.08534755792632105, 5999, 219.44407653808594, 0, 2, 861515.1328582764, 78.76483917236328, 246.60154724121094, 143.60979044145296
LOSS, -512.0, -512.0, 0.0, -0.08534755792632105, 5999, 118.44000244140625, 0, 2, 830159.3448486328, 70.4371566772461, 272.50848388671875, 138.38295463387777
LOSS, -448.0, -512.0, 32.0, -0.07467911318553092, 5999, 163.18096923828125, 0, 2, 1028690.4244689941, 99.24569702148438, 261.31170654296875, 171.47698357542825
LOSS, -416.0, -512.0, 32.0, -0.06934489081513585, 5999, 185.5518341064453, 0, 3, 919439.7191162109, 72.96817016601562, 247.12802124023438, 153.26549743560776
LOSS, -176.0, -512.0, 32.0, -0.029338223037172862, 5999, 210.72344970703125, 0, 4, 1062349.5389556885, 126.89623260498047, 263.8789367675781, 177.08777112113495
LOSS, -256.0, -512.0, 32.0, -0.042673778963160526, 5999, 227.15106201171875, 0, 5, 958571.6514663696, 101.1572265625, 274.28265380859375, 159.7885733399516
LOSS, -512.0, -512.0, 0.0, -0.08534755792632105, 5999, 209.811279296875, 0, 1, 901305.4071273804, 105.26445007324219, 225.22193908691406, 150.24260828927828
LOSS, -512.0, -512.0, 0.0, -0.08534755792632105, 5999, 207.4928741455078, 0, 2, 933994.202003479, 101.3105239868164, 256.5746765136719, 155.69164894207017
LOSS, -512.0, -512.0, 0.0, -0.08534755792632105, 5999, 218.2871551513672, 0, 2, 922156.39478302, 104.62442779541016, 235.63134765625, 153.71835218920154
LOSS, -512.0, -512.0, 0.0, -0.08534755792632105, 5999, 185.58538818359375, 0, 3, 919684.3319244385, 99.70529174804688, 228.02700805664062, 153.3062730329119
LOSS, -512.0, -512.0, 0.0, -0.08534755792632105, 5999, 201.5025634765625, 0, 3, 916419.4069366455, 92.25296020507812, 246.43885803222656, 152.76202816080104
LOSS, -502.0, -512.0, 10.0, -0.08368061343557259, 5999, 142.09500122070312, 0, 2, 978246.8558044434, 87.04324340820312, 277.42742919921875, 163.0683206875218
LOSS, -512.0, -512.0, 0.0, -0.08534755792632105, 5999, 162.35499572753906, 0, 2, 964606.0824203491, 89.35918426513672, 272.5856018066406, 160.7944794833054
LOSS, -310.0, -512.0, 32.0, -0.0516752792132022, 5999, 199.3357391357422, 0, 9, 1038325.6024551392, 110.96318817138672, 285.6513977050781, 173.08311426156678
LOSS, -448.0, -512.0, 32.0, -0.07467911318553092, 5999, 201.5025634765625, 0, 4, 1058640.326751709, 119.90219116210938, 263.4422302246094, 176.46946603629087
LOSS, -432.0, -512.0, 16.0, -0.07201200200033339, 5999, 220.19219970703125, 0, 5, 1003622.9160614014, 89.40052795410156, 255.80917358398438, 167.29836907174553
LOSS, -358.0, -512.0, 32.0, -0.0596766127687948, 5999, 194.80482482910156, 0, 5, 1031218.5161895752, 106.6343002319336, 332.00390625, 171.8984024320012
LOSS, -512.0, -512.0, 0.0, -0.08534755792632105, 5999, 133.948974609375, 0, 3, 1029427.721611023, 69.71459197998047, 282.8276062011719, 171.59988691632321
LOSS, -352.0, -512.0, 32.0, -0.058676446074345724, 5999, 142.7271728515625, 0, 6, 957124.063583374, 95.13475799560547, 279.97259521484375, 159.54726847530821
LOSS, -512.0, -512.0, 0.0, -0.08534755792632105, 5999, 182.8853759765625, 0, 2, 957712.8064880371, 84.87786102294922, 238.86874389648438, 159.64540864944777
LOSS, -352.0, -512.0, 32.0, -0.058676446074345724, 5999, 142.09500122070312, 0, 2, 994185.5798416138, 73.7541275024414, 266.2171630859375, 165.72521750985393
LOSS, -512.0, -512.0, 0.0, -0.08534755792632105, 5999, 175.4928741455078, 0, 1, 958030.6761779785, 107.90731811523438, 245.4603271484375, 159.69839576229015
LOSS, 16.0, -512.0, 96.0, 0.002667111185197533, 5999, 212.30157470703125, 0, 3, 979696.0140609741, 84.5036392211914, 259.46502685546875, 163.30988732471647
LOSS, -128.0, -512.0, 32.0, -0.021336889481580263, 5999, 199.3357391357422, 0, 9, 955200.4291114807, 62.22776412963867, 255.24884033203125, 159.2266092867946
LOSS, -416.0, -512.0, 16.0, -0.06934489081513585, 5999, 174.7271728515625, 0, 3, 988121.3393173218, 66.12303924560547, 241.36160278320312, 164.71434227659972
LOSS, -176.0, -512.0, 32.0, -0.029338223037172862, 5999, 199.3357391357422, 0, 4, 1017832.0247955322, 73.13794708251953, 286.72137451171875, 169.66694862402605
LOSS, -416.0, -512.0, 32.0, -0.06934489081513585, 5999, 187.44407653808594, 0, 1, 986862.9647598267, 68.29838562011719, 281.4299011230469, 164.50457822300828
LOSS, -512.0, -512.0, 0.0, -0.08534755792632105, 5999, 211.9772491455078, 0, 2, 986483.1527023315, 67.79370880126953, 261.9839172363281, 164.44126566133215
LOSS, -352.0, -512.0, 32.0, -0.058676446074345724, 5999, 201.5025634765625, 0, 3, 944323.0322265625, 75.09516143798828, 245.58248901367188, 157.4134076056947
LOSS, -320.0, -512.0, 32.0, -0.053342223703950656, 5999, 187.44407653808594, 0, 4, 932091.4336547852, 83.46163177490234, 291.69512939453125, 155.37446802046762
LOSS, -482.0, -512.0, 10.0, -0.08034672445407567, 5999, 152.86810302734375, 0, 10, 962329.1513214111, 87.2938232421875, 287.2906494140625, 160.41492770818655
LOSS, -512.0, -512.0, 0.0, -0.08534755792632105, 5999, 187.44407653808594, 0, 0, 920483.8135223389, 74.15635681152344, 256.7155456542969, 153.43954217741938
LOSS, -512.0, -512.0, 0.0, -0.08534755792632105, 5999, 188.0166473388672, 0, 2, 971070.1147689819, 77.67110443115234, 255.70787048339844, 161.87199779446274
LOSS, -136.0, -512.0, 32.0, -0.02267044507417903, 5999, 225.58615112304688, 0, 14, 1028975.5587310791, 78.21331024169922, 290.11895751953125, 171.52451387415888
LOSS, -416.0, -512.0, 32.0, -0.06934489081513585, 5999, 174.7271728515625, 0, 3, 993362.451839447, 58.3042106628418, 279.53326416015625, 165.5880066410147
LOSS, -400.0, -512.0, 32.0, -0.06667777962993832, 5999, 154.03575134277344, 0, 4, 946110.5215339661, 23.35284423828125, 254.7022705078125, 157.7113721510195
LOSS, -464.0, -512.0, 32.0, -0.07734622437072845, 5999, 150.8853759765625, 0, 1, 894775.9250183105, 69.19467163085938, 251.26202392578125, 149.15417986636282
LOSS, -512.0, -512.0, 0.0, -0.08534755792632105, 5999, 161.42718505859375, 0, 3, 945557.6553115845, 64.15606689453125, 287.4549560546875, 157.61921242066754
LOSS, -384.0, -512.0, 16.0, -0.06401066844474079, 5999, 225.0369873046875, 0, 5, 920174.0456314087, 67.8656005859375, 268.8111267089844, 153.3879055894997
LOSS, -182.0, -512.0, 32.0, -0.030338389731621937, 5999, 185.5025634765625, 0, 6, 896190.0596542358, 67.48138427734375, 249.5532989501953, 149.38990826041604
LOSS, -336.0, -512.0, 32.0, -0.056009334889148193, 5999, 187.39498901367188, 0, 3, 896417.9228210449, 78.56470489501953, 250.04611206054688, 149.42789178547173
LOSS, -512.0, -512.0, 0.0, -0.08534755792632105, 5999, 177.95443725585938, 0, 1, 775779.348197937, 81.73985290527344, 216.90023803710938, 129.31811105149808
LOSS, 16.0, -512.0, 80.0, 0.002667111185197533, 5999, 206.7271728515625, 0, 3, 961572.1911621094, 91.46744537353516, 273.0935974121094, 160.28874665146014
LOSS, -416.0, -512.0, 32.0, -0.06934489081513585, 5999, 166.1680908203125, 0, 3, 894081.3020553589, 75.53311157226562, 246.19972229003906, 149.03839007423886
LOSS, -512.0, -512.0, 0.0, -0.08534755792632105, 5999, 199.88465881347656, 0, 2, 943596.4956054688, 63.996315002441406, 260.86541748046875, 157.29229798390878
LOSS, -150.0, -512.0, 32.0, -0.025004167361226872, 5999, 180.34812927246094, 0, 12, 992313.4950180054, 96.64801788330078, 262.0081481933594, 165.41315136156115
LOSS, -512.0, -512.0, 0.0, -0.08534755792632105, 5999, 187.39498901367188, 0, 1, 883782.5300674438, 89.90204620361328, 278.6343994140625, 147.3216419515659
LOSS, -214.0, -512.0, 48.0, -0.035672612102017005, 5999, 234.19541931152344, 0, 4, 908088.737991333, 92.59149932861328, 273.7485656738281, 151.37335189053726
LOSS, -512.0, -512.0, 0.0, -0.08534755792632105, 5999, 215.70997619628906, 0, 2, 878196.7440414429, 94.45047760009766, 272.4738464355469, 146.3905224273117
LOSS, -512.0, -512.0, 0.0, -0.08534755792632105, 5999, 182.8853759765625, 0, 2, 916174.9685897827, 90.1144027709961, 248.92933654785156, 152.72128164523798
LOSS, -502.0, -512.0, 10.0, -0.08368061343557259, 5999, 153.5025634765625, 0, 6, 964645.6890106201, 76.00081634521484, 287.44384765625, 160.80108168205035
LOSS, -512.0, -512.0, 0.0, -0.08534755792632105, 5999, 186.4189453125, 0, 0, 926924.167804718, 41.1979866027832, 329.9678649902344, 154.5131134863674
LOSS, -288.0, -512.0, 80.0, -0.048008001333555594, 5999, 172.20257568359375, 0, 2, 1078748.5842590332, 87.96622467041016, 290.9070739746094, 179.82140094332942
LOSS, -384.0, -512.0, 32.0, -0.06401066844474079, 5999, 124.20257568359375, 0, 5, 1040551.7919158936, 61.518287658691406, 307.0079040527344, 173.45420768726348
LOSS, -512.0, -512.0, 0.0, -0.08534755792632105, 5999, 153.37437438964844, 0, 2, 1065873.9242172241, 78.50995635986328, 291.4023132324219, 177.67526658063412
LOSS, -512.0, -512.0, 0.0, -0.08534755792632105, 5999, 171.39498901367188, 0, 2, 1056494.7419052124, 106.9253921508789, 288.5176696777344, 176.1118089523608
LOSS, -512.0, -512.0, 0.0, -0.08534755792632105, 5999, 175.4928741455078, 0, 1, 892633.3956050873, 26.76432228088379, 261.9349670410156, 148.7970321061989
LOSS, -512.0, -512.0, 0.0, -0.08534755792632105, 5999, 165.94898986816406, 0, 2, 1056856.4341125488, 85.52503967285156, 280.3247375488281, 176.1721010355974
LOSS, -480.0, -512.0, 16.0, -0.08001333555592599, 5999, 215.70997619628906, 0, 2, 1044009.8128509521, 63.1094970703125, 269.11468505859375, 174.03064058192234
LOSS, -352.0, -512.0, 32.0, -0.058676446074345724, 5999, 215.70997619628906, 0, 6, 1096718.0945358276, 74.06440734863281, 325.18328857421875, 182.81681855906444
LOSS, -512.0, -512.0, 0.0, -0.08534755792632105, 5999, 164.30999755859375, 0, 1, 991124.3973770142, 57.83600616455078, 264.21258544921875, 165.21493538539994
LOSS, -512.0, -512.0, 0.0, -0.08534755792632105, 5999, 152.86810302734375, 0, 1, 925972.3563594818, -4.556324005126953, 315.6552734375, 154.35445180188063
LOSS, -496.0, -512.0, 16.0, -0.08268044674112351, 5999, 233.87747192382812, 0, 1, 995017.2204742432, 81.1727066040039, 314.98370361328125, 165.86384738693835
LOSS, -502.0, -512.0, 10.0, -0.08368061343557259, 5999, 185.5518341064453, 0, 3, 935637.063709259, 57.6171760559082, 276.56622314453125, 155.96550486902134
LOSS, -512.0, -512.0, 0.0, -0.08534755792632105, 5999, 202.2871551513672, 0, 2, 881644.0128440857, 50.335723876953125, 274.8018798828125, 146.96516300118114
LOSS, -512.0, -512.0, 0.0, -0.08534755792632105, 5999, 233.08636474609375, 0, 2, 872399.941734314, 66.111083984375, 248.833740234375, 145.42422766032905
LOSS, -512.0, -512.0, 0.0, -0.08534755792632105, 5999, 150.49899291992188, 0, 1, 980168.6313285828, 48.41304016113281, 313.0445556640625, 163.38866999976375
LOSS, -512.0, -512.0, 0.0, -0.08534755792632105, 5999, 227.9772491455078, 0, 1, 884753.6770515442, 55.63396453857422, 271.5880432128906, 147.4835267630512
LOSS, -512.0, -512.0, 0.0, -0.08534755792632105, 5999, 182.8853759765625, 0, 3, 951922.8885574341, 75.8558120727539, 316.1101379394531, 158.6802614698173
LOSS, -512.0, -512.0, 0.0, -0.08534755792632105, 5999, 225.00146484375, 0, 2, 904052.8529281616, 65.48304748535156, 311.79058837890625, 150.7005922534025
LOSS, -554.0, -512.0, 0.0, -0.09234872478746457, 5999, 203.39498901367188, 0, 3, 1026577.8898544312, 66.30655670166016, 305.2719421386719, 171.12483578170213
LOSS, -512.0, -512.0, 0.0, -0.08534755792632105, 5999, 183.70997619628906, 0, 0, 902081.0412826538, 70.81884765625, 258.3049011230469, 150.3719021974752
LOSS, -464.0, -512.0, 16.0, -0.07734622437072845, 5999, 162.35499572753906, 0, 2, 1075973.2705612183, 50.49508285522461, 323.3143310546875, 179.35877155546228
LOSS, -512.0, -512.0, 0.0, -0.08534755792632105, 5999, 203.44407653808594, 0, 1, 893413.097026825, 45.43507385253906, 298.6654357910156, 148.92700400513834
LOSS, -512.0, -512.0, 0.0, -0.08534755792632105, 5999, 169.5025634765625, 0, 2, 1023715.8974456787, 63.585514068603516, 319.6353454589844, 170.64775753386877
LOSS, -512.0, -512.0, 0.0, -0.08534755792632105, 5999, 202.5133819580078, 0, 2, 957618.0820007324, 74.05235290527344, 305.8456115722656, 159.6296186032226
LOSS, -512.0, -512.0, 0.0, -0.08534755792632105, 5999, 183.70997619628906, 0, 1, 931968.2672271729, 83.67281341552734, 297.0484924316406, 155.35393686067226
LOSS, -512.0, -512.0, 0.0, -0.08534755792632105, 5999, 166.1680908203125, 0, 3, 1098328.6247024536, 73.73101043701172, 367.6643981933594, 183.0852849979086
LOSS, -448.0, -512.0, 32.0, -0.07467911318553092, 5999, 218.4189453125, 0, 2, 975590.9530334473, 84.34459686279297, 285.45654296875, 162.62559643831426
LOSS, -512.0, -512.0, 0.0, -0.08534755792632105, 5999, 207.4928741455078, 0, 2, 1025289.1610717773, 97.83888244628906, 287.2625732421875, 170.91001184727077
LOSS, -512.0, -512.0, 0.0, -0.08534755792632105, 5999, 182.893798828125, 0, 2, 1132220.713470459, 112.54254150390625, 362.9848937988281, 188.734908063087
LOSS, -512.0, -512.0, 0.0, -0.08534755792632105, 5999, 184.8940887451172, 0, 1, 1106847.4861373901, 97.53710174560547, 299.60882568359375, 184.5053319115503
LOSS, 32.0, -512.0, 80.0, 0.005334222370395066, 5999, 227.15106201171875, 0, 3, 1343913.0520477295, 142.9190673828125, 441.20819091796875, 224.02284581559084
LOSS, -416.0, -512.0, 32.0, -0.06934489081513585, 5999, 195.24977111816406, 0, 3, 1425131.2268218994, 109.35345458984375, 345.9842834472656, 237.56146471443563
LOSS, -240.0, -512.0, 32.0, -0.040006667777962995, 5999, 170.03575134277344, 0, 4, 1388519.4634552002, 137.1621551513672, 402.1847229003906, 231.4584869903651
LOSS, -272.0, -512.0, 16.0, -0.04534089014835806, 5999, 210.19288635253906, 0, 6, 1512945.8292999268, 151.52928161621094, 369.0704040527344, 252.199671495237
LOSS, -512.0, -512.0, 0.0, -0.08534755792632105, 5999, 156.4250030517578, 0, 1, 1355246.2503051758, 178.33059692382812, 346.1246032714844, 225.91202705537185
LOSS, -512.0, -512.0, 0.0, -0.08534755792632105, 5999, 215.70997619628906, 0, 2, 1450378.9181671143, 159.6581573486328, 353.3316345214844, 241.77011471363798
LOSS, -512.0, -512.0, 0.0, -0.08534755792632105, 5999, 229.22113037109375, 0, 2, 1377684.1186981201, 163.79434204101562, 332.5901794433594, 229.6522951655476
LOSS, -416.0, -512.0, 32.0, -0.06934489081513585, 5999, 234.5133819580078, 0, 4, 1374243.2551116943, 166.02511596679688, 386.54388427734375, 229.07872230566667
LOSS, -596.0, -512.0, 0.0, -0.09934989164860811, 5999, 155.39498901367188, 0, 1, 1365822.5780334473, 146.51522827148438, 431.4373779296875, 227.6750421792711
LOSS, -374.0, -512.0, 48.0, -0.06234372395399233, 5999, 145.42718505859375, 0, 5, 1420015.1388397217, 152.2379913330078, 443.5492248535156, 236.70864124682808
LOSS, -384.0, -512.0, 32.0, -0.06401066844474079, 5999, 167.3357391357422, 0, 8, 1480493.2936553955, 143.2582244873047, 461.49365234375, 246.79001394489006
LOSS, 154.0, -512.0, 48.0, 0.025670945157526253, 5999, 169.55181884765625, 0, 16, 1498345.602607727, 123.12850189208984, 406.2344055175781, 249.7658947504129
LOSS, 168.0, -512.0, 32.0, 0.028004667444574097, 5999, 177.83509826660156, 0, 14, 1498955.068206787, 130.9281005859375, 430.512939453125, 249.8674892826783
LOSS, 280.0, -512.0, 32.0, 0.046674445740956826, 5999, 227.53067016601562, 0, 16, 1501098.9431152344, 152.62997436523438, 413.8497009277344, 250.2248613294273
LOSS, 164.0, -512.0, 80.0, 0.027337889648274712, 5999, 174.7271728515625, 0, 15, 1537357.642364502, 121.66621398925781, 462.51385498046875, 256.26898522495446
LOSS, -512.0, -512.0, 0.0, -0.08534755792632105, 5999, 177.1597137451172, 0, 3, 1416778.830215454, 119.56150817871094, 390.60650634765625, 236.16916656366962
LOSS, 468.0, -512.0, 48.0, 0.07801300216702783, 5999, 233.89715576171875, 0, 18, 1546192.6887207031, 130.76356506347656, 419.7980041503906, 257.7417384098522
LOSS, 328.0, -512.0, 32.0, 0.054675779296549425, 5999, 211.94784545898438, 0, 15, 1542293.2249298096, 163.00270080566406, 428.8315734863281, 257.09171944154184
LOSS, -336.0, -512.0, 32.0, -0.056009334889148193, 5999, 198.8853759765625, 0, 7, 1487809.459274292, 145.78607177734375, 395.3390808105469, 248.00957814207234
LOSS, -124.0, -512.0, 80.0, -0.02067011168528088, 5999, 193.26112365722656, 0, 6, 1426323.8147277832, 92.42784118652344, 474.7140808105469, 237.76026249838026
LOSS, -198.0, -512.0, 32.0, -0.03300550091681947, 5999, 229.84796142578125, 0, 9, 1366378.5026474, 97.24678802490234, 404.2933654785156, 227.76771172652107
LOSS, -24.0, -512.0, 32.0, -0.0040006667777962995, 5999, 226.12286376953125, 0, 11, 1353062.1306915283, 88.59574890136719, 401.2039489746094, 225.54794643966133
LOSS, 82.0, -512.0, 32.0, 0.013668944824137356, 5999, 185.5025634765625, 0, 22, 1497311.4972686768, 60.61004638671875, 426.0389709472656, 249.59351513063456
LOSS, -208.0, -512.0, 48.0, -0.03467244540756793, 5999, 203.39498901367188, 0, 13, 1552553.9835510254, 155.88568115234375, 436.3189697265625, 258.8021309469954
LOSS, -512.0, -512.0, 0.0, -0.08534755792632105, 5999, 216.5458526611328, 0, 1, 1331622.7738494873, 171.70523071289062, 357.93133544921875, 221.97412466235826
LOSS, 154.0, -512.0, 32.0, 0.025670945157526253, 5999, 210.32101440429688, 0, 11, 1434393.1762695312, 167.36415100097656, 435.7256164550781, 239.1053802749677
LOSS, -512.0, -512.0, 0.0, -0.08534755792632105, 5999, 177.42718505859375, 0, 2, 1303062.3008422852, 155.14476013183594, 339.9702453613281, 217.21325234910572
LOSS, -512.0, -512.0, 0.0, -0.08534755792632105, 5999, 219.44407653808594, 0, 2, 1243873.691192627, 159.43331909179688, 344.4262390136719, 207.34683967204984
LOSS, -82.0, -512.0, 58.0, -0.013668944824137356, 5999, 214.6471405029297, 0, 15, 1493364.9004898071, 124.94341278076172, 458.9575500488281, 248.93563935486034
LOSS, -374.0, -512.0, 32.0, -0.06234372395399233, 5999, 233.40611267089844, 0, 5, 1421891.1472473145, 148.3384552001953, 433.47369384765625, 237.02136143479154
LOSS, -464.0, -512.0, 32.0, -0.07734622437072845, 5999, 227.9772491455078, 0, 2, 1347271.3368682861, 159.15740966796875, 363.02398681640625, 224.58265325358997
LOSS, -426.0, -554.0, 32.0, -0.4303030303030303, 990, 223.0, 333, 2, 232180.2642364502, 140.075927734375, 387.4986572265625, 234.52551943075778
LOSS, -342.0, -512.0, 32.0, -0.057009501583597265, 5999, 235.44407653808594, 0, 7, 1301524.7685394287, 152.90298461914062, 410.8070068359375, 216.9569542489463
LOSS, -474.0, -554.0, 32.0, -0.44052044609665425, 1076, 223.0, 328, 6, 231330.01455688477, 146.514892578125, 368.78021240234375, 214.99071984840592
LOSS, 12.0, -554.0, 58.0, 0.002063628546861565, 5815, 207.0, 12, 9, 1311770.7765655518, 114.22923278808594, 373.694580078125, 225.583968454953
LOSS, -512.0, -512.0, 0.0, -0.08534755792632105, 5999, 183.70997619628906, 0, 4, 1634044.053451538, 148.9282684326172, 432.72515869140625, 272.38607325413204
LOSS, -448.0, -512.0, 32.0, -0.07467911318553092, 5999, 197.5696563720703, 0, 2, 1122973.2473144531, 131.07630920410156, 309.6370849609375, 187.19340678687334
LOSS, -342.0, -512.0, 32.0, -0.057009501583597265, 5999, 205.11895751953125, 0, 4, 1271582.6374664307, 155.5993194580078, 415.8307189941406, 211.96576720560606
LOSS, -76.0, -512.0, 32.0, -0.012668778129688281, 5999, 233.87747192382812, 0, 11, 1530073.8159179688, 142.110107421875, 412.4950866699219, 255.05481178829285
LOSS, 404.0, -512.0, 80.0, 0.06734455742623771, 5999, 217.1259002685547, 0, 11, 1384708.995941162, 106.8370361328125, 458.5032958984375, 230.82330320739493
LOSS, -512.0, -512.0, 0.0, -0.08534755792632105, 5999, 193.38015747070312, 0, 1, 1061322.6642303467, 143.66868591308594, 282.53204345703125, 176.9165968045252
LOSS, -2.0, -512.0, 32.0, -0.0003333888981496916, 5999, 185.58538818359375, 0, 11, 1394788.5184783936, 137.25486755371094, 403.2203369140625, 232.5035036636762
LOSS, -342.0, -512.0, 32.0, -0.057009501583597265, 5999, 225.0, 0, 4, 1046164.9626464844, 133.892578125, 350.7293701171875, 174.38989208976236
LOSS, -512.0, -512.0, 0.0, -0.08534755792632105, 5999, 199.3357391357422, 0, 2, 995806.7021789551, 129.43089294433594, 315.6688537597656, 165.99544960475998
LOSS, -512.0, -512.0, 0.0, -0.08534755792632105, 5999, 220.56626892089844, 0, 1, 932981.342628479, 123.89508819580078, 249.5249786376953, 155.52281090656427
LOSS, -512.0, -512.0, 0.0, -0.08534755792632105, 5999, 232.5458526611328, 0, 1, 1004597.0083465576, 104.21626281738281, 301.2852783203125, 167.46074484856769
LOSS, -512.0, -512.0, 0.0, -0.08534755792632105, 5999, 211.53067016601562, 0, 2, 1124764.2522583008, 116.45964050292969, 372.63958740234375, 187.49195736927834
LOSS, -512.0, -512.0, 0.0, -0.08534755792632105, 5999, 173.4638214111328, 0, 2, 920662.0114059448, 109.27996063232422, 279.3175964355469, 153.46924677545337
LOSS, -554.0, -512.0, 0.0, -0.09234872478746457, 5999, 231.41397094726562, 0, 2, 1210423.3921813965, 120.11446380615234, 331.55224609375, 201.77086050698392
LOSS, -374.0, -512.0, 48.0, -0.06234372395399233, 5999, 209.6895751953125, 0, 7, 1418084.5514831543, 140.56922912597656, 417.9654541015625, 236.3868230510342
LOSS, -512.0, -512.0, 0.0, -0.08534755792632105, 5999, 225.26007080078125, 0, 2, 1129755.1902923584, 114.23051452636719, 329.1534729003906, 188.32391903523228
LOSS, -364.0, -512.0, 32.0, -0.060676779463243874, 5999, 221.11895751953125, 0, 9, 1313940.5420684814, 123.06437683105469, 405.904296875, 219.02659477720977
LOSS, -448.0, -512.0, 32.0, -0.07467911318553092, 5999, 227.9772491455078, 0, 6, 1423948.7291259766, 142.50831604003906, 443.6231689453125, 237.36434891248152
LOSS, -438.0, -512.0, 32.0, -0.07301216869478247, 5999, 186.03575134277344, 0, 6, 1328738.2444152832, 131.26519775390625, 430.9399719238281, 221.49328961748344
LOSS, -280.0, -512.0, 32.0, -0.046674445740956826, 5999, 214.1680908203125, 0, 5, 1317107.9343032837, 123.08353424072266, 503.4783630371094, 219.55458148079407
LOSS, -512.0, -512.0, 0.0, -0.08534755792632105, 5999, 198.1680908203125, 0, 2, 1355368.6535491943, 128.22467041015625, 389.7212219238281, 225.9324309966985
LOSS, -288.0, -512.0, 48.0, -0.048008001333555594, 5999, 195.54090881347656, 0, 7, 1259270.1146621704, 120.53775787353516, 365.72735595703125, 209.9133380000284
LOSS, -448.0, -512.0, 32.0, -0.07467911318553092, 5999, 188.20257568359375, 0, 4, 1130530.8670043945, 133.54705810546875, 342.5797119140625, 188.45322003740532
LOSS, -400.0, -554.0, 32.0, -0.09715812484819043, 4117, 223.0, 125, 5, 926919.7708740234, 136.639404296875, 427.1263122558594, 225.1444670570861
LOSS, -268.0, -512.0, 48.0, -0.044674112352058676, 5999, 167.3357391357422, 0, 6, 1519486.9472427368, 108.27945709228516, 373.55523681640625, 253.29003954704731
LOSS, -502.0, -512.0, 10.0, -0.08368061343557259, 5999, 225.34408569335938, 0, 1, 957726.8958892822, 125.06613159179688, 323.3102722167969, 159.6477572744261
LOSS, -438.0, -512.0, 32.0, -0.07301216869478247, 5999, 174.1080322265625, 0, 3, 1193567.3570709229, 131.92605590820312, 352.08258056640625, 198.96105302065726
LOSS, -104.0, -512.0, 32.0, -0.017336222703783963, 5999, 145.91233825683594, 0, 14, 1419089.146774292, 111.34736633300781, 503.6171875, 236.5542835096336
LOSS, -502.0, -512.0, 10.0, -0.08368061343557259, 5999, 231.70997619628906, 0, 2, 907029.5006103516, 84.94151306152344, 306.8018493652344, 151.19678289887509
LOSS, -512.0, -512.0, 0.0, -0.08534755792632105, 5999, 217.40611267089844, 0, 1, 1263943.6510849, 123.37239837646484, 344.8923034667969, 210.69239057924653
LOSS, -554.0, -512.0, 0.0, -0.09234872478746457, 5999, 231.70997619628906, 0, 0, 941041.5657653809, 100.52546691894531, 398.92486572265625, 156.86640536179044
LOSS, -512.0, -512.0, 0.0, -0.08534755792632105, 5999, 214.18362426757812, 0, 3, 1381151.6833190918, 142.0985565185547, 376.44500732421875, 230.23031893967192
LOSS, -512.0, -512.0, 0.0, -0.08534755792632105, 5999, 201.5025634765625, 0, 2, 1399189.747680664, 143.02554321289062, 369.18719482421875, 233.23716414080081
LOSS, -512.0, -512.0, 0.0, -0.08534755792632105, 5999, 231.70997619628906, 0, 3, 1425288.9065246582, 148.22955322265625, 382.3507080078125, 237.5877490456173
LOSS, -500.0, -554.0, 32.0, -1.5105740181268883, 331, 223.0, 377, 1, 78813.77319335938, 156.89134216308594, 384.27215576171875, 238.1080761128682
LOSS, -288.0, -512.0, 80.0, -0.048008001333555594, 5999, 234.4189453125, 0, 2, 1379882.6995010376, 115.08334350585938, 396.120361328125, 230.01878638123648
LOSS, -290.0, -512.0, 32.0, -0.048341390231705285, 5999, 196.1741485595703, 0, 8, 1238220.9834442139, 109.76337432861328, 392.0777282714844, 206.404564668147
LOSS, -512.0, -512.0, 0.0, -0.08534755792632105, 5999, 193.00526428222656, 0, 2, 1282177.015701294, 141.0142059326172, 334.8865661621094, 213.7317912487571
LOSS, -512.0, -512.0, 0.0, -0.08534755792632105, 5999, 156.4250030517578, 0, 3, 1388584.7157287598, 140.81048583984375, 344.4833068847656, 231.469364182157
LOSS, -326.0, -512.0, 32.0, -0.054342390398399734, 5999, 161.42718505859375, 0, 7, 1443536.9492645264, 154.41171264648438, 429.7110900878906, 240.62959647683385
LOSS, 0.0, -512.0, 80.0, 0.0, 5999, 225.4762420654297, 0, 25, 1434498.606147766, 113.79058074951172, 475.7320556640625, 239.1229548504361
LOSS, -288.0, -512.0, 32.0, -0.048008001333555594, 5999, 151.3357391357422, 0, 7, 1306014.2711029053, 124.06869506835938, 392.14111328125, 217.7053294053851
LOSS, -512.0, -512.0, 0.0, -0.08534755792632105, 5999, 215.88465881347656, 0, 3, 1243297.1063995361, 143.1593017578125, 340.8898010253906, 207.25072618762061
LOSS, -326.0, -512.0, 32.0, -0.054342390398399734, 5999, 232.8940887451172, 0, 4, 1275013.913948059, 116.06123352050781, 365.9626770019531, 212.53774194833457
LOSS, -198.0, -512.0, 32.0, -0.03300550091681947, 5999, 211.9772491455078, 0, 6, 1592857.608039856, 105.64389038085938, 450.4296875, 265.52052142688046
LOSS, -512.0, -512.0, 0.0, -0.08534755792632105, 5999, 228.34812927246094, 0, 1, 1123915.1849517822, 130.36062622070312, 362.113037109375, 187.35042256239078
LOSS, -416.0, -512.0, 32.0, -0.06934489081513585, 5999, 186.25035095214844, 0, 3, 1182082.3119354248, 120.77549743652344, 325.8143310546875, 197.04655974919567
LOSS, -240.0, -512.0, 32.0, -0.040006667777962995, 5999, 210.77920532226562, 0, 4, 1322767.4054260254, 153.66705322265625, 381.12640380859375, 220.49798390165452
LOSS, -326.0, -512.0, 32.0, -0.054342390398399734, 5999, 228.93898010253906, 0, 6, 1195698.0540466309, 108.93653869628906, 478.63824462890625, 199.31622837916834
LOSS, -326.0, -554.0, 32.0, -0.1426071741032371, 2286, 207.0, 247, 6, 489946.0655441284, 80.88856506347656, 368.73095703125, 214.32461309891883
LOSS, 90.0, -512.0, 48.0, 0.015002500416736123, 5999, 209.77548217773438, 0, 7, 1319011.2771987915, 112.49225616455078, 382.29742431640625, 219.87185817616128
LOSS, 162.0, -512.0, 32.0, 0.027004500750125022, 5999, 225.26007080078125, 0, 16, 1328107.758644104, 64.87338256835938, 365.67242431640625, 221.3881911392072
LOSS, 154.0, -512.0, 32.0, 0.025670945157526253, 5999, 235.44407653808594, 0, 9, 1304068.1176986694, 121.0123519897461, 388.8389587402344, 217.38091643585088
LOSS, 236.0, -512.0, 64.0, 0.03933988998166361, 5999, 225.0, 0, 19, 1222462.481262207, 42.86106872558594, 368.3741149902344, 203.7777098286726
LOSS, -390.0, -512.0, 32.0, -0.06501083513918987, 5999, 203.14927673339844, 0, 6, 1326659.3448638916, 123.92538452148438, 369.55389404296875, 221.14674860208228
LOSS, -166.0, -512.0, 64.0, -0.027671278546424403, 5999, 214.1680908203125, 0, 5, 1407180.2264328003, 95.20557403564453, 404.97198486328125, 234.56913259423243
LOSS, 132.0, -512.0, 32.0, 0.022003667277879647, 5999, 234.4189453125, 0, 19, 1339675.6389770508, 128.91360473632812, 402.7160949707031, 223.31649257827152
LOSS, 376.0, -512.0, 80.0, 0.06267711285214202, 5999, 198.8853759765625, 0, 18, 1344463.5687561035, 101.93098449707031, 415.48504638671875, 224.11461389499976
LOSS, 378.0, -512.0, 32.0, 0.06301050175029171, 5999, 218.2871551513672, 0, 20, 1391052.2973709106, 64.27958679199219, 390.19854736328125, 231.88069634454254
LOSS, -288.0, -554.0, 32.0, -0.42857142857142855, 672, 223.0, 355, 6, 149645.59092712402, 143.0273895263672, 326.8487854003906, 222.68689126060121
LOSS, -172.0, -512.0, 32.0, -0.028671445240873478, 5999, 232.5458526611328, 0, 27, 1306629.8317565918, 78.32389831542969, 400.1175537109375, 217.80793994942354
LOSS, -448.0, -512.0, 32.0, -0.07467911318553092, 5999, 231.41397094726562, 0, 4, 1250550.4377746582, 131.17918395996094, 359.66064453125, 208.4598162651539
LOSS, 850.0, -512.0, 48.0, 0.14169028171361894, 5999, 186.2675018310547, 0, 26, 1299763.5390167236, 94.19436645507812, 390.7253723144531, 216.66336706396459
LOSS, -352.0, -512.0, 32.0, -0.058676446074345724, 5999, 227.05616760253906, 0, 4, 1329039.1534118652, 151.69422912597656, 372.0039367675781, 221.54344947689034
LOSS, -146.0, -512.0, 80.0, -0.024337389564927488, 5999, 201.5025634765625, 0, 5, 1286244.1886749268, 134.2422332763672, 326.88262939453125, 214.40976640688893
LOSS, -208.0, -512.0, 32.0, -0.03467244540756793, 5999, 194.5500030517578, 0, 5, 1330637.3056182861, 119.91726684570312, 384.30401611328125, 221.80985257847743
LOSS, 36.0, -554.0, 48.0, 0.006725200821968989, 5353, 196.39999389648438, 43, 14, 1283514.6165771484, 118.35195922851562, 373.0062561035156, 239.7748209559403
LOSS, 46.0, -512.0, 48.0, 0.007667944657442907, 5999, 225.35997009277344, 0, 15, 1427360.8456573486, 121.38246154785156, 404.61077880859375, 237.93312979785776
LOSS, -166.0, -512.0, 32.0, -0.027671278546424403, 5999, 231.41397094726562, 0, 6, 1313127.6040039062, 130.18740844726562, 385.1609191894531, 218.89108251440345
LOSS, -166.0, -512.0, 32.0, -0.027671278546424403, 5999, 233.1259002685547, 0, 7, 1315898.7768936157, 114.33866119384766, 389.8285217285156, 219.3530216525447
LOSS, 420.0, -512.0, 80.0, 0.07001166861143523, 5999, 201.1259002685547, 0, 15, 1329042.5060272217, 155.73599243164062, 380.4209289550781, 221.54400833926016
LOSS, 350.0, -512.0, 32.0, 0.058343057176196034, 5999, 234.2871551513672, 0, 19, 1317646.3477478027, 70.93028259277344, 426.9727783203125, 219.64433201330266
LOSS, 26.0, -512.0, 48.0, 0.004334055675945991, 5999, 199.3357391357422, 0, 9, 1303714.0976257324, 157.2779541015625, 358.6932373046875, 217.3219032548312
LOSS, -618.0, -554.0, 10.0, -0.18852959121415497, 3278, 223.0, 181, 10, 727975.2068481445, 128.34925842285156, 352.8714599609375, 222.0790746943699
LOSS, -364.0, -512.0, 32.0, -0.060676779463243874, 5999, 230.70347595214844, 0, 4, 1484276.8312072754, 162.20713806152344, 437.05389404296875, 247.42070865265467
LOSS, 324.0, -512.0, 80.0, 0.054009001500250044, 5999, 186.03575134277344, 0, 17, 1428284.9380340576, 139.46670532226562, 434.23541259765625, 238.08717086748752
LOSS, -336.0, -512.0, 32.0, -0.056009334889148193, 5999, 232.8940887451172, 0, 8, 1327590.656791687, 115.17008209228516, 479.5895080566406, 221.30199313080297
LOSS, -432.0, -512.0, 32.0, -0.07201200200033339, 5999, 140.4250030517578, 0, 5, 1384331.4581298828, 152.00177001953125, 440.6773376464844, 230.7603697499388
LOSS, -214.0, -512.0, 32.0, -0.035672612102017005, 5999, 193.00003051757812, 0, 11, 1291695.1617889404, 145.79554748535156, 384.9720153808594, 215.31841336705125
LOSS, -258.0, -512.0, 42.0, -0.043007167861310217, 5999, 220.1314697265625, 0, 6, 1359930.9540863037, 155.35848999023438, 403.5216369628906, 226.69294117124582
LOSS, -60.0, -512.0, 64.0, -0.010001666944490749, 5999, 200.86810302734375, 0, 19, 1275435.8502807617, 104.72463989257812, 521.5147094726562, 212.6080763928591
LOSS, -64.0, -512.0, 32.0, -0.010668444740790132, 5999, 198.8424072265625, 0, 11, 1256279.4877319336, 136.27227783203125, 402.67315673828125, 209.41481709150418
LOSS, 456.0, -512.0, 48.0, 0.07601266877812969, 5999, 209.00099182128906, 0, 15, 1294713.0815582275, 145.0767059326172, 392.0306091308594, 215.82148384034465
LOSS, -410.0, -554.0, 32.0, -0.21613073273589878, 1897, 223.0, 273, 2, 394698.5491027832, 159.801025390625, 431.4204406738281, 208.06460153019674
LOSS, -96.0, -512.0, 80.0, -0.016002667111185198, 5999, 209.0044708251953, 0, 6, 1180063.199142456, 129.81411743164062, 396.8763732910156, 196.70998485455178
LOSS, -198.0, -512.0, 32.0, -0.03300550091681947, 5999, 193.0489501953125, 0, 8, 1309468.411529541, 79.78910064697266, 374.46600341796875, 218.28111544083032
LOSS, -168.0, -512.0, 32.0, -0.028004667444574097, 5999, 225.04351806640625, 0, 6, 1207595.822113037, 144.76797485351562, 366.023681640625, 201.29952027221822
LOSS, 104.0, -512.0, 32.0, 0.017336222703783963, 5999, 230.70347595214844, 0, 18, 1336481.995300293, 121.67884826660156, 457.9742431640625, 222.784129905033
LOSS, -416.0, -512.0, 32.0, -0.06934489081513585, 5999, 155.39498901367188, 0, 5, 1191576.3069000244, 151.44190979003906, 352.09234619140625, 198.62915600933897
LOSS, -124.0, -512.0, 32.0, -0.02067011168528088, 5999, 233.40611267089844, 0, 5, 1319894.6884307861, 131.44285583496094, 381.6366882324219, 220.01911792478515
