WIN , 33709.0, -35.06406021118164, 76.37075805664062, 8.81281045751634, 3825, 217.0, 144, 39, 11681.373569488525, 6.021022319793701, 27.213233947753906, 3.0539538743760852
LOSS, 12163.15283203125, -44.566139221191406, 52.679954528808594, 9.547215723729396, 1274, 207.0, 315, 16, 16709.648792266846, 10.594614028930664, 46.141395568847656, 13.11589387148104
WIN , 29101.0, -44.999755859375, 88.21830749511719, 13.2337426102774, 2199, 153.0, 253, 37, 40978.88517856598, 13.335721015930176, 50.16840744018555, 18.635236552326504
WIN , 28300.802505493164, -19.723854064941406, 80.59171295166016, 26.08368894515499, 1085, 153.39498901367188, 327, 24, 29364.461290359497, 31.045976638793945, 72.27667999267578, 27.06401962245115
LOSS, 13292.986938476562, -43.999755859375, 60.69633483886719, 18.411339249967536, 722, 191.0, 351, 7, 25524.52236175537, 42.88166427612305, 76.72522735595703, 35.35252404675259
LOSS, 15191.0, -18.9923095703125, 58.68096923828125, 25.15066225165563, 604, 223.0, 359, 8, 23201.74836730957, 42.650691986083984, 75.9509506225586, 38.413490674353596
LOSS, 14875.6240234375, -16.00006103515625, 59.11674499511719, 30.862290505057054, 482, 223.0, 367, 15, 19744.323928833008, 50.97123718261719, 75.7151870727539, 40.963327653180514
LOSS, 22732.278076171875, -21.34002685546875, 67.0299301147461, 28.415347595214843, 800, 223.0, 346, 21, 35993.7113609314, 48.24318313598633, 75.56010437011719, 44.99213920116424
LOSS, 21572.800048828125, -16.028404235839844, 63.234474182128906, 29.632967100038634, 728, 207.0, 351, 15, 34887.52292633057, 53.786354064941406, 75.37824249267578, 47.922421602102425
LOSS, 18329.69482421875, -18.906715393066406, 67.1288070678711, 27.563450863486842, 665, 175.0, 355, 8, 37707.807945251465, 59.194576263427734, 106.22702026367188, 56.703470594363104
LOSS, 19115.398193359375, -20.46428680419922, 58.819801330566406, 25.085824400734086, 762, 223.0, 349, 20, 48387.78456878662, 70.72563171386719, 103.02198028564453, 63.50102961783021
LOSS, 11051.615966796875, -14.662391662597656, 65.04232025146484, 34.004972205528844, 325, 207.0, 378, 7, 22646.796829223633, 71.97958374023438, 103.56010437011719, 69.68245178222656
WIN , 26210.0, -21.34002685546875, 78.7255859375, 27.735449735449734, 945, 175.0, 336, 24, 66728.60298156738, 78.40796661376953, 102.2919692993164, 70.61227828737289
LOSS, 4581.599998474121, -17.187522888183594, 62.837730407714844, 25.739325834124276, 178, 201.8000030517578, 388, 5, 11307.427543640137, 81.90506744384766, 101.65415954589844, 63.52487384067493
LOSS, 15596.617919921875, -21.576095581054688, 66.2462387084961, 25.196474830245357, 619, 191.0, 358, 9, 45019.65075683594, 75.39006042480469, 101.15201568603516, 72.72964581072041
LOSS, 16309.289184570312, -21.880645751953125, 67.0311508178711, 29.280590995637905, 557, 138.447998046875, 362, 12, 38993.489974975586, 69.1053237915039, 102.93809509277344, 70.00626566422906
WIN , 26060.0, -21.34002685546875, 63.051368713378906, 30.876777251184834, 844, 175.0, 343, 22, 71284.5542678833, 60.903564453125, 123.5897445678711, 84.46037235531196
WIN , 25254.0, -21.114540100097656, 70.8604965209961, 26.723809523809525, 945, 207.0, 336, 14, 85760.81540679932, 85.99252319335938, 125.98136901855469, 90.75218561566065
LOSS, 19502.143798828125, -18.77500343322754, 67.7684555053711, 31.25343557504507, 624, 223.0, 358, 15, 58264.907775878906, 91.13143157958984, 120.5939712524414, 93.37324964083157
LOSS, 4618.2530517578125, -20.114486694335938, 61.79267883300781, 13.744800749279204, 336, 191.0, 377, 2, 31246.532440185547, 85.60047149658203, 120.04486083984375, 92.99563226245698
LOSS, 11553.1279296875, -15.999755859375, 62.718727111816406, 27.705342757044363, 417, 191.0, 372, 5, 40566.74142456055, 93.10565948486328, 123.08839416503906, 97.28235353611642
LOSS, 21563.27490234375, -19.28937530517578, 65.18163299560547, 27.823580519153225, 775, 207.0, 348, 13, 75701.57553100586, 85.03421783447266, 127.68667602539062, 97.67945229807208
LOSS, 8881.0, -17.01622772216797, 71.94295501708984, 30.105084745762714, 295, 223.0, 380, 9, 28901.337425231934, 89.55986022949219, 126.01180267333984, 97.97063533976926
LOSS, 12336.47802734375, -15.141426086425781, 68.05716705322266, 40.18396751577769, 307, 207.0, 379, 3, 35959.55075073242, 100.50867462158203, 146.50277709960938, 117.13208713593623
LOSS, 8003.3551025390625, -20.28378677368164, 66.9930191040039, 27.130017296742583, 295, 175.0, 380, 5, 35103.8998336792, 115.4723129272461, 144.13035583496094, 118.99627062264135
LOSS, 12121.0, -18.612060546875, 68.35637664794922, 25.625792811839325, 473, 223.0, 368, 9, 55423.14846038818, 99.49349975585938, 142.36322021484375, 117.17367539194119
LOSS, 13916.794921875, -17.81623649597168, 62.493896484375, 28.813240003881987, 483, 191.0, 367, 14, 55421.22302246094, 112.99858093261719, 144.133056640625, 114.74373296575763
LOSS, 13476.584716796875, -16.48968505859375, 65.4497299194336, 28.07621815999349, 480, 223.0, 367, 15, 57037.19289398193, 115.4554214477539, 143.94273376464844, 118.82748519579569
LOSS, 15461.0, -19.480911254882812, 65.4500503540039, 22.83751846381093, 677, 223.0, 354, 14, 79823.6353149414, 101.11253356933594, 147.8220977783203, 117.90788081970666
LOSS, 14346.70654296875, -17.632308959960938, 68.5948715209961, 23.752825402266144, 604, 175.0, 359, 14, 71775.29640197754, 100.50019073486328, 148.97080993652344, 118.83327218870454
LOSS, 4989.404052734375, -16.00006103515625, 63.72344970703125, 20.282130295668193, 246, 207.0, 383, 2, 29367.29714202881, 102.41177368164062, 151.28451538085938, 119.37925667491386
LOSS, 9989.0, -16.121994018554688, 63.06610107421875, 28.297450424929178, 353, 207.0, 376, 7, 41787.155029296875, 115.26053619384766, 155.84693908691406, 118.37720971472203
LOSS, 19940.719482421875, -16.83514404296875, 66.6307601928711, 27.466555760911675, 726, 191.0, 351, 18, 100858.47230529785, 109.91327667236328, 172.4932403564453, 138.9235155720356
LOSS, 9808.634719848633, -15.361114501953125, 70.6224594116211, 27.865439545024525, 352, 170.41000366210938, 376, 6, 51211.04118347168, 135.24417114257812, 166.7206573486328, 145.48591245304453
LOSS, 13681.354248046875, -18.61529541015625, 63.012916564941406, 17.340119452530892, 789, 191.0, 347, 10, 111246.43101501465, 136.73023986816406, 166.07327270507812, 140.99674399875113
LOSS, 12617.0, -16.612945556640625, 71.49434661865234, 22.815551537070526, 553, 191.0, 363, 10, 81195.44900512695, 137.8226318359375, 172.84451293945312, 146.82721339082633
LOSS, 6759.3419189453125, -16.00006103515625, 66.8419418334961, 14.567547239106277, 464, 191.0, 369, 9, 69649.28205871582, 144.62181091308594, 172.85653686523438, 150.10621133343926
LOSS, 4263.655090332031, -19.624000549316406, 63.74120330810547, 16.654902696609497, 256, 175.0, 382, 3, 37691.097747802734, 138.32415771484375, 174.8311767578125, 147.23085057735443
LOSS, 17434.96337890625, -21.14118194580078, 71.8535385131836, 31.07836609430704, 561, 160.0, 362, 11, 77271.6265258789, 136.61099243164062, 175.35360717773438, 137.73908471636167
LOSS, 2834.1494140625, -32.52410888671875, 61.21795654296875, 12.485239709526432, 227, 223.0, 384, 0, 32879.442291259766, 139.76414489746094, 175.6614227294922, 144.8433581112765
LOSS, 16636.61669921875, -16.13641357421875, 69.4139633178711, 30.084297828605333, 553, 191.0, 363, 11, 87862.39910888672, 133.98648071289062, 193.31419372558594, 158.88318102872825
LOSS, 7662.13298034668, -16.00006103515625, 69.4017562866211, 31.79308290600282, 241, 177.10000610351562, 383, 7, 39320.783432006836, 160.5421142578125, 197.46005249023438, 163.15677772616945
LOSS, 11212.2783203125, -22.136398315429688, 71.22212982177734, 22.975980164574796, 488, 191.0, 367, 9, 80160.83421325684, 159.4264373779297, 191.12127685546875, 164.26400453536237
LOSS, 11064.382080078125, -17.01622772216797, 71.68645477294922, 26.218914881701718, 422, 207.0, 371, 8, 71270.77528381348, 132.5481719970703, 197.3179473876953, 168.8880930896054
LOSS, 4217.172065734863, -16.48968505859375, 63.62213134765625, 13.964145913029348, 302, 216.34007263183594, 379, 3, 50981.66371154785, 154.3119354248047, 181.28616333007812, 168.81345599850283
LOSS, 14363.32177734375, -16.720947265625, 69.0978012084961, 17.754415052340853, 809, 223.0, 346, 10, 134518.79629516602, 152.01605224609375, 185.2311553955078, 166.27786933889496
LOSS, 3986.5764770507812, -13.000030517578125, 64.62255096435547, 18.80460602382444, 212, 223.0, 385, 1, 35777.77159118652, 167.2926483154297, 191.21348571777344, 168.76307354333267
LOSS, 2979.0, -16.123367309570312, 59.3212890625, 10.06418918918919, 296, 207.0, 380, 3, 49513.99060058594, 167.19314575195312, 191.38973999023438, 167.2769952722498
LOSS, 13751.0, -19.018348693847656, 71.9426498413086, 19.700573065902578, 698, 223.0, 353, 12, 115771.7857055664, 160.20285034179688, 192.95140075683594, 165.86215717129858
LOSS, 7869.0, -16.00006103515625, 70.70304107666016, 26.317725752508363, 299, 207.0, 380, 6, 54388.90670776367, 159.97837829589844, 204.8995819091797, 181.9026980192765
LOSS, 3217.4254760742188, -15.999984741210938, 68.81795501708984, 14.427916933068245, 223, 223.0, 385, 2, 41722.14375305176, 158.6959686279297, 203.8964080810547, 187.09481503610652
LOSS, 8091.0, -16.00006103515625, 71.96477508544922, 16.3125, 496, 223.0, 366, 7, 93790.79376220703, 180.0592803955078, 203.62034606933594, 189.09434226251417
LOSS, 10977.72900390625, -17.50006103515625, 65.4503402709961, 17.046163049543868, 644, 159.0, 357, 8, 120986.5357208252, 182.0472869873047, 211.53170776367188, 187.86729149196458
LOSS, 15039.454833984375, -19.72052001953125, 66.8419418334961, 23.316984238735465, 645, 191.0, 356, 10, 118500.63565063477, 172.9770965576172, 211.5398712158203, 183.72191573741824
LOSS, 9589.0, -33.000244140625, 63.692832946777344, 18.98811881188119, 505, 207.0, 366, 6, 94031.26928710938, 183.8254852294922, 208.36758422851562, 186.20053324180074
LOSS, 9931.770751953125, -18.063217163085938, 67.5743637084961, 22.268544286890414, 446, 159.0, 370, 7, 82046.07232666016, 153.8255157470703, 204.11607360839844, 183.95980342300484
LOSS, 10992.300003051758, -18.16307830810547, 65.25670623779297, 18.631016954325013, 590, 180.39999389648438, 360, 8, 110930.7046508789, 172.5310821533203, 212.756103515625, 188.01814347606594
LOSS, 4074.7958374023438, -10.0, 63.67255401611328, 17.26608405678959, 236, 175.0, 384, 2, 43851.189376831055, 184.83143615722656, 207.93035888671875, 185.8101244780977
LOSS, 12270.983154296875, -15.999755859375, 70.2873764038086, 25.942881932974366, 473, 191.0, 368, 8, 90881.93922424316, 178.12779235839844, 217.77304077148438, 192.13940639374877
LOSS, 2995.376220703125, -15.999984741210938, 61.21795654296875, 16.54903989338743, 181, 223.0, 387, 0, 35566.492248535156, 172.78240966796875, 220.61534118652344, 196.49995717422738
LOSS, 2671.0, -18.77500343322754, 61.5838623046875, 11.61304347826087, 230, 223.0, 384, 0, 44977.05857849121, 188.5024871826172, 219.27610778808594, 195.5524286021357
LOSS, 21399.378662109375, -17.01622772216797, 71.7632064819336, 26.001675166597053, 823, 175.0, 345, 17, 161296.6664428711, 184.12008666992188, 222.90029907226562, 195.98622897068176
LOSS, 8030.4581298828125, -16.00006103515625, 71.5660629272461, 15.32530177458552, 524, 207.0, 365, 7, 104729.00592041016, 180.66021728515625, 220.5988006591797, 199.86451511528657
LOSS, 4693.695556640625, -15.721969604492188, 63.553466796875, 43.06142712514335, 109, 191.0, 392, 5, 21324.489135742188, 166.46922302246094, 216.3142852783203, 195.63751500680905
LOSS, 6443.650001525879, -16.00006103515625, 71.51494598388672, 22.451742165595398, 287, 177.6999969482422, 380, 4, 56535.50296020508, 193.649169921875, 211.98193359375, 196.9878151923522
LOSS, 13651.0, -16.178489685058594, 67.90030670166016, 28.55857740585774, 478, 223.0, 368, 8, 91328.47622680664, 173.61929321289062, 218.60792541503906, 191.0637577966666
LOSS, 7975.6064453125, -16.00006103515625, 71.0454330444336, 33.93875083111702, 235, 127.0, 384, 5, 46114.439025878906, 190.1687469482422, 216.4228515625, 196.23165542927194
LOSS, 19014.279541015625, -17.625885009765625, 71.7876205444336, 25.97579172269894, 732, 207.0, 351, 15, 143258.3564300537, 172.79278564453125, 224.9477081298828, 195.70813719952693
LOSS, 8157.3863525390625, -16.00006103515625, 71.5263900756836, 24.350407022504665, 335, 191.0, 377, 7, 70949.27339172363, 179.7105255126953, 236.77442932128906, 211.78887579618996
LOSS, 10691.102294921875, -17.983718872070312, 68.1514663696289, 14.585405586523704, 733, 175.0, 351, 8, 152318.45854187012, 197.4512481689453, 229.3839111328125, 207.8014441226059
LOSS, 10750.90478515625, -15.408187866210938, 70.7213363647461, 40.26556099309457, 267, 223.0, 382, 7, 54401.79525756836, 184.43057250976562, 237.3311309814453, 203.75204216317738
LOSS, 12446.763969421387, -15.870216369628906, 71.5532455444336, 24.357659431353007, 511, 181.88465881347656, 365, 9, 106506.3650970459, 178.03819274902344, 236.90611267089844, 208.427328957037
LOSS, 5933.9998779296875, -16.084640502929688, 69.50971221923828, 17.55621265659671, 338, 223.0, 377, 5, 66795.42182922363, 181.30242919921875, 236.58409118652344, 197.6195912107208
LOSS, 7944.974853515625, -17.844223022460938, 71.5160140991211, 15.397238088208576, 516, 188.5, 365, 7, 107923.34660339355, 189.19239807128906, 228.59243774414062, 209.15377248719682
LOSS, 14447.0, -18.6240234375, 64.6227035522461, 19.954419889502763, 724, 191.0, 351, 16, 147586.69604492188, 185.26217651367188, 233.17279052734375, 203.84902768635618
LOSS, 10541.375732421875, -20.966697692871094, 66.1864242553711, 15.756914398238976, 669, 175.0, 355, 11, 132138.23358154297, 156.11465454101562, 252.98350524902344, 197.51604421755303
LOSS, 8342.234375, -37.620849609375, 66.8419418334961, 25.433641387195124, 328, 191.0, 378, 6, 73528.57817077637, 200.35494995117188, 252.12646484375, 224.17249442309867
LOSS, 4882.473693847656, -14.779937744140625, 60.042724609375, 17.56285501384049, 278, 223.0, 381, 4, 58671.5731048584, 181.86846923828125, 252.02757263183594, 211.04882411819568
LOSS, 2679.0, -16.00006103515625, 53.54058837890625, 5.979910714285714, 448, 207.0, 370, 4, 92323.47375488281, 188.8163604736328, 239.10003662109375, 206.07918248857771
LOSS, 4001.2752075195312, -15.999984741210938, 61.21795654296875, 11.83809232993944, 338, 191.0, 377, 2, 72588.24235534668, 185.2861328125, 243.98463439941406, 214.75811347735703
LOSS, 7333.0687255859375, -16.88550567626953, 62.54638671875, 15.702502624381022, 467, 191.0, 368, 4, 98874.16030883789, 190.4781036376953, 246.26292419433594, 211.72197068273638
LOSS, 6866.284118652344, -15.262458801269531, 71.22212982177734, 27.79872112814714, 247, 184.9793701171875, 383, 4, 53528.733810424805, 189.937744140625, 243.96774291992188, 216.71552149969557
LOSS, 7141.0, -16.00006103515625, 68.8176498413086, 16.80235294117647, 425, 223.0, 371, 7, 87622.9056854248, 156.53662109375, 248.36390686035156, 206.17154278923485
LOSS, 1679.599998474121, -15.562948226928711, 59.82658386230469, 18.06021503735614, 93, 185.8000030517578, 393, 3, 18613.883377075195, 183.54490661621094, 238.83013916015625, 200.14928362446446
LOSS, 6701.6278076171875, -16.00006103515625, 63.62213134765625, 16.30566376549194, 411, 175.0, 372, 4, 86820.06321716309, 186.45594787597656, 242.18812561035156, 211.24102972545762
LOSS, 12981.0, -28.44024658203125, 67.9173812866211, 16.369482976040352, 793, 223.0, 347, 14, 164820.4288635254, 176.58888244628906, 244.2820281982422, 207.84417258956543
LOSS, 4772.753234863281, -16.00006103515625, 62.654640197753906, 21.793393766499, 219, 223.0, 385, 4, 45376.49588012695, 179.37962341308594, 261.75421142578125, 207.19861132478061
LOSS, 7147.0, -16.48967742919922, 70.00096893310547, 21.657575757575756, 330, 191.0, 377, 8, 74948.19711303711, 191.6129608154297, 248.3646697998047, 227.11574882738518
LOSS, 13531.07568359375, -17.01622772216797, 71.79875946044922, 20.47061374219932, 661, 223.0, 355, 11, 145746.15473937988, 198.24822998046875, 252.46560668945312, 220.4934262320422
LOSS, 12517.4951171875, -18.0462646484375, 67.05770111083984, 26.464048873546513, 473, 175.0, 368, 9, 104534.00573730469, 197.86517333984375, 248.8612823486328, 221.0021262945131
LOSS, 3478.4755859375, -18.012840270996094, 66.8419418334961, 4.326462171564055, 804, 223.0, 346, 2, 180374.83644104004, 191.03158569335938, 249.69480895996094, 224.3468114938309
LOSS, 5118.307067871094, -18.46306610107422, 61.329246520996094, 8.963760188916101, 571, 159.8800048828125, 361, 6, 123915.19889831543, 190.07130432128906, 254.10568237304688, 217.01435884118288
LOSS, 5346.5645751953125, -16.48967742919922, 59.979248046875, 12.151283125443893, 440, 223.0, 370, 3, 97507.20484924316, 201.27032470703125, 248.78065490722656, 221.6072837482799
LOSS, 15181.27490234375, -36.9998779296875, 66.7418441772461, 19.741579847000974, 769, 191.0, 348, 12, 168434.30108642578, 179.37872314453125, 251.13780212402344, 219.03030050250428
LOSS, 8391.0, -16.00006103515625, 63.850685119628906, 25.58231707317073, 328, 223.0, 378, 5, 72630.61253356934, 191.39947509765625, 250.45912170410156, 221.4347943096626
LOSS, 10299.0, -38.0, 65.6682357788086, 10.956382978723404, 940, 207.0, 337, 10, 211469.69326782227, 187.73309326171875, 253.34710693359375, 224.9677587955556
LOSS, 9122.511596679688, -14.779937744140625, 63.692832946777344, 16.146038224211836, 565, 175.0, 362, 10, 128211.80966186523, 205.08348083496094, 247.8801727294922, 226.92355692365527
LOSS, 4658.7030029296875, -16.13641357421875, 62.631683349609375, 16.940738192471592, 275, 175.0, 381, 4, 63027.34684753418, 206.20068359375, 248.44737243652344, 229.19035217285156
LOSS, 13467.0, -16.48968505859375, 72.03206634521484, 31.17361111111111, 432, 191.0, 371, 12, 95543.14418029785, 210.0628204345703, 255.2814178466797, 221.1646856025413
LOSS, 12635.45703125, -16.366127014160156, 70.6041488647461, 18.58155445772059, 680, 191.0, 354, 12, 152241.216506958, 203.96310424804688, 252.4274444580078, 223.88414192199707
LOSS, 9915.07568359375, -41.60606384277344, 63.966064453125, 13.011910345923557, 762, 175.0, 349, 8, 174729.5167236328, 211.34474182128906, 264.2147521972656, 229.3038277213029
LOSS, 8503.874755859375, -29.53033447265625, 71.99178314208984, 30.479837834621417, 279, 223.0, 381, 6, 66786.92164611816, 214.69578552246094, 274.4044189453125, 239.37964747712604
LOSS, 8769.460815429688, -28.76861572265625, 66.5782699584961, 20.73158585207964, 423, 207.0, 371, 7, 99950.76454162598, 218.61508178710938, 264.1242980957031, 236.2902235026619
LOSS, 2957.666473388672, -15.050315856933594, 60.34454345703125, 37.438816118843945, 79, 175.0, 394, 2, 18841.12269592285, 218.14849853515625, 259.9928283691406, 238.49522399902344
LOSS, 9094.654541015625, -16.88904571533203, 67.88426971435547, 23.141614608182252, 393, 170.447998046875, 373, 7, 92054.98840332031, 219.54202270507812, 259.9330139160156, 234.23661171328322
LOSS, 8231.0, -33.704986572265625, 63.75, 5.913074712643678, 1392, 223.0, 307, 15, 320604.9287414551, 209.66488647460938, 260.3525390625, 230.31963271656255
LOSS, 5651.0, -15.999984741210938, 62.24609375, 18.963087248322147, 298, 223.0, 380, 5, 69199.75454711914, 217.78799438476562, 262.2867126464844, 232.2139414332857
LOSS, 10232.233520507812, -16.48968505859375, 69.46675872802734, 19.90706910604633, 514, 223.0, 365, 10, 116991.04318237305, 197.18240356445312, 258.1572570800781, 227.60903342874133
LOSS, 15896.292724609375, -39.999755859375, 65.7213363647461, 12.34184217749175, 1288, 175.0, 314, 14, 299354.49432373047, 207.3798828125, 266.44354248046875, 232.41808565507023
LOSS, 4910.9215087890625, -15.463035583496094, 61.21795654296875, 25.983711686714617, 189, 191.0, 387, 4, 44275.124923706055, 214.42210388183594, 263.8826599121094, 234.25992023124897
LOSS, 13655.1455078125, -19.273849487304688, 69.5451889038086, 30.4123507969098, 449, 223.0, 370, 9, 103322.00883483887, 219.7157745361328, 269.3833923339844, 230.1158325942959
LOSS, 9982.908203125, -18.77500343322754, 71.2218246459961, 24.895032925498754, 401, 191.0, 373, 7, 93810.06983947754, 220.0730438232422, 273.61688232421875, 233.9403237892208
LOSS, 14158.371826171875, -18.462913513183594, 71.6295394897461, 21.985049419521545, 644, 223.0, 357, 11, 151970.15274047852, 205.73423767089844, 272.1463317871094, 235.9784980442213
LOSS, 881.0, -16.48968505859375, 52.571563720703125, 2.8146964856230032, 313, 223.0, 379, 1, 74428.4766998291, 223.76974487304688, 267.4722595214844, 237.79066038284057
LOSS, 9879.665161132812, -16.88904571533203, 69.7240219116211, 12.814092297189122, 771, 223.0, 348, 7, 177167.18898010254, 188.3419952392578, 278.2508544921875, 229.7888313620007
LOSS, 7085.598388671875, -15.863197326660156, 57.30853271484375, 20.015814657265185, 354, 223.0, 376, 4, 82218.88514709473, 201.17669677734375, 268.5794372558594, 232.25673770365742
LOSS, 9143.06396484375, -16.00006103515625, 63.532615661621094, 17.283674791765122, 529, 175.0, 364, 8, 126275.87461853027, 204.57354736328125, 269.5102844238281, 238.70675731291166
LOSS, 10493.205932617188, -16.00006103515625, 63.013526916503906, 23.37016911496033, 449, 207.0, 370, 11, 107110.95191955566, 216.77149963378906, 268.1376037597656, 238.55445861816406
LOSS, 5076.841796875, -35.608978271484375, 64.32601928710938, 16.27192883613782, 312, 207.0, 379, 1, 71706.53053283691, 209.67018127441406, 261.2906494140625, 229.8286235026824
LOSS, 4441.645080566406, -47.5372314453125, 62.824012756347656, 15.919874840739807, 279, 191.0, 381, 3, 66527.11331176758, 210.22454833984375, 267.6833190917969, 238.44843480920278
LOSS, 5907.0, -20.1611328125, 62.40234375, 9.589285714285714, 616, 191.0, 358, 8, 146167.09825134277, 209.90530395507812, 267.6434326171875, 237.28425040802398
LOSS, 14940.808349609375, -56.98986053466797, 63.85986328125, 16.92050775720201, 883, 223.0, 341, 10, 206554.3144683838, 187.8378143310547, 271.51617431640625, 233.9233459438095
LOSS, -20729.928955078125, -47.775001525878906, 84.329833984375, -4.181107090576467, 4958, 223.0, 69, 10, 1223247.3181915283, 215.23727416992188, 275.7828369140625, 246.72192783209528
LOSS, 2532.4945068359375, -16.75354766845703, 60.084991455078125, 14.307878569694562, 177, 175.0, 388, 2, 41321.15548706055, 221.65321350097656, 279.411376953125, 233.45285585909915
LOSS, 7700.0872802734375, -43.0731201171875, 66.5688247680664, 17.580107945829766, 438, 175.0, 370, 6, 103796.9165649414, 224.52755737304688, 278.42138671875, 236.97926156379316
WIN , 22980.0, -46.14404296875, 77.86865234375, 15.980528511821975, 1438, 175.0, 304, 23, 338385.53506469727, 204.87332153320312, 285.7471008300781, 235.31678377239032
LOSS, 1666.0, -59.821929931640625, 55.53924560546875, 8.048309178743962, 207, 223.0, 386, 3, 48757.3366394043, 213.9193572998047, 279.8053894042969, 235.54268907924782
LOSS, 5285.456604003906, -12.9998779296875, 65.8576889038086, 26.56008343720556, 199, 207.0, 386, 4, 47877.5959777832, 230.76515197753906, 281.64410400390625, 240.59093456172465
LOSS, 8805.701171875, -26.092529296875, 66.1864242553711, 27.178090036651234, 324, 191.0, 378, 7, 80380.24598693848, 220.34768676757812, 281.7493591308594, 248.08717897203235
LOSS, 15166.67578125, -27.71728515625, 67.4571762084961, 8.003522839709763, 1895, 207.0, 273, 16, 458618.45541381836, 219.0150909423828, 294.23138427734375, 242.01501604950838
LOSS, 7448.365119934082, -16.084793090820312, 62.879638671875, 18.952583002376798, 393, 218.67503356933594, 373, 2, 94347.73837280273, 192.31947326660156, 285.4364318847656, 240.07058110127923
LOSS, 14231.0, -44.1668701171875, 69.5097885131836, 14.259519038076153, 998, 223.0, 333, 20, 236637.60125732422, 220.9739532470703, 292.5245666503906, 237.1118249071385
LOSS, 21131.747802734375, -36.9998779296875, 69.50971221923828, 21.78530701312822, 970, 207.0, 335, 18, 240402.82264709473, 204.75791931152344, 297.0357971191406, 247.83796149185022
LOSS, 2051.0, -16.22779083251953, 55.84861755371094, 9.766666666666667, 210, 223.0, 385, 1, 49160.0246887207, 220.9293212890625, 292.11480712890625, 234.09535566057477
LOSS, 12899.18505859375, -20.1611328125, 64.6227035522461, 11.354916424818441, 1136, 191.0, 324, 17, 267144.1302642822, 201.53616333007812, 286.9328308105469, 235.16208650024845
LOSS, 16386.43593597412, -18.870094299316406, 67.4913558959961, 15.909161102887497, 1030, 185.8000030517578, 331, 18, 249942.5253753662, 226.06161499023438, 305.7419128417969, 242.66264599550118
LOSS, 9765.315185546875, -17.35771942138672, 65.45003509521484, 24.17157224145266, 404, 223.0, 373, 6, 99322.12562561035, 211.13165283203125, 301.40765380859375, 245.84684560794642
LOSS, 10753.310302734375, -33.000244140625, 60.84283447265625, 12.445960998535156, 864, 207.0, 342, 10, 204236.90380859375, 211.4801483154297, 306.6688537597656, 236.38530533402056
LOSS, 5704.65673828125, -16.00006103515625, 56.91551208496094, 15.846268717447916, 360, 207.0, 375, 2, 82606.87684631348, 218.18548583984375, 294.5882873535156, 229.4635467953152
LOSS, 11918.10595703125, -19.004432678222656, 61.016456604003906, 15.890807942708333, 750, 191.0, 349, 7, 182487.42854309082, 227.6129150390625, 297.49261474609375, 243.31657139078777
LOSS, 11151.209594726562, -20.1611328125, 62.162376403808594, 25.3436581698331, 440, 191.0, 370, 9, 108503.30857849121, 232.7627716064453, 307.3550109863281, 246.59842858748002
LOSS, 9101.0, -40.4193115234375, 61.607872009277344, 8.018502202643171, 1135, 223.0, 324, 10, 266635.85710144043, 192.52793884277344, 309.6011047363281, 234.9214600012691
LOSS, 9932.822631835938, -24.239883422851562, 66.8419418334961, 20.9996250144523, 473, 207.0, 368, 8, 115092.43115234375, 211.32476806640625, 305.21759033203125, 243.32437875759777
LOSS, 3981.0, -23.718719482421875, 55.047950744628906, 14.06713780918728, 283, 223.0, 381, 2, 69037.34649658203, 209.2344970703125, 309.7762145996094, 243.9482208359789
LOSS, 7320.3057861328125, -22.67888641357422, 60.9173583984375, 16.906017981830974, 433, 175.0, 371, 5, 107492.60459899902, 216.30023193359375, 307.32391357421875, 248.25081893533263
LOSS, 8261.999877929688, -15.999984741210938, 69.5793685913086, 13.325806254725302, 620, 207.0, 358, 7, 147988.00035095215, 217.01185607910156, 316.2572937011719, 238.690323146697
LOSS, 9505.915771484375, -15.999755859375, 65.52375030517578, 34.69312325359261, 274, 223.0, 381, 7, 67312.89994812012, 222.14450073242188, 310.48638916015625, 245.66751805883254
LOSS, 11419.0, -25.763916015625, 70.1561508178711, 7.54227212681638, 1514, 207.0, 299, 19, 358862.9776916504, 216.6621856689453, 320.2013854980469, 237.02970785445865
LOSS, 13311.0, -23.718719482421875, 60.618797302246094, 15.40625, 864, 223.0, 342, 14, 206712.55725097656, 200.5316162109375, 310.4877014160156, 239.25064496640806
LOSS, 4661.0, -18.549041748046875, 64.4804916381836, 5.6634264884568655, 823, 223.0, 345, 5, 201862.04846191406, 210.1990966796875, 313.7063293457031, 245.27587905457358
LOSS, 12224.197143554688, -18.244735717773438, 63.1365966796875, 22.679401008450256, 539, 207.0, 364, 12, 132309.21856689453, 203.32432556152344, 318.47412109375, 245.47164854711417
LOSS, 14044.00048828125, -17.983718872070312, 66.6771469116211, 16.6201189210429, 845, 223.0, 343, 12, 209088.8678894043, 209.60325622558594, 316.8974304199219, 247.44244720639563
LOSS, 9799.972290039062, -34.0869140625, 66.9930191040039, 14.916243972662196, 657, 207.0, 356, 6, 161401.15266418457, 209.9793701171875, 317.4226379394531, 245.66385489221395
LOSS, 4928.174621582031, -36.61776542663574, 67.4254379272461, 16.70567668332892, 295, 191.0, 380, 6, 73738.34866333008, 214.96136474609375, 310.061279296875, 249.9605039434918
LOSS, 13155.310302734375, -17.844284057617188, 61.253273010253906, 19.06566710541214, 690, 223.0, 353, 11, 172729.63650512695, 194.5371856689453, 316.27069091796875, 250.3328065291695
LOSS, 4771.0, -15.66986083984375, 55.81084442138672, 22.087962962962962, 216, 223.0, 385, 3, 51936.55244445801, 197.35296630859375, 309.1097717285156, 240.44700205767597
LOSS, 8651.0, -26.092529296875, 60.935569763183594, 10.448067632850242, 828, 223.0, 344, 8, 203760.1188812256, 195.45921325683594, 318.1252746582031, 246.08710009809855
LOSS, 21721.178955078125, -39.0, 68.8170394897461, 15.084152052137586, 1440, 207.0, 303, 18, 341857.92317199707, 198.25901794433594, 319.95306396484375, 237.4013355361091
LOSS, 10256.839454650879, -37.733154296875, 67.4406967163086, 4.210525227689195, 2436, 209.6999969482422, 237, 14, 569840.5509643555, 205.37185668945312, 327.5622253417969, 233.92469251410324
LOSS, -24540.1007232666, -63.623939514160156, 63.30602264404297, -4.090698570306151, 5999, 225.20144653320312, 0, 6, 1318100.845046997, 199.52316284179688, 308.7763366699219, 219.72009419019787
LOSS, 7366.677734375, -18.49896240234375, 65.8366928100586, 14.912303106022268, 494, 191.0, 367, 5, 125273.4001159668, 217.2242431640625, 333.62823486328125, 253.58987877726074
LOSS, 8747.812744140625, -23.38720703125, 69.1838607788086, 5.018825441274025, 1743, 223.0, 283, 12, 443378.15216064453, 190.83578491210938, 330.8554992675781, 254.3764498913623
LOSS, 13849.52783203125, -19.48956298828125, 62.213134765625, 21.70772387465713, 638, 223.0, 357, 9, 172970.08612060547, 209.99636840820312, 340.021240234375, 271.11298764985185
LOSS, 4760.764343261719, -30.536651611328125, 62.891845703125, 31.52824068385244, 151, 191.0, 389, 4, 39869.643142700195, 219.68429565429688, 319.46673583984375, 264.0373718059616
LOSS, 6467.4945068359375, -18.46306610107422, 66.4753646850586, 16.168736267089844, 400, 175.0, 373, 7, 102225.38360595703, 214.37225341796875, 325.7218322753906, 255.56345901489257
LOSS, 6083.796630859375, -18.919837951660156, 66.5141830444336, 16.667935974957192, 365, 223.0, 375, 6, 96177.37382507324, 229.28684997558594, 329.53631591796875, 263.49965431526914
LOSS, 5641.0, -19.3548583984375, 59.46936798095703, 21.127340823970037, 267, 223.0, 382, 3, 70039.47218322754, 236.5635528564453, 347.2422180175781, 262.32012053643274
LOSS, 12135.000244140625, -36.45867919921875, 70.6737289428711, 28.419204318830502, 427, 223.0, 371, 11, 115922.03927612305, 216.26356506347656, 333.9908142089844, 271.4801856583678
LOSS, 13828.947998046875, -47.537841796875, 62.510887145996094, 11.13441867797655, 1242, 175.5, 317, 16, 328313.3759460449, 219.02906799316406, 327.8213195800781, 264.3424927101811
LOSS, 12265.218505859375, -34.0, 63.1597900390625, 14.345284802174708, 855, 175.0, 342, 8, 231400.72317504883, 216.19422912597656, 338.9955139160156, 270.6441206725717
LOSS, 6098.951675415039, -16.084793090820312, 69.02547454833984, 15.133875125099353, 403, 185.39498901367188, 373, 3, 105453.54917907715, 222.2076873779297, 332.3867492675781, 261.6713379133428
LOSS, 15695.36474609375, -16.00006103515625, 66.6722640991211, 22.013134286246494, 713, 207.0, 352, 12, 186778.75959777832, 216.92532348632812, 354.7633056640625, 261.96179466729075
LOSS, 8783.287719726562, -16.00006103515625, 68.8641128540039, 16.890937922551082, 520, 207.0, 365, 8, 132468.1707458496, 227.7663116455078, 342.3324279785156, 254.74648220355695
LOSS, 474.0000305175781, -13.27532958984375, 57.85003662109375, 1.9112904456353956, 248, 223.0, 383, 0, 59863.01396179199, 229.87124633789062, 330.1990966796875, 241.38312081367738
LOSS, 11181.0, -34.0, 58.58642578125, 9.403700588730025, 1189, 223.0, 320, 12, 300203.53982543945, 205.3772430419922, 336.4715270996094, 252.48405367993226
LOSS, 3584.5702514648438, -16.88550567626953, 59.82536315917969, 12.489791816950675, 287, 223.0, 380, 2, 73110.83976745605, 225.36309814453125, 336.8662109375, 254.7416019771988
LOSS, 15036.178955078125, -18.721778869628906, 70.1909408569336, 30.74883221897367, 489, 207.0, 367, 9, 129026.52513122559, 210.13766479492188, 337.70880126953125, 263.8579246037333
LOSS, 15519.74462890625, -18.34014892578125, 70.7896957397461, 20.665438919981693, 751, 207.0, 349, 10, 188326.3318939209, 215.90695190429688, 344.32879638671875, 250.7674192994952
LOSS, 16813.841796875, -40.892784118652344, 71.2102279663086, 19.32625493893678, 870, 223.0, 341, 12, 222933.55488586426, 212.53594970703125, 347.6341552734375, 256.24546538605085
LOSS, 5166.483947753906, -13.000030517578125, 61.5826416015625, 28.078717107358187, 184, 191.0, 387, 0, 45947.68849182129, 227.6846923828125, 346.70147705078125, 249.7156983251157
LOSS, 15701.177734375, -24.154052734375, 66.7845687866211, 22.176804709569208, 708, 207.0, 352, 9, 189310.44219970703, 225.65887451171875, 349.2713317871094, 267.3876302255749
LOSS, 12849.65478515625, -33.000244140625, 69.4798812866211, 14.585306226057037, 881, 223.0, 341, 18, 232879.36506652832, 218.39559936523438, 344.1472473144531, 264.3352611424839
LOSS, 12458.679443359375, -34.0869140625, 68.0962142944336, 20.357319351894404, 612, 223.0, 359, 10, 165462.16191101074, 221.89291381835938, 352.737548828125, 270.3630096585143
LOSS, 1338.9114303588867, -10.0, 59.49882507324219, 13.389114303588867, 100, 186.2149200439453, 393, 1, 24491.868438720703, 223.8472137451172, 339.8235778808594, 244.91868438720704
LOSS, 7775.4888916015625, -15.141426086425781, 66.5816421508789, 29.677438517563214, 262, 175.0, 382, 6, 69451.98358154297, 221.6223907470703, 337.4711608886719, 265.0839067997823
LOSS, 10961.0, -17.375690460205078, 65.13753509521484, 14.99452804377565, 731, 223.0, 351, 13, 186923.1942138672, 216.31912231445312, 348.1134338378906, 255.7088840134982
LOSS, 4578.645263671875, -15.999984741210938, 63.89617919921875, 26.314053239493536, 174, 223.0, 388, 1, 44293.63572692871, 215.3274688720703, 363.1203918457031, 254.5611248674064
LOSS, 8427.14892578125, -17.975692749023438, 62.704078674316406, 20.911039518067618, 403, 191.0, 373, 9, 108958.62745666504, 215.80609130859375, 355.9836120605469, 270.3688026219976
LOSS, 18047.81591796875, -26.092529296875, 66.7458267211914, 16.96223300560973, 1064, 207.0, 329, 17, 271401.1423034668, 200.56141662597656, 350.7877197265625, 255.07626156340865
LOSS, 20119.665283203125, -35.0, 65.8067855834961, 24.74743577269757, 813, 207.0, 345, 14, 225261.459274292, 197.76278686523438, 355.5368347167969, 277.07436565103563
LOSS, 4251.7275390625, -13.0792236328125, 60.6964111328125, 32.70559645432692, 130, 223.0, 391, 1, 33580.63236999512, 195.3181610107422, 337.7747802734375, 258.3125566922701
LOSS, 15924.01416015625, -18.462913513183594, 64.2903823852539, 19.30183534564394, 825, 191.0, 344, 10, 225399.02015686035, 201.47471618652344, 344.555419921875, 273.2109335234671
LOSS, 15001.61279296875, -15.999755859375, 69.4124526977539, 23.62458707554134, 635, 223.0, 357, 10, 166339.7686920166, 192.42320251464844, 353.6479187011719, 261.95239164097103
LOSS, 4851.230041503906, -32.880775451660156, 62.76465606689453, 12.007995152237392, 404, 191.0, 373, 4, 96545.17826843262, 181.3885955810547, 347.921875, 238.9732135357243
LOSS, 10713.8994140625, -22.48974609375, 57.403770446777344, 13.878108049303757, 772, 191.0, 348, 12, 198893.83108520508, 181.56277465820312, 356.3270568847656, 257.6344962243589
LOSS, 13281.31810760498, -33.000244140625, 66.1864242553711, 16.04023926039249, 828, 177.24415588378906, 344, 9, 206315.86128234863, 185.51573181152344, 355.21405029296875, 249.17374551008288
LOSS, 19151.59999847412, -43.07373046875, 67.4522933959961, 20.839608268198173, 919, 201.8000030517578, 338, 20, 243492.71563720703, 183.49441528320312, 360.8931884765625, 264.9539887238379
LOSS, 4117.445053100586, -15.999984741210938, 67.5157699584961, 12.004212982800542, 343, 100.60000610351562, 377, 5, 83450.64279174805, 201.4857940673828, 351.98724365234375, 243.29633466981937
LOSS, 9744.936790466309, -15.999755859375, 70.54450225830078, 27.45052617032763, 355, 201.8000030517578, 376, 8, 95682.89428710938, 200.16287231445312, 359.502197265625, 269.5292796819982
LOSS, 11052.6328125, -19.310096740722656, 67.98299407958984, 29.711378528225808, 372, 207.0, 375, 4, 103633.82632446289, 218.0508575439453, 364.0785827636719, 278.58555463565295
LOSS, 10251.0, -18.20465850830078, 62.767555236816406, 12.232696897374701, 838, 223.0, 344, 12, 205930.8102722168, 191.96022033691406, 366.14678955078125, 245.74082371386254
LOSS, 10023.158813476562, -55.04791259765625, 63.733421325683594, 11.750479265505936, 853, 223.0, 343, 15, 213076.69206237793, 196.49884033203125, 367.9559020996094, 249.79682539551925
LOSS, 5067.616409301758, -43.42277526855469, 68.7569351196289, 5.913204678298434, 857, 148.39999389648438, 342, 3, 198334.86492919922, 186.66253662109375, 363.7427673339844, 231.42924729194775
LOSS, 6889.466796875, -21.34002685546875, 61.9097900390625, 19.190715311629525, 359, 223.0, 376, 5, 96638.1929321289, 196.92884826660156, 360.23553466796875, 269.18716694186327
LOSS, 16045.4697265625, -17.662269592285156, 68.4752426147461, 26.477672816109735, 606, 207.0, 359, 8, 169473.09315490723, 211.23391723632812, 354.0411071777344, 279.65856956255317
LOSS, 13935.000244140625, -22.04345703125, 66.1479721069336, 27.925852192666582, 499, 223.0, 366, 11, 133154.36344909668, 183.44593811035156, 353.1846008300781, 266.8424117216366
LOSS, 4800.373886108398, -24.65240478515625, 60.810791015625, 24.36738013252994, 197, 183.20425415039062, 386, 4, 54382.71383666992, 192.27188110351562, 357.7728576660156, 276.05438495771534
LOSS, 18047.305908203125, -37.4371337890625, 66.1864242553711, 19.117908801062633, 944, 175.0, 337, 16, 246826.68392944336, 166.97076416015625, 359.681884765625, 261.46894484051205
LOSS, 3595.502052307129, -16.00006103515625, 59.241943359375, 12.313363192832632, 292, 197.3357391357422, 380, 4, 70172.15966796875, 201.1782989501953, 363.6575622558594, 240.31561530126285
WIN , 22564.802505493164, -19.33502960205078, 71.4751205444336, 24.185211688631473, 933, 185.39498901367188, 337, 19, 274469.33531188965, 191.95217895507812, 352.1869812011719, 294.17935188841335
LOSS, 8699.557510375977, -14.616615295410156, 62.74268341064453, 28.063088743148313, 310, 165.88497924804688, 379, 7, 88721.69676208496, 186.0207061767578, 374.2005615234375, 286.1990218131773
LOSS, 15811.0, -17.983718872070312, 71.22212982177734, 24.25, 652, 223.0, 356, 9, 180289.33949279785, 176.7979736328125, 354.8936462402344, 276.5173918601194
LOSS, 10405.0, -38.639892578125, 69.50971221923828, 10.31219028741328, 1009, 175.0, 332, 9, 258906.80436706543, 197.5927276611328, 364.3901062011719, 256.5974275193909
LOSS, 5921.0, -16.362045288085938, 66.58118438720703, 23.779116465863453, 249, 223.0, 383, 3, 66366.16348266602, 173.27442932128906, 350.09405517578125, 266.53077703881934
LOSS, 2201.0, -15.204170227050781, 69.96160125732422, 14.771812080536913, 149, 223.0, 390, 2, 37910.47903442383, 198.75375366210938, 354.1116027832031, 254.43274519747536
LOSS, 6801.0, -19.72052001953125, 59.29351806640625, 8.184115523465705, 831, 223.0, 344, 7, 198151.45849609375, 163.6485137939453, 352.1104431152344, 238.44940853922233
LOSS, 8934.173217773438, -21.67694854736328, 63.991600036621094, 16.333040617501712, 547, 223.0, 363, 8, 149784.85400390625, 198.68714904785156, 347.3446044921875, 273.8297148151851
LOSS, 15714.225830078125, -18.14130401611328, 57.2143440246582, 15.241732133926407, 1031, 207.0, 331, 8, 275046.6737976074, 180.56346130371094, 351.79052734375, 266.7765992217337
LOSS, 7331.0, -18.462913513183594, 64.09705352783203, 16.07675438596491, 456, 223.0, 369, 5, 114693.85983276367, 201.92393493652344, 342.96978759765625, 251.52162244027122
LOSS, 4426.3963623046875, -16.366127014160156, 58.90583038330078, 14.65694159703539, 302, 191.0, 379, 3, 80014.95091247559, 197.49166870117188, 342.945068359375, 264.9501685843562
LOSS, 12943.13720703125, -15.141426086425781, 68.6491928100586, 23.320967940596848, 555, 175.0, 362, 9, 152153.3759613037, 178.7749481201172, 353.75970458984375, 274.15022695730397
LOSS, 14854.795166015625, -23.7188720703125, 69.1722640991211, 24.075843056751417, 617, 223.0, 358, 13, 165684.04055786133, 165.1493377685547, 357.9928283691406, 268.5316702720605
LOSS, 10261.0, -21.20415496826172, 69.7237319946289, 18.355992844364938, 559, 223.0, 362, 11, 153770.70272827148, 156.8297882080078, 345.92803955078125, 275.0817580112191
LOSS, 1759.8043746948242, -16.084793090820312, 59.56703186035156, 15.573490041547117, 113, 186.2149200439453, 392, 1, 26221.16355895996, 173.89193725585938, 333.1875, 232.04569521203504
LOSS, 10849.0, -16.7203369140625, 67.9698715209961, 13.785260482846251, 787, 207.0, 347, 6, 196460.6016998291, 200.66445922851562, 361.1520690917969, 249.63227661985908
LOSS, 13477.99951171875, -18.890396118164062, 65.59957122802734, 18.745479153989915, 719, 223.0, 352, 12, 178239.52980041504, 168.9773712158203, 372.5987243652344, 247.89920695468015
LOSS, 7129.951324462891, -16.00006103515625, 65.45003509521484, 29.10184214066486, 245, 178.19915771484375, 383, 3, 66867.1148071289, 184.9368133544922, 362.83135986328125, 272.926999212771
LOSS, 10334.252563476562, -16.27520751953125, 68.2475814819336, 21.98777141165226, 470, 223.0, 368, 8, 127113.39892578125, 211.40420532226562, 353.7256774902344, 270.4540402676197
LOSS, 12741.0, -17.35771942138672, 67.9253158569336, 15.710234278668311, 811, 223.0, 345, 10, 211435.09214782715, 183.4337921142578, 356.8612976074219, 260.7091148555205
LOSS, 17692.36474609375, -19.48956298828125, 68.48775482177734, 25.979977600725036, 681, 223.0, 354, 12, 199374.55528259277, 209.3362579345703, 343.2348937988281, 292.76733521672946
LOSS, 6638.6812744140625, -18.46306610107422, 67.3616714477539, 10.520889499863808, 631, 223.0, 357, 1, 178974.4529876709, 198.28871154785156, 374.10186767578125, 283.6362170961504
LOSS, 12674.300003051758, -47.5372314453125, 66.85079193115234, 11.768152277671085, 1077, 196.39999389648438, 328, 10, 283408.15234375, 189.2339630126953, 377.0899658203125, 263.145916753714
LOSS, 15102.00048828125, -27.71728515625, 70.5785140991211, 21.27042322293134, 710, 207.0, 352, 15, 192712.45205688477, 195.8306884765625, 361.8543395996094, 271.42598881251376
LOSS, 4277.319801330566, -17.66242218017578, 70.57881927490234, 15.725440446068259, 272, 209.6999969482422, 381, 3, 70288.17788696289, 201.51458740234375, 331.81182861328125, 258.41241870206943
LOSS, 8517.442260742188, -40.4193115234375, 63.687644958496094, 5.477454830059284, 1555, 223.0, 296, 11, 369119.5832824707, 175.01170349121094, 328.30194091796875, 237.37593780223196
LOSS, 17199.63720703125, -21.14141082763672, 69.9291000366211, 13.343395816160784, 1289, 207.0, 314, 15, 347107.15924072266, 179.13369750976562, 339.9525451660156, 269.28406457775225
LOSS, 11959.0, -15.204170227050781, 70.0530014038086, 23.086872586872587, 518, 207.0, 365, 13, 146236.18231201172, 176.64820861816406, 327.9895324707031, 282.3092322625709
LOSS, 2346.840545654297, -15.999984741210938, 57.481231689453125, 15.645603637695313, 150, 191.0, 389, 2, 37612.94227600098, 196.8771514892578, 323.68841552734375, 250.75294850667316
LOSS, 12816.893798828125, -35.0, 66.1400375366211, 15.94141019754742, 804, 191.0, 346, 9, 191823.9814605713, 183.7943878173828, 333.29833984375, 238.58704161762597
LOSS, -14680.4175491333, -31.93695068359375, 65.47820281982422, -2.447144115541474, 5999, 225.83509826660156, 0, 4, 1163043.719909668, 148.01817321777344, 333.0677795410156, 193.87293214030137
LOSS, 10132.032104492188, -16.625587463378906, 64.0328140258789, 22.819892127234656, 444, 223.0, 370, 4, 123833.01069641113, 178.9217987060547, 369.4320373535156, 278.9031772441692
LOSS, 5963.9998779296875, -32.99993896484375, 58.059288024902344, 27.483870405205934, 217, 223.0, 385, 5, 62356.337799072266, 168.6163787841797, 361.2511901855469, 287.3563953874298
LOSS, 3721.0, -17.966819763183594, 55.973968505859375, 17.635071090047393, 211, 223.0, 385, 4, 53942.73010253906, 177.99462890625, 360.1083679199219, 255.65274930113299
LOSS, 18757.0, -37.167884826660156, 65.13997650146484, 24.265200517464425, 773, 191.0, 348, 12, 223334.64558410645, 174.60670471191406, 363.94561767578125, 288.91933452018947
LOSS, 7809.3865966796875, -34.0, 69.03617095947266, 30.98962935190352, 252, 175.0, 383, 5, 74289.24076843262, 190.65933227539062, 354.08984375, 294.7985744779072
LOSS, 16361.0, -20.779998779296875, 62.58544921875, 22.8186889818689, 717, 223.0, 352, 15, 200390.04133605957, 160.59085083007812, 387.51422119140625, 279.48401859980413
LOSS, 5383.761878967285, -12.9998779296875, 62.85803985595703, 26.13476640275381, 206, 193.6999969482422, 386, 0, 58564.23449707031, 190.13522338867188, 368.13427734375, 284.2924004712151
WIN , 26154.0, -33.92499923706055, 76.962158203125, 17.612121212121213, 1485, 207.0, 300, 32, 396989.0866699219, 167.41586303710938, 364.3203125, 267.3327182962437
WIN , 26224.0, -27.404891967773438, 64.94466400146484, 25.07074569789675, 1046, 207.0, 330, 23, 295257.2334136963, 169.84046936035156, 360.8425598144531, 282.27268968804617
LOSS, 17185.3857421875, -17.983718872070312, 69.2992172241211, 35.877632029619, 479, 175.0, 368, 12, 146285.20419311523, 181.92483520507812, 385.0087585449219, 305.3970859981529
LOSS, 10349.103149414062, -35.0, 70.7045669555664, 17.1342767374405, 604, 207.0, 359, 6, 175753.33352661133, 164.189697265625, 367.87713623046875, 290.9823402758466
LOSS, 10939.55615234375, -13.564788818359375, 68.9101333618164, 43.758224609375, 250, 191.0, 383, 7, 74150.99835205078, 170.7971954345703, 368.1837463378906, 296.6039934082031
LOSS, 12687.494506835938, -15.012397766113281, 63.7237548828125, 30.35285767185631, 418, 175.0, 372, 8, 122174.16813659668, 171.55357360839844, 372.3173828125, 292.2826988913796
LOSS, 5231.209899902344, -16.583648681640625, 62.283241271972656, 27.974384491456384, 187, 191.0, 387, 0, 54302.23385620117, 164.11082458496094, 363.50201416015625, 290.3862773058886
WIN , 25399.550003051758, -18.6619873046875, 70.5403823852539, 25.970910023570305, 978, 135.89999389648438, 334, 22, 284864.32678222656, 157.75599670410156, 379.9914855957031, 291.2723177732378
LOSS, 13405.6279296875, -37.993736267089844, 65.3764877319336, 8.8079027133295, 1522, 191.0, 298, 15, 379828.6703186035, 152.279541015625, 373.9695739746094, 249.55891610946355
LOSS, 12459.0, -17.30865478515625, 63.545753479003906, 23.419172932330827, 532, 207.0, 364, 13, 148833.76164245605, 155.9866943359375, 371.0874938964844, 279.7627098542407
LOSS, 11640.727905273438, -19.20880126953125, 70.1262435913086, 23.902932043682622, 487, 207.0, 367, 8, 128683.24320983887, 164.7376708984375, 379.2229309082031, 264.23663903457674
LOSS, 13750.129638671875, -20.078506469726562, 65.6484146118164, 24.080787458269484, 571, 223.0, 361, 5, 153845.54414367676, 170.70098876953125, 381.48944091796875, 269.43177608349697
LOSS, 4592.377685546875, -30.94482421875, 65.4781265258789, 3.0312723997009074, 1515, 207.0, 298, 6, 325055.9789733887, 162.24407958984375, 379.0107116699219, 214.5584019626328
LOSS, 2741.0, -16.00006103515625, 55.75934600830078, 11.865800865800866, 231, 223.0, 384, 1, 63155.29510498047, 142.08653259277344, 376.7899475097656, 273.39954590900635
LOSS, 11251.0, -19.583526611328125, 71.33809661865234, 31.603932584269664, 356, 223.0, 376, 7, 95621.99963378906, 160.96217346191406, 390.77764892578125, 268.6011225668232
LOSS, 11268.330322265625, -19.667205810546875, 65.9404525756836, 29.3446102142334, 384, 223.0, 374, 8, 104789.92027282715, 160.69094848632812, 395.8795166015625, 272.89041737715405
LOSS, 9009.0, -27.71759033203125, 69.62789154052734, 24.682191780821917, 365, 207.0, 375, 8, 105513.49444580078, 193.44293212890625, 402.3822937011719, 289.0780669747967
LOSS, 7635.1007080078125, -14.966941833496094, 67.08563995361328, 29.593413596929505, 258, 175.0, 382, 6, 77740.91639709473, 187.62515258789062, 396.9716491699219, 301.3213813840881
WIN , 22930.0, -34.0869140625, 79.471435546875, 16.823184152604547, 1363, 175.0, 309, 18, 369066.9515533447, 168.31854248046875, 415.556884765625, 270.77545968697336
LOSS, 2414.6520385742188, -34.0869140625, 58.172760009765625, 15.186490808642885, 159, 223.0, 389, 3, 39735.793853759766, 156.63833618164062, 391.8941345214844, 249.9106531683004
LOSS, 14296.567626953125, -34.8291015625, 62.9827880859375, 15.590586288934706, 917, 223.0, 338, 16, 268079.2090911865, 160.11236572265625, 386.2607421875, 292.3437394669428
LOSS, 16987.9736328125, -43.0731201171875, 67.65462493896484, 21.47657854969975, 791, 175.0, 347, 20, 226106.7100982666, 167.71742248535156, 383.2617492675781, 285.8491910218288
LOSS, 10130.701171875, -19.858753204345703, 67.74999237060547, 35.797530642667844, 283, 191.0, 381, 6, 87327.48558044434, 199.3086395263672, 402.2708740234375, 308.57768756340755
LOSS, 9320.657592773438, -16.00006103515625, 70.0072250366211, 32.704061729029604, 285, 223.0, 380, 3, 78376.49272155762, 162.21075439453125, 388.1889343261719, 275.0052376195004
LOSS, 15361.5810546875, -33.000244140625, 71.3884506225586, 25.433081216370034, 604, 223.0, 359, 12, 176609.86714172363, 172.81887817382812, 397.86309814453125, 292.4004422876219
LOSS, 12764.862548828125, -18.0462646484375, 60.84283447265625, 27.689506613510034, 461, 191.0, 369, 4, 133997.43110656738, 203.41880798339844, 392.2212219238281, 290.6668787561115
LOSS, 9187.458129882812, -17.588912963867188, 61.1309814453125, 25.309802010696455, 363, 223.0, 375, 4, 113785.07290649414, 172.69801330566406, 390.43670654296875, 313.4575011198186
LOSS, 6537.548484802246, -55.04798889160156, 59.898582458496094, 11.55043901908524, 566, 201.8000030517578, 362, 5, 167977.14167785645, 189.3348846435547, 395.7703552246094, 296.7794022576969
LOSS, 7395.000244140625, -16.7203369140625, 55.665260314941406, 17.4822700807107, 423, 223.0, 371, 6, 105298.05871582031, 164.51263427734375, 394.0630187988281, 248.93158088846408
LOSS, 5101.0, -16.48968505859375, 54.90953063964844, 16.834983498349835, 303, 223.0, 379, 3, 91437.75848388672, 156.461181640625, 386.76953125, 301.77478047487364
LOSS, 3809.0, -17.662269592285156, 61.34124755859375, 14.265917602996256, 267, 207.0, 382, 2, 68014.5732421875, 183.27903747558594, 399.03778076171875, 254.73622937148878
LOSS, 13904.427734375, -21.34033203125, 64.62239837646484, 25.143630622739604, 553, 223.0, 363, 8, 146476.10307312012, 169.701904296875, 402.47979736328125, 264.87541242878865
LOSS, 13170.25439453125, -17.662269592285156, 64.4997329711914, 26.446293964922187, 498, 191.0, 366, 10, 143497.10163879395, 178.37974548339844, 410.6479797363281, 288.1467904393453
LOSS, 12255.524772644043, -18.625770568847656, 65.8058853149414, 22.61166932222148, 542, 179.94898986816406, 363, 9, 158873.56422424316, 170.20411682128906, 407.0767517089844, 293.124657240301
LOSS, 10751.0, -17.35771942138672, 69.1838607788086, 23.57675438596491, 456, 223.0, 369, 10, 129216.79251098633, 181.13851928710938, 393.16107177734375, 283.3701590153209
LOSS, 7969.428466796875, -39.466552734375, 71.19527435302734, 13.393997423188026, 595, 207.0, 360, 9, 175727.4648590088, 175.4122314453125, 406.5748291015625, 295.34027707396433
LOSS, 4854.3931884765625, -13.000030517578125, 60.81695556640625, 37.056436553256205, 131, 191.0, 391, 1, 36460.13887023926, 185.82351684570312, 379.5345764160156, 278.32167076518516
LOSS, 8866.0625, -16.22850799560547, 68.23201751708984, 22.05488184079602, 402, 191.0, 373, 7, 114278.89192199707, 182.20559692382812, 390.9751281738281, 284.27585055223153
WIN , 22820.0, -19.449851989746094, 71.5978012084961, 13.282887077997671, 1718, 175.0, 285, 23, 458231.69386291504, 154.3712921142578, 397.32403564453125, 266.72391959424624
LOSS, 7740.774345397949, -16.355148315429688, 66.6698226928711, 48.37983965873718, 160, 178.53675842285156, 389, 5, 49238.24691772461, 175.78662109375, 385.9607238769531, 307.7390432357788
LOSS, 11706.623779296875, -16.865432739257812, 63.4698486328125, 12.949805065593889, 904, 223.0, 339, 10, 274487.54524230957, 181.92681884765625, 392.73126220703125, 303.6366650910504
LOSS, 18091.0, -21.992141723632812, 64.3245620727539, 20.746559633027523, 872, 223.0, 341, 19, 265025.57315063477, 172.95632934570312, 394.6436767578125, 303.928409576416
LOSS, 15411.817626953125, -17.983718872070312, 69.9229965209961, 19.05045442145009, 809, 175.0, 346, 14, 261904.48332214355, 195.83419799804688, 408.902099609375, 323.73854551562863
LOSS, 4149.981018066406, -14.662391662597656, 65.8000717163086, 35.46992323133681, 117, 223.0, 392, 2, 35676.481018066406, 192.26129150390625, 397.5058288574219, 304.92718818860175
LOSS, 15495.393310546875, -17.7940673828125, 70.00691986083984, 32.41714081704367, 478, 223.0, 368, 15, 152500.24530029297, 181.14308166503906, 396.2868347167969, 319.0381700842949
LOSS, 13937.622314453125, -21.3397216796875, 69.1216049194336, 20.05413282655126, 695, 223.0, 353, 11, 219295.02299499512, 177.8466339111328, 402.1883239746094, 315.53240718704336
LOSS, 9539.81982421875, -18.20404815673828, 69.06209564208984, 20.47171636098444, 466, 188.5, 368, 5, 145910.71394348145, 189.36721801757812, 406.1341857910156, 313.11312005038934
LOSS, 10719.319946289062, -21.03113555908203, 67.71001434326172, 18.905326183931326, 567, 191.0, 362, 9, 166468.72889709473, 165.38734436035156, 395.876220703125, 293.59564179381783
LOSS, 14464.794921875, -17.985244750976562, 69.7997055053711, 16.56906634808133, 873, 175.0, 341, 14, 241790.24661254883, 154.6336669921875, 403.4848937988281, 276.9647727520605
LOSS, 13874.458984375, -17.27509307861328, 63.8037109375, 22.857428310337728, 607, 207.0, 359, 8, 191019.52821350098, 168.97262573242188, 398.2399597167969, 314.6944451622751
LOSS, 9084.252563476562, -17.983718872070312, 66.85399627685547, 14.488441090074263, 627, 223.0, 358, 7, 188670.3708190918, 158.4850311279297, 391.20367431640625, 300.90968232710014
LOSS, 6375.7784423828125, -40.9998779296875, 62.420249938964844, 36.22601387717507, 176, 223.0, 388, 4, 56516.69421386719, 195.88714599609375, 401.1335754394531, 321.11758076060903
LOSS, 11489.208862304688, -16.123519897460938, 71.68843841552734, 34.60605079007436, 332, 191.0, 377, 5, 111820.14108276367, 290.5547180175781, 399.49432373046875, 336.807653863746
