WIN , 31516.59999847412, -34.54103660583496, 92.7037582397461, 8.188256689652928, 3849, 201.8000030517578, 143, 31, 12520.660160064697, 8.51124382019043, 33.38320541381836, 3.2529644479253563
LOSS, 11733.712524414062, -38.9998779296875, 50.463157653808594, 14.450384882283329, 812, 207.0, 345, 10, 10302.572355270386, 16.40764045715332, 48.31187438964844, 12.687896989249243
WIN , 28352.0, -41.9998779296875, 87.55126953125, 9.955056179775282, 2848, 191.0, 210, 38, 51311.57608985901, 26.21003532409668, 54.919517517089844, 18.016705087731392
LOSS, 10530.286010742188, -18.940147399902344, 57.73993682861328, 27.13991239882007, 388, 207.0, 374, 5, 8910.181524276733, 28.923847198486328, 52.63587951660156, 22.96438537184725
LOSS, 24830.7724609375, -22.389892578125, 56.917724609375, 24.32005138191724, 1021, 207.0, 331, 24, 34712.36810684204, 26.711688995361328, 72.07621765136719, 33.99840167173559
LOSS, 11039.0, -19.72021484375, 56.653343200683594, 23.790948275862068, 464, 207.0, 369, 7, 16621.85187149048, 30.10009002685547, 80.64430236816406, 35.82295661959155
LOSS, 11591.0, -15.999755859375, 58.71543884277344, 28.133495145631066, 412, 223.0, 372, 15, 16392.799991607666, 36.95378875732422, 83.31417083740234, 39.78834949419336
LOSS, 25443.02880859375, -17.079238891601562, 61.768798828125, 26.202913294123327, 971, 223.0, 335, 19, 39940.023542404175, 28.45853614807129, 82.95793914794922, 41.13287697466959
LOSS, 20300.0, -21.575790405273438, 64.3233413696289, 23.04199772985244, 881, 185.0, 341, 19, 38427.66626358032, 41.49558639526367, 74.97064208984375, 43.61823639452931
WIN , 26734.0, -24.526647567749023, 63.424903869628906, 24.106402164111813, 1109, 207.0, 326, 21, 61700.566188812256, 43.36663055419922, 101.18437194824219, 55.63621838486227
LOSS, 10806.3759765625, -15.999984741210938, 63.849998474121094, 27.708656350160258, 390, 223.0, 373, 12, 24364.064807891846, 48.88331985473633, 104.76919555664062, 62.471961045876526
WIN , 16204.0, -47.13749694824219, 64.1185531616211, 5.176996805111821, 3130, 207.0, 191, 25, 199930.2314300537, 52.361358642578125, 117.65875244140625, 63.87547330033665
LOSS, 20551.0, -18.074119567871094, 63.926612854003906, 32.517405063291136, 632, 223.0, 357, 15, 52292.252784729004, 65.97167205810547, 127.40052795410156, 82.74090630495095
LOSS, 11225.32373046875, -19.858753204345703, 66.8419418334961, 29.462791943487534, 381, 223.0, 374, 8, 31576.49927520752, 64.46366119384766, 126.35428619384766, 82.87795085356305
LOSS, 20070.217529296875, -33.000244140625, 61.69586181640625, 24.151886316843413, 831, 223.0, 344, 16, 69587.67854309082, 70.24861145019531, 127.38990020751953, 83.73968537074708
LOSS, 19490.42333984375, -19.015106201171875, 63.032737731933594, 19.827490681428028, 983, 207.0, 334, 19, 81743.96604537964, 46.93206024169922, 130.13124084472656, 83.15764602785315
LOSS, 9801.0, -16.7203369140625, 62.132179260253906, 26.276139410187668, 373, 223.0, 375, 9, 31933.189170837402, 77.60423278808594, 127.44804382324219, 85.6117672140413
LOSS, 13520.927490234375, -21.3397216796875, 61.6888427734375, 24.71833179201897, 547, 207.0, 363, 10, 47671.03023529053, 77.67042541503906, 124.34857940673828, 87.14996386707593
LOSS, 18416.13427734375, -21.3397216796875, 68.8585433959961, 31.003593059501263, 594, 223.0, 360, 9, 61099.21122741699, 84.96176147460938, 150.96075439453125, 102.86062496198147
LOSS, 4769.292175292969, -17.15955352783203, 65.31851959228516, 15.286192869528746, 312, 191.0, 379, 2, 31710.986450195312, 79.9600830078125, 147.37484741210938, 101.63777708395934
LOSS, 5348.607238769531, -15.999984741210938, 60.545860290527344, 23.356363488076557, 229, 207.0, 384, 3, 23396.52182006836, 91.21577453613281, 147.598876953125, 102.16821755488367
LOSS, 14032.370849609375, -20.662147521972656, 68.6031265258789, 28.17745150523971, 498, 223.0, 366, 14, 51957.7666015625, 94.18824005126953, 151.80247497558594, 104.33286466177209
LOSS, 12862.446533203125, -18.71379852294922, 65.4326400756836, 27.30880367983678, 471, 223.0, 368, 10, 52815.34963226318, 92.9576644897461, 158.82376098632812, 112.13450028081355
LOSS, 7453.328102111816, -10.0, 60.779640197753906, 40.07165646296676, 186, 209.6999969482422, 387, 3, 19651.27735900879, 97.29658508300781, 151.2580108642578, 105.65202881187521
LOSS, 6261.852478027344, -16.00006103515625, 60.90606689453125, 34.788069322374135, 180, 207.0, 387, 2, 19283.22954559326, 95.26224517822266, 156.6628875732422, 107.12905303107368
LOSS, 10783.404541015625, -17.662269592285156, 61.99958801269531, 25.984107327748493, 415, 175.0, 372, 11, 44456.7525100708, 95.94630432128906, 148.8597412109375, 107.1247048435441
LOSS, 5034.628204345703, -16.00006103515625, 63.6492919921875, 22.98916988285709, 219, 191.42718505859375, 385, 4, 23665.972732543945, 98.29200744628906, 147.37120056152344, 108.06380243170751
LOSS, 11271.0, -17.283912658691406, 62.778846740722656, 19.432758620689654, 580, 223.0, 361, 7, 62455.067710876465, 90.53904724121094, 151.5484619140625, 107.68115122564907
LOSS, 14121.0, -21.20392608642578, 61.4404296875, 23.893401015228427, 591, 223.0, 360, 14, 71248.7244796753, 97.52784729003906, 168.6658477783203, 120.55621739369762
LOSS, 24729.50537109375, -24.28650665283203, 63.06884765625, 19.689096633036424, 1256, 207.0, 316, 16, 158606.08870697021, 112.34978485107422, 178.54962158203125, 126.2787330469508
LOSS, 3991.0, -16.39044189453125, 60.47617721557617, 15.468992248062015, 258, 223.0, 382, 2, 31286.29581451416, 102.56089782714844, 176.67349243164062, 121.26471245935721
LOSS, 14650.39453125, -38.010231018066406, 62.891845703125, 16.535434008182843, 886, 223.0, 340, 13, 107538.97804260254, 101.7763671875, 178.16024780273438, 121.37582171851302
LOSS, 16931.40869140625, -15.999755859375, 65.5571517944336, 25.537569670296, 663, 175.0, 355, 13, 84820.082862854, 102.99591064453125, 174.73167419433594, 127.93375997413877
LOSS, 11691.939575195312, -17.01622772216797, 70.04415130615234, 32.75053102295606, 357, 191.0, 376, 7, 45361.559257507324, 104.25202941894531, 171.6861114501953, 127.0631911974995
LOSS, 7388.042236328125, -22.30682373046875, 58.70862579345703, 22.388006776751894, 330, 223.0, 377, 4, 41962.60536956787, 98.70249938964844, 175.445556640625, 127.15941021081173
LOSS, 4351.0, -15.870216369628906, 61.79267883300781, 25.898809523809526, 168, 223.0, 388, 2, 22441.4877243042, 95.68550109863281, 191.015625, 133.58028407323928
LOSS, 16854.433837890625, -18.462913513183594, 66.7964859008789, 21.74765656502016, 775, 223.0, 348, 12, 111100.96685791016, 106.77312469482422, 201.33847045898438, 143.35608626827116
LOSS, 1151.0, -16.463394165039062, 61.291656494140625, 10.463636363636363, 110, 223.0, 392, 1, 14687.782829284668, 115.67871856689453, 188.89772033691406, 133.52529844804243
LOSS, 11969.702392578125, -16.008438110351562, 69.1084976196289, 37.522578033160265, 319, 223.0, 378, 7, 46296.6072845459, 103.02540588378906, 191.155029296875, 145.13043035907805
LOSS, 12077.49755859375, -15.691791534423828, 67.6827163696289, 23.774601493294785, 508, 175.0, 366, 7, 72242.02139282227, 109.6906967163086, 194.91693115234375, 142.20870352917768
LOSS, 2681.0, -20.1611328125, 57.61634826660156, 9.341463414634147, 287, 223.0, 380, 2, 39094.04151916504, 107.75249481201172, 184.7839813232422, 136.21617254064475
LOSS, 12881.137939453125, -18.71379852294922, 68.46959686279297, 33.45750114143669, 385, 223.0, 374, 11, 56207.204010009766, 111.9831314086914, 194.36444091796875, 145.99273768833706
LOSS, 12364.134765625, -18.46306610107422, 66.8398208618164, 15.35917362189441, 805, 223.0, 346, 14, 111668.61975860596, 107.26898956298828, 192.817138671875, 138.7187823088273
LOSS, 4880.252258300781, -10.0, 65.53609466552734, 42.80923033597176, 114, 191.0, 392, 3, 16984.992279052734, 114.23287200927734, 183.9226531982422, 148.99116034256784
LOSS, 15545.698486328125, -17.11003875732422, 68.6327133178711, 30.12732264792272, 516, 223.0, 365, 7, 74985.11131286621, 113.46070861816406, 201.29910278320312, 145.3199831644694
LOSS, 10064.268188476562, -15.999984741210938, 65.19599151611328, 23.030361987360553, 437, 175.0, 370, 7, 65366.333168029785, 108.2227554321289, 207.98892211914062, 149.57970976665854
LOSS, 4651.0, -12.9998779296875, 61.7376708984375, 23.255, 200, 223.0, 386, 2, 29509.225341796875, 120.87539672851562, 207.10316467285156, 147.5461267089844
LOSS, 18607.26171875, -23.280853271484375, 61.13037109375, 14.95760588323955, 1244, 207.0, 317, 18, 190734.07013702393, 116.69610595703125, 218.97898864746094, 153.32320750564625
LOSS, 16170.296875, -18.462913513183594, 62.457275390625, 19.204628117577197, 842, 223.0, 343, 14, 135252.38327026367, 104.11315155029297, 215.3236083984375, 160.63228416895922
LOSS, 23079.93251800537, -20.387962341308594, 71.5294418334961, 28.249611405147334, 817, 201.8000030517578, 345, 13, 131270.31325531006, 125.60832977294922, 218.8809814453125, 160.67357803587524
LOSS, 3497.25, -15.999984741210938, 70.20482635498047, 20.941616766467067, 167, 223.0, 388, 2, 27273.535217285156, 134.79913330078125, 207.59628295898438, 163.31458213943208
LOSS, 10157.741943359375, -13.92816162109375, 65.0761947631836, 40.469091407806275, 251, 223.0, 383, 11, 41345.51062011719, 114.21808624267578, 212.2946319580078, 164.72314988094496
LOSS, 2559.157066345215, -10.232833862304688, 63.187103271484375, 14.061302562336346, 182, 201.8000030517578, 387, 4, 28757.96881866455, 123.09101104736328, 224.58587646484375, 158.01081768497005
LOSS, 5413.9998779296875, -19.424789428710938, 62.2412109375, 12.360730314907963, 438, 223.0, 370, 3, 68032.03231048584, 124.22899627685547, 234.72315979003906, 155.32427468147452
LOSS, 1951.0, -13.000030517578125, 58.164207458496094, 12.506410256410257, 156, 223.0, 389, 3, 23768.23085784912, 107.71694946289062, 228.5164031982422, 152.36045421698154
LOSS, 18725.4208984375, -20.187362670898438, 68.3006820678711, 21.498761077425375, 871, 207.0, 341, 18, 144679.2741470337, 121.0829086303711, 236.4973907470703, 166.10708857294338
LOSS, 10537.650001525879, -17.662269592285156, 60.403648376464844, 23.31338495912805, 452, 209.6999969482422, 369, 8, 75862.44250488281, 114.33970642089844, 232.7782440185547, 167.8372621789443
LOSS, 15072.1201171875, -20.463829040527344, 68.6534652709961, 14.805618975626228, 1018, 207.0, 332, 14, 165114.7617340088, 128.07888793945312, 228.2277374267578, 162.19524728291628
LOSS, 6920.095458984375, -18.462913513183594, 60.25932312011719, 13.13111092786409, 527, 223.0, 364, 6, 81705.37406921387, 120.18391418457031, 228.84130859375, 155.0386604728916
LOSS, -21299.28205871582, -30.322265625, 60.296531677246094, -3.5504720884673815, 5999, 231.90701293945312, 0, 4, 893397.6542510986, 128.47364807128906, 225.65391540527344, 148.92442978014645
LOSS, 8597.9814453125, -24.581756591796875, 61.5838623046875, 27.735424017137095, 310, 191.0, 379, 4, 61396.65544128418, 144.55665588378906, 260.8330078125, 198.05372722994898
WIN , 5810.399997711182, -18.51403045654297, 83.0548324584961, 1.727229488023538, 3364, 114.20000457763672, 175, 15, 740988.4323883057, 126.1029052734375, 273.5584411621094, 220.27004529973414
LOSS, 10953.999877929688, -19.55767059326172, 68.8497085571289, 26.848038916494332, 408, 223.0, 372, 12, 80368.5636138916, 141.9250030517578, 269.9244384765625, 196.9817735634598
LOSS, 4892.7230224609375, -14.662391662597656, 65.47415924072266, 38.224398612976074, 128, 153.0, 391, 3, 25145.357940673828, 129.24066162109375, 267.3727722167969, 196.44810891151428
LOSS, 16779.218505859375, -15.880584716796875, 69.7997055053711, 35.85303099542602, 468, 207.0, 368, 10, 96849.63954162598, 135.559326171875, 278.05975341796875, 206.94367423424353
LOSS, 15544.094482421875, -18.463523864746094, 68.81795501708984, 25.482122102330944, 610, 223.0, 359, 11, 122929.52233886719, 127.81307220458984, 271.322998046875, 201.52380711289703
LOSS, 5221.0, -13.000030517578125, 65.12137603759766, 20.474509803921567, 255, 223.0, 382, 5, 45250.59754943848, 130.63694763183594, 263.8128662109375, 177.45332372328815
LOSS, 14004.00048828125, -17.81140899658203, 65.5639419555664, 20.870343499673993, 671, 223.0, 355, 12, 135899.59936523438, 140.91140747070312, 273.74072265625, 202.53293497054304
LOSS, 18301.0, -30.322265625, 67.16529083251953, 22.291108404384897, 821, 223.0, 345, 15, 166495.7852935791, 135.12698364257812, 289.4144287109375, 202.7963280067955
LOSS, 10151.957885742188, -12.774999618530273, 62.891845703125, 31.62603702723423, 321, 191.0, 378, 5, 71515.62258911133, 135.625732421875, 272.09088134765625, 222.79010152371131
WIN , 21894.0, -17.35832977294922, 65.4503402709961, 16.474040632054177, 1329, 207.0, 311, 26, 252651.9868774414, 130.35040283203125, 278.2179870605469, 190.10683737956464
LOSS, 5526.801780700684, -39.30908203125, 69.5091781616211, 0.9212871779797772, 5999, 211.3964385986328, 0, 20, 1129279.9584350586, 139.58221435546875, 288.7657470703125, 188.24470052259687
LOSS, 13316.388671875, -20.716552734375, 67.0802993774414, 24.344403422074954, 547, 159.0, 363, 6, 121112.20330810547, 153.5362548828125, 311.61419677734375, 221.41170623054018
LOSS, 17009.55126953125, -17.662269592285156, 66.2026138305664, 30.266105461799377, 562, 191.0, 362, 11, 122893.37657165527, 144.82254028320312, 298.2079772949219, 218.67148856166418
LOSS, 21361.0, -18.046875, 69.1844711303711, 30.043600562587905, 711, 223.0, 352, 19, 166251.32751464844, 144.7257537841797, 296.7582092285156, 233.82746485885855
LOSS, 7026.6011962890625, -17.662269592285156, 58.10821533203125, 17.222061755610447, 408, 223.0, 372, 4, 79715.86476135254, 132.43617248535156, 308.9140930175781, 195.38202147390328
LOSS, 13139.0, -18.98064422607422, 70.3185043334961, 21.123794212218648, 622, 207.0, 358, 14, 144379.34423828125, 136.32525634765625, 300.9898681640625, 232.12113221588626
LOSS, 10669.385620117188, -33.000244140625, 63.329978942871094, 25.896567039119386, 412, 223.0, 372, 5, 88554.26011657715, 151.45213317871094, 300.4485778808594, 214.9375245547989
LOSS, 14998.869873046875, -29.7039794921875, 62.742530822753906, 24.07523254100622, 623, 223.0, 358, 13, 134366.7103729248, 143.9635009765625, 305.61578369140625, 215.67690268527255
WIN , 23710.0, -23.092041015625, 74.874267578125, 13.43342776203966, 1765, 175.0, 282, 23, 381660.5736236572, 151.27725219726562, 312.0986328125, 216.23828533918257
LOSS, 14202.813720703125, -18.071617126464844, 60.53955078125, 25.49876790072374, 557, 175.0, 362, 14, 128923.36256408691, 151.98585510253906, 315.23724365234375, 231.46025594988674
LOSS, 4931.0, -12.9998779296875, 68.2195053100586, 22.828703703703702, 216, 223.0, 385, 4, 47565.002349853516, 151.76625061035156, 311.35919189453125, 220.2083442122848
LOSS, 21317.652587890625, -21.046142578125, 67.4385757446289, 14.92832814278055, 1428, 175.0, 304, 21, 344938.4030151367, 149.5355987548828, 311.6994934082031, 241.5535035120005
LOSS, 21993.1103515625, -35.172119140625, 68.4072036743164, 24.600794576691836, 894, 175.0, 340, 10, 212032.0677871704, 126.5486068725586, 323.1247253417969, 237.17233533240537
LOSS, 10266.979957580566, -41.9998779296875, 66.36571502685547, 17.197621369481684, 597, 193.6999969482422, 360, 6, 155125.57153320312, 159.04466247558594, 314.7735595703125, 259.84182836382433
LOSS, 16464.00048828125, -22.198745727539062, 69.3535385131836, 18.561443617002535, 887, 223.0, 340, 16, 192766.1609802246, 146.926513671875, 322.81500244140625, 217.3237440588778
LOSS, 13357.41748046875, -33.000244140625, 62.74268341064453, 18.629592022968968, 717, 191.0, 352, 14, 162035.72875976562, 131.71376037597656, 317.5888671875, 225.99125350037048
WIN , 23664.0, -16.858627319335938, 68.0553207397461, 19.952782462057336, 1186, 207.0, 320, 26, 277652.7448730469, 143.67388916015625, 323.4869079589844, 234.1085538558574
LOSS, 16937.104736328125, -31.0001220703125, 64.05570220947266, 19.62584558091324, 863, 223.0, 342, 15, 208026.90213012695, 152.6289520263672, 330.0921936035156, 241.0508715296952
LOSS, 15126.60009765625, -39.0, 64.2067642211914, 24.086942830662817, 628, 207.0, 358, 13, 163420.39910888672, 167.1478271484375, 328.8564147949219, 260.2235654600107
LOSS, 9896.448120117188, -23.332435607910156, 61.8756103515625, 25.181801832359255, 393, 207.0, 373, 8, 89904.66493225098, 152.93511962890625, 330.8746032714844, 228.76505071819588
LOSS, 15810.356300354004, -21.3397216796875, 67.5154800415039, 18.93455844353773, 835, 209.6999969482422, 344, 16, 198446.15982055664, 149.0108642578125, 333.9795227050781, 237.6600716413852
WIN , 23740.0, -32.99993896484375, 66.895751953125, 19.14516129032258, 1240, 175.0, 317, 22, 298543.6742401123, 162.59524536132812, 341.14947509765625, 240.7610276129938
LOSS, 11912.49072265625, -20.35790252685547, 59.995338439941406, 28.774132180329108, 414, 191.0, 372, 8, 104835.69465637207, 159.27328491210938, 337.7511291503906, 253.22631559510162
LOSS, 14610.739990234375, -16.00006103515625, 62.566749572753906, 23.0090393546998, 635, 223.0, 357, 9, 162383.3557281494, 159.29360961914062, 339.7010498046875, 255.72182004432977
LOSS, 9953.735473632812, -16.753623962402344, 62.46635437011719, 23.041054337112993, 432, 159.0, 371, 7, 102491.55003356934, 155.1719970703125, 345.6602783203125, 237.24895841104012
LOSS, 13533.210205078125, -16.77716827392578, 64.6678695678711, 28.194187927246094, 480, 207.0, 367, 6, 127361.69232177734, 173.09649658203125, 330.0289611816406, 265.3368590037028
LOSS, 8021.0, -17.662269592285156, 67.18314361572266, 14.348837209302326, 559, 223.0, 362, 8, 123213.96786499023, 151.36256408691406, 330.89605712890625, 220.41854716456214
LOSS, 6391.0, -17.35771942138672, 61.46241760253906, 23.496323529411764, 272, 223.0, 381, 8, 60142.78791809082, 143.88592529296875, 350.29132080078125, 221.11319087533388
LOSS, 4687.962829589844, -40.92041015625, 61.6900634765625, 9.19208397958793, 510, 191.0, 365, 5, 105534.45796203613, 142.5405731201172, 343.6972961425781, 206.93030972948262
LOSS, 12112.296142578125, -51.07330322265625, 68.0009994506836, 16.964000199689252, 714, 175.0, 352, 10, 166842.53749084473, 157.3135986328125, 360.18670654296875, 233.67302169586097
LOSS, 14002.778564453125, -37.0, 90.9798355102539, 9.110461004849139, 1537, 223.0, 297, 18, 338423.78468322754, 163.86790466308594, 371.63787841796875, 220.18463544777327
WIN , 22158.928176879883, -30.322265625, 83.0548324584961, 11.990762000476128, 1848, 177.14364624023438, 276, 23, 425850.80404663086, 153.91209411621094, 371.3867492675781, 230.4387467784799
LOSS, 4875.876953125, -17.66242218017578, 67.25089263916016, 18.610217378339694, 262, 191.0, 382, 1, 58006.69841003418, 161.7268829345703, 350.9169921875, 221.39961225203885
LOSS, 8092.99072265625, -15.884754180908203, 66.18338775634766, 31.36818109556686, 258, 175.0, 382, 5, 65719.79672241211, 178.2248077392578, 340.8796081542969, 254.72789427291517
LOSS, 10539.2373046875, -20.002357482910156, 65.2684555053711, 18.786519259692515, 561, 223.0, 362, 11, 133107.43757629395, 161.73385620117188, 343.9046630859375, 237.26815967253822
LOSS, 1288.9106140136719, -23.718719482421875, 56.092681884765625, 10.069614171981812, 128, 223.0, 391, 0, 29296.000534057617, 171.65879821777344, 343.49468994140625, 228.87500417232513
LOSS, 5030.216125488281, -25.20965576171875, 65.45003509521484, 16.226503630607358, 310, 207.0, 379, 3, 74757.09674072266, 168.95677185058594, 353.1278076171875, 241.15192497007308
LOSS, 10791.0, -13.922111511230469, 65.5986557006836, 24.636986301369863, 438, 223.0, 370, 8, 109153.86459350586, 173.91310119628906, 346.10028076171875, 249.20973651485357
LOSS, 9080.080322265625, -16.48968505859375, 64.7044906616211, 22.531216680559865, 403, 207.0, 373, 7, 107092.94454956055, 176.94781494140625, 346.5870056152344, 265.73931650015027
LOSS, 12080.482124328613, -18.966064453125, 71.4757308959961, 21.156711251013334, 571, 184.03575134277344, 361, 7, 137821.60289001465, 167.2999267578125, 356.8697509765625, 241.3688316812866
LOSS, 15611.489242553711, -15.794120788574219, 67.94454193115234, 24.70172348505334, 632, 213.58645629882812, 357, 15, 153380.1102294922, 166.2882080078125, 365.1213073730469, 242.69004783147497
LOSS, 8685.0, -18.77500343322754, 63.697662353515625, 23.536585365853657, 369, 175.0, 375, 7, 95911.69129943848, 172.57896423339844, 359.5298156738281, 259.92328265430484
LOSS, 11752.215843200684, -20.1611328125, 63.683082580566406, 29.752445172659957, 395, 201.8000030517578, 373, 7, 104671.52810668945, 169.49172973632812, 351.8556213378906, 264.99121039668216
LOSS, 5787.0567626953125, -26.092529296875, 59.68505859375, 20.02441786399762, 289, 191.0, 380, 5, 72352.43428039551, 175.9090118408203, 360.853271484375, 250.35444387680107
LOSS, 7050.0, -17.662269592285156, 64.01891326904297, 25.359712230215827, 278, 185.0, 381, 5, 65581.80657958984, 178.4228973388672, 360.7881164550781, 235.90577906327283
LOSS, 7530.27392578125, -17.662269592285156, 65.9142074584961, 18.732024690998134, 402, 191.0, 373, 8, 107087.69215393066, 167.5198974609375, 363.60455322265625, 266.3872939152504
LOSS, 23521.888916015625, -33.0462646484375, 68.8463363647461, 18.093760704627403, 1300, 191.0, 313, 23, 315605.75901794434, 171.7642822265625, 362.4938049316406, 242.7736607830341
LOSS, 5995.66552734375, -37.0, 70.6737289428711, 26.068110988451085, 230, 223.0, 384, 4, 54723.26351928711, 181.975341796875, 358.14459228515625, 237.92723269255265
LOSS, 10829.858154296875, -20.284019470214844, 61.568199157714844, 22.993329414643046, 471, 207.0, 368, 9, 118820.29930114746, 178.48208618164062, 357.6278991699219, 252.27239766697974
LOSS, 4307.681640625, -16.48968505859375, 58.673301696777344, 10.15962651090802, 424, 207.0, 371, 2, 96648.21792602539, 182.8346710205078, 361.3167724609375, 227.94391020289007
LOSS, 16104.76708984375, -36.0001220703125, 69.9181137084961, 26.314978904973447, 612, 223.0, 359, 11, 155970.5224761963, 177.2613525390625, 358.945068359375, 254.85379489574558
LOSS, 11925.288330078125, -33.000244140625, 69.3749008178711, 8.190445281647063, 1456, 223.0, 302, 15, 322406.20085144043, 173.66236877441406, 358.07208251953125, 221.4328302551102
LOSS, 7854.250953674316, -13.000030517578125, 67.1822280883789, 35.0636203289032, 224, 209.6999969482422, 385, 5, 61816.70960998535, 181.91685485839844, 365.65484619140625, 275.967453616006
LOSS, 19606.76025390625, -39.228782653808594, 67.9271469116211, 22.154531360346045, 885, 175.0, 340, 17, 243322.09432983398, 176.75546264648438, 362.3995666503906, 274.9402195817333
LOSS, 13667.0, -26.092529296875, 60.48149108886719, 14.759179265658748, 926, 191.0, 338, 9, 227999.07048034668, 178.57037353515625, 355.41827392578125, 246.21929857488843
LOSS, 21882.480712890625, -18.71796417236328, 67.1629867553711, 23.915279467640026, 915, 223.0, 338, 17, 239667.04754638672, 159.8326416015625, 357.6447448730469, 261.9311995042478
LOSS, 12820.581420898438, -22.04345703125, 65.0603256225586, 20.221737256937597, 634, 207.0, 357, 10, 165872.41316223145, 165.2451934814453, 361.9254150390625, 261.62841192780985
LOSS, 2546.6982421875, -13.000030517578125, 59.264556884765625, 15.434534801136364, 165, 223.0, 388, 2, 39421.29528808594, 184.17503356933594, 348.34063720703125, 238.91694113991477
LOSS, 9532.67138671875, -14.9405517578125, 63.666282653808594, 19.41480934158605, 491, 191.0, 367, 9, 126655.42127990723, 167.72157287597656, 360.1351318359375, 257.95401482669496
LOSS, 8271.0, -20.662452697753906, 66.1839828491211, 30.186131386861312, 274, 223.0, 381, 6, 73018.80575561523, 169.8842010498047, 354.4148864746094, 266.4919918088147
LOSS, 8871.0, -19.595504760742188, 66.33885955810547, 15.897849462365592, 558, 223.0, 362, 7, 135212.1124267578, 178.77978515625, 353.3230895996094, 242.31561366802475
LOSS, 21900.756591796875, -19.96747589111328, 70.8421859741211, 23.805170208474863, 920, 207.0, 338, 19, 238513.47566223145, 163.1719970703125, 362.80328369140625, 259.2537778937298
LOSS, 5253.812744140625, -13.29052734375, 61.053672790527344, 30.90478084788603, 170, 191.0, 388, 2, 44352.55352783203, 170.88284301757812, 363.4810485839844, 260.8973736931296
LOSS, 18669.93701171875, -26.9580078125, 62.252197265625, 8.30143931156903, 2249, 191.0, 250, 18, 526223.6795043945, 157.2615966796875, 360.88427734375, 233.9811825275209
LOSS, 15695.314697265625, -18.33984375, 65.28218841552734, 26.1153322749844, 601, 137.0, 359, 16, 161528.0871734619, 165.83445739746094, 353.2503967285156, 268.7655360623326
LOSS, 12840.011962890625, -17.662269592285156, 67.54203033447266, 21.400019938151043, 600, 207.0, 359, 11, 154521.4871520996, 159.06182861328125, 352.7454833984375, 257.535811920166
LOSS, 16723.219970703125, -42.999755859375, 65.7964096069336, 18.51962344485396, 903, 207.0, 339, 11, 225657.0877380371, 165.71009826660156, 367.37890625, 249.8971071296092
LOSS, 14115.986572265625, -30.25732421875, 60.7470703125, 17.089572121386954, 826, 223.0, 344, 8, 201467.9271850586, 170.1848602294922, 380.1454772949219, 243.9079021610879
LOSS, 10857.650001525879, -37.807373046875, 66.4897689819336, 3.6071926915368366, 3010, 209.6999969482422, 199, 13, 611557.0945892334, 158.8241729736328, 358.24041748046875, 203.1751144814729
LOSS, 15651.0, -33.487579345703125, 64.4817123413086, 19.322222222222223, 810, 223.0, 345, 15, 211157.92065429688, 158.55084228515625, 367.3958435058594, 260.6887909312307
LOSS, 7951.0, -23.71868133544922, 60.336814880371094, 11.456772334293948, 694, 223.0, 353, 9, 165611.4252166748, 147.60140991210938, 361.9979248046875, 238.63317754564093
LOSS, 3721.0, -36.9998779296875, 60.475379943847656, 6.753176043557168, 551, 223.0, 363, 5, 121931.49942016602, 153.63433837890625, 368.7769470214844, 221.29128751391292
LOSS, 6998.0465087890625, -16.23963165283203, 57.42241287231445, 17.279127182195214, 405, 223.0, 372, 5, 95989.1969909668, 155.61093139648438, 371.8168640136719, 237.01036294065875
LOSS, 19309.482666015625, -24.019882202148438, 64.67215728759766, 20.219353576979714, 955, 223.0, 336, 18, 262047.255859375, 151.7517547607422, 368.0048522949219, 274.3950323134817
LOSS, 13214.00048828125, -25.763916015625, 68.1450424194336, 16.941026267027244, 780, 223.0, 347, 7, 197737.6908569336, 158.2102813720703, 368.13134765625, 253.50986007299178
LOSS, 8762.907470703125, -12.9998779296875, 62.29179382324219, 27.298777167299455, 321, 127.0, 378, 5, 80141.86894226074, 159.63922119140625, 378.1068115234375, 249.66314312230762
LOSS, 16424.00048828125, -29.129989624023438, 68.81795501708984, 12.9424747740593, 1269, 223.0, 315, 19, 306853.54597473145, 153.53329467773438, 374.4714660644531, 241.80736483430374
LOSS, 19938.552047729492, -38.0, 66.9280014038086, 18.093059934418775, 1102, 177.10000610351562, 326, 21, 283778.7429962158, 156.4619140625, 375.53338623046875, 257.51247095845355
LOSS, 24109.009765625, -25.20965576171875, 67.9320297241211, 17.319690923581177, 1392, 207.0, 307, 27, 403338.6453399658, 156.23605346679688, 382.43035888671875, 289.7547739511249
LOSS, 5329.408630371094, -15.721900939941406, 61.0345458984375, 19.033602251325334, 280, 207.0, 381, 3, 76517.58056640625, 161.338134765625, 381.557861328125, 273.2770734514509
LOSS, 15193.832130432129, -39.0, 64.8018569946289, 13.410266664106027, 1133, 197.3357391357422, 324, 14, 299850.3761138916, 160.3633575439453, 377.3363037109375, 264.6517000122609
LOSS, 15070.608154296875, -39.0, 71.43025970458984, 18.838260192871093, 800, 223.0, 346, 10, 218538.5308380127, 157.27085876464844, 383.34771728515625, 273.17316354751586
LOSS, 14363.414794921875, -19.73004150390625, 68.8918228149414, 15.427942851688373, 931, 191.0, 337, 14, 242065.2455291748, 152.89756774902344, 365.2624816894531, 260.00563429556905
LOSS, 9948.151123046875, -26.092529296875, 66.0707778930664, 18.490987217559248, 538, 191.0, 364, 11, 138172.93141174316, 151.2893524169922, 372.68829345703125, 256.8270100590022
WIN , 25012.0, -21.114845275878906, 71.1202163696289, 21.341296928327644, 1172, 191.0, 321, 27, 305441.3491973877, 157.4068145751953, 370.2515869140625, 260.6154856633001
LOSS, 11424.310913085938, -33.000244140625, 67.3021469116211, 25.16368042529942, 454, 175.0, 369, 8, 120561.85081481934, 153.40145874023438, 371.3516540527344, 265.55473747757566
LOSS, 6791.0, -14.662391662597656, 64.51795196533203, 17.684895833333332, 384, 223.0, 374, 6, 96713.34834289551, 160.5455780029297, 356.66741943359375, 251.85767797629038
LOSS, 17876.15380859375, -19.72052001953125, 64.4533462524414, 25.284517409609265, 707, 223.0, 352, 7, 180865.62420654297, 165.8662567138672, 369.8990478515625, 255.82125064574677
LOSS, 15988.053466796875, -35.9964599609375, 71.3365707397461, 27.902362071198734, 573, 191.0, 361, 8, 160291.17680358887, 154.58599853515625, 386.6238098144531, 279.74027365373274
LOSS, 6692.7158203125, -29.704132080078125, 61.926170349121094, 13.65860371492347, 490, 207.0, 367, 5, 121050.12115478516, 167.64968872070312, 380.16131591796875, 247.0410635811942
LOSS, 7812.5303955078125, -18.61236572265625, 68.40657806396484, 18.126520639229263, 431, 186.447998046875, 371, 8, 105263.56298828125, 154.6416015625, 376.46160888671875, 244.23100461318157
LOSS, 7238.3297119140625, -20.87433624267578, 62.704078674316406, 15.769781507438045, 459, 223.0, 369, 10, 106239.1466217041, 163.92051696777344, 370.34375, 231.4578357771331
LOSS, 13453.677734375, -22.122299194335938, 66.34696197509766, 30.30107597832207, 444, 207.0, 370, 13, 118023.27082824707, 154.1193084716797, 375.0470886230469, 265.818177541097
LOSS, 16717.602294921875, -30.2252197265625, 67.9723129272461, 28.191572166815977, 593, 207.0, 360, 10, 171277.6555480957, 158.68858337402344, 378.0939636230469, 288.83247141331486
LOSS, 11976.936279296875, -26.392288208007812, 65.7921371459961, 7.682447902050593, 1559, 223.0, 296, 15, 392525.1933288574, 157.70266723632812, 385.9329528808594, 251.78011117951087
LOSS, 15511.158935546875, -33.000244140625, 65.23650360107422, 18.269916296286073, 849, 191.0, 343, 12, 212597.6340789795, 147.5536651611328, 367.1556396484375, 250.40946299055298
LOSS, 14957.953125, -16.22850799560547, 68.9754409790039, 23.298992406542055, 642, 223.0, 357, 11, 182903.27618408203, 159.67996215820312, 385.4034118652344, 284.8960688225577
LOSS, 21211.0, -35.0001220703125, 67.81127166748047, 23.41169977924945, 906, 223.0, 339, 19, 249770.66873168945, 150.54380798339844, 381.701904296875, 275.6850648252643
LOSS, 14618.60205078125, -33.000244140625, 70.9404525756836, 22.985223350284983, 636, 207.0, 357, 9, 189215.51110839844, 178.21217346191406, 389.2514953613281, 297.5086652647774
LOSS, 9418.139892578125, -25.391082763671875, 59.825439453125, 18.83627978515625, 500, 223.0, 366, 5, 147010.18515014648, 167.98216247558594, 387.2444763183594, 294.020370300293
LOSS, 15586.911865234375, -33.000244140625, 68.5597915649414, 19.88126513422752, 784, 223.0, 347, 8, 219912.96852111816, 180.5735321044922, 380.9491271972656, 280.5012353585691
LOSS, 6017.197509765625, -44.00006103515625, 68.28787994384766, 15.960736100174072, 377, 223.0, 374, 3, 99171.8618774414, 176.77334594726562, 380.1597595214844, 263.0553365449374
LOSS, 9410.999389648438, -32.99993896484375, 66.85111236572266, 16.775399981548016, 561, 223.0, 362, 7, 149331.24435424805, 156.6454315185547, 379.7972412109375, 266.1876013444707
LOSS, 14068.180419921875, -38.855743408203125, 69.4548568725586, 12.505049262152777, 1125, 191.0, 324, 17, 292287.83937072754, 153.9016876220703, 378.8623962402344, 259.81141277398
LOSS, 11708.14990234375, -30.322418212890625, 65.4497299194336, 10.721748994820285, 1092, 191.0, 327, 10, 287013.6446838379, 150.91586303710938, 390.36016845703125, 262.8330079522325
LOSS, 15735.529541015625, -23.7188720703125, 67.8676528930664, 23.208745635716262, 678, 207.0, 354, 14, 194498.8671722412, 150.03326416015625, 394.7361755371094, 286.87148550478054
LOSS, 11152.7353515625, -17.662269592285156, 65.5150375366211, 22.53077848800505, 495, 207.0, 366, 6, 130532.21835327148, 160.707763671875, 381.11651611328125, 263.70145121873026
LOSS, 13711.0, -42.27251434326172, 67.42469024658203, 21.97275641025641, 624, 223.0, 358, 12, 148952.59786987305, 150.26675415039062, 376.9411926269531, 238.70608632992474
LOSS, -14950.0, -29.298812866210938, 57.72517395019531, -2.492082013668945, 5999, 205.0, 0, 4, 1056575.8786773682, 147.22865295410156, 385.81219482421875, 176.125334001895
LOSS, 8124.215576171875, -13.2393798828125, 63.354103088378906, 22.693339598245462, 358, 191.0, 376, 4, 103219.06130981445, 184.73789978027344, 366.14501953125, 288.3214003067443
LOSS, 13422.346435546875, -37.0, 69.0553970336914, 11.269812288452457, 1191, 223.0, 320, 18, 295444.84411621094, 151.95050048828125, 363.5351257324219, 248.06452066852304
LOSS, 7685.3060302734375, -17.662269592285156, 68.0702896118164, 18.97606427228009, 405, 223.0, 372, 7, 99732.25802612305, 153.48550415039062, 370.20306396484375, 246.25248895339024
LOSS, 5090.089538574219, -35.666656494140625, 64.5552749633789, 33.05252947126116, 154, 156.5, 389, 3, 41619.362884521484, 143.35507202148438, 363.2285461425781, 270.2556031462434
LOSS, 7976.1175537109375, -16.720489501953125, 63.70391845703125, 27.986377381441887, 285, 175.0, 380, 3, 78279.35594177246, 169.6438446044922, 382.7132873535156, 274.6644068132367
LOSS, 6911.0, -15.999755859375, 62.2271728515625, 16.533492822966508, 418, 223.0, 372, 5, 107737.06262207031, 173.21119689941406, 366.4660339355469, 257.74416895232133
LOSS, 7354.272003173828, -16.00006103515625, 67.7104721069336, 23.054144210576265, 319, 178.19915771484375, 378, 5, 85711.37274169922, 140.89163208007812, 377.7413330078125, 268.6876888454521
LOSS, 11749.0, -19.04462432861328, 71.9847640991211, 36.601246105919, 321, 207.0, 378, 7, 94844.08270263672, 207.24195861816406, 356.306396484375, 295.4644320954415
LOSS, 12370.149780273438, -15.999755859375, 66.92679595947266, 33.075266792174965, 374, 223.0, 375, 9, 105624.05006408691, 173.93048095703125, 373.62042236328125, 282.41724616066017
WIN , 23924.0, -17.078781127929688, 70.48819732666016, 24.214574898785425, 988, 207.0, 334, 17, 290113.646774292, 149.50074768066406, 362.95849609375, 293.63729430596356
LOSS, 3671.0, -15.999984741210938, 63.478004455566406, 15.688034188034187, 234, 223.0, 384, 1, 60915.38594055176, 183.3255157470703, 347.3998107910156, 260.32216213911005
LOSS, 6930.2701416015625, -15.999755859375, 70.86341094970703, 33.15918728039025, 209, 207.0, 386, 3, 61544.82791137695, 199.03567504882812, 365.5885314941406, 294.47286081998544
LOSS, 12730.581787109375, -17.433746337890625, 70.6661148071289, 23.929665013363486, 532, 159.0, 364, 7, 155254.23468017578, 184.2026824951172, 367.6024475097656, 291.8312681958191
LOSS, 5878.298187255859, -36.9998779296875, 68.1151351928711, 6.260168463531267, 939, 217.78839111328125, 337, 7, 241404.90585327148, 151.3631591796875, 366.6519775390625, 257.0872266808003
LOSS, 12392.00048828125, -39.999755859375, 70.17247772216797, 14.912154618870337, 831, 207.0, 344, 8, 225937.25491333008, 150.14047241210938, 369.3544616699219, 271.88598665864026
LOSS, 15004.741340637207, -17.985244750976562, 69.3123550415039, 25.260507307470046, 594, 136.83079528808594, 360, 8, 165659.6101989746, 142.68934631347656, 369.4533996582031, 278.8882326582064
LOSS, 7868.452499389648, -32.9345703125, 65.75032806396484, 8.941423294760964, 880, 188.09500122070312, 341, 10, 213663.15229797363, 156.3323516845703, 352.3609924316406, 242.79903670224277
LOSS, 6493.667236328125, -17.647064208984375, 58.983726501464844, 21.43124500438325, 303, 223.0, 379, 8, 85639.76516723633, 163.8850555419922, 353.4116516113281, 282.63948900078
LOSS, 14891.0, -30.322265625, 64.1942367553711, 22.426204819277107, 664, 223.0, 355, 13, 177198.07244873047, 167.06809997558594, 347.0240783691406, 266.86456694085916
LOSS, 4634.372131347656, -18.113487243652344, 61.15386962890625, 18.68698440059539, 248, 191.0, 383, 0, 65081.727798461914, 184.85443115234375, 355.63397216796875, 262.42632176799157
LOSS, 4776.607116699219, -15.591896057128906, 61.5838623046875, 16.878470377029043, 283, 207.0, 381, 3, 83831.9693145752, 178.35406494140625, 349.36151123046875, 296.2260399808311
LOSS, 7897.1907958984375, -13.475456237792969, 62.3028564453125, 33.3214801514702, 237, 223.0, 384, 4, 67687.42309570312, 185.57003784179688, 350.4160461425781, 285.6009413320807
LOSS, 14611.0, -25.020751953125, 83.0548324584961, 13.604283054003725, 1074, 223.0, 328, 13, 287774.9868469238, 182.55551147460938, 352.81585693359375, 267.9469151274896
LOSS, 7631.0, -13.000030517578125, 59.8956298828125, 35.0045871559633, 218, 223.0, 385, 8, 58731.48733520508, 179.8121795654297, 355.531494140625, 269.41049236332606
LOSS, 10937.725708007812, -17.966819763183594, 64.31876373291016, 18.32114858962783, 597, 191.0, 360, 7, 165120.9980316162, 186.430908203125, 353.0772399902344, 276.5845863176151
LOSS, 19685.311767578125, -21.271240234375, 67.4260482788086, 14.701502440312266, 1339, 191.0, 310, 16, 341407.014251709, 178.46875, 350.88763427734375, 254.97163125594398
LOSS, 8324.546752929688, -13.03619384765625, 63.352882385253906, 21.678507169087727, 384, 223.0, 374, 8, 100098.21154785156, 186.3798065185547, 352.0873718261719, 260.67242590586346
LOSS, 17463.949996948242, -18.393150329589844, 67.3460922241211, 16.808421556254324, 1039, 177.10000610351562, 330, 15, 288616.0017089844, 182.88645935058594, 359.11126708984375, 277.7824848017174
LOSS, 13342.6943359375, -43.999755859375, 63.46526336669922, 17.909656826761744, 745, 223.0, 350, 13, 210758.44497680664, 184.0325164794922, 350.22381591796875, 282.8972415796062
LOSS, 17458.3740234375, -37.0, 69.5702133178711, 15.842444667366152, 1102, 175.0, 326, 14, 320144.70503234863, 193.73939514160156, 355.4629821777344, 290.51243650848335
LOSS, 5296.216003417969, -16.59002685546875, 67.4034652709961, 20.292015338766163, 261, 191.0, 382, 5, 76850.92980957031, 202.22021484375, 347.1165466308594, 294.4480069332196
LOSS, 14721.0, -35.99951171875, 66.80121612548828, 15.710779082177162, 937, 223.0, 337, 12, 267001.34745788574, 199.16368103027344, 352.84967041015625, 284.9534124417137
LOSS, 14747.732177734375, -16.711532592773438, 64.6227035522461, 23.33501926856705, 632, 223.0, 357, 14, 181879.78926086426, 188.63623046875, 360.00567626953125, 287.7844766785827
LOSS, 10628.983642578125, -19.04065704345703, 63.47388458251953, 21.386284995127014, 497, 191.0, 366, 7, 136305.21426391602, 188.83859252929688, 356.66290283203125, 274.25596431371434
LOSS, 13662.827392578125, -22.04345703125, 64.50003814697266, 18.76762004475017, 728, 223.0, 351, 9, 220608.0175933838, 191.24647521972656, 359.5575866699219, 303.032991199703
LOSS, 16765.64419555664, -20.662147521972656, 68.2338638305664, 18.71165646825518, 896, 164.19500732421875, 340, 13, 238249.20823669434, 179.91708374023438, 377.7672119140625, 265.90313419273923
LOSS, 10310.082473754883, -16.7203369140625, 62.892066955566406, 19.48975892959335, 529, 196.39999389648438, 364, 7, 155560.616897583, 191.47906494140625, 362.9691162109375, 294.06543836972213
LOSS, 5760.151607513428, -17.662269592285156, 64.51956939697266, 27.82681935996825, 207, 113.78675079345703, 386, 1, 60293.57795715332, 192.97390747070312, 364.04266357421875, 291.2733234645088
LOSS, 5714.13916015625, -16.00006103515625, 64.45037841796875, 28.428553035603233, 201, 207.0, 386, 2, 52117.297119140625, 195.94729614257812, 360.8328857421875, 259.2900354186101
LOSS, 5750.3734130859375, -20.7525634765625, 57.0678596496582, 33.82572595932904, 170, 191.0, 388, 4, 47790.5138092041, 193.01544189453125, 355.3297119140625, 281.1206694659065
LOSS, 8833.359252929688, -14.966941833496094, 65.5144271850586, 38.57362119183269, 229, 191.0, 384, 4, 64872.15556335449, 188.49456787109375, 368.04388427734375, 283.2845221107183
LOSS, 7698.65510559082, -15.880584716796875, 71.49434661865234, 27.300195409896524, 282, 175.68539428710938, 381, 6, 78410.30186462402, 191.0008087158203, 364.74609375, 278.0507158320001
LOSS, 5371.0, -15.141426086425781, 64.1615982055664, 25.822115384615383, 208, 223.0, 386, 4, 55257.819412231445, 184.72325134277344, 359.8176574707031, 265.66259332803577
LOSS, 1869.599998474121, -14.006233215332031, 59.3060302734375, 31.159999974568684, 60, 185.8000030517578, 395, 2, 15977.286178588867, 189.6798095703125, 367.5979309082031, 266.2881029764811
WIN , 25433.74871826172, -18.66943359375, 67.5118179321289, 26.032496129234104, 977, 167.5025634765625, 334, 24, 279103.28202819824, 192.6675567626953, 365.0087585449219, 285.67377894390813
LOSS, 21429.0, -37.0, 64.7295150756836, 14.829757785467129, 1445, 207.0, 303, 16, 399686.3138580322, 183.3844757080078, 376.1902770996094, 276.599525161268
LOSS, 8190.664489746094, -16.00006103515625, 68.0113754272461, 36.56546647208078, 224, 138.4561767578125, 385, 9, 62430.72116088867, 199.17111206054688, 366.3941650390625, 278.7085766111101
LOSS, 17976.2451171875, -33.000244140625, 68.8817367553711, 16.491967997419724, 1090, 175.0, 327, 15, 277767.32234191895, 177.26309204101562, 379.2290344238281, 254.83240581827425
LOSS, 3743.5958251953125, -10.753562927246094, 61.57073974609375, 20.01922901173964, 187, 223.0, 387, 4, 53820.7624206543, 217.3858642578125, 374.7105407714844, 287.81156374681444
LOSS, 12661.497802734375, -24.701889038085938, 67.6210708618164, 14.931011559828272, 848, 175.0, 343, 7, 261020.8779296875, 194.01185607910156, 374.1908874511719, 307.8076390680277
LOSS, 4354.316345214844, -16.48968505859375, 60.53802490234375, 19.097878707082646, 228, 223.0, 384, 2, 60977.65768432617, 197.82757568359375, 381.5934143066406, 267.4458670365183
LOSS, 13108.901611328125, -34.3399658203125, 68.2338638305664, 14.233335082875271, 921, 223.0, 338, 11, 271402.2478790283, 198.01626586914062, 375.0918884277344, 294.6821366764694
LOSS, 13644.070556640625, -16.560394287109375, 69.49178314208984, 25.59863143835014, 533, 159.0, 364, 11, 161041.99143981934, 197.76602172851562, 368.0760498046875, 302.1425730578224
LOSS, 19620.65048980713, -39.00048828125, 66.7699203491211, 21.704259391379566, 904, 209.6999969482422, 339, 12, 249363.7156677246, 173.96932983398438, 372.0709533691406, 275.8448182165095
LOSS, 18234.58154296875, -16.13641357421875, 66.8819351196289, 24.024481611289527, 759, 223.0, 349, 7, 222368.53240966797, 186.42132568359375, 375.0579833984375, 292.9756685239367
LOSS, 14308.150733947754, -35.0, 63.1585693359375, 15.173012443210768, 943, 177.6999969482422, 337, 11, 254635.61183166504, 177.09962463378906, 364.3320617675781, 270.0271599487434
LOSS, 9161.727783203125, -17.662269592285156, 60.22941589355469, 21.15872467252454, 433, 191.0, 371, 7, 120374.4144897461, 190.99349975585938, 362.9253234863281, 278.00095725114573
LOSS, 11388.1845703125, -33.000244140625, 66.5141830444336, 8.157725336900072, 1396, 207.0, 306, 11, 329849.67178344727, 167.9905548095703, 371.9309997558594, 236.28199984487625
LOSS, 16813.9296875, -39.0, 70.4137191772461, 14.457377203353396, 1163, 223.0, 322, 9, 319425.2335205078, 184.29981994628906, 370.8166809082031, 274.6562627003507
LOSS, 7194.257568359375, -17.50006103515625, 63.223777770996094, 17.676308521767506, 407, 207.0, 372, 4, 102222.43946838379, 176.10365295410156, 368.5559997558594, 251.1607849346039
LOSS, 9871.0, -15.463035583496094, 67.3299331665039, 26.82336956521739, 368, 223.0, 375, 7, 101204.01335144043, 182.69654846191406, 381.3292541503906, 275.0109058463055
LOSS, 7080.392868041992, -15.890518188476562, 66.9615707397461, 24.415147820834456, 290, 177.10000610351562, 380, 3, 76934.43522644043, 178.03482055664062, 364.1379699707031, 265.2911559532429
LOSS, 7524.4307861328125, -35.0001220703125, 65.5473861694336, 12.155784791813913, 619, 223.0, 358, 14, 156838.20643615723, 175.90663146972656, 373.2449645996094, 253.37351605195028
LOSS, 1942.6000289916992, -16.32056427001953, 59.58512878417969, 32.925424220198295, 59, 185.8000030517578, 396, 2, 15612.683364868164, 186.76881408691406, 354.6981506347656, 264.62175194691804
LOSS, 7079.3109130859375, -16.084640502929688, 60.34454345703125, 20.94470684344952, 338, 175.0, 377, 5, 89270.18193054199, 180.7094268798828, 358.7014465332031, 264.11296429154436
LOSS, 15974.00048828125, -33.99951171875, 64.9983901977539, 20.067839809398556, 796, 223.0, 346, 13, 212127.35343933105, 171.99395751953125, 370.2712707519531, 266.49165004941085
LOSS, 12242.776123046875, -39.47265625, 67.0461196899414, 18.521597765577724, 661, 223.0, 355, 15, 161119.076461792, 156.9986572265625, 360.695068359375, 243.75049389075943
LOSS, 10581.0, -16.578025817871094, 59.043190002441406, 23.884875846501128, 443, 223.0, 370, 9, 123760.24504089355, 176.38754272460938, 365.1283874511719, 279.3684989636423
LOSS, 24232.356201171875, -19.397811889648438, 65.5696792602539, 29.336992979626967, 826, 223.0, 344, 22, 238557.6042022705, 161.56973266601562, 377.5492248535156, 288.81065884052117
WIN , 27482.271911621094, -28.768310546875, 73.46221160888672, 19.857132884119288, 1384, 170.4561767578125, 307, 22, 399576.5079650879, 166.9135284423828, 376.6005554199219, 288.71134968575717
LOSS, 10463.999877929688, -18.0462646484375, 60.390625, 24.391608107062208, 429, 223.0, 371, 10, 119669.6722869873, 185.119873046875, 372.6755676269531, 278.9502850512525
LOSS, 20581.0, -39.05197525024414, 66.6380844116211, 20.684422110552763, 995, 223.0, 333, 25, 269779.5015716553, 158.0704345703125, 382.5284729003906, 271.13517745895
LOSS, 14003.991943359375, -34.984657287597656, 69.50971221923828, 14.363068659855768, 975, 223.0, 334, 11, 270016.84272766113, 164.71063232421875, 377.44073486328125, 276.9403515155499
LOSS, 4781.0, -17.66242218017578, 56.123252868652344, 20.51931330472103, 233, 223.0, 384, 2, 59326.5322265625, 168.45387268066406, 367.24700927734375, 254.6203099852468
LOSS, 7621.599998474121, -17.01622772216797, 65.45003509521484, 30.982113814935452, 246, 201.8000030517578, 383, 8, 74777.08924865723, 193.10037231445312, 376.9609069824219, 303.97190751486676
LOSS, 8910.202293395996, -21.463096618652344, 59.770103454589844, 18.797895133746827, 474, 201.8000030517578, 368, 9, 123429.18040466309, 168.6555938720703, 365.86993408203125, 260.39911477777025
LOSS, 7498.8870849609375, -17.662269592285156, 62.56658172607422, 17.93992125588741, 418, 207.0, 372, 6, 117866.42352294922, 164.339599609375, 370.7558898925781, 281.9770897678211
LOSS, 20811.0, -26.092529296875, 62.31620788574219, 13.023153942428035, 1598, 223.0, 293, 19, 421895.2000427246, 166.2501678466797, 365.8208312988281, 264.0145181744209
LOSS, 13175.3349609375, -33.000244140625, 67.7977523803711, 33.271047881155305, 396, 191.0, 373, 5, 109366.10075378418, 176.144287109375, 397.8627624511719, 276.1770221055156
LOSS, -10816.633750915527, -24.115028381347656, 53.2147216796875, -1.8030728039532469, 5999, 218.2675018310547, 0, 4, 1135707.2763519287, 150.29226684570312, 364.251953125, 189.3160987417784
LOSS, 16244.00048828125, -17.55754852294922, 70.1097640991211, 24.574887274253026, 661, 223.0, 355, 11, 198454.90699768066, 184.29379272460938, 376.2471923828125, 300.23435249270904
WIN , 24782.0, -20.753173828125, 90.9798355102539, 17.867339581831292, 1387, 191.0, 307, 29, 395040.88412475586, 155.5586395263672, 400.75982666015625, 284.8167874006892
WIN , 9760.909519195557, -37.807373046875, 91.3100357055664, 2.9320845656940695, 3329, 113.18096160888672, 178, 25, 1061532.2723388672, 159.03933715820312, 387.27587890625, 318.87421818530106
LOSS, 1829.0, -17.66242218017578, 56.4544677734375, 22.03614457831325, 83, 207.0, 394, 3, 22100.306182861328, 175.6169891357422, 376.6747131347656, 266.2687491911003
LOSS, 16430.58447265625, -21.2269287109375, 65.8867416381836, 10.51221015525032, 1563, 207.0, 295, 25, 491483.04414367676, 174.08566284179688, 383.2666320800781, 314.4485247240414
WIN , 25580.0, -26.002418518066406, 69.9202651977539, 20.595813204508858, 1242, 175.0, 317, 19, 338788.0369415283, 161.58656311035156, 386.79095458984375, 272.7761972154012
LOSS, 4702.523742675781, -13.000030517578125, 61.954261779785156, 30.93765620181435, 152, 223.0, 389, 5, 44171.44445800781, 170.4741668701172, 376.6759338378906, 290.6016082763672
LOSS, 18393.949996948242, -16.720947265625, 71.2218246459961, 20.39240576158342, 902, 177.10000610351562, 339, 13, 252671.50105285645, 155.35073852539062, 386.96063232421875, 280.123615357934
LOSS, 5000.211242675781, -14.284034729003906, 57.02227783203125, 21.46013408873726, 233, 207.0, 384, 4, 71183.46563720703, 194.154296875, 391.7701721191406, 305.50843621118895
WIN , 26659.415954589844, -19.705787658691406, 80.573974609375, 24.892078388972777, 1071, 196.1680908203125, 328, 21, 325732.5964355469, 159.11073303222656, 398.9952392578125, 304.1387455047123
LOSS, 11960.5107421875, -30.820594787597656, 68.7483901977539, 21.473089303747756, 557, 191.0, 362, 8, 170840.54344177246, 173.46725463867188, 386.4236145019531, 306.7155178487836
LOSS, 16232.805419921875, -13.753593444824219, 70.0255355834961, 31.520010524120146, 515, 223.0, 365, 14, 155367.57174682617, 187.66128540039062, 384.0540771484375, 301.68460533364305
LOSS, 13116.16162109375, -20.1611328125, 69.4316635131836, 20.78631001758122, 631, 159.0, 357, 10, 203953.82943725586, 212.91709899902344, 386.02447509765625, 323.22318452813926
LOSS, 5389.4005126953125, -13.329925537109375, 54.335594177246094, 31.152604119626083, 173, 191.0, 388, 3, 48029.77326965332, 178.56320190429688, 368.0080261230469, 277.62874722342957
LOSS, 15315.650001525879, -19.136444091796875, 63.209449768066406, 22.100505052706897, 693, 193.6999969482422, 353, 9, 201006.08108520508, 161.7588348388672, 385.37744140625, 290.052065058016
LOSS, 9711.770751953125, -17.662269592285156, 62.5689697265625, 15.817216208392711, 614, 159.0, 359, 9, 166317.49264526367, 162.531005859375, 394.78009033203125, 270.87539518772587
LOSS, 14792.377685546875, -17.35771942138672, 68.32662200927734, 22.8984174698868, 646, 207.0, 356, 14, 200179.65785217285, 164.8858184814453, 397.65399169921875, 309.87563135011277
LOSS, 17007.431602478027, -18.462913513183594, 62.767234802246094, 23.588670738527085, 721, 200.6861114501953, 351, 11, 212599.56591796875, 171.10690307617188, 381.5104675292969, 294.8676365020371
LOSS, 14904.133544921875, -19.720443725585938, 67.0748062133789, 33.492434932408706, 445, 223.0, 370, 10, 122802.57196044922, 162.4668731689453, 381.74176025390625, 275.960835866178
WIN , 25868.49168395996, -19.49016571044922, 82.23350524902344, 31.054611865498153, 833, 138.01663208007812, 344, 20, 257798.37060546875, 170.5444793701172, 381.2065734863281, 309.4818374615471
LOSS, 13724.237060546875, -16.00006103515625, 68.6546859741211, 34.396584111646305, 399, 175.0, 373, 6, 121236.54197692871, 179.5713653564453, 392.24774169921875, 303.85098239831757
LOSS, 7692.2357177734375, -18.204200744628906, 64.7627944946289, 38.08037484046256, 202, 175.0, 386, 4, 62457.93258666992, 156.0493621826172, 388.4882507324219, 309.19768607262336
LOSS, 10351.0634765625, -21.923301696777344, 83.28324127197266, 7.747802003415045, 1336, 223.0, 310, 15, 423274.0595397949, 168.64334106445312, 396.9166564941406, 316.82190085313994
LOSS, 2704.6664428710938, -14.662391662597656, 59.825439453125, 18.52511262240475, 146, 175.0, 390, 2, 37461.100830078125, 173.51185607910156, 381.537353515625, 256.5828823977954
LOSS, 11897.72021484375, -17.662269592285156, 56.94450378417969, 20.372808587061215, 584, 191.0, 361, 5, 177975.6735687256, 158.28660583496094, 403.0224609375, 304.7528656998726
WIN , 25640.0, -21.3397216796875, 67.1993179321289, 21.51006711409396, 1192, 175.0, 320, 20, 348042.6162414551, 157.58673095703125, 381.6867980957031, 291.98206060524757
LOSS, 8463.32880783081, -16.13641357421875, 63.115455627441406, 29.08360415062134, 291, 119.9000015258789, 380, 10, 84780.39974975586, 163.4101104736328, 397.8820495605469, 291.34157989606825
LOSS, 16155.509780883789, -21.3397216796875, 67.1483383178711, 22.191634314400808, 728, 201.39498901367188, 351, 17, 220589.7013244629, 193.39906311035156, 389.0259094238281, 303.00783148964683
LOSS, 19902.83544921875, -16.48968505859375, 70.87133026123047, 29.225896401202277, 681, 207.0, 354, 14, 212501.90315246582, 174.7295379638672, 392.7537536621094, 312.0439106497295
LOSS, 19337.5693359375, -18.094337463378906, 66.8419418334961, 22.77687789863074, 849, 207.0, 343, 18, 262970.5199737549, 169.27757263183594, 416.0866394042969, 309.741484068027
LOSS, 3521.0, -15.253822326660156, 53.874053955078125, 10.968847352024921, 321, 223.0, 378, 3, 91437.12333679199, 202.39108276367188, 386.6649169921875, 284.85085151648593
LOSS, 12726.4443359375, -41.999755859375, 62.007652282714844, 10.80343322235781, 1178, 223.0, 321, 9, 388025.01599121094, 211.6765594482422, 406.1006164550781, 329.39305262411796
LOSS, 11659.666137695312, -19.13629150390625, 57.8497314453125, 11.265377910816728, 1035, 175.0, 330, 9, 316060.7552947998, 169.2411346435547, 390.9167175292969, 305.3727104297583
LOSS, 23196.727294921875, -39.0, 64.9474105834961, 16.439920123970147, 1411, 175.0, 305, 21, 411124.4874267578, 180.29351806640625, 372.7470397949219, 291.37100455475394
WIN , 20802.0, -26.092529296875, 74.99267578125, 9.079877782627673, 2291, 191.0, 247, 19, 686119.5573883057, 182.1136016845703, 369.4928894042969, 299.48474787791605
LOSS, 8553.999877929688, -16.046707153320312, 60.720741271972656, 22.749999675344913, 376, 223.0, 374, 7, 107813.67111206055, 181.59544372558594, 358.8943176269531, 286.738487000161
LOSS, 13442.649513244629, -15.463035583496094, 65.6288833618164, 29.350763129355084, 458, 193.6999969482422, 369, 8, 136337.92643737793, 187.0439453125, 359.13623046875, 297.6810620903448
LOSS, 22556.606201171875, -40.00048828125, 63.448387145996094, 14.928263534858951, 1511, 207.0, 299, 20, 435493.48292541504, 190.106689453125, 366.10797119140625, 288.2154089513005
LOSS, 21657.38330078125, -19.91156768798828, 69.4322738647461, 24.388945158537442, 888, 191.0, 340, 18, 261634.43380737305, 208.81536865234375, 359.19378662109375, 294.6333714046994
LOSS, 23428.525634765625, -21.031280517578125, 67.5414047241211, 23.61746535762664, 992, 223.0, 333, 15, 306885.3225708008, 179.9801483154297, 370.9117736816406, 309.3602042044363
