LOSS, 21128.130859375, -36.90166473388672, 49.691062927246094, 6.127648161071636, 3448, 207.0, 170, 18, 7951.109394073486, 8.361749649047852, 25.883821487426758, 2.3060062047776935
WIN , 31032.0, -45.00006103515625, 76.239013671875, 14.919230769230769, 2080, 191.0, 261, 32, 26665.333305358887, 13.080642700195312, 45.889373779296875, 12.819871781422542
LOSS, 10467.43310546875, -20.078811645507812, 45.946876525878906, 21.18913584102986, 494, 223.0, 367, 11, 8424.41417503357, 28.728124618530273, 50.189273834228516, 17.053469989946496
WIN , 30172.909507751465, -23.626014709472656, 67.2784652709961, 20.539761407591193, 1469, 129.1809844970703, 302, 35, 28165.403524398804, 29.056459426879883, 54.486568450927734, 19.17318143253833
LOSS, 18430.273681640625, -19.97802734375, 61.74430847167969, 25.812708237591913, 714, 223.0, 352, 13, 19255.64185333252, 26.792469024658203, 77.43480682373047, 26.968686069093163
LOSS, 9009.999633789062, -20.77994155883789, 57.001487731933594, 27.30302919330019, 330, 223.0, 377, 5, 11893.413227081299, 20.498130798339844, 79.01140594482422, 36.0406461426706
WIN , 28752.65000152588, -18.16265869140625, 65.9639663696289, 25.067698344835115, 1147, 209.6999969482422, 323, 36, 43057.8897857666, 47.21265411376953, 79.92251586914062, 37.5395726118279
LOSS, 17496.38818359375, -21.880340576171875, 56.3909912109375, 22.752130277755203, 769, 223.0, 348, 17, 34322.92525100708, 34.893985748291016, 80.28912353515625, 44.63319278414445
LOSS, 22210.6943359375, -21.34002685546875, 66.3939437866211, 28.622028783424614, 776, 207.0, 348, 22, 34724.97817611694, 34.120662689208984, 80.83747100830078, 44.748683216645546
LOSS, 13581.199951171875, -21.3397216796875, 64.38863372802734, 19.855555484169408, 684, 175.0, 354, 8, 30464.45196914673, 53.69244384765625, 79.71166229248047, 44.53867246951276
LOSS, 19566.018310546875, -42.00048828125, 58.13896179199219, 27.02488716926364, 724, 223.0, 351, 23, 42007.39493560791, 55.24641799926758, 104.15581512451172, 58.02126372321535
LOSS, 15820.465087890625, -23.45458984375, 60.991111755371094, 25.516879174017138, 620, 175.0, 358, 13, 40910.09344100952, 49.34006881713867, 107.75543975830078, 65.98402167904761
LOSS, 15836.870361328125, -18.361907958984375, 59.18266296386719, 28.33071620988931, 559, 223.0, 362, 6, 36702.84275054932, 66.00450134277344, 109.22481536865234, 65.65803712083957
WIN , 26565.702308654785, -20.748275756835938, 67.8923568725586, 29.748826773409615, 893, 143.5953826904297, 340, 21, 58745.6368560791, 62.89350891113281, 102.24552154541016, 65.78458774476942
LOSS, 14629.0, -22.968429565429688, 68.3415756225586, 28.96831683168317, 505, 207.0, 366, 11, 35365.82652282715, 77.82970428466797, 103.24880981445312, 70.03133964916267
LOSS, 15996.931003570557, -19.184585571289062, 64.4273910522461, 27.62855095608041, 579, 100.15166473388672, 361, 14, 39375.621032714844, 65.17042541503906, 104.94722747802734, 68.00625394251269
LOSS, 22705.949951171875, -17.779930114746094, 68.4557113647461, 33.24443623890465, 683, 223.0, 354, 10, 57667.77792739868, 59.07542037963867, 129.86895751953125, 84.43305699472721
LOSS, 4047.3984375, -26.48145294189453, 58.58650207519531, 25.779607882165607, 157, 207.0, 389, 2, 14116.625312805176, 79.80134582519531, 123.3151626586914, 89.9148109095871
LOSS, 10858.20849609375, -17.62542724609375, 68.60221099853516, 32.41256267490672, 335, 188.5, 377, 6, 30330.87619781494, 70.39669799804688, 127.6715316772461, 90.53992894870132
LOSS, 11286.014770507812, -15.775001525878906, 65.8577651977539, 33.19416108972886, 340, 207.0, 377, 4, 32393.709007263184, 78.82939910888672, 127.68624877929688, 95.27561472724466
LOSS, 8825.779296875, -13.2393798828125, 60.599517822265625, 30.85936817089161, 286, 191.0, 380, 4, 26370.352569580078, 61.48999786376953, 130.87515258789062, 92.20402996356671
LOSS, 5601.0, -16.00006103515625, 62.104164123535156, 36.6078431372549, 153, 223.0, 389, 3, 14292.658111572266, 78.80508422851562, 133.17556762695312, 93.41606608870762
LOSS, 21390.706787109375, -20.966697692871094, 82.98424530029297, 21.628621624984202, 989, 175.0, 334, 19, 95571.4206237793, 84.49504852294922, 133.16851806640625, 96.63439901292143
LOSS, 4756.742736816406, -15.612335205078125, 66.7354507446289, 39.972628040474, 119, 191.0, 392, 2, 11799.053413391113, 85.57256317138672, 126.61235046386719, 99.15170935622784
LOSS, 5962.932800292969, -16.00006103515625, 62.48870849609375, 37.98046369613356, 157, 207.0, 389, 3, 14730.726615905762, 92.75962829589844, 132.47650146484375, 93.8262841777437
LOSS, 17916.399810791016, -16.00006103515625, 68.6766586303711, 26.079184586304244, 687, 184.72723388671875, 354, 12, 67538.78784179688, 72.37415313720703, 134.5266571044922, 98.30973484977712
LOSS, 7390.2525634765625, -18.34014892578125, 61.0845947265625, 22.600160744576645, 327, 179.677978515625, 378, 9, 31720.528495788574, 87.93706512451172, 133.90769958496094, 97.00467429904762
LOSS, 17009.0, -21.3397216796875, 65.2257308959961, 20.567110036275697, 827, 207.0, 344, 20, 95572.39385986328, 79.70375061035156, 156.2421112060547, 115.56516790793626
LOSS, 12521.3857421875, -16.26819610595703, 70.05765533447266, 22.161744676438055, 565, 223.0, 362, 13, 67137.24494171143, 94.41796875, 153.02645874023438, 118.82698219771933
LOSS, 13392.590087890625, -21.860923767089844, 71.0954818725586, 20.699521001376546, 647, 207.0, 356, 11, 77768.72841644287, 98.8346939086914, 156.28390502929688, 120.19896200377569
LOSS, 5689.0, -15.774879455566406, 61.48712158203125, 15.586301369863014, 365, 207.0, 375, 1, 43326.42896270752, 107.6573486328125, 155.6940155029297, 118.70254510330827
LOSS, 15697.979591369629, -30.000244140625, 67.76692962646484, 23.429820285626313, 670, 209.6999969482422, 355, 11, 79849.18552398682, 102.95480346679688, 155.71083068847656, 119.17788884177136
WIN , 25030.0, -26.074661254882812, 71.2743148803711, 33.77867746288799, 741, 175.0, 350, 17, 90966.90302276611, 79.52753448486328, 158.91680908203125, 122.76235225744415
LOSS, 3631.0, -19.26239013671875, 58.90111541748047, 17.79901960784314, 204, 223.0, 386, 2, 25446.45810699463, 107.7889175415039, 151.006591796875, 124.73753974016975
LOSS, 8046.706787109375, -19.889076232910156, 69.7588119506836, 23.528382418448466, 342, 223.0, 377, 5, 48463.80403137207, 130.9464569091797, 185.00808715820312, 141.7070293314973
LOSS, 6580.0, -16.00006103515625, 68.7022933959961, 26.639676113360323, 247, 185.0, 383, 4, 34683.9464263916, 133.57261657714844, 176.905029296875, 140.42083573437895
LOSS, 14091.0, -18.897872924804688, 65.9435043334961, 30.5, 462, 223.0, 369, 11, 65843.51652526855, 127.06053161621094, 182.15762329101562, 142.51843403737783
LOSS, 9481.0, -20.0787353515625, 68.5661849975586, 26.707042253521127, 355, 223.0, 376, 6, 50722.81549835205, 122.67453002929688, 179.69117736816406, 142.8811704178931
LOSS, 20061.0, -18.50853729248047, 71.98079681396484, 32.61951219512195, 615, 223.0, 358, 17, 87176.91220092773, 133.25460815429688, 187.2626953125, 141.751076749476
LOSS, 3860.585205078125, -20.01610565185547, 69.96678924560547, 33.28090694032866, 116, 191.0, 392, 2, 16368.627624511719, 131.19400024414062, 178.45394897460938, 141.10885883199757
LOSS, 9811.0, -25.011802673339844, 69.7273941040039, 28.03142857142857, 350, 223.0, 376, 5, 49134.09895324707, 128.3942108154297, 179.99220275878906, 140.3831398664202
LOSS, -9234.2197265625, -17.999755859375, 90.9798355102539, -2.618151325932095, 3527, 223.0, 164, 15, 520734.3224182129, 120.6829605102539, 194.90292358398438, 147.64228024332658
LOSS, 15473.667236328125, -37.0, 68.4068832397461, 26.00616342240021, 595, 223.0, 360, 14, 93407.1586303711, 136.90306091308594, 202.1173095703125, 156.98682122751444
LOSS, 7262.2164306640625, -13.084762573242188, 61.820899963378906, 38.83538198216076, 187, 223.0, 387, 2, 28615.52207183838, 118.45909881591797, 202.78492736816406, 153.02418220234426
LOSS, 7818.2562255859375, -18.166183471679688, 63.62213134765625, 20.738080173968005, 377, 175.0, 374, 8, 60070.45051574707, 137.939697265625, 202.57101440429688, 159.3380650285068
LOSS, 16623.65478515625, -17.55754852294922, 67.0799789428711, 18.762590050966423, 886, 175.0, 340, 17, 142150.65901184082, 129.80804443359375, 214.71987915039062, 160.44092439259686
LOSS, 4871.0, -13.5780029296875, 59.98484802246094, 14.76060606060606, 330, 223.0, 377, 1, 57042.86958312988, 161.56515502929688, 218.1905059814453, 172.85718055493905
LOSS, 19218.162841796875, -21.00849151611328, 69.1844711303711, 16.66796430337977, 1153, 175.0, 323, 20, 193562.45449829102, 152.94033813476562, 218.78700256347656, 167.87723720580314
LOSS, 18049.276000976562, -18.870704650878906, 60.844970703125, 23.624706807560944, 764, 186.447998046875, 349, 15, 132986.06146240234, 159.2490997314453, 217.0592803955078, 174.06552547434862
LOSS, 15146.48046875, -15.999755859375, 63.584495544433594, 27.791707282110092, 545, 207.0, 363, 10, 93696.63739013672, 162.24839782714844, 223.0197296142578, 171.9204355782325
LOSS, 5291.225646972656, -16.123519897460938, 67.45673370361328, 14.989307781792228, 353, 207.0, 376, 2, 62354.58474731445, 157.4082794189453, 221.9954833984375, 176.64188313686813
LOSS, 9761.0, -22.04345703125, 70.1280746459961, 20.549473684210525, 475, 223.0, 368, 6, 81667.93775939941, 158.7798309326172, 223.01026916503906, 171.93250054610402
LOSS, 11305.10009765625, -17.662269592285156, 70.1335678100586, 19.358048112425084, 584, 175.0, 361, 8, 106594.81396484375, 163.2404327392578, 243.5496063232422, 182.52536637815712
LOSS, 10208.906517028809, -17.662269592285156, 65.42974090576172, 18.46095211035951, 553, 201.8000030517578, 363, 8, 104613.40269470215, 179.44557189941406, 249.7724151611328, 189.1743267535301
LOSS, 23311.4775390625, -25.20965576171875, 67.86795806884766, 23.035056856781125, 1012, 191.0, 332, 19, 192087.1138458252, 185.45150756835938, 255.56764221191406, 189.8094010334241
LOSS, 15110.536560058594, -41.9998779296875, 66.1864242553711, 12.805539457676774, 1180, 175.8800048828125, 321, 17, 222470.05953979492, 177.07777404785156, 253.3123779296875, 188.53394876253807
LOSS, 5291.0, -19.10356903076172, 54.744415283203125, 26.72222222222222, 198, 223.0, 386, 3, 37978.627838134766, 184.70977783203125, 233.5558624267578, 191.81125170775135
LOSS, 20262.4326171875, -19.133956909179688, 64.5103988647461, 13.926070527276632, 1455, 207.0, 302, 21, 279245.66427612305, 168.8865966796875, 260.74072265625, 191.92141874647632
LOSS, 12458.154296875, -33.000244140625, 69.95687103271484, 15.475968070652174, 805, 175.0, 346, 12, 161046.33045959473, 179.7607421875, 263.2535705566406, 200.05755336595618
LOSS, -36325.688903808594, -19.858810424804688, 61.454254150390625, -6.055290699084613, 5999, 225.0380859375, 0, 4, 1174190.0575561523, 185.35870361328125, 263.52020263671875, 195.7309647534843
LOSS, 14658.73828125, -17.078628540039062, 70.7713851928711, 11.029900888826186, 1329, 191.0, 311, 18, 277915.087020874, 195.2949676513672, 268.7752990722656, 209.11594207740708
LOSS, 3446.2423095703125, -37.000030517578125, 71.61641693115234, 16.103936026029498, 214, 223.0, 385, 3, 46697.056869506836, 200.6215362548828, 288.01605224609375, 218.2105461191908
LOSS, 8581.0, -31.2774658203125, 69.38069915771484, 19.726436781609195, 435, 223.0, 370, 6, 92386.91236877441, 205.24853515625, 281.17559814453125, 212.3837065948837
LOSS, 1719.599998474121, -14.176841735839844, 59.82658386230469, 25.665671619016734, 67, 185.8000030517578, 395, 2, 14716.759979248047, 209.97088623046875, 291.0772399902344, 219.65313401862755
LOSS, 6897.0, -14.662391662597656, 66.69409942626953, 18.10236220472441, 381, 191.0, 374, 5, 82877.03021240234, 208.03036499023438, 287.3293762207031, 217.52501368084606
LOSS, 13174.00048828125, -18.897872924804688, 61.580810546875, 12.716216687530164, 1036, 223.0, 330, 12, 217593.48136901855, 195.40155029296875, 312.3572082519531, 210.0323179237631
LOSS, 5657.55924987793, -15.123405456542969, 61.0860595703125, 24.386031249473834, 232, 183.20425415039062, 384, 5, 49018.96154785156, 210.93873596191406, 276.0639343261719, 211.28862736142915
LOSS, 8830.701171875, -18.14130401611328, 67.7263412475586, 21.381843031174334, 413, 191.0, 372, 8, 88031.15859985352, 207.58360290527344, 279.47125244140625, 213.15050508439109
LOSS, 13400.229736328125, -21.869972229003906, 65.4454574584961, 20.303378388375947, 660, 223.0, 355, 11, 138649.36973571777, 197.52520751953125, 273.8157958984375, 210.07480262987542
LOSS, 12189.0, -17.662879943847656, 71.29048919677734, 9.42691415313225, 1293, 207.0, 313, 12, 284169.215713501, 211.1358642578125, 296.426025390625, 219.77510882714694
LOSS, 9048.1513671875, -32.3876953125, 63.844215393066406, 18.57936625705852, 487, 159.0, 367, 4, 106969.26786804199, 197.57408142089844, 289.8792724609375, 219.64942067359752
LOSS, 8885.717651367188, -38.56249237060547, 63.39599609375, 7.27741003387976, 1221, 191.0, 318, 7, 260786.59672546387, 204.177734375, 289.6448059082031, 213.5844363025912
LOSS, 18689.73779296875, -16.00006103515625, 66.47330474853516, 25.567356761927154, 731, 223.0, 351, 16, 159861.23655700684, 212.2340850830078, 300.4448547363281, 218.68842210260854
WIN , 23552.0, -18.6700439453125, 71.0222396850586, 22.26086956521739, 1058, 191.0, 329, 15, 232269.9061126709, 210.00767517089844, 304.66473388671875, 219.53677326339405
LOSS, 11719.019653320312, -17.50281524658203, 64.6227035522461, 24.014384535492443, 488, 191.0, 367, 10, 106199.90353393555, 213.38624572753906, 297.7803039550781, 217.62275314331055
LOSS, 8945.607734680176, -16.7203369140625, 60.16307067871094, 13.636597156524658, 656, 160.28965759277344, 356, 7, 143878.4980621338, 213.4402313232422, 288.0455322265625, 219.32697875325272
LOSS, 8794.853515625, -15.999984741210938, 61.939308166503906, 13.087579636346726, 672, 175.0, 355, 6, 148404.35971069336, 217.29380798339844, 290.91046142578125, 220.8398209980556
LOSS, 15254.38330078125, -19.10930633544922, 70.4918441772461, 20.151100793634413, 757, 207.0, 349, 8, 165356.86015319824, 216.71539306640625, 294.33868408203125, 218.4370675735776
LOSS, 7616.5684814453125, -19.13629150390625, 69.8515853881836, 13.576770911667223, 561, 191.0, 362, 6, 123185.70027160645, 216.09800720214844, 304.3348693847656, 219.58235342532342
LOSS, 10778.610595703125, -15.141426086425781, 69.3077621459961, 22.408753837220633, 481, 207.0, 367, 5, 108542.21183776855, 208.6276397705078, 282.9844665527344, 225.65948407020488
LOSS, 3661.0, -12.9998779296875, 61.5435791015625, 24.57046979865772, 149, 223.0, 390, 1, 32678.381896972656, 213.6685028076172, 301.08447265625, 219.31799930854132
LOSS, 14339.321533203125, -16.48967742919922, 69.7237319946289, 22.869731312923644, 627, 223.0, 358, 9, 142044.55465698242, 219.86459350585938, 317.09527587890625, 226.54633916584118
LOSS, 21791.16455078125, -19.13629150390625, 70.69600677490234, 19.75626885836922, 1103, 175.0, 326, 17, 245366.4963684082, 208.57928466796875, 293.44598388671875, 222.4537591735342
LOSS, 2873.4384841918945, -14.657211303710938, 61.597511291503906, 34.61974077339632, 83, 161.6999969482422, 394, 2, 18591.645889282227, 207.46469116210938, 298.2597351074219, 223.99573360580996
LOSS, 5097.0, -16.468017578125, 63.613197326660156, 10.509278350515464, 485, 191.0, 367, 4, 108592.44952392578, 220.83177185058594, 302.7915954589844, 223.90195778129026
LOSS, 18014.00048828125, -33.000244140625, 68.81795501708984, 17.15619094122024, 1050, 223.0, 329, 16, 237280.53173828125, 220.29043579101562, 302.4745788574219, 225.9814587983631
LOSS, 3323.1127319335938, -13.000030517578125, 64.62255096435547, 12.307824933087383, 270, 223.0, 381, 1, 64104.81039428711, 234.85919189453125, 297.9925231933594, 237.42522368254484
LOSS, 12242.256103515625, -16.48968505859375, 71.88909149169922, 19.6504913379063, 623, 223.0, 358, 12, 143255.1410369873, 227.91407775878906, 299.4827575683594, 229.94404660832635
LOSS, 10701.0, -16.692562103271484, 64.7087631225586, 24.375854214123006, 439, 223.0, 370, 9, 101187.62902832031, 218.4989776611328, 282.6502685546875, 230.49573810551325
WIN , 20124.0, -30.042190551757812, 80.1953125, 10.842672413793103, 1856, 207.0, 276, 22, 427427.62467956543, 219.68775939941406, 298.0029602050781, 230.2950564006279
LOSS, 4118.949035644531, -15.463035583496094, 64.0802001953125, 10.983864095052084, 375, 207.0, 374, 1, 85225.39140319824, 217.62246704101562, 280.6018981933594, 227.26771040852864
LOSS, 9653.069946289062, -18.46306610107422, 71.2218246459961, 19.90323700265786, 485, 191.0, 367, 8, 112417.46440124512, 228.19017028808594, 296.2752685546875, 231.78858639431982
LOSS, 11757.680488586426, -16.7203369140625, 68.8182601928711, 14.408922167385326, 816, 147.56382751464844, 345, 13, 186059.0605621338, 226.19790649414062, 306.041015625, 228.01355461045807
LOSS, 8826.340576171875, -16.48968505859375, 65.4497299194336, 19.834473204880616, 445, 223.0, 370, 4, 104920.54754638672, 233.12086486816406, 315.86700439453125, 235.77651134019487
LOSS, 12050.607788085938, -19.005264282226562, 61.362152099609375, 26.311370716344843, 458, 191.0, 369, 9, 103813.71299743652, 227.33316040039062, 299.64739990234375, 226.66749562759065
LOSS, 15924.544677734375, -17.708267211914062, 71.49434661865234, 17.933045808259433, 888, 175.0, 340, 13, 209605.85287475586, 230.36949157714844, 320.8283386230469, 236.04262711121154
LOSS, 13267.365478515625, -39.797088623046875, 62.166748046875, 22.41109033533045, 592, 207.0, 360, 11, 132892.6061859131, 228.5008087158203, 292.673828125, 224.48075369242076
LOSS, 9240.320068359375, -19.596290588378906, 67.9930648803711, 19.957494748076403, 463, 223.0, 369, 5, 107608.12934875488, 219.54051208496094, 306.3036804199219, 232.41496619601486
LOSS, 7751.0, -18.71380615234375, 65.7894058227539, 28.921641791044777, 268, 223.0, 382, 4, 61418.04489135742, 216.50662231445312, 286.2207946777344, 229.17180929610979
LOSS, -31340.00270843506, -40.570411682128906, 52.39410400390625, -5.224204485486758, 5999, 225.0054168701172, 0, 5, 1400215.4151306152, 211.88278198242188, 291.24493408203125, 233.40813721130442
LOSS, 17071.6240234375, -15.999755859375, 70.8519515991211, 25.142303421851988, 679, 191.0, 354, 12, 162112.62789916992, 223.6795196533203, 307.7088317871094, 238.7520293065831
LOSS, 13342.396141052246, -36.22853088378906, 90.9798355102539, 7.08571223635276, 1883, 169.8000030517578, 274, 15, 443081.0394439697, 217.31393432617188, 320.7502746582031, 235.30591579605402
LOSS, 13211.0, -18.14130401611328, 84.1756820678711, 28.595238095238095, 462, 223.0, 369, 13, 108010.71975708008, 222.68634033203125, 366.9530334472656, 233.78943670363654
LOSS, 2388.7637329101562, -11.768089294433594, 57.85003662109375, 17.185350596475946, 139, 175.0, 390, 2, 33091.96202087402, 220.0261993408203, 316.4578552246094, 238.07166921492103
LOSS, 12253.778564453125, -30.322265625, 67.77898406982422, 20.1874440930035, 607, 191.0, 359, 8, 143228.91497802734, 207.1456756591797, 312.3277587890625, 235.96196866231853
LOSS, 16164.00048828125, -19.09223175048828, 66.2608871459961, 24.017831334741828, 673, 223.0, 355, 14, 155081.92874145508, 204.55905151367188, 310.89715576171875, 230.43377227556476
LOSS, 9367.188354492188, -16.85875129699707, 62.252044677734375, 30.216736627394152, 310, 223.0, 379, 8, 72865.97912597656, 226.69590759277344, 304.4490661621094, 235.05154556766632
LOSS, 12978.508544921875, -20.107208251953125, 68.9555892944336, 20.18430566861878, 643, 223.0, 357, 11, 152358.0617828369, 204.91468811035156, 312.5953063964844, 236.94877415682257
LOSS, 13638.022705078125, -18.14130401611328, 70.02767181396484, 20.632409538696105, 661, 223.0, 355, 12, 156424.05154418945, 217.49948120117188, 313.7057800292969, 236.64758176125486
LOSS, 12696.80908203125, -23.7188720703125, 70.9673080444336, 23.600016881098977, 538, 175.0, 364, 11, 127754.50975036621, 206.8203125, 318.0605163574219, 237.46191403413795
LOSS, 7238.0709228515625, -15.6121826171875, 66.8419418334961, 23.731380074923155, 305, 223.0, 379, 3, 72554.87010192871, 216.11831665039062, 316.83416748046875, 237.88482000632365
LOSS, 15901.0, -22.916107177734375, 68.3470687866211, 24.055975794251136, 661, 223.0, 355, 13, 154574.9680480957, 206.36376953125, 318.9138488769531, 233.8501785901599
LOSS, 11748.06103515625, -20.023597717285156, 67.5783462524414, 18.618163288678684, 631, 159.0, 357, 6, 149950.31509399414, 215.3781280517578, 351.3425598144531, 237.6391681362823
LOSS, 7247.010986328125, -18.20404815673828, 71.6136703491211, 17.213802817881533, 421, 191.0, 371, 7, 97369.19905090332, 218.38119506835938, 313.58929443359375, 231.28075784062545
LOSS, 7271.0, -49.408111572265625, 60.68634033203125, 12.62326388888889, 576, 223.0, 361, 8, 134937.6573791504, 214.47958374023438, 316.9463806152344, 234.2667662832472
LOSS, 12382.00048828125, -23.9776611328125, 66.4754409790039, 17.488701254634535, 708, 207.0, 352, 7, 163448.57006835938, 205.3236541748047, 312.0209045410156, 230.85956224344545
LOSS, 8549.917846679688, -17.26129150390625, 66.2187728881836, 20.02322680721238, 427, 223.0, 371, 6, 101581.20959472656, 224.9724884033203, 327.4252624511719, 237.89510443729876
LOSS, 9313.999877929688, -19.489715576171875, 59.450035095214844, 18.9308940608327, 492, 223.0, 367, 6, 116769.86227416992, 206.30557250976562, 333.77423095703125, 237.3371184434348
WIN , 23615.0, -18.14130401611328, 78.87992858886719, 21.390398550724637, 1104, 185.0, 326, 17, 258500.8628692627, 203.3783416748047, 333.71435546875, 234.14933230911475
LOSS, 3691.0, -17.27509307861328, 61.45720672607422, 16.047826086956523, 230, 223.0, 384, 2, 53544.42543029785, 221.7056121826172, 322.06207275390625, 232.8018496969472
LOSS, 2781.0, -18.339996337890625, 55.6024055480957, 13.835820895522389, 201, 223.0, 386, 1, 47402.530502319336, 201.89505004882812, 315.8873291015625, 235.83348508616584
LOSS, 8910.018798828125, -17.499755859375, 90.9798355102539, 4.053693721031904, 2198, 191.0, 253, 15, 515162.1403656006, 202.81228637695312, 326.52484130859375, 234.37767987515952
LOSS, 7778.209030151367, -18.880462646484375, 68.2957992553711, 29.57493927814208, 263, 177.10000610351562, 382, 9, 61839.725021362305, 229.84405517578125, 327.163330078125, 235.1320343017578
LOSS, 17849.0, -22.22850799560547, 67.3619613647461, 18.04752275025278, 989, 207.0, 334, 13, 236375.71221923828, 213.77169799804688, 349.98785400390625, 239.00476463017014
LOSS, 8270.313110351562, -21.2269287109375, 63.821022033691406, 17.3381826212821, 477, 170.447998046875, 368, 6, 115592.37440490723, 222.4707794189453, 333.7217102050781, 242.3320218132227
LOSS, 7212.151123046875, -15.999984741210938, 65.3914566040039, 21.088161178499636, 342, 223.0, 377, 5, 81711.13391113281, 213.68069458007812, 338.365966796875, 238.92144418459887
LOSS, 9316.3857421875, -35.009742736816406, 70.1106948852539, 26.243340118838027, 355, 223.0, 376, 6, 84514.89569091797, 224.1482391357422, 327.96990966796875, 238.07012870681118
LOSS, 12487.873779296875, -16.00006103515625, 68.2536849975586, 20.641113684788223, 605, 223.0, 359, 11, 146640.1342010498, 221.087646484375, 337.48162841796875, 242.38038710917323
LOSS, 12271.0, -18.094337463378906, 71.5978012084961, 17.681556195965417, 694, 223.0, 353, 14, 168588.2349243164, 220.7926483154297, 345.35845947265625, 242.92252870938964
LOSS, 17574.137939453125, -59.825439453125, 63.204246520996094, 12.45509421647989, 1411, 207.0, 305, 20, 340330.60095214844, 224.85586547851562, 337.94293212890625, 241.19815801002724
LOSS, 3710.12841796875, -28.76861572265625, 61.80839538574219, 15.331109165160123, 242, 223.0, 383, 1, 59820.800521850586, 236.5377655029297, 343.20452880859375, 247.19339058615944
LOSS, 2874.47314453125, -28.0511474609375, 60.80657958984375, 9.424502113217214, 305, 191.0, 379, 3, 72146.43113708496, 229.670654296875, 320.3471374511719, 236.54567585929496
LOSS, 11361.77197265625, -39.6417236328125, 69.61637115478516, 14.473594869625796, 785, 159.0, 347, 7, 189777.70066833496, 222.37452697753906, 335.5797424316406, 241.75503269851586
LOSS, 10178.168579101562, -16.362045288085938, 61.212158203125, 18.207814989448234, 559, 150.5, 362, 6, 135755.46243286133, 226.61192321777344, 340.6593017578125, 242.85413673141562
LOSS, 3809.287452697754, -13.330078125, 63.67247772216797, 19.238825518675526, 198, 154.0166473388672, 386, 1, 49129.902572631836, 234.92393493652344, 346.7627258300781, 248.13082107389815
LOSS, 6769.1903076171875, -35.94635009765625, 68.40673065185547, 15.890118092998092, 426, 175.5, 371, 3, 100838.44940185547, 222.3372039794922, 349.4762878417969, 236.70997512172644
LOSS, 11295.143432617188, -17.662269592285156, 67.44527435302734, 21.271456558601106, 531, 175.0, 364, 12, 130382.23086547852, 223.93565368652344, 347.39453125, 245.54092441709702
LOSS, 13962.00048828125, -31.02294921875, 60.18974304199219, 11.187500391251001, 1248, 207.0, 316, 11, 299493.4002838135, 222.20115661621094, 340.34552001953125, 239.97868612485055
LOSS, 10743.204223632812, -20.904144287109375, 67.4254379272461, 27.90442655489042, 385, 188.5, 374, 7, 94222.05940246582, 213.9302978515625, 342.833740234375, 244.73262182458654
LOSS, 5209.041931152344, -19.858810424804688, 56.42726135253906, 13.220918606985643, 394, 191.0, 373, 4, 92039.29064941406, 222.3072509765625, 349.9404602050781, 233.60226053150777
LOSS, 8640.13232421875, -16.23963165283203, 67.6903305053711, 20.869884841108092, 414, 191.0, 372, 6, 102763.21789550781, 228.38035583496094, 341.6658020019531, 248.22033308093674
LOSS, 6915.329833984375, -25.2093505859375, 61.9097900390625, 5.987298557562229, 1155, 223.0, 322, 14, 265136.03578186035, 216.09518432617188, 354.3555603027344, 229.55500933494403
LOSS, 1961.0, -32.99993896484375, 71.22212982177734, 3.929859719438878, 499, 223.0, 366, 4, 119913.02133178711, 225.51318359375, 345.9436340332031, 240.30665597552527
LOSS, 4451.7808837890625, -21.34002685546875, 65.33255767822266, 16.129640883293703, 276, 191.0, 381, 5, 67752.82841491699, 229.03509521484375, 346.3096008300781, 245.48126237288764
LOSS, 5531.917381286621, -13.000030517578125, 62.01934814453125, 27.798579805460406, 199, 201.8000030517578, 386, 4, 47853.51821899414, 227.62403869628906, 342.54620361328125, 240.46994079896552
LOSS, 6668.3297119140625, -29.81964111328125, 67.65921783447266, 19.1618669882588, 348, 223.0, 376, 3, 89310.03540039062, 224.6577911376953, 355.3148498535156, 256.63803275974317
LOSS, 4580.5953369140625, -33.160400390625, 61.9097900390625, 21.404651107075058, 214, 223.0, 385, 4, 52953.0693359375, 242.02268981933594, 343.1952209472656, 247.4442492333528
LOSS, 10133.999877929688, -34.6209979057312, 66.0332260131836, 18.906716190167327, 536, 223.0, 364, 11, 131116.09391784668, 220.5817108154297, 344.40533447265625, 244.61957820493782
LOSS, 8535.343505859375, -16.00006103515625, 59.57389831542969, 17.819088738746085, 479, 191.0, 368, 6, 120487.92007446289, 222.7081298828125, 350.95269775390625, 251.54054295294966
LOSS, 14004.22607421875, -20.42321014404297, 63.392333984375, 21.4459817369353, 653, 175.0, 356, 10, 164981.66273498535, 222.4157257080078, 358.06988525390625, 252.65185717455643
LOSS, 4199.0, -37.43736267089844, 66.6225357055664, 5.059036144578314, 830, 207.0, 344, 3, 204490.0627746582, 215.98257446289062, 357.9008483886719, 246.37356960802194
LOSS, 11960.659629821777, -32.20466613769531, 70.0047836303711, 14.137895543524559, 846, 179.0005645751953, 343, 12, 214117.54093933105, 222.6259765625, 366.8274230957031, 253.09402002284995
LOSS, 15512.38134765625, -44.7285270690918, 64.6227035522461, 13.949983226309577, 1112, 207.0, 325, 8, 283079.6552429199, 232.72413635253906, 383.8941955566406, 254.5680352903956
LOSS, -354.0, -56.092681884765625, 57.56294250488281, -0.41403508771929826, 855, 223.0, 342, 4, 205525.75314331055, 230.75784301757812, 346.90582275390625, 240.38099782843338
LOSS, 14239.32177734375, -26.536865234375, 69.7423324584961, 18.71132953658837, 761, 191.0, 349, 13, 189293.7559967041, 227.38656616210938, 373.7857666015625, 248.74343757779778
LOSS, 8572.607856750488, -17.662269592285156, 61.1505126953125, 17.748670510870575, 483, 160.28965759277344, 367, 6, 119651.77958679199, 233.09262084960938, 383.6205139160156, 247.7262517324886
LOSS, 12373.89013671875, -20.743789672851562, 64.7231216430664, 16.564779299489626, 747, 207.0, 350, 10, 188388.81590270996, 223.1890869140625, 368.26300048828125, 252.19386332357425
LOSS, 2554.8582763671875, -14.662391662597656, 55.433197021484375, 15.48398955374053, 165, 191.0, 388, 2, 40282.44561767578, 233.48228454589844, 364.4766845703125, 244.13603404651988
LOSS, 4771.0, -17.35771942138672, 59.2474365234375, 9.580321285140561, 498, 223.0, 366, 5, 121963.49850463867, 230.37738037109375, 355.5837707519531, 244.90662350329052
LOSS, 2436.5960083007812, -43.0731201171875, 58.770118713378906, 8.149150529434051, 299, 223.0, 380, 5, 73754.71151733398, 232.2472381591797, 381.1629333496094, 246.67127597770562
LOSS, 3512.3807373046875, -16.374267578125, 60.14404296875, 4.374073147328378, 803, 207.0, 346, 6, 194855.4605102539, 222.76617431640625, 365.09307861328125, 242.65935306382804
LOSS, 11752.427001953125, -43.0731201171875, 66.21236419677734, 12.166073500986672, 966, 223.0, 335, 16, 242068.33987426758, 220.05734252929688, 369.5657958984375, 250.58834355514242
LOSS, 7475.423191070557, -14.298385620117188, 68.82588958740234, 31.147596629460654, 240, 114.20000457763672, 383, 4, 61116.15963745117, 232.82693481445312, 361.1914978027344, 254.65066515604656
LOSS, 3611.0, -16.720489501953125, 64.09217071533203, 14.216535433070867, 254, 223.0, 383, 2, 63123.92817687988, 224.0365753173828, 352.37420654296875, 248.51940227118064
LOSS, 7072.452392578125, -16.48968505859375, 69.83724212646484, 15.308338512073863, 462, 175.0, 369, 6, 116858.8754119873, 205.0462188720703, 362.0663146972656, 252.9412887705353
LOSS, 14021.0, -19.084518432617188, 65.8385238647461, 12.014567266495288, 1167, 223.0, 322, 13, 290250.728225708, 213.19253540039062, 364.8684387207031, 248.71527697147215
LOSS, 20082.1328125, -18.462913513183594, 70.9068832397461, 25.102666015625, 800, 223.0, 346, 16, 203955.02082824707, 220.36074829101562, 365.0031433105469, 254.94377603530884
LOSS, 14764.963623046875, -29.437255859375, 64.23773956298828, 14.461276810036116, 1021, 223.0, 331, 18, 250936.15258789062, 211.23748779296875, 361.2034912109375, 245.7748801056715
LOSS, 9991.0, -18.51323699951172, 70.3172836303711, 16.219155844155843, 616, 223.0, 358, 9, 157994.71969604492, 220.27345275878906, 370.5475158691406, 256.48493457150147
LOSS, 8995.0107421875, -17.151718139648438, 61.16082763671875, 31.451086511145103, 286, 207.0, 380, 6, 72800.7183380127, 228.080078125, 382.52703857421875, 254.5479662168276
LOSS, 6330.9207763671875, -18.46306610107422, 53.814727783203125, 17.68413624683572, 358, 207.0, 376, 2, 92869.42207336426, 222.06130981445312, 372.2445068359375, 259.4117935010175
LOSS, 8819.206176757812, -16.71562957763672, 71.27278900146484, 23.90028774189109, 369, 223.0, 375, 7, 97464.40017700195, 225.86154174804688, 373.8168029785156, 264.1311657913332
LOSS, 11593.721313476562, -15.853904724121094, 66.2895736694336, 23.09506237744335, 502, 175.0, 366, 9, 132615.642578125, 231.36813354492188, 379.9776306152344, 264.17458680901393
LOSS, 4967.706237792969, -15.463035583496094, 60.94762420654297, 25.873469988505047, 192, 223.0, 387, 4, 46281.18814086914, 232.26512145996094, 353.5653381347656, 241.0478549003601
LOSS, 12292.734298706055, -23.7188720703125, 62.450157165527344, 9.521870099694853, 1291, 199.20425415039062, 313, 12, 318779.14405822754, 221.85968017578125, 384.89996337890625, 246.92420143937068
LOSS, 6918.435432434082, -44.351806640625, 70.44332122802734, 14.264815324606355, 485, 217.26731872558594, 367, 9, 121309.65196228027, 220.00425720214844, 389.24981689453125, 250.12299373666036
LOSS, 10287.999267578125, -34.0869140625, 66.49556732177734, 15.564295412372353, 661, 175.0, 355, 11, 171781.91355895996, 218.22763061523438, 384.2131042480469, 259.8818662011497
LOSS, 10509.887451171875, -25.2093505859375, 65.3069076538086, 16.1690576171875, 650, 207.0, 356, 6, 166028.53024291992, 226.0419464111328, 385.544921875, 255.42850806603064
LOSS, 6081.0, -46.60186767578125, 63.794166564941406, 17.52449567723343, 347, 223.0, 376, 7, 87717.30651855469, 227.98770141601562, 377.64520263671875, 252.78762685462445
LOSS, 5392.7696533203125, -16.366127014160156, 61.53411865234375, 24.624518964932935, 219, 191.0, 385, 2, 53345.429946899414, 225.55511474609375, 384.9326477050781, 243.58643811369595
LOSS, 7018.2030029296875, -16.88550567626953, 63.5040283203125, 14.235705888295513, 493, 191.0, 367, 4, 127052.3888092041, 217.53219604492188, 383.9218444824219, 257.7127562052822
LOSS, 6858.793552398682, -16.794227600097656, 68.40657806396484, 18.842839429666707, 364, 114.20000457763672, 375, 6, 96755.47555541992, 220.8354949951172, 377.1833190917969, 265.8117460313734
LOSS, 10079.503173828125, -19.13629150390625, 83.28324127197266, 3.6934786272730395, 2729, 175.0, 218, 20, 698019.5163726807, 212.16983032226562, 381.5580749511719, 255.7784962889999
LOSS, 1949.599998474121, -15.999984741210938, 59.07386779785156, 31.44516126571163, 62, 185.8000030517578, 395, 2, 15279.763916015625, 231.4984893798828, 365.00701904296875, 246.44780509702622
LOSS, 8724.469604492188, -15.141422271728516, 64.7813949584961, 28.984948852133513, 301, 175.0, 379, 6, 77558.53059387207, 225.3606414794922, 375.685302734375, 257.66953685671785
LOSS, 18832.79345703125, -18.046875, 70.6816635131836, 14.117536324611132, 1334, 191.0, 311, 16, 336845.24812316895, 204.86997985839844, 385.6956787109375, 252.50768225125108
LOSS, 8372.366577148438, -26.66748046875, 70.8019027709961, 22.26693238603308, 376, 223.0, 374, 10, 97653.53671264648, 220.8062286376953, 377.6186218261719, 259.7168529591662
LOSS, 17260.084602355957, -21.3421630859375, 64.0965805053711, 14.91796421984093, 1157, 184.83079528808594, 322, 18, 295028.5414581299, 215.97964477539062, 389.8431701660156, 254.99441785490916
LOSS, 16031.0, -17.662879943847656, 70.0292739868164, 24.587423312883434, 652, 223.0, 356, 17, 164184.83163452148, 223.93240356445312, 378.81243896484375, 251.81722643331517
LOSS, 8761.999877929688, -14.662391662597656, 67.94515228271484, 17.04669236951301, 514, 207.0, 365, 8, 134980.71784973145, 220.7295379638672, 384.9968566894531, 262.60840048585885
LOSS, 9620.58162689209, -20.662452697753906, 63.5076904296875, 20.60081718820576, 467, 160.7849884033203, 368, 9, 120642.60960388184, 220.79869079589844, 387.18511962890625, 258.33535247083904
LOSS, 7841.6605224609375, -17.65423583984375, 62.829505920410156, 30.160232778695914, 260, 207.0, 382, 6, 70230.54887390137, 235.0289306640625, 392.2450866699219, 270.1174956688514
LOSS, 12432.705810546875, -19.48956298828125, 64.8772201538086, 22.770523462540066, 546, 159.0, 363, 10, 140876.40684509277, 232.77195739746094, 397.315185546875, 258.01539715218456
LOSS, 3036.7188110351562, -16.00006103515625, 57.85003662109375, 13.260780834214657, 229, 207.0, 384, 1, 56615.79454040527, 229.66990661621094, 384.23193359375, 247.23054384456452
LOSS, 15620.36181640625, -25.2093505859375, 69.24893951416016, 19.598948326733062, 797, 191.0, 346, 17, 200077.64205932617, 225.06436157226562, 386.5354919433594, 251.03844674946822
LOSS, 8465.452354431152, -30.322265625, 64.02364349365234, 18.483520424522165, 458, 214.6092071533203, 369, 7, 117669.86445617676, 229.99082946777344, 374.8989562988281, 256.92110143270037
LOSS, 8707.029418945312, -17.662269592285156, 63.253700256347656, 9.973687765114905, 873, 175.0, 341, 9, 220507.55946350098, 216.10986328125, 382.1391906738281, 252.5859787668969
LOSS, 4218.7030029296875, -15.649467468261719, 61.49421691894531, 15.800385778762875, 267, 175.0, 382, 3, 70334.61195373535, 240.19847106933594, 367.10894775390625, 263.4255129353384
LOSS, 12755.476318359375, -15.870216369628906, 66.1864242553711, 28.858543706695418, 442, 223.0, 370, 6, 113388.90559387207, 217.71067810058594, 373.64691162109375, 256.5359855064979
LOSS, 11110.019287109375, -16.48968505859375, 71.0759506225586, 29.31403505833608, 379, 207.0, 374, 6, 97100.23550415039, 243.18370056152344, 372.60284423828125, 256.201149087468
LOSS, 6162.61279296875, -16.123519897460938, 68.55062103271484, 25.256609807248974, 244, 191.0, 383, 2, 61873.28303527832, 223.059326171875, 382.4453430175781, 253.57902883310788
LOSS, 17441.0, -32.99993896484375, 71.22212982177734, 28.359349593495935, 615, 223.0, 358, 14, 159887.28399658203, 227.1344757080078, 388.4959411621094, 259.9793235716781
LOSS, 10387.823852539062, -16.00006103515625, 65.47827911376953, 22.008101382498015, 472, 207.0, 368, 6, 121913.14735412598, 223.88174438476562, 385.78814697265625, 258.290566428233
LOSS, 7021.0, -18.612289428710938, 64.30419921875, 25.346570397111915, 277, 223.0, 381, 7, 69630.77444458008, 227.47019958496094, 364.7694091796875, 251.3746369840436
LOSS, 16062.465576171875, -16.7203369140625, 66.7827377319336, 29.15148017454061, 551, 207.0, 363, 13, 139682.7968902588, 237.7679901123047, 369.5422058105469, 253.50779834892703
LOSS, 4300.9683837890625, -13.27532958984375, 69.7350082397461, 18.1475459231606, 237, 207.0, 384, 2, 60507.54852294922, 216.7598419189453, 381.2629699707031, 255.30611191117814
LOSS, 6696.33642578125, -15.562948226928711, 69.54915618896484, 32.50648750379248, 206, 207.0, 386, 8, 51966.74752807617, 235.09825134277344, 358.794677734375, 252.2657646993989
LOSS, 17963.949996948242, -21.923133850097656, 70.15828704833984, 23.29954604014039, 771, 177.10000610351562, 348, 17, 195149.4281463623, 221.25547790527344, 370.33258056640625, 253.11209876311582
LOSS, 4066.811767578125, -14.779937744140625, 60.386962890625, 28.639519489986796, 142, 223.0, 390, 1, 36621.849212646484, 238.93312072753906, 381.10687255859375, 257.900346567933
LOSS, 24244.78369140625, -18.87024688720703, 69.3419418334961, 21.304730836033613, 1138, 207.0, 324, 18, 293096.5636444092, 208.68634033203125, 367.1224060058594, 257.5540981058077
LOSS, 2316.1837158203125, -25.498802185058594, 60.53985595703125, 4.855731060419942, 477, 223.0, 368, 1, 124561.95346069336, 221.603515625, 379.1887512207031, 261.1361707771349
LOSS, 7789.27099609375, -15.999755859375, 69.6300277709961, 26.31510471653294, 296, 207.0, 380, 4, 74837.57632446289, 226.8700408935547, 364.41314697265625, 252.82964974480706
LOSS, 20331.87060546875, -17.650901794433594, 68.8927230834961, 32.79333968623992, 620, 191.0, 358, 17, 161477.30113220215, 223.6642608642578, 377.28338623046875, 260.44725989064864
LOSS, 2799.118896484375, -13.27532958984375, 65.5272445678711, 8.586254283694402, 326, 223.0, 378, 1, 83329.79417419434, 233.48239135742188, 365.7001037597656, 255.6128655650133
LOSS, 9995.27001953125, -15.999755859375, 66.02484893798828, 13.048655377978132, 766, 223.0, 348, 8, 195041.01123046875, 223.4857177734375, 367.7677001953125, 254.6227300658861
LOSS, 4161.0, -23.683834075927734, 63.25873565673828, 17.706382978723404, 235, 223.0, 384, 4, 57268.17109680176, 234.908203125, 359.4311828613281, 243.69434509277343
LOSS, 9589.58984375, -18.20404815673828, 63.999855041503906, 14.937055831386292, 642, 175.0, 357, 13, 164190.28254699707, 226.731689453125, 371.05047607421875, 255.74810365575868
LOSS, 11636.301025390625, -16.00006103515625, 67.08081817626953, 25.916037918464642, 449, 207.0, 370, 8, 114943.4574584961, 225.47552490234375, 378.78900146484375, 255.99879166702917
LOSS, 12851.7373046875, -31.670177459716797, 63.39569091796875, 32.86889336237212, 391, 223.0, 373, 8, 98461.34005737305, 220.59474182128906, 355.55987548828125, 251.81928403420216
LOSS, 6737.7310791015625, -16.228504180908203, 64.6227035522461, 20.112630086870336, 335, 207.0, 377, 5, 86159.85356140137, 220.7102508544922, 359.659423828125, 257.1935927206011
LOSS, 4051.075927734375, -16.00006103515625, 67.49898529052734, 8.167491789787046, 496, 191.0, 366, 4, 124900.681640625, 225.16053771972656, 362.88409423828125, 251.81589040448588
LOSS, 5337.08171081543, -19.764556884765625, 71.22212982177734, 8.807065529398399, 606, 177.10000610351562, 359, 6, 150429.9954071045, 215.97019958496094, 377.0064697265625, 248.23431585330775
LOSS, 299.66004943847656, -15.999984741210938, 60.93147277832031, 1.827195423405345, 164, 223.0, 389, 1, 39190.566497802734, 225.25558471679688, 357.94366455078125, 238.96686888904105
LOSS, 56.01482391357422, -19.350433349609375, 59.82658386230469, 0.2014921723509864, 278, 179.9164581298828, 381, 1, 66124.88928222656, 221.55247497558594, 356.19903564453125, 237.85931396484375
LOSS, 14498.710693359375, -32.202293395996094, 66.7406234741211, 16.254159970133827, 892, 207.0, 340, 11, 235192.14347839355, 223.19142150878906, 393.7005310058594, 263.66832228519456
LOSS, 14273.896728515625, -44.11817932128906, 70.51107025146484, 11.855395953916632, 1204, 223.0, 319, 16, 308572.95277404785, 209.43966674804688, 368.2937927246094, 256.2898278854218
LOSS, 10121.319946289062, -32.5238037109375, 59.825439453125, 15.667677935431986, 646, 207.0, 356, 11, 165839.67140197754, 224.16458129882812, 393.2386474609375, 256.7177575882005
LOSS, 15556.744384765625, -27.71728515625, 68.9269027709961, 11.803296194814587, 1318, 175.0, 312, 19, 321917.4364929199, 198.91502380371094, 403.60809326171875, 244.24691691420327
LOSS, 17570.0, -18.16759490966797, 67.5707015991211, 19.875565610859727, 884, 185.0, 341, 19, 224562.20645141602, 226.04127502441406, 373.31500244140625, 254.0296453070317
LOSS, 9581.080810546875, -16.00006103515625, 72.0195541381836, 23.833534354594217, 402, 191.0, 373, 8, 104756.98431396484, 214.8809814453125, 380.6973876953125, 260.589513218818
LOSS, 9112.940307617188, -15.6121826171875, 58.077980041503906, 23.306752704903293, 391, 223.0, 373, 5, 102208.65934753418, 222.67495727539062, 374.4360046386719, 261.4032208376833
LOSS, 10462.25968170166, -18.51660919189453, 61.9097900390625, 17.976391205672957, 582, 213.3920135498047, 361, 6, 144991.5111541748, 220.38401794433594, 374.0711975097656, 249.12630782504263
LOSS, 12322.955322265625, -15.731681823730469, 67.9448471069336, 27.9432093475411, 441, 175.0, 370, 11, 117155.04942321777, 234.0161590576172, 374.6558532714844, 265.6577084426707
LOSS, 6711.0, -16.00006103515625, 61.715293884277344, 28.19747899159664, 238, 223.0, 384, 1, 63765.05116271973, 222.17918395996094, 378.3804931640625, 267.92038303663753
LOSS, 11884.62060546875, -16.9454345703125, 69.5689926147461, 23.580596439422123, 504, 223.0, 366, 11, 133241.7530670166, 217.84539794921875, 365.3719787597656, 264.368557672652
LOSS, 15065.9375, -18.271514892578125, 66.7378921508789, 26.71265514184397, 564, 175.0, 362, 10, 150592.22261047363, 225.7100830078125, 380.6854248046875, 267.00748689800287
LOSS, 6963.6497802734375, -34.0869140625, 63.692832946777344, 12.80082680197323, 544, 191.0, 363, 5, 136457.70783996582, 207.44085693359375, 380.4370422363281, 250.84137470581953
LOSS, 23511.713623046875, -26.092529296875, 70.2867660522461, 27.890526243234728, 843, 207.0, 343, 17, 218035.05346679688, 211.81138610839844, 381.40069580078125, 258.64181905907105
LOSS, 10750.736938476562, -16.10173797607422, 68.99312591552734, 33.491392331702684, 321, 223.0, 378, 7, 83215.6512298584, 218.00001525878906, 381.05718994140625, 259.23878887806353
LOSS, 4979.535400390625, -17.907554626464844, 66.41034698486328, 19.22600540691361, 259, 191.0, 382, 3, 64540.84013366699, 214.3134765625, 373.0327453613281, 249.1924329485212
LOSS, 4968.62158203125, -15.999984741210938, 62.71636962890625, 18.06771484375, 275, 207.0, 381, 1, 69257.06785583496, 223.91641235351562, 382.3633728027344, 251.84388311212714
LOSS, 14609.6376953125, -35.0, 70.8354721069336, 17.623205905081424, 829, 223.0, 344, 16, 210042.82931518555, 219.6239776611328, 388.50146484375, 253.36891352857123
LOSS, 7531.699630737305, -29.704055786132812, 69.28870391845703, 25.531185188940015, 295, 177.10000610351562, 380, 7, 75847.41934204102, 225.9571533203125, 399.1029052734375, 257.1098960747153
LOSS, 12823.63623046875, -31.369171142578125, 69.79666900634766, 25.6472724609375, 500, 207.0, 366, 7, 131210.36346435547, 225.416259765625, 385.500732421875, 262.42072692871096
LOSS, 6927.0, -19.696258544921875, 62.19718933105469, 20.25438596491228, 342, 191.0, 377, 2, 89630.19471740723, 228.0745086669922, 370.3427734375, 262.0765927409568
LOSS, 12521.0, -15.670166015625, 64.69564056396484, 28.91685912240185, 433, 223.0, 371, 10, 111877.62858581543, 228.47747802734375, 382.7738037109375, 258.3778951173567
WIN , 25237.525505065918, -18.71796417236328, 67.7513656616211, 30.188427637638657, 836, 179.94898986816406, 344, 19, 217146.90074157715, 234.79710388183594, 374.39837646484375, 259.7450965808339
LOSS, 17804.00048828125, -34.99951171875, 70.17247772216797, 20.20885412971765, 881, 223.0, 341, 13, 227355.8168334961, 227.32440185546875, 401.1956787109375, 258.0656263717322
LOSS, 13035.312744140625, -19.018348693847656, 61.78245544433594, 21.334390743274344, 611, 223.0, 359, 10, 161845.4073486328, 236.61993408203125, 384.4273681640625, 264.88610040692765
LOSS, 9878.032104492188, -43.0731201171875, 72.0403060913086, 37.7024126125656, 262, 191.0, 382, 7, 73766.42105102539, 231.57203674316406, 393.1114196777344, 281.5512253855931
LOSS, 8127.650001525879, -16.00006103515625, 64.8540267944336, 32.38107570329036, 251, 209.6999969482422, 383, 6, 64890.758544921875, 226.77845764160156, 382.1460876464844, 258.5289185056648
LOSS, 9875.205932617188, -13.047523498535156, 66.08161163330078, 41.84409293481859, 236, 223.0, 384, 5, 64244.86381530762, 231.1376953125, 402.489013671875, 272.22399921740515
LOSS, 23066.821044921875, -16.084640502929688, 70.4552230834961, 31.772480778129303, 726, 207.0, 351, 17, 196433.31217956543, 232.2189178466797, 388.7779235839844, 270.5693005228174
LOSS, 3370.2271118164062, -14.662391662597656, 60.41015625, 21.74340072139617, 155, 207.0, 389, 0, 40296.29637145996, 230.8777313232422, 360.6514892578125, 259.97610562232234
LOSS, 7601.0, -17.21373748779297, 63.810035705566406, 20.48787061994609, 371, 223.0, 375, 3, 99726.46553039551, 234.63385009765625, 373.71063232421875, 268.80448930025744
LOSS, 14640.064453125, -34.0, 66.1864242553711, 12.65346970883751, 1157, 207.0, 322, 15, 293528.60386657715, 221.62457275390625, 389.2613525390625, 253.6980154421583
LOSS, 7828.25, -16.00006103515625, 66.49556732177734, 12.667071197411003, 618, 188.5, 358, 8, 158715.78533935547, 225.07583618164062, 376.3337707519531, 256.82165912517064
LOSS, 9694.52978515625, -16.75360107421875, 64.8073501586914, 13.154043127756106, 737, 207.0, 350, 12, 191477.7992553711, 227.469482421875, 375.9081726074219, 259.80705462058495
LOSS, 13181.0, -21.121994018554688, 70.9422836303711, 24.00910746812386, 549, 223.0, 363, 12, 142215.76860046387, 229.6833953857422, 378.0682373046875, 259.04511584783944
LOSS, 4334.828063964844, -16.720489501953125, 57.139923095703125, 11.974663160123878, 362, 191.0, 375, 2, 94849.84883117676, 243.13336181640625, 373.0272216796875, 262.016156992201
LOSS, 7475.729248046875, -14.662391662597656, 63.6810302734375, 18.278066621141505, 409, 191.0, 372, 4, 109386.60137939453, 245.09329223632812, 390.32061767578125, 267.448903128104
LOSS, 6385.842529296875, -34.0, 62.258201599121094, 8.469287174133786, 754, 223.0, 349, 9, 188667.32443237305, 221.13233947753906, 376.39959716796875, 250.22191569280244
LOSS, 14891.30029296875, -15.999755859375, 65.4839096069336, 21.003244418855783, 709, 223.0, 352, 14, 185954.25326538086, 230.68507385253906, 377.67041015625, 262.2768029130901
LOSS, 2568.8607177734375, -20.77994155883789, 61.61285400390625, 13.737223089697526, 187, 143.0, 387, 2, 47951.44032287598, 231.74362182617188, 383.2919006347656, 256.4248145608341
LOSS, 4891.0, -19.52875328063965, 67.30338287353516, 20.045081967213115, 244, 223.0, 383, 3, 65560.88858032227, 233.2655029296875, 369.34271240234375, 268.6921663127962
LOSS, 9629.432006835938, -44.88525390625, 70.99234771728516, 19.813646104600693, 486, 223.0, 367, 10, 127983.36605834961, 211.49795532226562, 375.5594177246094, 263.3402593793202
LOSS, 8623.689819335938, -16.00006103515625, 65.6639633178711, 26.372140120293388, 327, 223.0, 378, 5, 87561.83543395996, 226.7899932861328, 363.73687744140625, 267.7731970457491
LOSS, 13091.802505493164, -39.999755859375, 68.2927474975586, 12.246775028524944, 1069, 201.39498901367188, 328, 14, 278376.8353729248, 222.3888397216797, 379.1361999511719, 260.4086392637276
LOSS, 11769.0, -16.48968505859375, 71.4653549194336, 28.223021582733814, 417, 207.0, 372, 8, 113163.55157470703, 243.75823974609375, 377.15936279296875, 271.37542344054447
LOSS, 10173.707763671875, -19.52875328063965, 71.7015609741211, 31.595365725689053, 322, 191.0, 378, 8, 86586.62092590332, 239.11329650878906, 368.9989013671875, 268.9025494593271
LOSS, 6321.026062011719, -13.000030517578125, 61.326904296875, 29.676178694890698, 213, 207.0, 385, 2, 60567.108978271484, 238.479736328125, 382.57086181640625, 284.35262431113375
LOSS, 16844.2998046875, -18.98125457763672, 63.94744873046875, 30.459854981351718, 553, 191.0, 363, 16, 151536.57873535156, 224.73175048828125, 386.0802307128906, 274.0263629934025
LOSS, 5313.454833984375, -13.330078125, 70.03775787353516, 15.72028057391827, 338, 223.0, 377, 3, 91271.21882629395, 225.95018005371094, 382.78607177734375, 270.03319179376905
LOSS, 11004.746337890625, -17.901931762695312, 68.5240707397461, 35.158933986871006, 313, 150.5, 379, 6, 87121.09600830078, 237.17564392089844, 379.2282409667969, 278.342159770929
LOSS, 8844.160400390625, -33.6541748046875, 65.8659896850586, 8.143794107173688, 1086, 223.0, 327, 10, 274551.51289367676, 216.53794860839844, 414.16693115234375, 252.80986454298045
LOSS, 8855.881614685059, -27.71759033203125, 66.6478500366211, 22.195192016754532, 399, 201.8000030517578, 373, 8, 104881.42729187012, 231.93357849121094, 375.6051940917969, 262.86072002974964
LOSS, 10259.275512695312, -45.4351806640625, 67.2636947631836, 9.420822325707357, 1089, 175.0, 327, 15, 289971.16470336914, 217.92344665527344, 410.7967529296875, 266.2728785154905
LOSS, 5110.841026306152, -14.662391662597656, 59.510498046875, 24.337338220505487, 210, 201.8000030517578, 385, 5, 56364.327560424805, 249.03358459472656, 375.7957458496094, 268.4015598115467
LOSS, 12522.19140625, -15.463035583496094, 71.8730697631836, 28.459525923295455, 440, 223.0, 370, 9, 119804.87069702148, 227.21340942382812, 383.1058654785156, 272.2837970386852
LOSS, 3902.2154541015625, -16.084640502929688, 60.405731201171875, 13.22784899695445, 295, 191.0, 380, 1, 79041.44735717773, 235.07730102539062, 372.5956726074219, 267.9371096853483
LOSS, 11907.99951171875, -18.864479064941406, 69.1960678100586, 19.585525512695312, 608, 223.0, 359, 12, 168847.7883453369, 223.78172302246094, 390.13800048828125, 277.7101781995673
WIN , 14232.0, -19.710784912109375, 84.22227478027344, 6.751423149905123, 2108, 191.0, 259, 20, 583965.8198699951, 222.3609161376953, 392.3179016113281, 277.02363371441896
LOSS, 6977.84610748291, -17.283912658691406, 62.698890686035156, 28.136476239850445, 248, 182.2228240966797, 383, 5, 65900.47375488281, 214.43923950195312, 383.6054992675781, 265.7277167535597
LOSS, 2588.7167358398438, -13.000030517578125, 63.618080139160156, 24.1936143536434, 107, 127.5, 392, 1, 27847.7472076416, 215.44442749023438, 371.1823425292969, 260.25931969758506
LOSS, 16939.6279296875, -33.000244140625, 70.0020523071289, 18.676546780250828, 907, 223.0, 339, 14, 252776.99447631836, 242.5602569580078, 428.83416748046875, 278.69569402019664
LOSS, 17259.4267578125, -33.5113525390625, 69.5079574584961, 9.647527533712967, 1789, 191.0, 280, 18, 445944.6103668213, 183.45323181152344, 392.5426940917969, 249.27032440850826
LOSS, 7267.342529296875, -23.510231018066406, 71.6753158569336, 25.77071818899601, 282, 175.0, 381, 6, 77800.98596191406, 209.48870849609375, 374.15228271484375, 275.89002114153925
LOSS, 13881.0, -18.2713623046875, 62.53288269042969, 20.323572474377745, 683, 223.0, 354, 13, 190290.15815734863, 211.10690307617188, 410.6559143066406, 278.6093091615646
LOSS, 12653.67822265625, -18.722877502441406, 70.8537826538086, 23.651734995619158, 535, 223.0, 364, 11, 147596.7866973877, 252.5919647216797, 369.930908203125, 275.8818442941826
LOSS, 14687.95751953125, -19.144065856933594, 62.960426330566406, 20.542597929414335, 715, 207.0, 352, 6, 201479.51251220703, 241.83128356933594, 407.6793212890625, 281.78952798910075
LOSS, 7328.283935546875, -16.143577575683594, 61.70585632324219, 25.98682246647828, 282, 223.0, 381, 5, 78846.98579406738, 246.7029266357422, 387.9788513183594, 279.59924040449425
LOSS, 10306.871215820312, -15.999755859375, 62.30461502075195, 23.213673909505207, 444, 191.0, 370, 7, 124062.72695922852, 246.8648223876953, 412.3529968261719, 279.42055621447867
LOSS, 20676.459228515625, -16.033706665039062, 69.50971221923828, 28.637755164149066, 722, 191.0, 351, 19, 204648.59539794922, 224.75851440429688, 398.3999328613281, 283.4468080304006
LOSS, 24255.179443359375, -17.436920166015625, 68.4068832397461, 27.911598899147727, 869, 175.0, 342, 21, 244185.1294708252, 206.86602783203125, 405.4263610839844, 280.9955459963466
LOSS, 13973.44873046875, -19.794105529785156, 63.231353759765625, 25.132102033217176, 556, 223.0, 362, 14, 155584.4052734375, 207.26344299316406, 393.16705322265625, 279.82806703855664
LOSS, 8335.607734680176, -33.000244140625, 68.57564544677734, 13.553833714927116, 615, 160.28965759277344, 358, 6, 166798.92166137695, 211.56390380859375, 393.3264465332031, 271.2177587989869
LOSS, 7802.6976318359375, -17.662269592285156, 59.82536315917969, 20.00691700470753, 390, 191.0, 373, 4, 108223.73422241211, 229.3509063720703, 398.38543701171875, 277.4967544164413
LOSS, 5876.327880859375, -16.909072875976562, 59.896697998046875, 13.826653837316176, 425, 207.0, 371, 5, 117208.19212341309, 243.2500457763672, 395.3249206542969, 275.7839814668543
LOSS, 18906.9228515625, -25.7049560546875, 67.4254379272461, 35.34004271320094, 535, 223.0, 364, 14, 152833.206741333, 249.60397338867188, 402.06414794921875, 285.66954531090283
LOSS, 5927.4376220703125, -13.000030517578125, 63.09173583984375, 35.923864376183715, 165, 191.0, 388, 2, 44366.428771972656, 245.7696075439453, 401.98583984375, 268.8874471028646
