LOSS, -513.0, -512.0, 0.0, -0.08548575237460423, 198.16809, 6000, 0, 2, 1056.0, 0.0, 1024.0, 0.1759706715547409, 1935, 0, 0
LOSS, 0.0, -512.0, 512.0, 0.0, 211.53067, 6000, 0, 2, 3073.0, 0.0, 1536.0, 0.5121666666666667, 2165, 0, 0
LOSS, 0.0, -512.0, 512.0, 0.0, 203.39499, 6000, 0, 2, 3072.0, 0.0, 1536.0, 0.512, 2238, 0, 0
LOSS, -12.0, -512.0, 512.0, -0.002, 203.39499, 6000, 0, 3, 3288.0, 0.0, 1536.0, 0.548, 2270, 0, 0
LOSS, 22.0, -512.0, 524.0, 0.0036666666666666666, 225.0, 6000, 0, 1, 3138.0, 0.0, 1560.0, 0.523, 2285, 0, 0
LOSS, -42.0, -512.0, 502.0, -0.007, 199.33574, 6000, 0, 1, 3198.0, 0.0, 1516.0, 0.533, 2303, 0, 0
LOSS, 64.0, -512.0, 544.0, 0.010666666666666666, 183.70998, 6000, 0, 3, 3264.0, 0.0, 1600.0, 0.544, 2310, 0, 0
LOSS, -32.0, -512.0, 480.0, -0.005333333333333333, 193.49823, 6000, 0, 2, 2976.0, 0.0, 1472.0, 0.496, 2307, 0, 0
LOSS, 0.0, -512.0, 512.0, 0.0, 202.41895, 6000, 0, 2, 3072.0, 0.0, 1536.0, 0.512, 2304, 0, 0
LOSS, 0.0, -512.0, 512.0, 0.0, 175.49287, 6000, 0, 1, 3072.0, 0.0, 1536.0, 0.512, 2310, 0, 0
LOSS, 0.0, -512.0, 512.0, 0.0, 209.09808, 6000, 0, 2, 6144.0, 0.0, 1536.0, 1.024, 2312, 0, 0
LOSS, 0.0, -512.0, 512.0, 0.0, 213.12076, 6000, 0, 2, 3072.0, 0.0, 1536.0, 0.512, 2312, 0, 0
LOSS, 0.0, -512.0, 512.0, 0.0, 209.0, 6000, 0, 0, 3072.0, 0.0, 1536.0, 0.512, 2313, 0, 0
LOSS, -42.0, -512.0, 512.0, -0.007, 219.44408, 6000, 0, 0, 3198.0, 0.0, 1536.0, 0.533, 2356, 0, 0
LOSS, 42.0, -512.0, 554.0, 0.007, 177.01395, 6000, 0, 0, 1662.0, 0.0, 1024.0, 0.277, 2358, 0, 0
LOSS, 10.0, -512.0, 512.0, 0.0016666666666666668, 232.89409, 6000, 0, 1, 4638.0, 0.0, 1536.0, 0.773, 2357, 0, 0
LOSS, -52.0, -512.0, 502.0, -0.008666666666666666, 193.00858, 6000, 0, 0, 3168.0, 0.0, 1516.0, 0.528, 2358, 0, 0
LOSS, 42.0, -512.0, 554.0, 0.007, 193.0, 6000, 0, 2, 3198.0, 0.0, 1620.0, 0.533, 2368, 0, 0
LOSS, 0.0, -512.0, 512.0, 0.0, 201.50256, 6000, 0, 2, 1620.0, 0.0, 1024.0, 0.27, 2368, 0, 0
LOSS, 0.0, -512.0, 512.0, 0.0, 209.49823, 6000, 0, 1, 3072.0, 0.0, 1536.0, 0.512, 2370, 0, 0
LOSS, 10.0, -512.0, 512.0, 0.0016666666666666668, 226.8284, 6000, 0, 1, 1566.0, 0.0, 1024.0, 0.261, 2377, 0, 0
LOSS, -10.0, -512.0, 502.0, -0.0016666666666666668, 185.50256, 6000, 0, 2, 1558.0, 0.0, 1024.0, 0.25966666666666666, 2385, 0, 0
LOSS, 0.0, -512.0, 512.0, 0.0, 209.0038, 6000, 0, 2, 2570.0, 0.0, 1536.0, 0.42833333333333334, 2387, 0, 0
LOSS, 0.0, -512.0, 512.0, 0.0, 232.89409, 6000, 0, 3, 4190.0, 0.0, 1620.0, 0.6983333333333334, 2472, 0, 0
LOSS, 0.0, -512.0, 512.0, 0.0, 177.0, 6000, 0, 0, 1076.0, 0.0, 1024.0, 0.17933333333333334, 2475, 0, 0
LOSS, 0.0, -512.0, 512.0, 0.0, 225.0, 6000, 0, 2, 2570.0, 0.0, 1536.0, 0.42833333333333334, 2477, 0, 0
LOSS, 32.0, -512.0, 512.0, 0.005333333333333333, 161.0, 6000, 0, 1, 3012.0, 0.0, 1620.0, 0.502, 2518, 0, 0
LOSS, -32.0, -512.0, 480.0, -0.005333333333333333, 193.0, 6000, 0, 2, 2592.0, 0.0, 1472.0, 0.432, 2525, 0, 0
LOSS, 0.0, -512.0, 512.0, 0.0, 169.50256, 6000, 0, 2, 2560.0, 0.0, 1536.0, 0.4266666666666667, 2528, 0, 0
LOSS, -42.0, -512.0, 512.0, -0.007, 153.50256, 6000, 0, 0, 2686.0, 0.0, 1536.0, 0.44766666666666666, 2537, 0, 0
LOSS, 52.0, -512.0, 554.0, 0.008666666666666666, 209.00143, 6000, 0, 2, 3228.0, 0.0, 1620.0, 0.538, 2543, 0, 0
LOSS, -10.0, -512.0, 502.0, -0.0016666666666666668, 209.0, 6000, 0, 2, 2550.0, 0.0, 1516.0, 0.425, 2550, 0, 0
LOSS, 0.0, -512.0, 512.0, 0.0, 209.00024, 6000, 0, 2, 2560.0, 0.0, 1536.0, 0.4266666666666667, 2554, 0, 0
LOSS, -42.0, -512.0, 512.0, -0.007, 211.15106, 6000, 0, 0, 2686.0, 0.0, 1536.0, 0.44766666666666666, 2633, 0, 0
LOSS, 42.0, -512.0, 554.0, 0.007, 177.81128, 6000, 0, 1, 2686.0, 0.0, 1620.0, 0.44766666666666666, 2641, 0, 0
LOSS, 0.0, -512.0, 512.0, 0.0, 225.0038, 6000, 0, 1, 2560.0, 0.0, 1536.0, 0.4266666666666667, 2645, 0, 0
LOSS, -42.0, -512.0, 512.0, -0.007, 193.00116, 6000, 0, 0, 1150.0, 0.0, 1024.0, 0.19166666666666668, 2648, 0, 0
LOSS, 42.0, -512.0, 554.0, 0.007, 197.84796, 6000, 0, 1, 2686.0, 0.0, 1620.0, 0.44766666666666666, 2650, 0, 0
LOSS, -42.0, -512.0, 512.0, -0.007, 225.01395, 6000, 0, 0, 2686.0, 0.0, 1536.0, 0.44766666666666666, 2658, 0, 0
LOSS, 42.0, -512.0, 554.0, 0.007, 209.0, 6000, 0, 1, 1150.0, 0.0, 1024.0, 0.19166666666666668, 2729, 0, 0
LOSS, -42.0, -512.0, 512.0, -0.007, 225.00089, 6000, 0, 0, 2686.0, 0.0, 1536.0, 0.44766666666666666, 2741, 0, 0
LOSS, 42.0, -512.0, 554.0, 0.007, 209.0, 6000, 0, 2, 1066.0, 0.0, 1024.0, 0.17766666666666667, 2743, 0, 0
LOSS, 0.0, -512.0, 512.0, 0.0, 209.03699, 6000, 0, 2, 2560.0, 0.0, 1536.0, 0.4266666666666667, 2746, 0, 0
LOSS, -84.0, -512.0, 512.0, -0.014, 201.50256, 6000, 0, 0, 2812.0, 0.0, 1536.0, 0.4686666666666667, 2822, 0, 0
LOSS, 84.0, -512.0, 596.0, 0.014, 177.0, 6000, 0, 0, 2812.0, 0.0, 1704.0, 0.4686666666666667, 2825, 0, 0
LOSS, 0.0, -512.0, 512.0, 0.0, 225.00002, 6000, 0, 2, 2560.0, 0.0, 1536.0, 0.4266666666666667, 2832, 0, 0
LOSS, 0.0, -512.0, 512.0, 0.0, 197.84796, 6000, 0, 1, 1108.0, 0.0, 1024.0, 0.18466666666666667, 2861, 0, 0
LOSS, 0.0, -512.0, 512.0, 0.0, 169.50256, 6000, 0, 2, 2560.0, 0.0, 1536.0, 0.4266666666666667, 2861, 0, 0
LOSS, 0.0, -512.0, 512.0, 0.0, 193.30597, 6000, 0, 2, 2560.0, 0.0, 1536.0, 0.4266666666666667, 2862, 0, 0
LOSS, -32.0, -512.0, 512.0, -0.005333333333333333, 177.07086, 6000, 0, 1, 2716.0, 0.0, 1536.0, 0.45266666666666666, 2878, 0, 0
LOSS, 0.0, -512.0, 544.0, 0.0, 209.01009, 6000, 0, 1, 3314.0, 0.0, 1600.0, 0.5523333333333333, 2908, 0, 0
LOSS, 32.0, -512.0, 544.0, 0.005333333333333333, 209.0062, 6000, 0, 2, 3168.0, 0.0, 1600.0, 0.528, 2923, 0, 0
LOSS, 0.0, -512.0, 512.0, 0.0, 212.50266, 6000, 0, 0, 2560.0, 0.0, 1536.0, 0.4266666666666667, 2931, 0, 0
LOSS, 0.0, -512.0, 512.0, 0.0, 209.00034, 6000, 0, 1, 6312.0, 0.0, 1620.0, 1.052, 3021, 0, 0
LOSS, 0.0, -512.0, 512.0, 0.0, 177.68958, 6000, 0, 0, 2560.0, 0.0, 1536.0, 0.4266666666666667, 3022, 0, 0
LOSS, 0.0, -512.0, 512.0, 0.0, 232.89409, 6000, 0, 1, 2560.0, 0.0, 1536.0, 0.4266666666666667, 3032, 0, 0
LOSS, 0.0, -512.0, 512.0, 0.0, 199.70998, 6000, 0, 3, 1024.0, 0.0, 1024.0, 0.17066666666666666, 3034, 0, 0
LOSS, 0.0, -512.0, 512.0, 0.0, 193.0, 6000, 0, 2, 2560.0, 0.0, 1536.0, 0.4266666666666667, 3040, 0, 0
LOSS, 10.0, -512.0, 512.0, 0.0016666666666666668, 225.18791, 6000, 0, 2, 2590.0, 0.0, 1536.0, 0.43166666666666664, 3044, 0, 0
LOSS, -52.0, -512.0, 502.0, -0.008666666666666666, 215.70998, 6000, 0, 0, 1180.0, 0.0, 1024.0, 0.19666666666666666, 3049, 0, 0
LOSS, 0.0, -512.0, 554.0, 0.0, 225.00053, 6000, 0, 0, 2812.0, 0.0, 1620.0, 0.4686666666666667, 3054, 0, 0
LOSS, 42.0, -512.0, 554.0, 0.007, 182.88538, 6000, 0, 2, 1170.0, 0.0, 1024.0, 0.195, 3086, 0, 0
LOSS, 0.0, -512.0, 512.0, 0.0, 218.28716, 6000, 0, 2, 2560.0, 0.0, 1536.0, 0.4266666666666667, 3108, 0, 0
LOSS, -84.0, -512.0, 512.0, -0.014, 225.0, 6000, 0, 0, 4432.0, 0.0, 1620.0, 0.7386666666666667, 3145, 0, 0
LOSS, 84.0, -512.0, 596.0, 0.014, 177.09808, 6000, 0, 0, 1296.0, 0.0, 1024.0, 0.216, 3146, 0, 0
LOSS, -42.0, -512.0, 512.0, -0.007, 227.84592, 6000, 0, 0, 2686.0, 0.0, 1536.0, 0.44766666666666666, 3154, 0, 0
LOSS, 42.0, -512.0, 554.0, 0.007, 174.72717, 6000, 0, 1, 1170.0, 0.0, 1024.0, 0.195, 3157, 0, 0
LOSS, 0.0, -512.0, 512.0, 0.0, 193.81128, 6000, 0, 2, 2560.0, 0.0, 1536.0, 0.4266666666666667, 3160, 0, 0
LOSS, 0.0, -512.0, 512.0, 0.0, 193.0062, 6000, 0, 2, 3072.0, 0.0, 1536.0, 0.512, 3163, 0, 0
LOSS, 10.0, -512.0, 512.0, 0.0016666666666666668, 178.55414, 6000, 0, 1, 3102.0, 0.0, 1536.0, 0.517, 3178, 0, 0
LOSS, 0.0, -512.0, 502.0, 0.0, 209.00002, 6000, 0, 2, 4116.0, 0.0, 1536.0, 0.686, 3209, 0, 0
LOSS, -10.0, -512.0, 502.0, -0.0016666666666666668, 210.32101, 6000, 0, 2, 2540.0, 0.0, 1516.0, 0.42333333333333334, 3215, 0, 0
LOSS, 0.0, -512.0, 512.0, 0.0, 209.00728, 6000, 0, 1, 2570.0, 0.0, 1536.0, 0.42833333333333334, 3220, 0, 0
LOSS, -42.0, -512.0, 512.0, -0.007, 209.0, 6000, 0, 1, 2728.0, 0.0, 1536.0, 0.45466666666666666, 3305, 0, 0
LOSS, 42.0, -512.0, 554.0, 0.007, 177.18791, 6000, 0, 0, 2696.0, 0.0, 1620.0, 0.4493333333333333, 3314, 0, 0
LOSS, -42.0, -512.0, 512.0, -0.007, 225.05121, 6000, 0, 0, 2686.0, 0.0, 1536.0, 0.44766666666666666, 3320, 0, 0
LOSS, 0.0, -512.0, 554.0, 0.0, 194.8284, 6000, 0, 0, 1276.0, 0.0, 1024.0, 0.21266666666666667, 3324, 0, 0
LOSS, 42.0, -512.0, 554.0, 0.007, 193.35997, 6000, 0, 2, 3166.0, 0.0, 1620.0, 0.5276666666666666, 3363, 0, 0
LOSS, -42.0, -512.0, 512.0, -0.007, 225.0, 6000, 0, 0, 2686.0, 0.0, 1536.0, 0.44766666666666666, 3365, 0, 0
LOSS, 0.0, -512.0, 554.0, 0.0, 209.00002, 6000, 0, 0, 1276.0, 0.0, 1024.0, 0.21266666666666667, 3368, 0, 0
LOSS, 52.0, -512.0, 554.0, 0.008666666666666666, 225.01009, 6000, 0, 1, 2716.0, 0.0, 1620.0, 0.45266666666666666, 3377, 0, 0
LOSS, -10.0, -512.0, 502.0, -0.0016666666666666668, 209.0004, 6000, 0, 2, 1138.0, 0.0, 1024.0, 0.18966666666666668, 3426, 0, 0
LOSS, 0.0, -512.0, 512.0, 0.0, 209.0, 6000, 0, 2, 2570.0, 0.0, 1536.0, 0.42833333333333334, 3428, 0, 0
LOSS, -84.0, -512.0, 512.0, -0.014, 225.06024, 6000, 0, 0, 4348.0, 0.0, 1536.0, 0.7246666666666667, 3473, 0, 0
LOSS, 84.0, -512.0, 596.0, 0.014, 177.00122, 6000, 0, 0, 1296.0, 0.0, 1024.0, 0.216, 3476, 0, 0
LOSS, -42.0, -512.0, 512.0, -0.007, 225.09808, 6000, 0, 0, 2728.0, 0.0, 1536.0, 0.45466666666666666, 3481, 0, 0
LOSS, 0.0, -512.0, 554.0, 0.0, 193.0, 6000, 0, 1, 1296.0, 0.0, 1024.0, 0.216, 3513, 0, 0
LOSS, 42.0, -512.0, 554.0, 0.007, 193.0062, 6000, 0, 2, 2686.0, 0.0, 1620.0, 0.44766666666666666, 3518, 0, 0
LOSS, 0.0, -512.0, 512.0, 0.0, 174.72717, 6000, 0, 2, 2560.0, 0.0, 1536.0, 0.4266666666666667, 3521, 0, 0
LOSS, 0.0, -512.0, 512.0, 0.0, 182.70348, 6000, 0, 1, 2560.0, 0.0, 1536.0, 0.4266666666666667, 3530, 0, 0
LOSS, 10.0, -512.0, 512.0, 0.0016666666666666668, 210.12286, 6000, 0, 2, 5662.0, 0.0, 1536.0, 0.9436666666666667, 3597, 0, 0
LOSS, -10.0, -512.0, 502.0, -0.0016666666666666668, 209.00002, 6000, 0, 2, 2550.0, 0.0, 1516.0, 0.425, 3599, 0, 0
LOSS, 0.0, -512.0, 512.0, 0.0, 213.12076, 6000, 0, 0, 2570.0, 0.0, 1536.0, 0.42833333333333334, 3600, 0, 0
LOSS, -32.0, -512.0, 512.0, -0.005333333333333333, 209.0, 6000, 0, 1, 2758.0, 0.0, 1536.0, 0.45966666666666667, 3632, 0, 0
LOSS, 32.0, -512.0, 544.0, 0.005333333333333333, 177.0, 6000, 0, 0, 2666.0, 0.0, 1600.0, 0.44433333333333336, 3637, 0, 0
LOSS, -42.0, -512.0, 512.0, -0.007, 230.70348, 6000, 0, 0, 3210.0, 0.0, 1536.0, 0.535, 3688, 0, 0
LOSS, 0.0, -512.0, 554.0, 0.0, 193.81128, 6000, 0, 0, 1276.0, 0.0, 1024.0, 0.21266666666666667, 3696, 0, 0
LOSS, 42.0, -512.0, 554.0, 0.007, 193.15971, 6000, 0, 2, 2686.0, 0.0, 1620.0, 0.44766666666666666, 3698, 0, 0
LOSS, -42.0, -512.0, 512.0, -0.007, 231.70998, 6000, 0, 0, 2686.0, 0.0, 1536.0, 0.44766666666666666, 3708, 0, 0
LOSS, 52.0, -512.0, 554.0, 0.008666666666666666, 209.26007, 6000, 0, 1, 1096.0, 0.0, 1024.0, 0.18266666666666667, 3723, 0, 0
LOSS, -52.0, -512.0, 502.0, -0.008666666666666666, 225.00064, 6000, 0, 0, 2676.0, 0.0, 1516.0, 0.446, 3730, 0, 0
LOSS, 42.0, -512.0, 554.0, 0.007, 209.01009, 6000, 0, 2, 1128.0, 0.0, 1024.0, 0.188, 3731, 0, 0
LOSS, 0.0, -512.0, 512.0, 0.0, 187.39499, 6000, 0, 2, 2570.0, 0.0, 1536.0, 0.42833333333333334, 3732, 0, 0
LOSS, 10.0, -512.0, 512.0, 0.0016666666666666668, 230.70348, 6000, 0, 2, 4126.0, 0.0, 1536.0, 0.6876666666666666, 3771, 0, 0
LOSS, -10.0, -512.0, 502.0, -0.0016666666666666668, 177.1154, 6000, 0, 0, 1138.0, 0.0, 1024.0, 0.18966666666666668, 3777, 0, 0
LOSS, -42.0, -512.0, 512.0, -0.007, 234.41895, 6000, 0, 0, 2686.0, 0.0, 1536.0, 0.44766666666666666, 3780, 0, 0
LOSS, 0.0, -512.0, 554.0, 0.0, 194.26274, 6000, 0, 0, 1296.0, 0.0, 1024.0, 0.216, 3800, 0, 0
LOSS, 42.0, -512.0, 554.0, 0.007, 193.0, 6000, 0, 2, 2674.0, 0.0, 1620.0, 0.44566666666666666, 3805, 0, 0
LOSS, 0.0, -512.0, 512.0, 0.0, 193.49823, 6000, 0, 2, 2592.0, 0.0, 1536.0, 0.432, 3811, 0, 0
LOSS, -42.0, -512.0, 512.0, -0.007, 184.89409, 6000, 0, 0, 2696.0, 0.0, 1536.0, 0.4493333333333333, 3816, 0, 0
LOSS, 10.0, -512.0, 554.0, 0.0016666666666666668, 209.02272, 6000, 0, 2, 2842.0, 0.0, 1620.0, 0.4736666666666667, 3872, 0, 0
LOSS, 32.0, -512.0, 544.0, 0.005333333333333333, 211.97725, 6000, 0, 2, 2634.0, 0.0, 1600.0, 0.439, 3877, 0, 0
LOSS, 0.0, -512.0, 512.0, 0.0, 187.39499, 6000, 0, 0, 2592.0, 0.0, 1536.0, 0.432, 3880, 0, 0
LOSS, 0.0, -512.0, 512.0, 0.0, 209.02272, 6000, 0, 1, 2602.0, 0.0, 1536.0, 0.43366666666666664, 3920, 0, 0
LOSS, 0.0, -512.0, 512.0, 0.0, 177.00002, 6000, 0, 0, 2560.0, 0.0, 1536.0, 0.4266666666666667, 3923, 0, 0
LOSS, 0.0, -512.0, 512.0, 0.0, 225.18791, 6000, 0, 1, 2570.0, 0.0, 1536.0, 0.42833333333333334, 3926, 0, 0
LOSS, -42.0, -512.0, 512.0, -0.007, 197.84796, 6000, 0, 0, 1318.0, 0.0, 1024.0, 0.21966666666666668, 3946, 0, 0
LOSS, 42.0, -512.0, 554.0, 0.007, 193.0, 6000, 0, 2, 2686.0, 0.0, 1620.0, 0.44766666666666666, 3951, 0, 0
LOSS, -42.0, -512.0, 512.0, -0.007, 225.68958, 6000, 0, 0, 2686.0, 0.0, 1536.0, 0.44766666666666666, 3953, 0, 0
LOSS, 0.0, -512.0, 554.0, 0.0, 209.0, 6000, 0, 0, 1296.0, 0.0, 1024.0, 0.216, 3959, 0, 0
LOSS, 0.0, -512.0, 554.0, 0.0, 225.4235, 6000, 0, 0, 2812.0, 0.0, 1620.0, 0.4686666666666667, 3962, 0, 0
LOSS, 42.0, -512.0, 554.0, 0.007, 213.12076, 6000, 0, 2, 1024.0, 0.0, 1024.0, 0.17066666666666666, 3966, 0, 0
LOSS, 0.0, -512.0, 512.0, 0.0, 209.0, 6000, 0, 2, 2602.0, 0.0, 1536.0, 0.43366666666666664, 3967, 0, 0
LOSS, -32.0, -512.0, 512.0, -0.005333333333333333, 225.13576, 6000, 0, 1, 4326.0, 0.0, 1620.0, 0.721, 4092, 0, 0
LOSS, 32.0, -512.0, 544.0, 0.005333333333333333, 177.08337, 6000, 0, 1, 1140.0, 0.0, 1024.0, 0.19, 4097, 0, 0
LOSS, -42.0, -512.0, 512.0, -0.007, 203.39499, 6000, 0, 0, 5842.0, 0.0, 1620.0, 0.9736666666666667, 4143, 0, 0
LOSS, 52.0, -512.0, 554.0, 0.008666666666666666, 193.00323, 6000, 0, 1, 2706.0, 0.0, 1620.0, 0.451, 4182, 0, 0
LOSS, -10.0, -512.0, 502.0, -0.0016666666666666668, 196.50266, 6000, 0, 2, 2592.0, 0.0, 1516.0, 0.432, 4185, 0, 0
LOSS, 0.0, -512.0, 512.0, 0.0, 194.32101, 6000, 0, 2, 2602.0, 0.0, 1536.0, 0.43366666666666664, 4184, 0, 0
LOSS, -42.0, -512.0, 512.0, -0.007, 177.08337, 6000, 0, 0, 2686.0, 0.0, 1536.0, 0.44766666666666666, 4197, 0, 0
LOSS, 0.0, -512.0, 554.0, 0.0, 209.00089, 6000, 0, 1, 2812.0, 0.0, 1620.0, 0.4686666666666667, 4247, 0, 0
LOSS, 42.0, -512.0, 554.0, 0.007, 209.05121, 6000, 0, 2, 2644.0, 0.0, 1620.0, 0.44066666666666665, 4250, 0, 0
LOSS, 0.0, -512.0, 512.0, 0.0, 209.0, 6000, 0, 1, 2602.0, 0.0, 1536.0, 0.43366666666666664, 4251, 0, 0
LOSS, 10.0, -512.0, 512.0, 0.0016666666666666668, 209.04352, 6000, 0, 1, 2580.0, 0.0, 1536.0, 0.43, 4302, 0, 0
LOSS, -10.0, -512.0, 502.0, -0.0016666666666666668, 177.03145, 6000, 0, 1, 2540.0, 0.0, 1516.0, 0.42333333333333334, 4304, 0, 0
LOSS, -42.0, -512.0, 512.0, -0.007, 226.8284, 6000, 0, 1, 4222.0, 0.0, 1536.0, 0.7036666666666667, 4330, 0, 0
LOSS, 0.0, -512.0, 554.0, 0.0, 193.0, 6000, 0, 0, 1296.0, 0.0, 1024.0, 0.216, 4348, 0, 0
LOSS, 42.0, -512.0, 554.0, 0.007, 193.49823, 6000, 0, 2, 2644.0, 0.0, 1620.0, 0.44066666666666665, 4353, 0, 0
LOSS, 0.0, -512.0, 512.0, 0.0, 225.35997, 6000, 0, 2, 2602.0, 0.0, 1536.0, 0.43366666666666664, 4357, 0, 0
LOSS, 0.0, -512.0, 512.0, 0.0, 213.12076, 6000, 0, 1, 1108.0, 0.0, 1024.0, 0.18466666666666667, 4357, 0, 0
LOSS, 0.0, -512.0, 512.0, 0.0, 234.28716, 6000, 0, 1, 2560.0, 0.0, 1536.0, 0.4266666666666667, 4390, 0, 0
LOSS, 0.0, -512.0, 512.0, 0.0, 209.05121, 6000, 0, 2, 1024.0, 0.0, 1024.0, 0.17066666666666666, 4394, 0, 0
LOSS, 0.0, -512.0, 512.0, 0.0, 213.84796, 6000, 0, 2, 2560.0, 0.0, 1536.0, 0.4266666666666667, 4394, 0, 0
LOSS, -74.0, -512.0, 512.0, -0.012333333333333333, 226.12286, 6000, 0, 1, 2832.0, 0.0, 1536.0, 0.472, 4476, 0, 0
LOSS, 74.0, -512.0, 586.0, 0.012333333333333333, 177.0, 6000, 0, 0, 1172.0, 0.0, 1024.0, 0.19533333333333333, 4479, 0, 0
LOSS, 0.0, -512.0, 512.0, 0.0, 225.00027, 6000, 0, 2, 2560.0, 0.0, 1536.0, 0.4266666666666667, 4481, 0, 0
LOSS, 0.0, -512.0, 512.0, 0.0, 193.00275, 6000, 0, 1, 1024.0, 0.0, 1024.0, 0.17066666666666666, 4491, 0, 0
LOSS, 0.0, -512.0, 512.0, 0.0, 198.70348, 6000, 0, 2, 2560.0, 0.0, 1536.0, 0.4266666666666667, 4492, 0, 0
LOSS, 0.0, -512.0, 512.0, 0.0, 193.0, 6000, 0, 2, 2560.0, 0.0, 1536.0, 0.4266666666666667, 4495, 0, 0
LOSS, -42.0, -512.0, 512.0, -0.007, 177.0, 6000, 0, 0, 2686.0, 0.0, 1536.0, 0.44766666666666666, 4499, 0, 0
LOSS, 10.0, -512.0, 554.0, 0.0016666666666666668, 194.8284, 6000, 0, 1, 4368.0, 0.0, 1620.0, 0.728, 4540, 0, 0
LOSS, 32.0, -512.0, 544.0, 0.005333333333333333, 209.95444, 6000, 0, 2, 2656.0, 0.0, 1600.0, 0.44266666666666665, 4546, 0, 0
LOSS, 0.0, -512.0, 512.0, 0.0, 210.32101, 6000, 0, 2, 2560.0, 0.0, 1536.0, 0.4266666666666667, 4547, 0, 0
LOSS, 10.0, -512.0, 512.0, 0.0016666666666666668, 209.00003, 6000, 0, 1, 2580.0, 0.0, 1536.0, 0.43, 4555, 0, 0
LOSS, -10.0, -512.0, 502.0, -0.0016666666666666668, 177.0001, 6000, 0, 1, 2550.0, 0.0, 1516.0, 0.425, 4560, 0, 0
LOSS, -42.0, -512.0, 512.0, -0.007, 225.00003, 6000, 0, 0, 3198.0, 0.0, 1536.0, 0.533, 4575, 0, 0
LOSS, 52.0, -512.0, 554.0, 0.008666666666666666, 199.70998, 6000, 0, 3, 4410.0, 0.0, 1620.0, 0.735, 4585, 0, 0
LOSS, -10.0, -512.0, 502.0, -0.0016666666666666668, 193.0, 6000, 0, 2, 2550.0, 0.0, 1516.0, 0.425, 4589, 0, 0
LOSS, -42.0, -512.0, 512.0, -0.007, 225.22107, 6000, 0, 0, 2696.0, 0.0, 1536.0, 0.4493333333333333, 4601, 0, 0
LOSS, 42.0, -512.0, 554.0, 0.007, 209.0, 6000, 0, 1, 1066.0, 0.0, 1024.0, 0.17766666666666667, 4604, 0, 0
LOSS, 0.0, -512.0, 512.0, 0.0, 225.00275, 6000, 0, 1, 2560.0, 0.0, 1536.0, 0.4266666666666667, 4613, 0, 0
LOSS, 0.0, -512.0, 512.0, 0.0, 214.70348, 6000, 0, 2, 1108.0, 0.0, 1024.0, 0.18466666666666667, 4614, 0, 0
LOSS, 0.0, -512.0, 512.0, 0.0, 209.13576, 6000, 0, 2, 2560.0, 0.0, 1536.0, 0.4266666666666667, 4619, 0, 0
LOSS, 20.0, -512.0, 512.0, 0.0033333333333333335, 234.41895, 6000, 0, 3, 4230.0, 0.0, 1620.0, 0.705, 4721, 0, 0
LOSS, -20.0, -512.0, 492.0, -0.0033333333333333335, 177.0, 6000, 0, 0, 1158.0, 0.0, 1024.0, 0.193, 4724, 0, 0
LOSS, -42.0, -512.0, 512.0, -0.007, 225.0, 6000, 0, 0, 2686.0, 0.0, 1536.0, 0.44766666666666666, 4727, 0, 0
LOSS, 42.0, -512.0, 554.0, 0.007, 196.50266, 6000, 0, 1, 1150.0, 0.0, 1024.0, 0.19166666666666668, 4748, 0, 0
LOSS, 0.0, -512.0, 512.0, 0.0, 193.00002, 6000, 0, 2, 2570.0, 0.0, 1536.0, 0.42833333333333334, 4752, 0, 0
LOSS, 0.0, -512.0, 512.0, 0.0, 171.39499, 6000, 0, 2, 2560.0, 0.0, 1536.0, 0.4266666666666667, 4754, 0, 0
LOSS, -42.0, -512.0, 512.0, -0.007, 177.04895, 6000, 0, 0, 2686.0, 0.0, 1536.0, 0.44766666666666666, 4755, 0, 0
LOSS, 0.0, -512.0, 554.0, 0.0, 209.0002, 6000, 0, 1, 2812.0, 0.0, 1620.0, 0.4686666666666667, 4779, 0, 0
LOSS, 42.0, -512.0, 554.0, 0.007, 209.81128, 6000, 0, 2, 2644.0, 0.0, 1620.0, 0.44066666666666665, 4788, 0, 0
LOSS, 0.0, -512.0, 512.0, 0.0, 183.33574, 6000, 0, 0, 2602.0, 0.0, 1536.0, 0.43366666666666664, 4788, 0, 0
LOSS, 0.0, -512.0, 512.0, 0.0, 209.03699, 6000, 0, 1, 2560.0, 0.0, 1536.0, 0.4266666666666667, 4827, 0, 0
LOSS, 0.0, -512.0, 512.0, 0.0, 177.04352, 6000, 0, 0, 2580.0, 0.0, 1536.0, 0.43, 4828, 0, 0
LOSS, -42.0, -512.0, 512.0, -0.007, 228.50266, 6000, 0, 0, 2686.0, 0.0, 1536.0, 0.44766666666666666, 4832, 0, 0
LOSS, 0.0, -512.0, 554.0, 0.0, 193.0, 6000, 0, 0, 2812.0, 0.0, 1620.0, 0.4686666666666667, 4843, 0, 0
LOSS, 42.0, -512.0, 554.0, 0.007, 200.89409, 6000, 0, 2, 2686.0, 0.0, 1620.0, 0.44766666666666666, 4847, 0, 0
LOSS, -42.0, -512.0, 512.0, -0.007, 231.70998, 6000, 0, 0, 2686.0, 0.0, 1536.0, 0.44766666666666666, 4845, 0, 0
LOSS, 42.0, -512.0, 554.0, 0.007, 209.0001, 6000, 0, 1, 1170.0, 0.0, 1024.0, 0.195, 4849, 0, 0
LOSS, 0.0, -512.0, 512.0, 0.0, 227.97725, 6000, 0, 1, 3156.0, 0.0, 1536.0, 0.526, 4854, 0, 0
LOSS, 0.0, -512.0, 512.0, 0.0, 209.00046, 6000, 0, 2, 1108.0, 0.0, 1024.0, 0.18466666666666667, 4892, 0, 0
LOSS, 0.0, -512.0, 512.0, 0.0, 216.89409, 6000, 0, 2, 2560.0, 0.0, 1536.0, 0.4266666666666667, 4893, 0, 0
LOSS, 20.0, -512.0, 512.0, 0.0033333333333333335, 225.00005, 6000, 0, 3, 2620.0, 0.0, 1536.0, 0.43666666666666665, 4949, 0, 0
LOSS, -20.0, -512.0, 492.0, -0.0033333333333333335, 183.70998, 6000, 0, 0, 1148.0, 0.0, 1024.0, 0.19133333333333333, 4953, 0, 0
LOSS, -42.0, -512.0, 512.0, -0.007, 229.12076, 6000, 0, 0, 2686.0, 0.0, 1536.0, 0.44766666666666666, 4957, 0, 0
LOSS, 0.0, -512.0, 554.0, 0.0, 193.0062, 6000, 0, 0, 1192.0, 0.0, 1024.0, 0.19866666666666666, 4980, 0, 0
LOSS, 42.0, -512.0, 554.0, 0.007, 166.88538, 6000, 0, 2, 2686.0, 0.0, 1620.0, 0.44766666666666666, 4984, 0, 0
LOSS, 0.0, -512.0, 512.0, 0.0, 193.95444, 6000, 0, 2, 2602.0, 0.0, 1536.0, 0.43366666666666664, 4989, 0, 0
LOSS, 0.0, -512.0, 512.0, 0.0, 186.41895, 6000, 0, 1, 2580.0, 0.0, 1536.0, 0.43, 4990, 0, 0
LOSS, -42.0, -512.0, 512.0, -0.007, 209.35997, 6000, 0, 0, 1150.0, 0.0, 1024.0, 0.19166666666666668, 5024, 0, 0
LOSS, 42.0, -512.0, 554.0, 0.007, 209.0, 6000, 0, 2, 2686.0, 0.0, 1620.0, 0.44766666666666666, 5027, 0, 0
LOSS, 0.0, -512.0, 512.0, 0.0, 209.0, 6000, 0, 0, 2602.0, 0.0, 1536.0, 0.43366666666666664, 5030, 0, 0
LOSS, -42.0, -512.0, 512.0, -0.007, 214.70348, 6000, 0, 0, 2686.0, 0.0, 1536.0, 0.44766666666666666, 5105, 0, 0
LOSS, 42.0, -512.0, 554.0, 0.007, 177.00728, 6000, 0, 1, 2686.0, 0.0, 1620.0, 0.44766666666666666, 5116, 0, 0
LOSS, 10.0, -512.0, 512.0, 0.0016666666666666668, 225.00009, 6000, 0, 1, 4096.0, 0.0, 1536.0, 0.6826666666666666, 5165, 0, 0
LOSS, -52.0, -512.0, 502.0, -0.008666666666666666, 171.39499, 6000, 0, 0, 1244.0, 0.0, 1024.0, 0.20733333333333334, 5171, 0, 0
LOSS, 42.0, -512.0, 554.0, 0.007, 193.0, 6000, 0, 2, 3198.0, 0.0, 1620.0, 0.533, 5176, 0, 0
LOSS, 0.0, -512.0, 512.0, 0.0, 226.12286, 6000, 0, 2, 2570.0, 0.0, 1536.0, 0.42833333333333334, 5177, 0, 0
LOSS, -42.0, -512.0, 512.0, -0.007, 216.89409, 6000, 0, 0, 4538.0, 0.0, 1620.0, 0.7563333333333333, 5256, 0, 0
LOSS, 42.0, -512.0, 554.0, 0.007, 223.49287, 6000, 0, 1, 2686.0, 0.0, 1620.0, 0.44766666666666666, 5259, 0, 0
LOSS, 0.0, -512.0, 512.0, 0.0, 187.39499, 6000, 0, 2, 2602.0, 0.0, 1536.0, 0.43366666666666664, 5260, 0, 0
LOSS, 0.0, -512.0, 512.0, 0.0, 187.39499, 6000, 0, 0, 2560.0, 0.0, 1536.0, 0.4266666666666667, 5263, 0, 0
LOSS, 20.0, -512.0, 512.0, 0.0033333333333333335, 199.33574, 6000, 0, 3, 4146.0, 0.0, 1536.0, 0.691, 5273, 0, 0
LOSS, -20.0, -512.0, 492.0, -0.0033333333333333335, 177.08337, 6000, 0, 0, 2552.0, 0.0, 1496.0, 0.42533333333333334, 5273, 0, 0
LOSS, 10.0, -512.0, 512.0, 0.0016666666666666668, 225.81128, 6000, 0, 1, 4158.0, 0.0, 1536.0, 0.693, 5274, 0, 0
LOSS, -52.0, -512.0, 502.0, -0.008666666666666666, 193.00275, 6000, 0, 0, 1180.0, 0.0, 1024.0, 0.19666666666666666, 5278, 0, 0
LOSS, 42.0, -512.0, 554.0, 0.007, 193.0, 6000, 0, 2, 2696.0, 0.0, 1620.0, 0.4493333333333333, 5282, 0, 0
LOSS, 0.0, -512.0, 512.0, 0.0, 193.01395, 6000, 0, 2, 2560.0, 0.0, 1536.0, 0.4266666666666667, 5282, 0, 0
LOSS, -42.0, -512.0, 512.0, -0.007, 177.4235, 6000, 0, 0, 4326.0, 0.0, 1620.0, 0.721, 5284, 0, 0
LOSS, 10.0, -512.0, 554.0, 0.0016666666666666668, 209.0017, 6000, 0, 1, 2832.0, 0.0, 1620.0, 0.472, 5285, 0, 0
LOSS, 32.0, -512.0, 544.0, 0.005333333333333333, 209.00143, 6000, 0, 2, 2634.0, 0.0, 1600.0, 0.439, 5288, 0, 0
LOSS, 0.0, -512.0, 512.0, 0.0, 209.35997, 6000, 0, 0, 2592.0, 0.0, 1536.0, 0.432, 5291, 0, 0
LOSS, -42.0, -512.0, 512.0, -0.007, 209.00104, 6000, 0, 0, 2770.0, 0.0, 1620.0, 0.46166666666666667, 5339, 0, 0
LOSS, 42.0, -512.0, 554.0, 0.007, 177.0, 6000, 0, 1, 2686.0, 0.0, 1620.0, 0.44766666666666666, 5343, 0, 0
LOSS, -42.0, -512.0, 512.0, -0.007, 223.49287, 6000, 0, 0, 1276.0, 0.0, 1024.0, 0.21266666666666667, 5378, 0, 0
LOSS, 42.0, -512.0, 554.0, 0.007, 193.00006, 6000, 0, 3, 5926.0, 0.0, 1620.0, 0.9876666666666667, 5398, 0, 0
LOSS, 0.0, -512.0, 512.0, 0.0, 167.33574, 6000, 0, 2, 2560.0, 0.0, 1536.0, 0.4266666666666667, 5408, 0, 0
LOSS, -32.0, -512.0, 512.0, -0.005333333333333333, 225.00728, 6000, 0, 1, 2706.0, 0.0, 1536.0, 0.451, 5418, 0, 0
LOSS, 32.0, -512.0, 544.0, 0.005333333333333333, 209.00728, 6000, 0, 1, 2864.0, 0.0, 1620.0, 0.47733333333333333, 5462, 0, 0
LOSS, -42.0, -512.0, 512.0, -0.007, 225.00104, 6000, 0, 1, 4254.0, 0.0, 1536.0, 0.709, 5479, 0, 0
LOSS, 42.0, -512.0, 554.0, 0.007, 209.01186, 6000, 0, 2, 1086.0, 0.0, 1024.0, 0.181, 5482, 0, 0
LOSS, 0.0, -512.0, 512.0, 0.0, 209.0017, 6000, 0, 2, 2602.0, 0.0, 1536.0, 0.43366666666666664, 5481, 0, 0
LOSS, -12.0, -512.0, 512.0, -0.002, 225.18791, 6000, 0, 3, 4302.0, 0.0, 1536.0, 0.717, 5519, 0, 0
LOSS, 12.0, -512.0, 524.0, 0.002, 177.0002, 6000, 0, 0, 1084.0, 0.0, 1024.0, 0.18066666666666667, 5521, 0, 0
LOSS, -42.0, -512.0, 512.0, -0.007, 225.1154, 6000, 0, 1, 5926.0, 0.0, 1620.0, 0.9876666666666667, 5525, 0, 0
LOSS, 0.0, -512.0, 554.0, 0.0, 195.53067, 6000, 0, 0, 4492.0, 0.0, 1620.0, 0.7486666666666667, 5546, 0, 0
LOSS, 42.0, -512.0, 554.0, 0.007, 193.00046, 6000, 0, 2, 2644.0, 0.0, 1620.0, 0.44066666666666665, 5547, 0, 0
LOSS, 0.0, -512.0, 512.0, 0.0, 193.00233, 6000, 0, 2, 2602.0, 0.0, 1536.0, 0.43366666666666664, 5548, 0, 0
LOSS, -42.0, -512.0, 512.0, -0.007, 177.0, 6000, 0, 0, 4318.0, 0.0, 1620.0, 0.7196666666666667, 5554, 0, 0
LOSS, 10.0, -512.0, 554.0, 0.0016666666666666668, 213.84796, 6000, 0, 2, 10942.0, 0.0, 1620.0, 1.8236666666666668, 5601, 0, 0
LOSS, 32.0, -512.0, 544.0, 0.005333333333333333, 209.0038, 6000, 0, 2, 2634.0, 0.0, 1600.0, 0.439, 5604, 0, 0
LOSS, 0.0, -512.0, 512.0, 0.0, 209.35997, 6000, 0, 2, 2592.0, 0.0, 1536.0, 0.432, 5605, 0, 0
LOSS, 0.0, -512.0, 512.0, 0.0, 209.00005, 6000, 0, 1, 2560.0, 0.0, 1536.0, 0.4266666666666667, 5608, 0, 0
LOSS, 0.0, -512.0, 512.0, 0.0, 177.01186, 6000, 0, 0, 2560.0, 0.0, 1536.0, 0.4266666666666667, 5610, 0, 0
LOSS, -42.0, -512.0, 512.0, -0.007, 229.12076, 6000, 0, 0, 4306.0, 0.0, 1620.0, 0.7176666666666667, 5624, 0, 0
LOSS, 0.0, -512.0, 554.0, 0.0, 193.35997, 6000, 0, 0, 1192.0, 0.0, 1024.0, 0.19866666666666666, 5627, 0, 0
LOSS, 42.0, -512.0, 554.0, 0.007, 193.0, 6000, 0, 2, 2644.0, 0.0, 1620.0, 0.44066666666666665, 5628, 0, 0
LOSS, 0.0, -512.0, 512.0, 0.0, 234.41895, 6000, 0, 2, 2602.0, 0.0, 1536.0, 0.43366666666666664, 5631, 0, 0
LOSS, -42.0, -512.0, 512.0, -0.007, 213.12076, 6000, 0, 0, 1232.0, 0.0, 1024.0, 0.20533333333333334, 5634, 0, 0
LOSS, 42.0, -512.0, 554.0, 0.007, 225.00323, 6000, 0, 1, 7504.0, 0.0, 1620.0, 1.2506666666666666, 5659, 0, 0
LOSS, 0.0, -512.0, 512.0, 0.0, 207.49287, 6000, 0, 2, 1090.0, 0.0, 1024.0, 0.18166666666666667, 5661, 0, 0
LOSS, 0.0, -512.0, 512.0, 0.0, 209.02272, 6000, 0, 2, 4096.0, 0.0, 1536.0, 0.6826666666666666, 5661, 0, 0
LOSS, -84.0, -512.0, 512.0, -0.014, 206.72717, 6000, 0, 1, 6052.0, 0.0, 1620.0, 1.0086666666666666, 5671, 0, 0
LOSS, 84.0, -512.0, 596.0, 0.014, 177.0017, 6000, 0, 0, 2812.0, 0.0, 1704.0, 0.4686666666666667, 5674, 0, 0
LOSS, 10.0, -512.0, 512.0, 0.0016666666666666668, 227.53067, 6000, 0, 2, 2580.0, 0.0, 1536.0, 0.43, 5675, 0, 0
LOSS, 0.0, -512.0, 502.0, 0.0, 193.00858, 6000, 0, 1, 4314.0, 0.0, 1620.0, 0.719, 5696, 0, 0
LOSS, -10.0, -512.0, 502.0, -0.0016666666666666668, 193.01932, 6000, 0, 2, 2540.0, 0.0, 1516.0, 0.42333333333333334, 5700, 0, 0
LOSS, 0.0, -512.0, 512.0, 0.0, 193.15971, 6000, 0, 2, 2570.0, 0.0, 1536.0, 0.42833333333333334, 5703, 0, 0
LOSS, -42.0, -512.0, 512.0, -0.007, 177.00002, 6000, 0, 0, 4338.0, 0.0, 1620.0, 0.723, 5708, 0, 0
LOSS, -32.0, -512.0, 554.0, -0.005333333333333333, 212.50266, 6000, 0, 1, 7828.0, 0.0, 1620.0, 1.3046666666666666, 5760, 0, 0
LOSS, 74.0, -512.0, 586.0, 0.012333333333333333, 209.00009, 6000, 0, 2, 2740.0, 0.0, 1684.0, 0.45666666666666667, 5762, 0, 0
LOSS, 0.0, -512.0, 512.0, 0.0, 209.0062, 6000, 0, 1, 1150.0, 0.0, 1024.0, 0.19166666666666668, 5763, 0, 0
LOSS, 0.0, -512.0, 512.0, 0.0, 209.00015, 6000, 0, 1, 2560.0, 0.0, 1536.0, 0.4266666666666667, 5780, 0, 0
LOSS, 0.0, -512.0, 512.0, 0.0, 178.12286, 6000, 0, 0, 2560.0, 0.0, 1536.0, 0.4266666666666667, 5782, 0, 0
LOSS, -42.0, -512.0, 512.0, -0.007, 225.00017, 6000, 0, 0, 2686.0, 0.0, 1536.0, 0.44766666666666666, 5789, 0, 0
LOSS, 42.0, -512.0, 554.0, 0.007, 166.88538, 6000, 0, 2, 1150.0, 0.0, 1024.0, 0.19166666666666668, 5793, 0, 0
LOSS, 0.0, -512.0, 512.0, 0.0, 193.0, 6000, 0, 2, 2602.0, 0.0, 1536.0, 0.43366666666666664, 5796, 0, 0
LOSS, 0.0, -512.0, 512.0, 0.0, 226.8284, 6000, 0, 2, 2560.0, 0.0, 1536.0, 0.4266666666666667, 5797, 0, 0
LOSS, 0.0, -512.0, 512.0, 0.0, 209.00003, 6000, 0, 1, 1044.0, 0.0, 1024.0, 0.174, 5813, 0, 0
LOSS, -42.0, -512.0, 512.0, -0.007, 227.53067, 6000, 0, 0, 2686.0, 0.0, 1536.0, 0.44766666666666666, 5814, 0, 0
LOSS, 42.0, -512.0, 554.0, 0.007, 212.50266, 6000, 0, 2, 1150.0, 0.0, 1024.0, 0.19166666666666668, 5817, 0, 0
LOSS, 0.0, -512.0, 512.0, 0.0, 214.70348, 6000, 0, 0, 2560.0, 0.0, 1536.0, 0.4266666666666667, 5818, 0, 0
LOSS, 10.0, -512.0, 512.0, 0.0016666666666666668, 225.0, 6000, 0, 3, 7450.0, 0.0, 1620.0, 1.2416666666666667, 5898, 0, 0
LOSS, -10.0, -512.0, 502.0, -0.0016666666666666668, 150.88538, 6000, 0, 0, 1118.0, 0.0, 1024.0, 0.18633333333333332, 5899, 0, 0
LOSS, -42.0, -512.0, 512.0, -0.007, 225.15971, 6000, 0, 0, 2686.0, 0.0, 1536.0, 0.44766666666666666, 5903, 0, 0
LOSS, 0.0, -512.0, 554.0, 0.0, 197.84796, 6000, 0, 0, 4516.0, 0.0, 1620.0, 0.7526666666666667, 5983, 0, 0
LOSS, 42.0, -512.0, 554.0, 0.007, 198.70348, 6000, 0, 2, 3198.0, 0.0, 1620.0, 0.533, 5984, 0, 0
LOSS, 0.0, -512.0, 512.0, 0.0, 198.70348, 6000, 0, 2, 1536.0, 0.0, 1024.0, 0.256, 5982, 0, 0
LOSS, -32.0, -512.0, 512.0, -0.005333333333333333, 177.00233, 6000, 0, 1, 3218.0, 0.0, 1536.0, 0.5363333333333333, 5987, 0, 0
LOSS, -10.0, -512.0, 544.0, -0.0016666666666666668, 212.50266, 6000, 0, 0, 3294.0, 0.0, 1600.0, 0.549, 6014, 0, 0
LOSS, 42.0, -512.0, 554.0, 0.007, 209.00027, 6000, 0, 2, 3198.0, 0.0, 1620.0, 0.533, 6018, 0, 0
LOSS, 0.0, -512.0, 512.0, 0.0, 209.00002, 6000, 0, 0, 3072.0, 0.0, 1536.0, 0.512, 6022, 0, 0
LOSS, -42.0, -512.0, 512.0, -0.007, 209.00006, 6000, 0, 0, 3198.0, 0.0, 1536.0, 0.533, 6032, 0, 0
LOSS, 42.0, -512.0, 554.0, 0.007, 177.58615, 6000, 0, 0, 1662.0, 0.0, 1024.0, 0.277, 6033, 0, 0
LOSS, 0.0, -512.0, 512.0, 0.0, 225.00005, 6000, 0, 1, 4692.0, 0.0, 1620.0, 0.782, 6049, 0, 0
LOSS, -32.0, -512.0, 512.0, -0.005333333333333333, 193.08337, 6000, 0, 1, 1766.0, 0.0, 1024.0, 0.29433333333333334, 6058, 0, 0
LOSS, 32.0, -512.0, 544.0, 0.005333333333333333, 174.72717, 6000, 0, 2, 3168.0, 0.0, 1600.0, 0.528, 6061, 0, 0
LOSS, -42.0, -512.0, 512.0, -0.007, 226.8284, 6000, 0, 0, 3198.0, 0.0, 1536.0, 0.533, 6064, 0, 0
LOSS, 42.0, -512.0, 554.0, 0.007, 210.8284, 6000, 0, 1, 1662.0, 0.0, 1024.0, 0.277, 6069, 0, 0
LOSS, -42.0, -512.0, 512.0, -0.007, 225.0038, 6000, 0, 0, 3198.0, 0.0, 1536.0, 0.533, 6074, 0, 0
LOSS, 42.0, -512.0, 554.0, 0.007, 209.49823, 6000, 0, 2, 1578.0, 0.0, 1024.0, 0.263, 6073, 0, 0
LOSS, 0.0, -512.0, 512.0, 0.0, 209.91234, 6000, 0, 2, 3072.0, 0.0, 1536.0, 0.512, 6073, 0, 0
LOSS, -32.0, -512.0, 512.0, -0.005333333333333333, 223.49287, 6000, 0, 1, 6458.0, 0.0, 1620.0, 1.0763333333333334, 6102, 0, 0
LOSS, 32.0, -512.0, 544.0, 0.005333333333333333, 177.18791, 6000, 0, 0, 3168.0, 0.0, 1600.0, 0.528, 6109, 0, 0
LOSS, 0.0, -512.0, 512.0, 0.0, 225.00005, 6000, 0, 2, 3072.0, 0.0, 1536.0, 0.512, 6111, 0, 0
LOSS, -42.0, -512.0, 512.0, -0.007, 193.09808, 6000, 0, 0, 3346.0, 0.0, 1600.0, 0.5576666666666666, 6138, 0, 0
LOSS, 42.0, -512.0, 554.0, 0.007, 193.00728, 6000, 0, 2, 3198.0, 0.0, 1620.0, 0.533, 6137, 0, 0
LOSS, 0.0, -512.0, 512.0, 0.0, 193.81128, 6000, 0, 2, 3072.0, 0.0, 1536.0, 0.512, 6139, 0, 0
LOSS, -42.0, -512.0, 512.0, -0.007, 177.0, 6000, 0, 0, 4818.0, 0.0, 1620.0, 0.803, 6143, 0, 0
LOSS, 0.0, -512.0, 554.0, 0.0, 209.00233, 6000, 0, 1, 3324.0, 0.0, 1620.0, 0.554, 6151, 0, 0
LOSS, 42.0, -512.0, 554.0, 0.007, 209.00015, 6000, 0, 2, 4798.0, 0.0, 1620.0, 0.7996666666666666, 6153, 0, 0
LOSS, 0.0, -512.0, 512.0, 0.0, 218.41895, 6000, 0, 1, 3072.0, 0.0, 1536.0, 0.512, 6154, 0, 0
LOSS, -42.0, -512.0, 512.0, -0.007, 182.88538, 6000, 0, 0, 3282.0, 0.0, 1620.0, 0.547, 6176, 0, 0
LOSS, 42.0, -512.0, 554.0, 0.007, 153.50256, 6000, 0, 0, 3198.0, 0.0, 1620.0, 0.533, 6178, 0, 0
LOSS, 0.0, -512.0, 512.0, 0.0, 198.88538, 6000, 0, 1, 3072.0, 0.0, 1536.0, 0.512, 6199, 0, 0
LOSS, -42.0, -512.0, 512.0, -0.007, 202.28716, 6000, 0, 0, 3198.0, 0.0, 1536.0, 0.533, 6203, 0, 0
LOSS, 42.0, -512.0, 554.0, 0.007, 193.30597, 6000, 0, 2, 1662.0, 0.0, 1024.0, 0.277, 6204, 0, 0
LOSS, -42.0, -512.0, 512.0, -0.007, 225.09808, 6000, 0, 0, 1662.0, 0.0, 1024.0, 0.277, 6206, 0, 0
LOSS, 0.0, -512.0, 554.0, 0.0, 209.0002, 6000, 0, 0, 1788.0, 0.0, 1024.0, 0.298, 6210, 0, 0
