WIN , 32835.15000152588, -38.84771728515625, 154.0, 6.268642611975158, 209.7, 5237, 50, 37, 1.05613130142908272E17, 0.0, 1.7844314297589732E16, 2.0162873261341785E13, 3529, 0, 0
WIN , 9439.349998474121, -20244.150003433228, 80.059814453125, 2.4833859506640676, 191.0, 3801, 146, 35, 3.315114901069728E17, 0.0, 1.06780894877365072E17, 8.721691399815122E13, 5774, 0, 0
WIN , 8832.345001220703, -20247.500007629395, 83.63277435302734, 4.297978102783797, 146.31, 2055, 263, 30, 2.733716746753088E16, 0.0, 1.2634368863673542E16, 1.3302757891742521E13, 6934, 0, 0
LOSS, -5257.459259033203, -20272.845001220703, 57.75462341308594, -12.141938242570907, 207.0, 433, 371, 11, 309354.6707510725, 1.4928005185765869E-5, 263369.79634536617, 714.4449670925462, 7216, 0, 0
WIN , 18485.916763305664, -10868.385744094849, 64.52359771728516, 15.62630326568526, 169.39499, 1183, 321, 29, 46658.93663429243, 0.0, 21813.076099395752, 39.44119749306207, 7935, 0, 0
WIN , 9307.197494506836, -20261.302505493164, 83.56201171875, 7.088497710972457, 175.0, 1313, 312, 28, 2.4151445290458528E16, 0.0, 1.0042002669993648E16, 1.839409389981609E13, 8647, 0, 0
WIN , 6732.650001525879, -20252.499996185303, 83.8399429321289, 7.358087433361616, 209.7, 915, 339, 19, 957235.8190881942, 0.0, 853087.0950949173, 1046.1593651237094, 9140, 0, 0
LOSS, 2689.948631286621, -20241.15000152588, 60.132667541503906, 2.9206825529713583, 207.0, 921, 338, 16, 2.887340073574971E14, 0.0, 2.8873400540980506E14, 3.135005508767613E11, 9625, 0, 0
LOSS, 6731.22705078125, -16281.0986328125, 67.0015640258789, 9.059524967404105, 175.0, 743, 350, 22, 87216.64149115609, 0.0, 32649.70819091797, 117.38444346050618, 9980, 0, 0
WIN , 11020.17431640625, -16762.32568359375, 64.30640411376953, 11.798901837694057, 207.0, 934, 337, 14, 1182055.3677342224, 0.0, 1081265.0506220635, 1265.583905497026, 10420, 0, 0
LOSS, -11541.781433105469, -20242.5, 61.431175231933594, -35.081402532235465, 212.16809, 329, 378, 6, 77913.27756340872, 0.0, 40604.053503048104, 236.81847283710854, 10608, 0, 0
LOSS, 4946.158821105957, -6390.718566894531, 62.0391845703125, 13.514095139633762, 218.9276, 366, 375, 6, 1111868.1514856361, 0.0, 1081265.0494013603, 3037.8911242776944, 10770, 0, 0
LOSS, 6568.821830749512, -8342.877391815186, 62.497169494628906, 10.328336211870301, 159.0, 636, 357, 9, 1222717.6611682815, 0.0, 1182823.0387799654, 1922.5120458620777, 11091, 0, 0
LOSS, 744.4422836303711, -10685.69921875, 58.6907958984375, 1.9186656794597192, 201.8, 388, 374, 7, 1.549387274391188E15, 0.0, 1.5493872743377682E15, 3.993266171111309E12, 11306, 0, 0
WIN , 19487.552047729492, -8370.141502380371, 73.35552978515625, 15.817818220559653, 136.6129, 1232, 317, 28, 9.03453295985821E14, 0.0, 6.060288552285738E14, 7.333224805079716E11, 12004, 0, 0
LOSS, -3745.5435485839844, -20277.693550109863, 64.7298355102539, -6.221833137182698, 177.7, 602, 359, 8, 50211.54543774395, 0.0, 21448.297592163086, 83.40788278695008, 12338, 0, 0
WIN , 14906.349998474121, -11832.150001525879, 69.6690902709961, 17.959457829486894, 175.0, 830, 344, 28, 4.50522195438303E15, 0.0, 2.4069111212052605E15, 5.427978258292808E12, 12759, 0, 0
LOSS, -12262.349998474121, -20258.5, 64.74234771728516, -43.79410713740757, 209.7, 280, 381, 4, 2.2286252587081205E15, 0.0, 2.2286252586965025E15, 7.959375923957573E12, 12914, 0, 0
LOSS, 16091.263328552246, -5736.150001525879, 73.2735366821289, 22.954726574254273, 207.0, 701, 353, 16, 29168.96039405316, 0.0, 12191.999389648438, 41.61049984886328, 13314, 0, 0
LOSS, -34912.358253479004, -16497.413330078125, 53.907997131347656, -5.818726375579834, 198.55, 6000, 0, 7, 1.5750411762630052E16, 0.0, 1.4314021527321568E16, 2.625068627105009E12, 13945, 0, 0
WIN , 24197.83689880371, -3025.055076599121, 79.98206329345703, 24.222058957761472, 146.21605, 999, 333, 27, 1.5090988149041825E15, 0.0, 1.5090988148504025E15, 1.510609424328511E12, 14471, 0, 0
LOSS, -12366.69800567627, -20272.891975402832, 68.91011810302734, -56.98939173122705, 186.448, 217, 385, 4, 52264.08047207041, 0.0, 40647.193866729736, 240.84829710631527, 14601, 0, 0
LOSS, -306.6939697265625, -6076.1939697265625, 57.71754455566406, -1.406853072140195, 223.0, 218, 385, 5, 1.5087452117502598E16, 0.0, 1.508745211748739E16, 6.920849595184678E13, 14724, 0, 0
LOSS, 9679.458740234375, -4369.5, 66.3320083618164, 20.86090245740167, 207.0, 464, 369, 6, 6.125739411211984E15, 0.0, 6.125739410859584E15, 1.3202024593129275E13, 14971, 0, 0
LOSS, 5176.437255859375, -10888.958740234375, 69.6898422241211, 8.444432717551999, 223.0, 613, 359, 9, 1220199.1580314368, 0.0, 1182823.0387799654, 1990.5369625308922, 15218, 0, 0
WIN , 14339.391502380371, -12755.39599609375, 67.63762664794922, 13.314198238050484, 122.425, 1077, 328, 20, 3.993219928108686E15, 0.0, 3.9932199280739295E15, 3.7077250957369414E12, 15756, 0, 0
LOSS, -9430.135841369629, -20284.78749847412, 70.0987777709961, -24.117994479206214, 210.42984, 391, 373, 6, 27446.20526982545, 0.0, 16841.346786499023, 70.19489838830037, 15909, 0, 0
LOSS, 15784.688430786133, -8504.651657104492, 68.4139175415039, 16.918208393125543, 223.0, 933, 337, 22, 1.5087452117605864E16, 0.0, 1.508745211748739E16, 1.6170902591217432E13, 16314, 0, 0
LOSS, -1570.41015625, -18539.340087890625, 66.0747299194336, -2.886783375459559, 223.0, 544, 363, 8, 56099.022285886684, 0.0, 37130.62526702881, 103.12320273140935, 16567, 0, 0
LOSS, 7500.63671875, -12308.929931640625, 83.82466888427734, 7.545912191901408, 207.0, 994, 333, 15, 54727.3910760764, 0.0, 33625.40274810791, 55.0577375010829, 16966, 0, 0
LOSS, 8285.67822265625, -15566.56665802002, 68.1850357055664, 7.898644635515968, 191.0, 1049, 330, 24, 3.53572681538364E15, 0.0, 3.535726815336295E15, 3.370568937448656E12, 17403, 0, 0
LOSS, -3909.696533203125, -18945.244873046875, 69.4747085571289, -6.398848663180237, 175.0, 611, 359, 10, 11031.760796419196, 0.0, 4899.80615234375, 18.05525498595613, 17672, 0, 0
LOSS, 2877.95849609375, -11482.548347473145, 68.5597915649414, 5.300107727612799, 159.0, 543, 363, 8, 34451.18264862809, 0.0, 23082.19187070842, 63.44600856100938, 17917, 0, 0
LOSS, 9251.826416015625, -10633.5068359375, 69.1649398803711, 9.821471779209793, 207.0, 942, 337, 17, 2.8291083814621716E16, 0.0, 2.8291083814554004E16, 3.0032997680065516E13, 18294, 0, 0
LOSS, 6716.467239379883, -15645.333251953125, 67.22724151611328, 6.360290946382465, 164.4, 1056, 329, 20, 291085.10337953165, 0.0, 264936.63308228645, 275.648772139708, 18756, 0, 0
LOSS, -9953.648147583008, -17121.800491333008, 70.4640884399414, -44.63519348691932, 223.0, 223, 385, 4, 43306.37006916524, 0.0, 34271.9059753418, 194.1989689200235, 18868, 0, 0
LOSS, 15992.981140136719, -5298.15234375, 68.21036529541016, 16.55588109745002, 193.14368, 966, 335, 12, 128814.89010982554, 0.0, 64296.48804381862, 133.3487475256993, 19260, 0, 0
LOSS, 1722.3174438476562, -16331.133483886719, 63.321533203125, 2.70804629535795, 207.0, 636, 357, 10, 3.317402226203738E15, 0.0, 3.3174022261446025E15, 5.216041236169399E12, 19586, 0, 0
LOSS, 11164.839111328125, -13493.450927734375, 70.1610336303711, 10.829135898475387, 196.5332, 1031, 331, 13, 5.237299134771056E14, 0.0, 5.23442439694352E14, 5.079824573007814E11, 20030, 0, 0
WIN , 7532.509960174561, -19068.2900390625, 89.7906265258789, 8.37876525047226, 110.4, 899, 340, 21, 2.0469060188733392E16, 0.0, 1.0148060169160164E16, 2.2768698763885863E13, 20481, 0, 0
WIN , 6365.765949249268, -20290.79999923706, 69.4014663696289, 7.829970417280772, 198.8681, 813, 345, 17, 35623.26662702041, 0.0, 27060.989227294922, 43.81705612179633, 20865, 0, 0
LOSS, -6994.092315673828, -20246.565948486328, 69.5180435180664, -21.856538486480712, 223.0, 320, 378, 7, 23418.825165574286, 0.0, 21455.982986450195, 73.18382864241964, 21022, 0, 0
LOSS, 430.0660400390625, -10352.4736328125, 65.30728912353516, 1.1317527369449014, 207.0, 380, 374, 6, 84968.868074199, 0.0, 32655.114501953125, 223.60228440578683, 21219, 0, 0
LOSS, -642.8785400390625, -8022.5396728515625, 68.1175765991211, -3.383571263363487, 223.0, 190, 387, 5, 19714.39708234964, 0.0, 16133.760925292969, 103.75998464394546, 21326, 0, 0
LOSS, 11536.123779296875, -5779.6611328125, 67.0921859741211, 22.270509226441845, 207.0, 518, 365, 6, 26546.742571688508, 0.0, 11643.325500488281, 51.24853778318245, 21601, 0, 0
WIN , 13915.62459564209, -13275.784912109375, 71.0130844116211, 14.979143805858008, 129.18098, 929, 338, 17, 533419.7364810441, 0.0, 498053.8787867017, 574.18701451135, 22056, 0, 0
WIN , 5503.892997741699, -20281.409507751465, 70.5196304321289, 7.478115486062092, 201.39499, 736, 350, 28, 4.764351711019518E15, 0.0, 3.0009123492071545E15, 6.4733039551895625E12, 22447, 0, 0
WIN , 6707.197494506836, -20251.30250930786, 67.5533218383789, 7.46073136207657, 207.0, 899, 340, 23, 1.9323227760218232E15, 0.0, 1.932285719581047E15, 2.1494135439619836E12, 22864, 0, 0
LOSS, 1331.4794921875, -20248.500003814697, 66.6475601196289, 1.7705844311003989, 207.0, 752, 349, 16, 1.0042002670080156E16, 0.0, 1.0042002669993648E16, 1.3353726954893824E13, 23212, 0, 0
LOSS, -677.855224609375, -16273.9794921875, 68.5002670288086, -1.096853114254652, 207.0, 618, 358, 11, 17302.385598093406, 0.0, 7042.600341796875, 27.99738769918027, 23468, 0, 0
LOSS, -4815.2283935546875, -11982.124271392822, 68.7041244506836, -17.197244262695314, 223.0, 280, 381, 5, 33797.08541659953, 0.0, 23946.823616027832, 120.70387648785548, 23589, 0, 0
LOSS, 5612.6253662109375, -5786.895877838135, 69.9626693725586, 15.251699364703635, 191.0, 368, 375, 8, 7.188323891506071E15, 0.0, 5.144410754122722E15, 1.9533488835614324E13, 23748, 0, 0
WIN , 17793.377471923828, -8619.521244049072, 70.5245132446289, 23.505122155777844, 138.20258, 757, 349, 20, 14926.056105369327, 0.0, 6725.4691162109375, 19.717379267330685, 24070, 0, 0
WIN , 6289.99324798584, -20282.8987159729, 69.86121368408203, 7.339548714102497, 178.21608, 857, 342, 28, 127803.13519441368, 0.0, 40663.782413482666, 149.12851247889577, 24507, 0, 0
WIN , 7280.258041381836, -20256.891960144043, 77.0894546508789, 6.523528710915624, 177.7, 1116, 325, 21, 1.607241349271782E14, 0.0, 1.279754307955628E14, 1.440180420494428E11, 25015, 0, 0
LOSS, -5159.941505432129, -20263.150005340576, 62.4090576171875, -5.542364667488861, 175.0, 931, 337, 12, 6.12573670623423E15, 0.0, 6.125736706200058E15, 6.579738674795091E12, 25387, 0, 0
LOSS, 2016.70263671875, -11373.208499908447, 68.11498260498047, 4.668293140552662, 207.0, 432, 371, 12, 14032.8593534037, 0.0, 8889.941505432129, 32.48347072547153, 25582, 0, 0
LOSS, 2426.541748046875, -9949.911136627197, 63.4429931640625, 5.489913457119627, 207.0, 442, 370, 10, 54269.031621060494, 0.0, 19973.232093811035, 122.78061452728619, 25812, 0, 0
LOSS, 15823.697120666504, -8956.452884674072, 69.5970687866211, 22.833617778739544, 193.7, 693, 353, 17, 1.2655074421653703E14, 0.0, 1.265507427411452E14, 1.8261290651736945E11, 26164, 0, 0
LOSS, -6712.083229064941, -19110.150005340576, 70.0984878540039, -16.291464148215876, 191.0, 412, 372, 5, 1.2528696741330626E16, 0.0, 1.2528696739491564E16, 3.0409458110025793E13, 26390, 0, 0
LOSS, 5231.6407470703125, -9418.066776275635, 70.1827163696289, 11.944385267283819, 175.0, 438, 370, 4, 15663.281994096944, 0.0, 9692.083229064941, 35.76091779474188, 26616, 0, 0
LOSS, 13591.795654296875, -10709.707523345947, 71.0344467163086, 16.27759958598428, 175.0, 835, 344, 19, 4.7780252043871444E14, 0.0, 4.7780252033138025E14, 5.722185873517538E11, 26989, 0, 0
LOSS, -6436.332763671875, -18151.503177642822, 68.8082046508789, -18.819686443485015, 223.0, 342, 377, 6, 70822.1766356775, 0.0, 36393.42305755615, 207.08238782361843, 27163, 0, 0
LOSS, 11199.262649536133, -9015.170413970947, 68.0892105102539, 24.399265031669135, 180.4, 459, 369, 7, 6.509243786498496E15, 0.0, 6.125736706200055E15, 1.4181359011979295E13, 27410, 0, 0
LOSS, 6278.733200073242, -15978.433059692383, 69.34529876708984, 8.577504371684757, 191.0, 732, 351, 17, 101599.08606020399, 0.0, 23688.93952178955, 138.79656565601638, 27738, 0, 0
LOSS, -2624.665771484375, -16823.166263580322, 66.6860122680664, -6.019875622670585, 223.0, 436, 370, 3, 1.8311265437275726E7, 0.0, 1.8213076308292918E7, 41998.315223109465, 27916, 0, 0
LOSS, 9593.5595703125, -10858.500492095947, 68.0843276977539, 17.635219798368567, 223.0, 544, 363, 13, 73321.22972117217, 0.0, 21720.640953063965, 134.7816722815665, 28176, 0, 0
LOSS, 6756.908935546875, -15692.060062408447, 68.7303695678711, 8.855712890625, 175.0, 763, 349, 18, 9.056072066907405E13, 0.0, 9.056072056540616E13, 1.1869032853089653E11, 28524, 0, 0
WIN , 9871.946006774902, -16778.968997955322, 70.0298080444336, 8.28878757915609, 142.17, 1191, 320, 30, 1.2214216992187535E15, 0.0, 7.460508651011508E14, 1.0255429884288442E12, 28968, 0, 0
LOSS, -5759.261680603027, -20274.915000915527, 68.92264556884766, -7.987880278228887, 175.0, 721, 351, 7, 1031817.6194797249, 0.0, 867561.9315008167, 1431.0923987236129, 29182, 0, 0
LOSS, 1355.7449264526367, -11631.653324127197, 68.4862289428711, 3.5490704880959076, 138.16225, 382, 374, 11, 7.329981626058729E14, 0.0, 7.329981625746806E14, 1.918843357606997E12, 29330, 0, 0
LOSS, 5319.226997375488, -9867.398250579834, 69.77391815185547, 10.789507094067927, 175.0, 493, 367, 12, 2.380831294055844E16, 0.0, 2.3577332441225052E16, 4.829272401735992E13, 29544, 0, 0
LOSS, 11551.235107421875, -11476.625247955322, 68.5680160522461, 12.501336696344021, 207.0, 924, 338, 23, 1.958213915868756E15, 0.0, 8.65377730660274E14, 2.1192791297280908E12, 29885, 0, 0
LOSS, -531.41650390625, -17367.860355377197, 70.8211441040039, -1.1211318647811181, 191.0, 474, 368, 5, 51565.33259660831, 0.0, 25620.29638671875, 108.78762151183187, 30119, 0, 0
WIN , 11710.737030029297, -13010.44384765625, 69.7276840209961, 7.506882711557242, 169.63824, 1560, 296, 15, 3.3685600068793475E14, 0.0, 3.368559997579444E14, 2.1593333377431714E11, 30549, 0, 0
LOSS, -10495.08334350586, -20267.180881500244, 67.78067779541016, -31.516766797314894, 186.448, 333, 377, 8, 3.2267761826971392E16, 0.0, 2.2623838841574868E16, 9.690018566658075E13, 30684, 0, 0
WIN , 18852.402465820312, -7242.097537994385, 80.501708984375, 24.708260112477475, 175.0, 763, 349, 21, 1.8104567745793988E16, 0.0, 1.4666107787288554E16, 2.3728135970896445E13, 31035, 0, 0
LOSS, -8060.451904296875, -20264.500003814697, 66.4845962524414, -19.564203651206007, 207.0, 412, 372, 4, 6.016240497745121E14, 0.0, 5.110633283312746E14, 1.4602525479963887E12, 31217, 0, 0
LOSS, 10978.101905822754, -9484.048099517822, 71.66951751708984, 20.558243269331, 209.7, 534, 364, 10, 479061.93575156224, 0.0, 228550.855283982, 897.1197298718394, 31479, 0, 0
LOSS, -35367.58560180664, -16062.150005340576, 60.86473083496094, -5.894597600301107, 230.87096, 6000, 0, 7, 8.243721186920488E14, 0.0, 6.920022908807991E14, 1.3739535311534146E11, 31818, 0, 0
LOSS, 19099.961235046387, -3014.5644035339355, 71.7772445678711, 30.60891223565126, 175.0, 624, 358, 18, 7.965488755982928E15, 0.0, 7.851636559332883E15, 1.276520633971623E13, 32123, 0, 0
WIN , 10121.974365234375, -17034.525638580322, 90.9798355102539, 9.037477111816406, 191.0, 1120, 325, 32, 6.076284468951116E15, 0.0, 4.3356278059811515E15, 5.425253990134925E12, 32619, 0, 0
WIN , 6370.0, -20256.500003814697, 83.3166732788086, 5.116465863453815, 191.0, 1245, 317, 30, 7.999696001993572E15, 0.0, 7.999696001927192E15, 6.425458636139415E12, 33118, 0, 0
LOSS, -5511.0, -20256.500003814697, 70.1073226928711, -10.912871287128713, 223.0, 505, 366, 12, 6.40172354626791E14, 0.0, 6.401723545852252E14, 1.2676680289639426E12, 33331, 0, 0
LOSS, 5398.302734375, -11335.500003814697, 70.30265045166016, 8.279605420820552, 207.0, 652, 356, 12, 117549.54469745951, 0.0, 38856.707061935216, 180.29071272616488, 33638, 0, 0
WIN , 14199.833679199219, -13313.802738189697, 63.922950744628906, 15.434601825216543, 156.72717, 920, 338, 19, 1.6801508709286555E15, 0.0, 1.5662260098176125E15, 1.826250946661582E12, 34037, 0, 0
LOSS, -11864.322010040283, -20273.636417388916, 69.5204849243164, -60.53225515326675, 119.9, 196, 386, 5, 31191.3785875672, 0.0, 23056.852882385254, 159.13968667126122, 34141, 0, 0
LOSS, 18147.68095779419, -6629.314407348633, 71.2242660522461, 18.96309399978494, 223.0, 957, 336, 24, 117492.71332810161, 0.0, 27090.386657714844, 122.77190525402467, 34515, 0, 0
LOSS, -1089.3584594726562, -18666.995365142822, 68.4776840209961, -1.5408181887873498, 204.72717, 707, 352, 13, 34115.43617024728, 0.0, 18363.338989257812, 48.253799392146085, 34788, 0, 0
LOSS, 13437.138732910156, -13021.636901855469, 66.0970230102539, 15.67927506757311, 207.0, 857, 342, 17, 4.5662563152314928E16, 0.0, 2.2831281576123904E16, 5.328187065614344E13, 35169, 0, 0
LOSS, -11220.54411315918, -19554.775638580322, 66.6255874633789, -38.55857083559856, 196.4, 291, 380, 5, 7689.78703584295, 0.0, 5040.79052734375, 26.425385002896736, 35278, 0, 0
LOSS, 14522.096115112305, -6464.231525421143, 69.1838607788086, 23.347421406932966, 223.0, 622, 358, 16, 46674.55590241576, 0.0, 16136.32373046875, 75.03947894279061, 35551, 0, 0
WIN , 10708.17236328125, -16266.327640533447, 89.15771484375, 12.702458319432088, 175.0, 843, 343, 19, 3.330679996517432E14, 0.0, 3.3306799879377525E14, 3.9509845747537744E11, 35984, 0, 0
LOSS, 168.10204315185547, -20264.500003814697, 68.7892837524414, 0.29700007624002733, 208.19289, 566, 362, 15, 2478900.134580481, 0.0, 1335618.8002959322, 4379.682216573287, 36272, 0, 0
WIN , 11955.838478088379, -15552.602046966553, 66.4424819946289, 11.184133281654237, 187.11896, 1069, 328, 16, 2.281927468406434E16, 0.0, 2.2819274681915264E16, 2.134637482138853E13, 36712, 0, 0
LOSS, -11849.193099975586, -20252.440521240234, 62.561866760253906, -46.65036653533695, 219.55667, 254, 383, 8, 73845.2106575795, 0.0, 40572.9057598114, 290.72917581724215, 36836, 0, 0
LOSS, 2987.986587524414, -6249.247425079346, 71.1202163696289, 6.714576601178458, 223.0, 445, 370, 4, 47777.35448611095, 0.0, 22689.29940032959, 107.36484154182236, 36979, 0, 0
LOSS, 9528.991333007812, -7647.23401260376, 68.5292739868164, 18.684296731387867, 191.0, 510, 366, 3, 6.555684648268469E15, 0.0, 6.555684648155547E15, 1.2854283624055822E13, 37255, 0, 0
LOSS, 7638.925148010254, -13156.225345611572, 70.0658187866211, 12.838529660521434, 209.7, 595, 360, 15, 1.0117840542930634E11, 0.0, 9.58245863992474E10, 1.7004774021732157E8, 37518, 0, 0
LOSS, -37871.33963775635, -16065.150493621826, 60.75385284423828, -6.311889939626058, 233.03845, 6000, 0, 3, 1.7260864932298183E7, 0.0, 1.6051780646585304E7, 2876.8108220496974, 37735, 0, 0
LOSS, 8711.448303222656, -3013.8108558654785, 69.5958480834961, 20.741543579101563, 191.0, 420, 372, 9, 42744.93965974089, 0.0, 26015.832885742188, 101.77366585652594, 37936, 0, 0
WIN , 17279.640842437744, -8905.259159088135, 83.0086898803711, 23.070281498581767, 114.200005, 749, 350, 16, 3.954744799577815E15, 0.0, 3.95474479888411E15, 5.280033110250754E12, 38302, 0, 0
LOSS, -9754.14108657837, -20294.90000152588, 69.26612091064453, -29.030181805292766, 207.0, 336, 377, 7, 65647.26422252445, 0.0, 34802.20529174805, 195.37876256703706, 38446, 0, 0
LOSS, -6316.658912658691, -8140.75891494751, 60.83131408691406, -146.8990444804347, 185.8, 43, 397, 3, 27387.203022855883, 0.0, 15099.093383789062, 636.9116982059508, 38467, 0, 0
WIN , 25822.40000152588, -1428.099998474121, 68.1691665649414, 26.136032390208378, 191.0, 988, 334, 29, 4.752671819443438E14, 0.0, 4.150292726666319E14, 4.8103965783840466E11, 38918, 0, 0
WIN , 6822.441246032715, -20256.500003814697, 66.4083023071289, 7.128987717902524, 166.11751, 957, 336, 13, 110124.7391706166, 0.0, 40613.50354766846, 115.07287269656906, 39387, 0, 0
LOSS, -6731.268394470215, -20268.941249847412, 68.5149154663086, -13.516603201747419, 223.0, 498, 366, 11, 2224.2855969645448, 0.0, 110.84369196627058, 4.466436941695873, 39566, 0, 0
LOSS, 13416.95068359375, -10777.672855377197, 67.9478988647461, 10.296969058782617, 223.0, 1303, 313, 17, 827302.9456437792, 0.0, 432648.67066763423, 634.9216773935374, 40000, 0, 0
LOSS, 2075.935791015625, -18704.623538970947, 71.73665618896484, 2.276245384885554, 207.0, 912, 339, 14, 14095.093597662237, 0.0, 7926.95068359375, 15.455146488664733, 40325, 0, 0
WIN , 9894.590675354004, -15874.559326171875, 88.7972183227539, 10.639344812208606, 193.7, 930, 338, 18, 3.3682484496561508E16, 0.0, 3.3682484496484588E16, 3.62177252651199E13, 40666, 0, 0
LOSS, -13654.19750213623, -20255.150005340576, 70.2718276977539, -84.28516976627303, 172.095, 162, 389, 5, 2500.9927617780518, 0.0, 1550.526466369629, 15.438226924555876, 40748, 0, 0
LOSS, -1259.1841506958008, -5040.952503204346, 70.1445541381836, -0.2098640251159668, 217.1259, 6000, 0, 15, 7.288979559783977E15, 0.0, 7.288979559571115E15, 1.2148299266306628E12, 41618, 0, 0
WIN , 7462.731651306152, -18301.768352508545, 70.7677230834961, 8.842099112921982, 175.0, 844, 343, 12, 47032.808773875004, 0.0, 13930.474235534668, 55.726076746297394, 41985, 0, 0
LOSS, -121.001220703125, -20264.500003814697, 69.9886245727539, -0.1819567228618421, 207.0, 665, 355, 10, 3.7353960223757335E15, 0.0, 3.73539602235734E15, 5.617136875752982E12, 42268, 0, 0
LOSS, 73.4137191772461, -15670.498781204224, 66.4781723022461, 0.12094517162643507, 185.8, 607, 359, 14, 3.7538744730942795E15, 0.0, 1.8946724666289215E15, 6.184307204438682E12, 42516, 0, 0
WIN , 15072.837505340576, -11736.912502288818, 80.16508865356445, 11.31594407307851, 124.49999, 1332, 311, 24, 91467.16904324673, 0.0, 33639.139167785645, 68.66904582826331, 43005, 0, 0
LOSS, 94.31048202514648, -20289.750007629395, 69.8015365600586, 0.1021782037108846, 191.88, 923, 338, 11, 4.1511852942784255E15, 0.0, 4.1511852942146705E15, 4.497492193151057E12, 43295, 0, 0
LOSS, -3858.2557983398438, -16394.06048965454, 67.1113510131836, -8.554890905409852, 207.0, 451, 369, 8, 1.831217889070575E8, 0.0, 1.8284510861985016E8, 406035.0086630987, 43520, 0, 0
LOSS, 9225.395553588867, -9405.804691314697, 71.0262222290039, 12.777556168405633, 204.61465, 722, 351, 11, 237075.17715670605, 0.0, 110858.04559312295, 328.3589711311718, 43802, 0, 0
WIN , 12024.352005004883, -14671.200244903564, 69.9727554321289, 14.826574605431421, 132.89551, 811, 345, 20, 1547812.1097515328, 0.0, 1472381.320372968, 1908.5229466726669, 44195, 0, 0
LOSS, -6329.156494140625, -20285.552249908447, 69.4151840209961, -18.292359809654986, 175.0, 346, 376, 13, 7794.908172853173, 0.0, 5614.352005004883, 22.52863633772593, 44374, 0, 0
LOSS, 14429.56787109375, -10716.395755767822, 82.88126373291016, 16.585710196659484, 175.0, 870, 342, 21, 1417803.7115828055, 0.0, 655086.3984887823, 1629.6594386009258, 44756, 0, 0
LOSS, -3750.7724609375, -19005.963626861572, 70.51839447021484, -5.42803539933068, 223.0, 691, 353, 11, 2.0610625849162484E16, 0.0, 9.719392822753232E15, 2.9827244354793754E13, 45058, 0, 0
LOSS, -7196.423400878906, -12185.191165924072, 67.4727554321289, -66.63355000813802, 143.5, 108, 392, 1, 36688.544395102464, 0.0, 23573.296577453613, 339.7087443990969, 45116, 0, 0
LOSS, 7070.883605957031, -3982.7677612304688, 70.4872817993164, 20.43607978600298, 175.0, 346, 376, 6, 80041.55945426274, 0.0, 37419.07791137695, 231.33398686203103, 45287, 0, 0
WIN , 18493.34031677246, -8639.651371002197, 69.4173355102539, 15.071996998184565, 138.01663, 1227, 318, 18, 3.5184939535530694E14, 0.0, 3.5184939529631525E14, 2.8675582343545795E11, 45789, 0, 0
LOSS, -5885.887237548828, -20282.99168777466, 70.1036605834961, -12.470100079552601, 196.4, 472, 368, 17, 27753.149258232163, 0.0, 12582.995223999023, 58.79904503862746, 46050, 0, 0
LOSS, 7973.280563354492, -10997.10445022583, 69.5482406616211, 13.491168465912846, 175.0, 591, 360, 15, 6299774.583410471, 0.0, 6291237.999772135, 10659.517061608241, 46331, 0, 0
LOSS, -9058.661437988281, -14360.385013580322, 67.9360122680664, -67.6019510297633, 207.0, 134, 391, 2, 19675.016305326844, 1.525878906534217E-4, 9943.72587966919, 146.82847989049884, 46409, 0, 0
LOSS, 20642.533264160156, -4135.723571777344, 68.6055679321289, 22.734067471542023, 207.0, 908, 339, 13, 39211.79134553939, 0.0, 11719.622514724731, 43.18479223077025, 46751, 0, 0
LOSS, -5300.38037109375, -19424.256839752197, 67.1828384399414, -12.74129896897536, 175.5, 416, 372, 11, 7.522453368463856E13, 0.0, 7.522453366175684E13, 1.8082820597268884E11, 46962, 0, 0
LOSS, 6585.426528930664, -10643.876468658447, 71.9035873413086, 10.903024054520968, 201.39499, 604, 359, 11, 1005709.621675324, 0.0, 890526.0695165413, 1665.0821550915962, 47239, 0, 0
WIN , 12786.945724487305, -13183.302993774414, 81.51123046875, 11.119083238684613, 151.50256, 1150, 323, 19, 1.772147717543126E14, 0.0, 1.7721477166990912E14, 1.540998015254892E11, 47619, 0, 0
WIN , 6607.4448318481445, -20270.24871826172, 68.3800277709961, 8.716945688454016, 136.6129, 758, 349, 16, 115387.58525492944, 0.0, 32658.081665039062, 152.22636577167472, 47979, 0, 0
LOSS, -2462.1793899536133, -20280.693552017212, 60.15983581542969, -3.7590525037459743, 175.0, 655, 356, 16, 127410.19388065848, 0.0, 56989.39662636351, 194.51937997047096, 48240, 0, 0
LOSS, -13916.315391540527, -13045.51416015625, 70.4561538696289, -2.3193858985900877, 190.2675, 6000, 0, 22, 1.2528696739808384E16, 0.0, 1.2528696739491546E16, 2.0881161233013972E12, 48847, 0, 0
LOSS, 6040.293663024902, -16149.198768615723, 69.3651351928711, 9.278484889439174, 175.0, 651, 356, 15, 4.157892719533989E14, 0.0, 4.157892718573465E14, 6.386931980850981E11, 49148, 0, 0
LOSS, -5467.463134765625, -16699.492431640625, 66.1037368774414, -7.833041740351899, 223.0, 698, 353, 6, 34295.728778008095, 0.0, 22639.1552734375, 49.13428191691704, 49337, 0, 0
WIN , 17089.829093933105, -8752.029296875, 73.05953216552734, 12.87854490876647, 188.28322, 1327, 311, 14, 1285226.1256094642, 0.0, 1234141.431606622, 968.5200645135375, 49765, 0, 0
LOSS, -14312.21654510498, -20251.858390808105, 65.14563751220703, -50.93315496478641, 191.0, 281, 381, 4, 12746.554562644771, 0.0, 9618.661911010742, 45.361404137525874, 49906, 0, 0
WIN , 22004.005096435547, -4349.641845703125, 71.1656723022461, 28.392264640561997, 164.70612, 775, 348, 24, 47841.47307545321, 0.0, 16834.29261779785, 61.730933000584784, 50262, 0, 0
LOSS, 3453.322296142578, -20263.646942138672, 82.88126373291016, 2.897082463206861, 175.0, 1192, 320, 21, 8.331026230205549E14, 0.0, 8.32311608948832E14, 6.989115964937542E11, 50703, 0, 0
LOSS, -6434.4693603515625, -18179.9692401886, 70.05765533447266, -17.923312981480674, 223.0, 359, 376, 12, 3.4417790198884695E15, 0.0, 3.438469857682726E15, 9.587128189104371E12, 50862, 0, 0
LOSS, 7688.832740783691, -9009.499885559082, 69.4951400756836, 9.515882104930311, 165.33574, 808, 346, 8, 53955.849166199885, 0.0, 21545.199180603027, 66.77704104727708, 51101, 0, 0
LOSS, 10122.966209411621, -13361.332618713379, 70.5098648071289, 8.934656848553946, 191.0, 1133, 324, 19, 2.7905312549869095E15, 0.0, 2.566889404157193E15, 2.462957859653053E12, 51513, 0, 0
LOSS, 145.1374053955078, -18297.29883003235, 67.5884017944336, 0.16307573639944697, 177.14365, 890, 340, 13, 1.3533534595203064E16, 0.0, 1.1748557566385692E16, 1.5206218646295578E13, 51820, 0, 0
WIN , 12071.455726623535, -14282.436235427856, 68.4703598022461, 14.387909090135322, 210.21608, 839, 344, 20, 1.0999929529115205E15, 0.0, 9.674913578997038E14, 1.311076225162718E12, 52142, 0, 0
LOSS, -7310.3920822143555, -20243.89196205139, 67.2750015258789, -19.08718559324897, 207.0, 383, 374, 8, 80768.33587979666, 0.0, 40594.22346115112, 210.88338349816362, 52278, 0, 0
LOSS, 11469.385375976562, -9823.499879837036, 68.58075714111328, 12.959757486979166, 207.0, 885, 341, 22, 1.6975231911420058E15, 0.0, 1.6975231909887908E15, 1.9181053007254302E12, 52594, 0, 0
LOSS, -7529.9407958984375, -16299.88525390625, 67.6900405883789, -24.769542091771175, 207.0, 304, 379, 5, 1.1018525495771615E7, 0.0, 1.0996554886661083E7, 36245.14965714347, 52704, 0, 0
LOSS, 1542.555419921875, -7012.944459915161, 66.8059310913086, 3.6727509998139882, 223.0, 420, 372, 5, 9.625629786234176E15, 0.0, 5.474444488583106E15, 2.2918166157700418E13, 52878, 0, 0
LOSS, 4833.496337890625, -6455.499879837036, 71.1693344116211, 15.295874486995649, 191.0, 316, 378, 6, 5.880338823225387E15, 0.0, 5.880338823160727E15, 1.8608667162105656E13, 53013, 0, 0
LOSS, 110.7060317993164, -8628.996217727661, 66.64618682861328, 0.0327920710306032, 145.7, 3376, 174, 10, 5.109827820929456E15, 0.0, 3.395046381977593E15, 1.5135745915075403E12, 53258, 0, 0
LOSS, -413.6023712158203, -10699.702249526978, 62.7056884765625, -0.3909285172172215, 201.8, 1058, 329, 13, 6.231433453839824E14, 0.0, 4.157892718573505E14, 5.889823680377905E11, 53447, 0, 0
LOSS, 13642.096900939941, -8543.099876403809, 67.6937026977539, 22.548920497421392, 175.0, 605, 359, 10, 44022.98151662923, 0.0, 17116.119750976562, 72.76525870517229, 53681, 0, 0
LOSS, 3063.2822265625, -17198.1967792511, 67.4193344116211, 3.8677805890940657, 207.0, 792, 347, 19, 1.4302962827829045E15, 0.0, 7.58989049030142E14, 1.8059296499784148E12, 54021, 0, 0
LOSS, 870.400390625, -14741.479005813599, 66.9731674194336, 1.8479838442144374, 207.0, 471, 368, 12, 35752.20162460955, 0.0, 29584.807376861572, 75.90700981870393, 54231, 0, 0
LOSS, 2610.62060546875, -11981.879396438599, 68.3663101196289, 3.9435356578077796, 223.0, 662, 355, 13, 1.5391976997710981E12, 0.0, 1.5391976529111658E12, 2.3250720540348916E9, 54475, 0, 0
LOSS, 3430.498046875, -11492.500001907349, 67.3302230834961, 8.66287385574495, 223.0, 396, 373, 7, 139715.34018390655, 0.0, 40643.4167842865, 352.81651561592565, 54643, 0, 0
LOSS, -27191.95167541504, -11442.998048782349, 64.0688247680664, -4.531991945902506, 231.90701, 6000, 0, 4, 190352.82875104918, 0.0, 39842.807922409906, 31.725471458508196, 54882, 0, 0
WIN , 23516.45362854004, -3002.0463676452637, 70.91064453125, 27.962489451296122, 223.0, 841, 343, 15, 4.574759230922024E13, 0.0, 4.57475921280418E13, 5.439666148539862E10, 55215, 0, 0
WIN , 6372.491683959961, -20237.50000190735, 83.40864562988281, 3.2729798068618186, 138.01663, 1947, 270, 34, 4.915427138410652E12, 0.0, 4.915423925972403E12, 2.524615890298229E9, 55682, 0, 0
LOSS, 1114.047866821289, -20279.99168586731, 65.4039535522461, 1.201777634111423, 191.0, 927, 338, 16, 2.896516361428191E14, 0.0, 2.896516361347252E14, 3.124613119124263E11, 56054, 0, 0
LOSS, 4400.56396484375, -15904.039552688599, 63.156349182128906, 5.058119499820402, 191.0, 870, 342, 25, 724491.0931659883, 0.0, 603324.9822633183, 832.7483829494118, 56421, 0, 0
LOSS, 5075.92578125, -14941.603515625, 72.98284149169922, 9.347929615561695, 207.0, 543, 363, 17, 78334.4991883853, 0.0, 25835.090875459282, 144.26242944454017, 56671, 0, 0
LOSS, 3677.621192932129, -15310.529298782349, 66.29264068603516, 5.2612606479715724, 177.7, 699, 353, 14, 1502208.284265204, 0.0, 1463767.9916013323, 2149.0819517384894, 56961, 0, 0
LOSS, 9838.156883239746, -14318.150491714478, 68.4334487915039, 14.596671933590128, 223.0, 674, 355, 16, 4.157892720037858E14, 0.0, 4.157892718573425E14, 6.168980296792074E11, 57234, 0, 0
LOSS, 6830.04345703125, -18356.307374954224, 71.5086898803711, 5.696449922461426, 207.0, 1199, 320, 25, 1327624.7084916562, 0.0, 1219655.6961684888, 1107.276654288287, 57594, 0, 0
WIN , 7979.04704284668, -19056.350831985474, 66.93944549560547, 8.57040498694595, 167.20425, 931, 337, 20, 1607221.8914272017, 0.0, 1463767.889311997, 1726.3393033589707, 57953, 0, 0
LOSS, -172.0450897216797, -20262.397872924805, 67.72086334228516, -0.23995131062995773, 207.0, 717, 352, 14, 4.335627806153838E15, 0.0, 4.335627805981142E15, 6.046900705932828E12, 58234, 0, 0
LOSS, 862.762451171875, -15543.352785110474, 67.9527816772461, 1.1834875873413924, 207.0, 729, 351, 14, 1.2383635730333028E16, 0.0, 1.1450551990822722E16, 1.6987154636945168E13, 58450, 0, 0
LOSS, 4182.685256958008, -13016.115236282349, 68.2479019165039, 7.006172959728656, 196.4, 597, 360, 9, 53491.38728951361, 0.0, 38920.98941040039, 89.60031371777823, 58641, 0, 0
LOSS, 7711.940719604492, -13188.800493240356, 66.5562973022461, 5.746602622656105, 191.0, 1342, 310, 22, 39128.86528402126, 0.0, 26403.043494459504, 29.15712763339885, 58954, 0, 0
LOSS, -6297.2518310546875, -16300.741212844849, 60.915771484375, -13.779544488084655, 223.0, 457, 369, 7, 3.4384698666403125E15, 0.0, 3.438469857682726E15, 7.524004084552106E12, 59132, 0, 0
WIN , 19133.760620117188, -7270.4893798828125, 94.316650390625, 23.080531507982133, 143.5, 829, 344, 11, 4.9537520260571494E14, 0.0, 4.953752020213914E14, 5.975575423470626E11, 59460, 0, 0
WIN , 6852.900001525879, -20277.25000190735, 70.0755844116211, 7.190870935494102, 177.7, 953, 336, 28, 886634.2479132814, 0.0, 819710.0739416796, 930.3612255123625, 59868, 0, 0
LOSS, 900.6967468261719, -20260.150003433228, 68.9021987915039, 1.4073386669158936, 183.40611, 640, 357, 12, 77702.85757157483, 0.0, 38100.37976074219, 121.41071495558568, 60130, 0, 0
LOSS, -4288.082344055176, -16360.8467502594, 60.989990234375, -12.322075701307977, 207.0, 348, 376, 6, 36203.636373755246, 0.0, 18899.47602081299, 104.03343785561852, 60295, 0, 0
LOSS, 12205.26123046875, -9092.764406204224, 68.3006820678711, 16.404921008694558, 207.0, 744, 350, 19, 1.027287257064867E7, 0.0, 9819206.879634209, 13807.62442291488, 60599, 0, 0
WIN , 9025.474365234375, -16498.025636672974, 71.7162094116211, 7.428373963155864, 111.0, 1215, 319, 13, 3.2290821727550925E15, 0.0, 2.3156967693457485E15, 2.657680800621475E12, 61006, 0, 0
WIN , 4717.25, -20293.50000190735, 71.98271179199219, 2.9011377613776137, 156.5, 1626, 291, 28, 3.5033448242115425E12, 0.0, 3.5033447515003423E12, 2.154578612676225E9, 61402, 0, 0
LOSS, -4392.433349609375, -20270.75000190735, 68.1343765258789, -8.074326010311351, 223.0, 544, 363, 10, 1.6419735473524574E13, 0.0, 1.641973546605648E13, 3.0183337267508408E10, 61653, 0, 0
LOSS, 5439.447021484375, -12118.316652297974, 68.6028060913086, 9.39455444125108, 223.0, 579, 361, 12, 37092.80120727165, 0.0, 24310.083464715488, 64.06355994347436, 61921, 0, 0
LOSS, -7835.670059204102, -12847.763673782349, 71.17208099365234, -54.414375411139595, 145.1, 144, 390, 5, 8888.344820785003, 0.0, 7300.2431640625, 61.72461681100697, 61974, 0, 0
LOSS, 12760.782363891602, -3989.0936126708984, 68.6839828491211, 28.045675525036486, 223.0, 455, 369, 10, 208583.17625502875, 0.0, 100989.03840931645, 458.4245631978654, 62178, 0, 0
LOSS, 9791.064697265625, -12742.875978469849, 69.1023941040039, 10.83082378016109, 191.0, 904, 339, 16, 680113.540161882, 0.0, 604714.0115523807, 752.3379869047367, 62519, 0, 0
LOSS, -8850.818969726562, -16913.940675735474, 69.97245025634766, -53.968408351991236, 175.0, 164, 389, 3, 14542.094926491023, 0.0, 9869.013916015625, 88.67131052738429, 62609, 0, 0
WIN , 20069.736686706543, -6483.121706008911, 67.8246078491211, 22.83246494505864, 172.28322, 879, 341, 17, 84430.20682153456, 0.0, 28675.45357131958, 96.0525674875251, 63018, 0, 0
LOSS, -564.3520889282227, -20262.858392715454, 65.4668197631836, -0.8563764627135397, 196.4, 659, 356, 11, 2.8484951904298655E15, 0.0, 2.8484951895533245E15, 4.322450971820737E12, 63268, 0, 0
LOSS, -692.4555206298828, -15025.506301879883, 65.47515106201172, -1.382146747764237, 175.0, 501, 366, 6, 78036.68866583095, 0.0, 30079.317596435547, 155.76185362441308, 63471, 0, 0
LOSS, 2004.937843322754, -10646.050783157349, 67.7260513305664, 3.2442359924316406, 177.7, 618, 358, 8, 1.2330242576256333E12, 0.0, 1.2330242036354773E12, 1.9951848828893743E9, 63650, 0, 0
LOSS, 4807.800193786621, -9850.988626480103, 70.7475814819336, 11.871111589596595, 175.0, 405, 373, 5, 2533830.752271177, 0.0, 2459043.7731711194, 6256.372227830067, 63816, 0, 0
WIN , 15199.361183166504, -11488.788820266724, 77.2347183227539, 14.339019984119343, 161.7, 1060, 329, 18, 3.594204068904069E13, 0.0, 3.5942033805727734E13, 3.390758555569876E10, 64177, 0, 0
LOSS, -5251.280860900879, -20268.150003433228, 62.49595642089844, -11.220685600215553, 191.0, 468, 368, 14, 381931.34207877633, 0.0, 369780.6236565327, 816.0926112794366, 64361, 0, 0
LOSS, 11644.300666809082, -11133.869140625, 70.0154800415039, 15.65094175646382, 181.82738, 744, 350, 14, 3.295668341383888E14, 0.0, 3.2956683408638725E14, 4.429661749171893E11, 64671, 0, 0
LOSS, -8755.669929504395, -17081.16980934143, 66.4024887084961, -25.8279348952932, 223.0, 339, 377, 6, 20740.075670728897, 0.0, 12862.796981811523, 61.180164220439224, 64796, 0, 0
WIN , 19373.403678894043, -6295.499879837036, 82.39815521240234, 28.077396636078323, 160.19289, 690, 354, 23, 6151959.18936267, 0.0, 5138688.824283365, 8915.882883134305, 65053, 0, 0
LOSS, -8208.177116394043, -20268.90355873108, 64.6483383178711, -20.520442790985108, 207.0, 400, 373, 8, 65334.07278800262, 0.0, 21738.30086517334, 163.33518197000654, 65247, 0, 0
WIN , 16951.165519714355, -9037.726440429688, 70.40608978271484, 20.08431933615445, 194.21608, 844, 343, 20, 60895.484295553906, 0.0, 18188.680862426758, 72.15104774354728, 65555, 0, 0
LOSS, -6657.974479675293, -20251.89196205139, 67.4251480102539, -15.305688459023662, 191.0, 435, 371, 7, 2840.240091854802, 0.0, 165.47799139993242, 6.529287567482303, 65704, 0, 0
LOSS, 12808.153564453125, -10720.91748046875, 70.5040512084961, 19.435741372463013, 207.0, 659, 356, 15, 110946.80161758888, 0.0, 29970.025016784668, 168.3562998749452, 66009, 0, 0
LOSS, -4174.051025390625, -18039.071044921875, 65.7253189086914, -8.331439172436378, 223.0, 501, 366, 14, 86100.91165747384, 0.0, 32803.6637840271, 171.8581071007462, 66225, 0, 0
LOSS, -2559.13427734375, -10375.02001953125, 67.2691879272461, -12.668981571008663, 186.448, 202, 386, 4, 11162.887742495084, 0.0, 7664.051025390625, 55.26182050740141, 66300, 0, 0
WIN , 19637.006233215332, -6095.8857421875, 83.0548324584961, 13.732172191059673, 146.21605, 1430, 304, 33, 2.0722615701842102E15, 0.0, 1.1943740195494238E15, 1.4491339651637834E12, 66731, 0, 0
WIN , 5638.361587524414, -20272.891975402832, 70.1085433959961, 6.71233522324335, 189.49287, 840, 344, 12, 6.66320460910986E14, 0.0, 4.183386914444448E14, 7.9323864394165E11, 67035, 0, 0
WIN , 6457.246437072754, -20251.253562927246, 89.971923828125, 4.018199400792006, 175.0, 1607, 292, 19, 73425.33618037654, 0.0, 20284.284505844116, 45.690937262213154, 67428, 0, 0
LOSS, -5984.386520385742, -20258.5, 69.4475326538086, -12.238009244142622, 196.4, 489, 367, 9, 717743.8832764502, 0.0, 408193.0928141717, 1467.7789024058286, 67650, 0, 0
WIN , 15717.386520385742, -10984.113479614258, 71.8163070678711, 19.597738803473494, 169.0, 802, 346, 20, 937144.1677806481, 0.0, 856630.2056734497, 1168.5089373823541, 68007, 0, 0
LOSS, -1206.258056640625, -20261.5, 67.6369400024414, -1.6191383310612417, 175.0, 745, 350, 11, 1.6376219917489808E15, 0.0, 1.6376219916341035E15, 2.1981503244952761E12, 68257, 0, 0
WIN , 12733.908058166504, -14365.241943359375, 80.6905288696289, 13.88648643202454, 193.7, 917, 338, 22, 68967.43797160669, 0.0, 28829.500915527344, 75.20985602138134, 68628, 0, 0
LOSS, -13819.000267028809, -20249.15000152588, 69.0438003540039, -70.86666803604517, 177.14365, 195, 387, 1, 10299.961399129228, 0.0, 9265.036521911621, 52.82031486732937, 68706, 0, 0
LOSS, 8665.35026550293, -4980.14973449707, 70.1833267211914, 23.937431672660026, 191.0, 362, 375, 5, 65546.73093389597, 0.0, 33491.21905517578, 181.06831749695021, 68868, 0, 0
WIN , 15423.0, -10625.5, 71.5031967163086, 20.320158102766797, 175.0, 759, 349, 25, 63814.67944677842, 0.0, 33623.900733947754, 84.07731152408223, 69164, 0, 0
LOSS, -9122.214721679688, -20258.5, 66.8059310913086, -25.98921573128116, 223.0, 351, 376, 5, 69278.16043885163, 0.0, 33636.39807891846, 197.37367646396476, 69311, 0, 0
LOSS, 6418.1732177734375, -8326.285278320312, 64.3019790649414, 13.62669472987991, 223.0, 471, 368, 6, 148838.5135008145, 0.0, 38191.118869781494, 316.005336519776, 69499, 0, 0
LOSS, 9590.013671875, -11054.45849609375, 70.9459457397461, 16.707340891768293, 191.0, 574, 361, 22, 5.6159702379026275E14, 0.0, 5.615970233220816E14, 9.783920275091686E11, 69732, 0, 0
LOSS, -8930.127075195312, -16044.47216796875, 71.08878326416016, -54.78605567604486, 207.0, 163, 389, 3, 37817.545572644114, 0.0, 32154.812255859375, 232.00948204076144, 69794, 0, 0
LOSS, 17504.741821289062, -5704.3450927734375, 71.6393051147461, 29.46926232540246, 207.0, 594, 360, 13, 25446.610115637326, 0.0, 11515.154899597168, 42.83941096908641, 70042, 0, 0
LOSS, -2234.311279296875, -18089.0869140625, 68.0458755493164, -4.846662211056128, 175.0, 461, 369, 7, 3.841980195985524E16, 0.0, 3.835869429492092E16, 8.33401344031567E13, 70243, 0, 0
LOSS, -29640.050758361816, -12444.775634765625, 65.9649429321289, -4.940008459726969, 198.55, 6000, 0, 5, 68362.3532270003, 0.0, 31377.137466430664, 11.393725537833385, 70501, 0, 0
LOSS, 8393.064552307129, -3024.7248764038086, 66.9539566040039, 12.216978969879372, 191.0, 687, 354, 6, 46666.456254475495, 0.0, 26410.90098953247, 67.9278839220895, 70679, 0, 0
LOSS, 8014.5633544921875, -8887.789428710938, 71.1162338256836, 15.32421291489902, 223.0, 523, 365, 12, 1.9720850440108527E13, 0.0, 1.9720838370744348E13, 3.770717101359183E10, 70896, 0, 0
WIN , 13664.616096496582, -12832.352783203125, 82.32489776611328, 9.93068030268647, 98.06224, 1376, 308, 27, 3.43846986018044E15, 0.0, 3.438469857682726E15, 2.4988879797822964E12, 71314, 0, 0
LOSS, -9931.082527160645, -20296.968879699707, 67.6790542602539, -35.46815188271659, 191.0, 280, 381, 5, 1.2010441705077037E13, 0.0, 1.2010441692980727E13, 4.289443466098942E10, 71436, 0, 0
LOSS, 4766.281410217285, -7885.8863525390625, 80.97515106201172, 13.42614481751348, 175.66374, 355, 376, 10, 8.614689308904547E13, 0.0, 8.61468930756579E13, 2.4266730447618442E11, 71603, 0, 0
LOSS, 12268.999961853027, -9702.167762756348, 67.6454849243164, 16.738062703755837, 191.0, 733, 351, 15, 1.442102002570042E16, 0.0, 1.4421020025578452E16, 1.96739700214194E13, 71913, 0, 0
LOSS, -8202.74365234375, -16441.167724609375, 68.69498443603516, -51.916099065466774, 127.0, 158, 389, 4, 24348.834617904955, 0.0, 17104.404907226562, 154.10654821458832, 71992, 0, 0
LOSS, 12911.056007385254, -6698.424072265625, 69.0602798461914, 11.55868935307543, 209.7, 1117, 325, 19, 789791.3394421139, 0.0, 353865.6005792245, 707.0647622579354, 72338, 0, 0
LOSS, 5019.104522705078, -15019.480079650879, 68.6788101196289, 7.524894336889172, 184.8308, 667, 355, 15, 885647.8400004504, 0.0, 641760.583995, 1327.8078560726392, 72580, 0, 0
WIN , 12533.915397644043, -15028.584602355957, 84.83642578125, 12.584252407273135, 207.0, 996, 333, 25, 1.8573737899123408E7, 0.0, 1.8529034707665928E7, 18648.331224019486, 72956, 0, 0
LOSS, -6430.517387390137, -20242.5, 67.7370376586914, -18.372906821114675, 184.03575, 350, 376, 7, 24415.32049833221, 0.0, 17107.581733703613, 69.75805856666346, 73120, 0, 0
LOSS, 9815.063774108887, -10711.982612609863, 70.8205337524414, 14.540835220902055, 223.0, 675, 355, 15, 9.536755470906432E14, 0.0, 9.536755470352838E14, 1.4128526623565085E12, 73343, 0, 0
LOSS, -567.510986328125, -16237.04638671875, 69.86226654052734, -1.1605541642701942, 223.0, 489, 367, 15, 8797.061589607298, 0.0, 5525.063774108887, 17.98990100124192, 73526, 0, 0
WIN , 14552.016845703125, -11919.535400390625, 68.22896575927734, 16.84261208993417, 148.89551, 864, 342, 25, 5.295911005276886E10, 0.0, 5.2956171759604324E10, 6.129526626477877E7, 73882, 0, 0
LOSS, -3960.7177734375, -20271.55224609375, 70.7249984741211, -7.969251053194165, 191.0, 497, 366, 8, 8.3231160900823E14, 0.0, 8.32311608948815E14, 1.6746712454893965E12, 74079, 0, 0
LOSS, 3111.315528869629, -12500.83447265625, 66.8953628540039, 6.401883804258496, 177.7, 486, 367, 7, 2.972080607611207E15, 0.0, 2.972080607529782E15, 6.115392196730879E12, 74292, 0, 0
WIN , 13807.152503967285, -11832.150001525879, 75.47330474853516, 23.60197009225177, 153.39499, 585, 361, 21, 1.0025236415353967E14, 0.0, 1.0025236408446133E14, 1.7137156265562338E11, 74552, 0, 0
LOSS, -3969.520278930664, -20269.302505493164, 71.27568817138672, -12.028849330092921, 191.0, 330, 378, 9, 33638.304192980955, 0.0, 19813.80446243286, 101.93425513024532, 74725, 0, 0
WIN , 12534.7177734375, -13199.7822265625, 87.386474609375, 19.833414198477058, 223.0, 632, 357, 20, 4.036833652981048E15, 0.0, 4.0368336529524985E15, 6.387395020539633E12, 74984, 0, 0
LOSS, -39321.25595855713, -20234.5, 59.233642578125, -6.553542659759522, 223.49287, 6000, 0, 6, 3814310.280006251, 0.0, 3624689.4320348464, 635.7183800010419, 75242, 0, 0
WIN , 23171.25595855713, -3013.244041442871, 76.22802734375, 28.361390402150708, 223.0, 817, 345, 20, 3436428.336485392, 0.0, 3338181.366850821, 4206.1546346210425, 75519, 0, 0
LOSS, -4126.510009765625, -20234.5, 70.1015396118164, -6.888998346854132, 223.0, 599, 360, 9, 1837629.0020724393, 0.0, 1040316.57780408, 3067.8280502044063, 75774, 0, 0
LOSS, 12191.752685546875, -12157.989990234375, 82.32489776611328, 13.26632501147647, 175.0, 919, 338, 22, 4.816436594772581E14, 0.0, 4.7764017131354456E14, 5.240953857206291E11, 76127, 0, 0
LOSS, 3752.7578125, -18159.74267578125, 68.6934585571289, 6.172299033717105, 223.0, 608, 359, 14, 2.77277995609743E13, 0.0, 2.7727799447760934E13, 4.560493348844457E10, 76394, 0, 0
LOSS, -9422.653442382812, -17172.50048828125, 67.86551666259766, -49.85530921895668, 175.0, 189, 387, 4, 287539.9270885896, 0.0, 164495.85587125094, 1521.375275601003, 76491, 0, 0
WIN , 19521.71026611328, -6199.8470458984375, 88.89095306396484, 12.379017289862576, 148.88538, 1577, 294, 21, 3.78109958824365E13, 0.0, 3.7810991572758234E13, 2.3976535118856373E10, 76826, 0, 0
LOSS, -6634.280212402344, -20271.55731201172, 69.0868148803711, -12.857132194578185, 223.0, 516, 365, 15, 4.424598170204142E13, 0.0, 4.424598165140506E13, 8.574802655434384E10, 77029, 0, 0
LOSS, -1033.1973876953125, -10477.277099609375, 64.9776382446289, -3.4098923686313944, 191.0, 303, 379, 6, 229471.59013436528, 0.0, 117930.9326098673, 757.3319806414696, 77112, 0, 0
WIN , 18969.82847595215, -7174.0797119140625, 71.9884262084961, 13.706523465283345, 164.18362, 1384, 307, 21, 3142280.0888820197, 0.0, 3005250.8862789306, 2270.4335902326734, 77477, 0, 0
WIN , 5808.591812133789, -20263.90818786621, 74.6240234375, 5.403341220589571, 207.0, 1075, 328, 21, 84455.85339675161, 0.0, 39318.74547321105, 78.56358455511779, 77789, 0, 0
LOSS, -8874.422729492188, -20242.5, 69.8735580444336, -18.111066794882014, 223.0, 490, 367, 10, 1.1994439278543828E9, 0.0, 1.1994281441297264E9, 2447844.75072323, 77946, 0, 0
LOSS, 14892.775024414062, -8848.077270507812, 70.8458480834961, 14.615088345843045, 175.0, 1019, 332, 16, 250806.27211846143, 0.0, 96476.52790694218, 246.1298058081074, 78239, 0, 0
WIN , 7057.647705078125, -18650.852294921875, 72.88818359375, 10.27314076430586, 175.0, 687, 354, 17, 366743.5725262924, 0.0, 241198.95220888406, 533.8334389029002, 78472, 0, 0
LOSS, -15652.297119140625, -20258.5, 67.39112091064453, -75.25142845740685, 223.0, 208, 386, 2, 376742.61513445684, 0.0, 372595.94882950763, 1811.2625727618117, 78559, 0, 0
WIN , 23172.06520843506, -3546.202880859375, 67.9756851196289, 23.241790580175586, 155.46382, 997, 333, 20, 1.6013951073782709E13, 0.0, 1.2010453520842451E13, 1.6062137486241434E10, 78925, 0, 0
LOSS, -10857.707275390625, -20268.268089294434, 62.742530822753906, -37.96401145241477, 201.8, 286, 380, 6, 39867.93342159699, 0.0, 36432.08600234985, 139.39836860698247, 79029, 0, 0
LOSS, 2669.2393112182617, -7150.560813903809, 70.9401626586914, 8.61044939102665, 196.4, 310, 379, 1, 20737.35226914978, 0.0, 11500.291481018066, 66.89468473919284, 79137, 0, 0
LOSS, -2825.1285552978516, -7979.80012512207, 63.838340759277344, -8.96866208031064, 175.0, 315, 379, 1, 36965.22334503192, 0.0, 17970.696739196777, 117.3499153810537, 79210, 0, 0
WIN , 21742.8857421875, -3864.6715698242188, 75.36190032958984, 33.65771786716331, 196.88538, 646, 356, 22, 4.0034881971136753E12, 0.0, 4.0034880544540283E12, 6.197350150330767E9, 79493, 0, 0
LOSS, -38725.25492858887, -20247.55731201172, 71.1076889038086, -6.454209154764811, 203.39499, 6000, 0, 6, 6.710418940456578E14, 0.0, 6.710418897125625E14, 1.1184031567427629E11, 79667, 0, 0
WIN , 23439.96570968628, -3022.3023834228516, 67.1654281616211, 26.01550023272617, 107.46381, 901, 339, 18, 134255.16066934328, 0.0, 34321.0849609375, 149.00683759083606, 79973, 0, 0
LOSS, -9475.495021820068, -20292.26809310913, 71.10738372802734, -23.74810782411045, 207.0, 399, 373, 7, 77514.3675554222, 0.0, 59507.388008133305, 194.27159788326367, 80113, 0, 0
WIN , 17897.49502182007, -8126.7730712890625, 82.32489776611328, 17.615644706515816, 123.46381, 1016, 332, 21, 1561682.6015304723, 0.0, 1549637.5921040538, 1537.0891747347168, 80481, 0, 0
LOSS, -7817.592678070068, -20284.26809310913, 69.9236068725586, -29.279373326105127, 207.0, 267, 382, 8, 46925.39473450851, 0.0, 33485.131843566895, 175.7505420768109, 80603, 0, 0
WIN , 15931.277084350586, -9976.675415039062, 80.97515106201172, 23.707257565997896, 156.095, 672, 355, 11, 26791.847895821367, 0.0, 20037.40828010984, 39.8688212735437, 80899, 0, 0
WIN , 6450.947498321533, -20267.95249938965, 68.5167465209961, 6.3807591476968675, 114.200005, 1011, 332, 21, 227159.2697196772, 0.0, 170604.1132230172, 224.68770496506153, 81255, 0, 0
LOSS, -6583.115818023682, -20288.89999771118, 65.29683685302734, -14.066486790648892, 223.0, 468, 368, 12, 2.3310712958106947E14, 0.0, 2.3310712943052522E14, 4.980921572245074E11, 81429, 0, 0
LOSS, 10463.79833984375, -10485.7841796875, 71.5642318725586, 20.239455202792552, 207.0, 517, 365, 13, 9898880.84715896, 0.0, 9782292.025173217, 19146.7714645241, 81650, 0, 0
WIN , 10263.719985961914, -16279.58251953125, 72.1318588256836, 12.813632941275797, 185.39499, 801, 346, 25, 401541.951324939, 0.0, 255469.99805896988, 501.30081313974904, 81941, 0, 0
LOSS, 5934.616195678711, -20253.302505493164, 64.1881332397461, 6.543127007363518, 207.0, 907, 339, 16, 41539.11827159382, 0.0, 10276.627090454102, 45.79836634133828, 82275, 0, 0
LOSS, 628.991943359375, -19557.918701171875, 70.5940933227539, 1.009617886612159, 175.0, 623, 358, 14, 69357.66671432454, 0.0, 39231.299109265245, 111.32851800052093, 82515, 0, 0
LOSS, 1068.241455078125, -15616.91064453125, 69.9614486694336, 2.7964435996809556, 191.0, 382, 374, 5, 64701.73696988252, 0.0, 32068.63395690918, 169.37627479026838, 82667, 0, 0
WIN , 12818.75609588623, -13285.152099609375, 81.35211563110352, 18.631912930067195, 84.18361, 688, 354, 15, 4.0034881064492563E12, 0.0, 4.0034880544540283E12, 5.81902341053671E9, 82896, 0, 0
WIN , 6075.5918045043945, -20306.908197402954, 69.1988296508789, 8.02588085139286, 153.0, 757, 349, 23, 83913.32252726333, 0.0, 31384.9640045166, 110.84983160800968, 83203, 0, 0
LOSS, -8123.4464111328125, -20269.5, 69.51728057861328, -19.57456966538027, 191.0, 415, 372, 7, 5.232147080437327E14, 0.0, 5.232147080001475E14, 1.2607583326355005E12, 83365, 0, 0
LOSS, 11458.041870117188, -8876.053588867188, 68.0699691772461, 13.10988772324621, 207.0, 874, 341, 13, 440255.2876902729, 0.0, 361722.64800618595, 503.72458545797815, 83622, 0, 0
LOSS, -7864.2822265625, -15394.095458984375, 66.8419418334961, -43.449073074930936, 207.0, 181, 387, 4, 38193.143617953574, 0.0, 30892.137908935547, 211.01184319311366, 83695, 0, 0
LOSS, 16236.6923828125, -5779.813232421875, 69.6227035522461, 26.146042484400162, 223.0, 621, 358, 17, 90654.17327878074, 0.0, 32701.691413879395, 145.98095536035547, 83959, 0, 0
LOSS, 7276.958251953125, -16763.50562286377, 69.59220123291016, 11.459776774729331, 191.0, 635, 357, 9, 288149.5601569938, 0.0, 40627.523458480835, 453.7788348929036, 84240, 0, 0
LOSS, 3281.459228515625, -18693.4638671875, 69.8665542602539, 5.032912927171204, 207.0, 652, 356, 14, 83573.07224751764, 0.0, 29519.12311554732, 128.17955866183686, 84504, 0, 0
WIN , 8812.001808166504, -16654.923095703125, 71.0970230102539, 15.486822158464857, 178.15019, 569, 362, 13, 4.567399614321156E15, 0.0, 4.567399614230065E15, 8.027064348543332E12, 84745, 0, 0
WIN , 6183.575096130371, -20256.92490386963, 68.4139175415039, 5.1745398293978, 191.0, 1195, 320, 24, 1.8496212524339384E14, 0.0, 1.8496212479839956E14, 1.5478002112417896E11, 85128, 0, 0
LOSS, -3743.960205078125, -20250.5, 70.1326675415039, -7.384536893645217, 223.0, 507, 366, 8, 75482.36337045919, 0.0, 31465.7435836792, 148.88040112516606, 85281, 0, 0
LOSS, 6241.220947265625, -12836.539794921875, 69.1286392211914, 10.33314726368481, 191.0, 604, 359, 16, 872043.1734385862, 0.0, 853255.0187170357, 1443.7800884744804, 85531, 0, 0
WIN , 12172.7392578125, -14837.7607421875, 81.07881927490234, 14.05628089816686, 191.0, 866, 342, 18, 62487.93070163953, 0.0, 29725.916802175037, 72.15696385870616, 85866, 0, 0
WIN , 6695.549999237061, -20250.5, 66.9356460571289, 6.722439758270141, 119.9, 996, 333, 14, 4.868900797501209E15, 0.0, 4.868900797396211E15, 4.888454615965069E12, 86185, 0, 0
LOSS, -9221.72626876831, -20286.04999923706, 69.7878189086914, -33.17167722578529, 207.0, 278, 381, 6, 8543.301873893532, 0.0, 7449.510204315186, 30.731301704652992, 86294, 0, 0
LOSS, 3326.1448974609375, -8704.32373046875, 66.7238540649414, 11.050315273956603, 223.0, 301, 379, 7, 48082.74307765256, 0.0, 21059.988388061523, 159.74333248389553, 86391, 0, 0
LOSS, 8957.239135742188, -9277.468635559082, 70.6758804321289, 17.258649587171845, 175.0, 519, 365, 14, 2482627.404123985, 0.0, 2452852.1791276373, 4783.482474227332, 86603, 0, 0
WIN , 12934.792236328125, -14287.707763671875, 66.99378204345703, 13.065446703361742, 207.0, 990, 334, 16, 1823129.86267782, 0.0, 1040332.6365478165, 1841.5453158361818, 86904, 0, 0
LOSS, -10629.138916015625, -20242.5, 66.4595718383789, -39.9591688572016, 223.0, 266, 382, 4, 46117.603939251945, 0.0, 32807.69742202759, 173.3744508994434, 87025, 0, 0
LOSS, -4708.635597229004, -7293.361083984375, 66.6014633178711, -0.7847725995381674, 198.55, 6000, 0, 26, 4.273954212517808E13, 0.0, 4.2739541921266086E13, 7.123257020863013E9, 87547, 0, 0
WIN , 7277.672386169434, -18304.72548675537, 71.9640121459961, 11.662936516297169, 167.20425, 624, 358, 20, 113971.34347096794, 0.0, 36581.6024122271, 182.64638376757682, 87789, 0, 0
LOSS, -6162.830490112305, -20262.397872924805, 70.7424087524414, -14.638552233045854, 191.0, 421, 371, 10, 55094.30736608402, 0.0, 33093.260498046875, 130.86533816171976, 87928, 0, 0
LOSS, 1970.14501953125, -11209.5673828125, 70.27213287353516, 5.13058598836263, 223.0, 384, 374, 5, 38605.020741803724, 0.0, 17982.651863098145, 100.53390818178053, 88054, 0, 0
WIN , 16190.78759765625, -10039.71240234375, 86.1495132446289, 21.081754684448242, 191.0, 768, 348, 19, 55261.339969584216, 0.0, 20785.480667114258, 71.95486975206278, 88369, 0, 0
LOSS, 2897.747169494629, -20250.5, 69.5958480834961, 4.052793244048432, 209.7, 715, 352, 20, 1.0602225552176619E15, 0.0, 9.485915150364661E14, 1.4828287485561704E12, 88613, 0, 0
LOSS, 5376.545310974121, -18138.24716949463, 69.8903579711914, 5.799941004287078, 207.0, 927, 338, 12, 1.1323415184563464E12, 0.0, 1.132341356524782E12, 1.221511886144926E9, 88908, 0, 0
LOSS, 6632.358009338379, -18084.79248046875, 71.4146957397461, 7.296323442616479, 193.7, 909, 339, 13, 108513.39667151729, 0.0, 36392.565338134766, 119.37667400606962, 89266, 0, 0
LOSS, -2357.313331604004, -19107.15048980713, 70.92276763916016, -4.911069440841675, 191.0, 480, 368, 11, 42266.294759907425, 0.0, 38241.60000610352, 88.05478074980714, 89460, 0, 0
