WIN , 33888.5, -33.17562484741211, 154.0, 7.656687754179846, 223.0, 4425, 105, 29, 9.0773316899509584E16, 0.0, 3.3952932590679572E16, 2.0509109105176137E13, 2922, 0, 0
WIN , 11176.909507751465, -20234.5, 69.4037094116211, 3.024874021042345, 129.18098, 3695, 153, 33, 1.37648193403061072E17, 0.0, 2.9759775064630888E16, 3.725255572477972E13, 5111, 0, 0
LOSS, -7321.909507751465, -20284.409509658813, 63.144142150878906, -8.236118681385225, 223.0, 889, 340, 18, 6.2624790289965112E16, 0.0, 1.687386375229122E16, 7.044408356576503E13, 5618, 0, 0
LOSS, 10070.2578125, -9003.499996185303, 56.247459411621094, 10.566902216684156, 191.0, 953, 336, 18, 1.2752630384278128E16, 0.0, 4.215026846475235E15, 1.3381563886965506E13, 6166, 0, 0
WIN , 14866.528594970703, -13226.757820129395, 90.98014068603516, 13.727173217886152, 159.42719, 1083, 327, 25, 4.501767555311332E16, 0.0, 1.3994956829500852E16, 4.1567567454398266E13, 6762, 0, 0
LOSS, -7578.081573486328, -20272.2864112854, 61.636573791503906, -11.896517383808993, 223.0, 637, 357, 10, 110165.8471220497, 0.0, 40633.80373366039, 172.9448149482727, 7118, 0, 0
WIN , 19976.295166015625, -8915.20484161377, 68.160400390625, 17.77250459609931, 223.0, 1124, 325, 37, 76217.35230245403, 0.0, 26509.062591552734, 67.80903229755697, 7683, 0, 0
LOSS, 1063.2760009765625, -20231.500007629395, 60.377098083496094, 1.304633130032592, 186.448, 815, 345, 23, 89680.7017527031, 0.0, 40551.95559692383, 110.0376708622124, 8166, 0, 0
LOSS, 11817.883178710938, -15024.776008605957, 60.84770202636719, 9.530550950573337, 207.0, 1240, 317, 27, 4.476112104552193E15, 0.0, 4.476112104498126E15, 3.6097678262517686E12, 8865, 0, 0
WIN , 9125.8408203125, -19042.659187316895, 65.5602035522461, 9.55585426210733, 169.0, 955, 336, 17, 1.6933645977013536E16, 0.0, 1.3059628970656376E16, 1.7731566468077E13, 9379, 0, 0
LOSS, -12374.651977539062, -20264.50000190735, 55.227195739746094, -45.328395522121106, 223.0, 273, 381, 4, 6.790777045690055E10, 0.0, 6.790772429169281E10, 2.4874641193003866E8, 9548, 0, 0
LOSS, 5866.335693359375, -5733.848030090332, 56.734840393066406, 14.927062832975508, 191.0, 393, 373, 10, 1.788020909568002E15, 0.0, 1.7880209095429955E15, 4.549671525618326E12, 9729, 0, 0
WIN , 18578.64630126953, -8570.183723449707, 76.89274215698242, 19.33261841963531, 128.33997, 961, 335, 26, 5.455281136129917E15, 0.0, 5.455281136063464E15, 5.676671317512921E12, 10221, 0, 0
LOSS, 5913.024963378906, -20278.83002471924, 64.0633316040039, 6.742331771241626, 175.0, 877, 341, 23, 7.585381242028711E15, 0.0, 4.4761121044981045E15, 8.649237448151324E12, 10692, 0, 0
LOSS, -6677.501953125, -19121.854988098145, 62.29774475097656, -9.99626040886976, 191.0, 668, 355, 7, 3.271454621443046E13, 0.0, 3.271454617665067E13, 4.8973871578488716E10, 11058, 0, 0
LOSS, 9763.446975708008, -8864.353034973145, 62.2222900390625, 14.232429993743452, 180.4, 686, 354, 18, 6.620387067108858E14, 0.0, 6.620387066704408E14, 9.650710010362766E11, 11424, 0, 0
LOSS, 10296.975997924805, -13507.800010681152, 65.3661117553711, 14.105446572499732, 186.448, 730, 351, 16, 1.0701997562729086E16, 0.0, 1.0701946631896792E16, 1.466027063387546E13, 11774, 0, 0
LOSS, -12631.583435058594, -18224.776008605957, 64.5680923461914, -69.02504609321636, 175.0, 183, 387, 3, 12745.793135742208, 0.0, 6394.786376953125, 69.64914281826343, 11867, 0, 0
LOSS, 5399.307434082031, -3983.1925735473633, 64.8061294555664, 17.195246605356786, 191.0, 314, 379, 4, 27114.56657512928, 0.0, 14241.583435058594, 86.3521228507302, 12025, 0, 0
WIN , 19762.0, -7182.5000076293945, 94.78446960449219, 23.222091656874266, 137.0, 851, 343, 18, 4.533503557381928E15, 0.0, 2.505099726225729E15, 5.327266224890632E12, 12481, 0, 0
LOSS, 5316.52294921875, -20274.500007629395, 63.570167541503906, 6.167660033896461, 191.0, 862, 342, 16, 93115.65515049157, 0.0, 40691.7449798584, 108.02280179871411, 12947, 0, 0
LOSS, -14894.52294921875, -19114.02294921875, 61.98265075683594, -81.39083578808061, 223.0, 183, 387, 2, 61892.48737097075, 0.0, 38314.89563751221, 338.21031350257243, 13038, 0, 0
LOSS, 13431.181640625, -3246.5000076293945, 68.3427963256836, 13.391008614780658, 223.0, 1003, 333, 19, 1.0534887735203058E16, 0.0, 5.770868720113127E15, 1.0503377602395871E13, 13550, 0, 0
LOSS, -7888.1817626953125, -12207.681648254395, 64.58792877197266, -64.13155904630335, 223.0, 123, 391, 3, 21345.685382426822, 0.0, 13816.975830078125, 173.54215758070586, 13613, 0, 0
LOSS, 19430.650756835938, -3329.499885559082, 65.8083267211914, 22.23186585450336, 207.0, 874, 341, 18, 5.118303410218319E15, 0.0, 2.3918891187940905E15, 5.856182391554141E12, 14032, 0, 0
WIN , 9555.349365234375, -17200.15064239502, 75.21484375, 7.4187495071695455, 175.0, 1288, 314, 17, 2.0285081206985464E16, 0.0, 7.879313804271254E15, 1.574928665138623E13, 14604, 0, 0
LOSS, -1375.102294921875, -20255.500007629395, 69.7984848022461, -2.8949521998355263, 223.0, 475, 368, 18, 45936.95639330735, 0.0, 38311.71960449219, 96.70938188064706, 14892, 0, 0
LOSS, 4324.102294921875, -14570.39771270752, 65.6621322631836, 6.434676034109933, 207.0, 672, 355, 18, 24977.045036117033, 0.0, 12005.139282226562, 37.16822177993606, 15240, 0, 0
WIN , 12761.650001525879, -13734.500007629395, 77.8414077758789, 15.283413175480094, 193.7, 835, 344, 22, 38195.99996857794, 0.0, 27452.155281066895, 45.74371253721909, 15669, 0, 0
WIN , 6344.152503967285, -20246.150009155273, 80.00577545166016, 8.239159096061409, 185.39499, 770, 348, 24, 6.620387066891968E14, 0.0, 6.6203870667044E14, 8.59790528167788E11, 16024, 0, 0
LOSS, -10738.272109985352, -20250.30251312256, 66.2941665649414, -39.771378185130935, 223.0, 270, 382, 4, 8790.363604585455, 0.0, 6515.802505493164, 32.556902239205385, 16185, 0, 0
WIN , 18217.469604492188, -7272.030403137207, 89.48486328125, 16.51629157252238, 207.0, 1103, 326, 16, 8.3476555254789664E16, 0.0, 5.122960742760332E16, 7.568137375774222E13, 16753, 0, 0
WIN , 5706.0, -20239.500007629395, 71.1998519897461, 6.0, 175.0, 951, 336, 16, 4.076345495388785E15, 0.0, 4.0763454953498245E15, 4.2863780182847373E12, 17099, 0, 0
LOSS, -7174.269775390625, -20258.5, 68.8619155883789, -19.98403837156163, 223.0, 359, 376, 8, 82622.66946421744, 0.0, 40610.67557044137, 230.14671159949148, 17297, 0, 0
LOSS, 9660.748291015625, -10031.23023223877, 68.6836929321289, 17.6613314278165, 223.0, 547, 363, 8, 21152.68864352462, 0.0, 10214.919776916504, 38.67036315086768, 17619, 0, 0
LOSS, 10806.962890625, -15061.978523254395, 69.9193344116211, 14.182365998195538, 223.0, 762, 349, 19, 13797.897703269591, 0.0, 5177.521484375, 18.107477300878728, 18026, 0, 0
LOSS, -7933.9510498046875, -19368.941413879395, 69.6004409790039, -25.511096623166196, 175.0, 311, 379, 6, 1.76255099287966E15, 0.0, 1.7625509928285222E15, 5.667366536590547E12, 18203, 0, 0
LOSS, 3089.66650390625, -9004.990364074707, 65.9596939086914, 7.901960368046675, 207.0, 391, 373, 6, 2.8742941504539288E16, 0.0, 2.6980390511653712E16, 7.35113593466478E13, 18404, 0, 0
WIN , 16975.843139648438, -9064.656867980957, 90.88066101074219, 21.035741189155438, 185.0, 807, 346, 21, 9.434604369994416E15, 0.0, 8.204205921401762E15, 1.1690959566288E13, 18750, 0, 0
WIN , 6954.812805175781, -20250.500007629395, 66.0933609008789, 7.701896794214597, 135.37439, 903, 339, 25, 40211.27554178184, 0.0, 19051.563262939453, 44.53075918248266, 19153, 0, 0
LOSS, -2726.0061645507812, -20275.312812805176, 70.6676254272461, -6.866514268389877, 191.0, 397, 373, 11, 14274.660675664254, 0.0, 11210.655944824219, 35.95632412006109, 19352, 0, 0
LOSS, 2287.204345703125, -13999.306648254395, 67.7797622680664, 5.940790508319806, 223.0, 385, 374, 9, 37486.815050145255, 0.0, 28110.4109954834, 97.36835077959806, 19529, 0, 0
LOSS, -920.010986328125, -12816.51099395752, 69.18401336669922, -2.479813979321092, 223.0, 371, 375, 8, 13049.208312341916, 0.0, 8764.897705078125, 35.1730682273367, 19703, 0, 0
LOSS, -1671.294334411621, -9006.500007629395, 67.8481216430664, -11.447221468572748, 209.7, 146, 390, 5, 22409.097996781566, 0.0, 17995.637092590332, 153.48697258069566, 19792, 0, 0
LOSS, 4354.276268005371, -5895.205673217773, 61.584014892578125, 14.091508957946186, 170.448, 309, 379, 7, 18761.87234908328, 0.0, 11912.119064331055, 60.718033492178904, 19947, 0, 0
WIN , 19116.01806640625, -7759.4819412231445, 69.4502944946289, 21.430513527361267, 175.0, 892, 340, 18, 2.1563603771650822E15, 0.0, 2.1563603771399535E15, 2.4174443690191504E12, 20336, 0, 0
LOSS, 1608.906494140625, -20255.500007629395, 70.3429183959961, 3.052953499318074, 223.0, 527, 364, 12, 33875.360569656004, 0.0, 18123.715240478516, 64.27962157429982, 20567, 0, 0
LOSS, 2708.42626953125, -17134.40650177002, 66.4339370727539, 4.7021289401584205, 175.0, 576, 361, 10, 34545.63753015058, 0.0, 18040.77310180664, 59.97506515651143, 20802, 0, 0
WIN , 11069.967239379883, -15122.83277130127, 79.4698257446289, 8.70280443347475, 180.4, 1272, 315, 18, 1.3479254721035198E16, 0.0, 1.3479254720993042E16, 1.0596898365593709E13, 21203, 0, 0
LOSS, -6222.900833129883, -20252.800010681152, 68.1102523803711, -5.018468413814421, 207.0, 1240, 317, 10, 70105.73200686315, 0.0, 28110.403045654297, 56.53688065069609, 21509, 0, 0
LOSS, 279.0860366821289, -12029.89917755127, 70.1616439819336, 0.6692710711801653, 177.7, 417, 372, 7, 46604.784824554445, 0.0, 30359.924186706543, 111.76207391979483, 21678, 0, 0
LOSS, 7629.263511657715, -9758.985214233398, 68.2188949584961, 13.697061959888178, 199.50256, 557, 362, 12, 7060397.674638499, 0.0, 3897077.9880409557, 12675.758841361758, 21886, 0, 0
WIN , 12606.444831848145, -13178.248725891113, 71.33550262451172, 16.565630528052754, 136.6129, 761, 349, 15, 78211.99449567347, 0.0, 26331.272842407227, 102.77528843058275, 22183, 0, 0
LOSS, 2401.4768600463867, -20274.693557739258, 68.2009048461914, 4.374274790612726, 223.0, 549, 363, 7, 5181373.156664226, 0.0, 5170619.358462979, 9437.838172430285, 22425, 0, 0
WIN , 8620.32958984375, -17889.17041015625, 67.2032699584961, 9.472889659168956, 153.0, 910, 339, 22, 1.0119532676588124E15, 0.0, 1.0119532676112344E15, 1.112036557866827E12, 22826, 0, 0
WIN , 6008.550003051758, -20266.500007629395, 82.89424133300781, 7.2044964065368795, 135.9, 834, 344, 18, 4.904753936234755E15, 0.0, 1.775653934510451E15, 5.880999923542872E12, 23194, 0, 0
LOSS, -6610.899513244629, -20275.050010681152, 66.8419418334961, -15.232487357706518, 193.7, 434, 371, 9, 3257.470799575218, 0.0, 147.85167333031785, 7.505693086578843, 23356, 0, 0
WIN , 15729.099510192871, -10384.150497436523, 69.6434555053711, 21.28430244951674, 159.5, 739, 350, 20, 85896.56903823595, 0.0, 28112.87843322754, 116.23351696648977, 23661, 0, 0
LOSS, 4187.900001525879, -20272.250003814697, 70.88338470458984, 6.658028619278027, 193.7, 629, 358, 16, 96141.22601199329, 0.0, 40641.1515045166, 152.84773610809745, 23942, 0, 0
LOSS, -32845.42512512207, -19110.150005340576, 59.579078674316406, -5.474237520853678, 210.55, 6000, 0, 5, 7.8644518146378064E16, 0.0, 2.7312827018123516E16, 1.310741969106301E13, 24396, 0, 0
LOSS, 13714.319557189941, -3024.724880218506, 71.0073013305664, 32.88805649206221, 207.0, 417, 372, 7, 46596.126269149034, 0.0, 19635.70597076416, 111.74130999795932, 24610, 0, 0
LOSS, -3038.5418701171875, -13449.044437408447, 70.8690414428711, -9.707801501971845, 207.0, 313, 379, 7, 36364.092225405795, 0.0, 26985.06324005127, 116.17920838787794, 24755, 0, 0
WIN , 17889.297439575195, -8140.50256729126, 77.5081558227539, 26.001885813336038, 164.4, 688, 354, 14, 2.716345470897372E15, 0.0, 9.566459215322725E14, 3.948176556536878E12, 25058, 0, 0
LOSS, -12947.85041809082, -20269.800006866455, 67.55574798583984, -64.7392520904541, 223.0, 200, 386, 4, 2746.5570408726007, 0.0, 1159.650001525879, 13.732785204363005, 25149, 0, 0
LOSS, 13264.323120117188, -5795.9495849609375, 70.4613265991211, 25.02702475493809, 223.0, 530, 364, 10, 3.674314697175011E14, 0.0, 3.674314548604887E14, 6.932669239952852E11, 25435, 0, 0
LOSS, 1841.712646484375, -15026.272708892822, 68.4374008178711, 3.410578974971065, 223.0, 540, 364, 15, 70967.77528032703, 0.0, 48259.64151627252, 131.42180607467967, 25643, 0, 0
LOSS, -4247.2017822265625, -12787.985355377197, 67.38471221923828, -19.2181076118849, 175.0, 221, 385, 5, 1.2005266675808955E13, 0.0, 1.2005266639752508E13, 5.432247364619437E10, 25746, 0, 0
LOSS, 15058.384155273438, -6490.783573150635, 67.40958404541016, 19.684162294475083, 207.0, 765, 349, 14, 4.747242076869235E15, 0.0, 1.3712750739399762E15, 6.205545198521876E12, 26072, 0, 0
LOSS, 698.625732421875, -16279.167728424072, 69.92879486083984, 1.39168472593999, 185.0, 502, 366, 12, 10886.50013674703, 0.0, 3491.182373046875, 21.686255252484123, 26294, 0, 0
LOSS, 1961.59765625, -13031.79345703125, 69.9913558959961, 2.134491464907508, 207.0, 919, 338, 10, 2.388566835535626E15, 0.0, 2.38856683549378E15, 2.5990934010180913E12, 26538, 0, 0
LOSS, -2339.7883071899414, -11889.391117095947, 70.48697662353516, -8.416504702122092, 201.8, 278, 381, 9, 7.007151526432729E15, 0.0, 7.007151526417481E15, 2.520558103033356E13, 26713, 0, 0
LOSS, 7354.714088439941, -7277.602802276611, 71.91182708740234, 20.953601391566785, 175.0, 351, 376, 7, 1.8688549675882634E14, 0.0, 1.8688549672886388E14, 5.32437312703209E11, 26890, 0, 0
LOSS, 1841.550636291504, -11494.316898345947, 70.6456527709961, 3.0539811547122784, 145.7, 603, 359, 11, 38025.56241851378, 0.0, 23085.124641418457, 63.060634193223514, 27061, 0, 0
LOSS, 1382.7619857788086, -10705.867534637451, 71.6460189819336, 3.4569049644470216, 191.0, 400, 373, 7, 6.791059997455025E10, 0.0, 6.790772427756166E10, 1.6977649993637562E8, 27251, 0, 0
LOSS, 12979.520484924316, -9248.62952041626, 68.6678237915039, 20.63516770258238, 177.7, 629, 358, 15, 6574739.956563636, 0.0, 3316597.8022885816, 10452.686735395288, 27550, 0, 0
LOSS, 1689.956932067871, -17118.150005340576, 66.7146987915039, 2.620088266771893, 207.0, 645, 357, 21, 181211.60235206282, 0.0, 93381.1381815928, 280.9482207008726, 27846, 0, 0
LOSS, -4360.9608154296875, -14438.106937408447, 65.8919448852539, -12.284396663182218, 223.0, 355, 376, 5, 5.606219838126878E15, 0.0, 5.230852790658948E15, 1.579216855810388E13, 28017, 0, 0
LOSS, 15806.637084960938, -7807.14612197876, 70.7790298461914, 26.521203162686138, 207.0, 596, 360, 12, 56957.566999043316, 0.0, 23071.43814086914, 95.56638758228745, 28321, 0, 0
WIN , 7186.716796875, -18773.783206939697, 70.9114761352539, 10.208404541015625, 223.0, 704, 353, 19, 2254216.3922216394, 0.0, 1408139.0199249685, 3202.0119207693742, 28705, 0, 0
LOSS, -36606.73287200928, -20240.500003814697, 65.77567291259766, -6.101122145334879, 233.1259, 6000, 0, 5, 508701.7760625705, 0.0, 352460.1945134193, 84.78362934376175, 28976, 0, 0
WIN , 22355.642391204834, -3004.767135620117, 70.4183120727539, 37.32160666311324, 65.18096, 599, 360, 15, 6.497357515543505E15, 0.0, 4.911816898047677E15, 1.0847007538469959E13, 29301, 0, 0
WIN , 5425.490478515625, -20310.40952682495, 82.8890609741211, 8.158632298519738, 114.200005, 665, 355, 21, 6.366918305734286E15, 0.0, 6.366918305718542E15, 9.574313241705693E12, 29678, 0, 0
LOSS, -10201.334690093994, -20285.900005340576, 69.38468170166016, -41.13441407295965, 207.0, 248, 383, 4, 1541.2439325861365, 0.0, 75.41142272949219, 6.214693276557002, 29794, 0, 0
LOSS, 10401.124145507812, -8124.565315246582, 70.9969253540039, 21.313778986696338, 223.0, 488, 367, 7, 46354.45507386084, 0.0, 28967.925018310547, 94.98863744643614, 30029, 0, 0
LOSS, 5398.9462890625, -14665.689460754395, 70.1644058227539, 9.640975516183035, 175.0, 560, 362, 7, 2.7413124397969955E15, 0.0, 2.3883965469730815E15, 4.895200785351777E12, 30292, 0, 0
LOSS, -5389.8382568359375, -15924.635749816895, 69.10819244384766, -17.002644343331035, 175.0, 317, 378, 6, 52591.16187475022, 0.0, 17229.203659057617, 165.9027188477925, 30429, 0, 0
LOSS, 1607.5948486328125, -7944.797492980957, 72.0818099975586, 6.642953919970299, 223.0, 242, 383, 6, 23200.958315812743, 0.0, 13251.58740234375, 95.87172857773861, 30554, 0, 0
WIN , 19027.107666015625, -7492.3923416137695, 67.3262710571289, 23.60683333252559, 207.0, 806, 346, 26, 6.934765507993223E15, 0.0, 3.7828696133781795E15, 8.603927429271989E12, 30894, 0, 0
LOSS, 1649.760986328125, -20239.500007629395, 70.6795425415039, 2.639617578125, 175.0, 625, 358, 15, 5.424462173258694E15, 0.0, 5.230852803489006E15, 8.67913947721391E12, 31167, 0, 0
LOSS, 4043.422607421875, -16799.26099395752, 71.2297592163086, 6.784266119835361, 207.0, 596, 360, 17, 3.310193533474055E14, 0.0, 3.310193533352192E14, 5.554015995761837E11, 31437, 0, 0
LOSS, -4302.4041748046875, -16282.683601379395, 67.8743667602539, -12.99819992388123, 207.0, 331, 377, 8, 131006.16246959318, 0.0, 57471.56134578935, 395.78901048215465, 31601, 0, 0
LOSS, -6072.41268157959, -9310.279426574707, 70.4885025024414, -1.012068780263265, 206.2675, 6000, 0, 12, 4.048681321137422E14, 0.0, 3.326131724140274E14, 6.747802201895703E10, 32364, 0, 0
WIN , 7877.633262634277, -18297.866744995117, 70.4158706665039, 11.416859800919243, 175.0, 690, 354, 16, 7.064911251911642E15, 0.0, 3.8516134758399615E15, 1.02390018143647E13, 32689, 0, 0
LOSS, -8937.396141052246, -20255.500007629395, 66.17667388916016, -23.094046876103995, 212.7061, 387, 374, 3, 55246.91887163442, 0.0, 38314.92028808594, 142.75689630913288, 32868, 0, 0
LOSS, 3131.1447982788086, -8468.103866577148, 68.61676788330078, 8.111774088805204, 191.0, 386, 374, 7, 38269.805538971326, 0.0, 17019.1354995923, 99.14457393515887, 33032, 0, 0
LOSS, -1544.47265625, -8779.248664855957, 67.1660385131836, -7.389821321770335, 186.448, 209, 386, 7, 679001.5131924773, 0.0, 606656.6712329464, 3248.81106790659, 33135, 0, 0
LOSS, 15427.283996582031, -5424.776008605957, 70.20438385009766, 25.499642969557076, 191.88, 605, 359, 16, 119408.40677086788, 0.0, 38308.2958984375, 197.36926738986426, 33410, 0, 0
LOSS, -4856.737854003906, -16382.060005187988, 70.5403823852539, -17.407662559153785, 207.0, 279, 381, 4, 47727.15114611383, 0.0, 32741.469848632812, 171.06505787137573, 33550, 0, 0
LOSS, 5262.7159423828125, -9055.322151184082, 70.48026275634766, 13.026524609858447, 223.0, 404, 373, 11, 3.4337008584249555E15, 0.0, 3.207633337949856E15, 8.49925955055682E12, 33730, 0, 0
LOSS, -24350.514846801758, -11578.038093566895, 66.84981536865234, -4.058419141133626, 226.95328, 6000, 0, 4, 1.5556550732329586E16, 0.0, 9.905796714727404E15, 2.592758455388264E12, 33968, 0, 0
LOSS, 12908.976760864258, -3007.5232467651367, 69.5101089477539, 31.562290368861266, 223.0, 409, 372, 8, 11254.290119072846, 0.0, 8570.514846801758, 27.516601758124317, 34162, 0, 0
WIN , 13318.940521240234, -12526.500007629395, 82.6256332397461, 16.90220878329979, 155.11896, 788, 347, 25, 5.329885269542603E15, 0.0, 3.394958829083326E15, 6.763813793835791E12, 34543, 0, 0
LOSS, -12772.04086303711, -20262.440517425537, 71.3451156616211, -55.05190027171168, 186.448, 232, 384, 4, 52890.93919454345, 0.0, 40622.72128137854, 227.97818618337692, 34622, 0, 0
LOSS, 14365.030227661133, -6073.3996658325195, 68.84757232666016, 24.852993473462167, 180.4, 578, 361, 9, 4.687885384516216E15, 0.0, 4.687885384464124E15, 8.110528346913868E12, 34891, 0, 0
LOSS, 3384.865768432617, -15958.429893493652, 70.43753814697266, 6.362529639910934, 223.0, 532, 364, 14, 4.687784961316081E15, 0.0, 4.687784961288361E15, 8.81162586713549E12, 35153, 0, 0
LOSS, 5819.504837036133, -14943.29566192627, 69.2677993774414, 9.571554008283114, 196.4, 608, 359, 15, 5.1601641267283675E14, 0.0, 5.160164126470294E14, 8.487112050540078E11, 35438, 0, 0
LOSS, -7453.007522583008, -15822.800498962402, 71.5550765991211, -38.22055139786158, 127.0, 195, 387, 4, 80411.0166935431, 0.0, 31667.995937925385, 412.36418817201593, 35524, 0, 0
LOSS, 12620.054382324219, -6639.7929763793945, 71.5428695678711, 23.19862937927246, 202.30627, 544, 363, 17, 97815.28701348547, 0.0, 37636.38172149658, 179.80751289243653, 35769, 0, 0
LOSS, -1092.1632690429688, -15019.847358703613, 67.5124282836914, -2.5637635423543865, 223.0, 426, 371, 12, 1.7263187480827142E16, 0.0, 1.7263187480744676E16, 4.052391427424212E13, 35926, 0, 0
WIN , 15380.81591796875, -10807.684089660645, 70.5473861694336, 19.1066036248059, 169.0, 805, 346, 17, 599524.6309134312, 0.0, 565914.348372273, 744.751094302399, 36288, 0, 0
LOSS, -10780.297576904297, -20258.500007629395, 71.1638412475586, -41.784099135287974, 221.44086, 258, 382, 4, 7072.544988438291, 0.0, 5238.652648925781, 27.412965071466243, 36407, 0, 0
LOSS, -4510.899429321289, -7278.202430725098, 70.0301284790039, -0.7518165715535482, 187.39499, 6000, 0, 11, 3.537748096092188E16, 0.0, 1.7720060839476156E16, 5.896246826820313E12, 36846, 0, 0
LOSS, 682.1974945068359, -18307.30300140381, 71.9469223022461, 1.4094989555926363, 223.0, 484, 367, 18, 48749.35704543965, 0.0, 30147.69965362549, 100.72181207735464, 37088, 0, 0
LOSS, -2424.0380859375, -15089.500495910645, 70.6478042602539, -6.90609141292735, 223.0, 351, 376, 4, 4.688023416271881E15, 0.0, 4.688023416192541E15, 1.3356192069150658E13, 37220, 0, 0
WIN , 16302.03759765625, -10055.462409973145, 73.675537109375, 20.25097838218168, 191.0, 805, 346, 13, 7.056424145535994E14, 0.0, 7.056424083060888E14, 8.765744280168937E11, 37583, 0, 0
WIN , 6190.246963500977, -20247.500007629395, 72.6200942993164, 7.708900328145674, 150.50607, 803, 346, 21, 4.933703515234178E15, 0.0, 4.3872730651246355E15, 6.14408906006747E12, 37939, 0, 0
WIN , 5650.053035736084, -20267.74697113037, 69.41031646728516, 7.036180617355024, 110.4, 803, 346, 13, 28590.170031811158, 0.0, 23086.27220916748, 35.60419680175736, 38249, 0, 0
LOSS, -6403.850536346436, -20287.800006866455, 71.2132797241211, -16.633378016484247, 207.0, 385, 374, 6, 3462.071087630732, 0.0, 219.83698057615487, 8.992392435404499, 38428, 0, 0
LOSS, 13143.551025390625, -10933.94947052002, 71.6246566772461, 19.675974588908122, 207.0, 668, 355, 13, 2.4217274125021385E15, 0.0, 2.4217274123950555E15, 3.6253404378774526E12, 38747, 0, 0
LOSS, -37638.67041015625, -19097.500495910645, 66.6384048461914, -6.273111735026042, 205.0, 6000, 0, 6, 1.60256431345322E14, 0.0, 1.6025643128968288E14, 2.6709405224220333E10, 39000, 0, 0
LOSS, 10845.120849609375, -3018.8300857543945, 69.7237319946289, 29.470437091329824, 175.0, 368, 375, 8, 4.4610369767505215E15, 0.0, 3.8546341464664595E15, 1.2122383088995982E13, 39209, 0, 0
WIN , 15732.458591461182, -10703.95093536377, 82.32489776611328, 19.115988567996574, 113.18096, 823, 345, 32, 272558.4785525301, 0.0, 229697.36135311425, 331.17676616346307, 39587, 0, 0
LOSS, 1483.2223167419434, -20286.40952682495, 70.7869644165039, 2.6772966006172263, 207.0, 554, 363, 12, 73960.79547746056, 0.0, 26990.977668762207, 133.50324093404433, 39854, 0, 0
LOSS, -9137.569580078125, -17229.631843566895, 71.46504974365234, -52.51476770159842, 207.0, 174, 388, 6, 57402.924313072035, 0.0, 40623.89981460571, 329.90186386823007, 39945, 0, 0
LOSS, 12869.087745666504, -6532.0622634887695, 70.8675308227539, 23.31356475664222, 193.7, 552, 363, 7, 21534.640821616485, 0.0, 13132.498075284675, 39.01203047394291, 40176, 0, 0
LOSS, 285.9798812866211, -15421.150009155273, 70.2141342163086, 0.350036574402229, 223.0, 817, 345, 12, 91067.77249125003, 0.0, 30859.542098999023, 111.46606180079563, 40402, 0, 0
WIN , 12424.3701171875, -12777.129890441895, 82.8157730102539, 19.26258932897287, 223.0, 645, 357, 15, 43555.13885647706, 0.0, 21517.257164001465, 67.52734706430552, 40700, 0, 0
WIN , 5508.0, -20231.500007629395, 69.8848648071289, 7.305039787798409, 207.0, 754, 349, 14, 64581.80180426994, 0.0, 19631.460052490234, 85.65225703484077, 40995, 0, 0
LOSS, -921.5975036621094, -20239.500007629395, 70.7066879272461, -1.5593866390221818, 180.195, 591, 360, 13, 33400.819024464276, 0.0, 28110.7027053833, 56.51576823090402, 41219, 0, 0
LOSS, -4789.513214111328, -15027.902503967285, 68.39911651611328, -19.549033526985014, 191.0, 245, 383, 5, 60708.04771115989, 0.0, 30094.17578125, 247.78794984146893, 41332, 0, 0
WIN , 18047.760719299316, -8108.389289855957, 70.9862289428711, 25.81940017067141, 193.7, 699, 353, 19, 22213.693309373662, 0.0, 12124.253574916296, 31.779246508402952, 41649, 0, 0
LOSS, -2982.652763366699, -20246.150009155273, 65.9957046508789, -5.081180176093184, 192.95328, 587, 360, 12, 24547.12661841931, 0.0, 12137.760719299316, 41.817932910424716, 41894, 0, 0
WIN , 12723.943283081055, -13173.497245788574, 71.4641342163086, 20.456500455114234, 171.11896, 622, 358, 8, 5.895260632995356E15, 0.0, 5.895260632977045E15, 9.47791098552308E12, 42146, 0, 0
LOSS, -14906.002532958984, -20257.44052886963, 59.413978576660156, -60.840826665138714, 191.0, 245, 383, 2, 9.376523742203254E15, 0.0, 9.376523742193448E15, 3.8271525478380625E13, 42254, 0, 0
LOSS, 9488.329223632812, -3901.4379959106445, 62.413551330566406, 20.493151670913203, 223.0, 463, 369, 10, 3.5597162595554705E15, 0.0, 3.384967838722857E15, 7.688372050875746E12, 42447, 0, 0
WIN , 16807.732788085938, -9979.767219543457, 73.52578735351562, 19.773803280101102, 191.0, 850, 343, 34, 3.674314549950652E14, 0.0, 3.674314548604949E14, 4.3227229999419434E11, 42811, 0, 0
WIN , 5760.345001220703, -20247.500007629395, 70.9935531616211, 8.264483502468728, 130.31, 697, 353, 29, 1.2896331396393662E16, 0.0, 6.96686734996045E15, 1.850262754145432E13, 43094, 0, 0
LOSS, 3584.982635498047, -20277.845008850098, 71.9981918334961, 6.26745215996162, 207.0, 572, 361, 14, 31948.6857558444, 0.0, 28980.53060913086, 55.8543457270007, 43306, 0, 0
LOSS, 2332.64599609375, -18682.827644348145, 71.2108383178711, 5.21844741855425, 191.0, 447, 370, 9, 64396.60934195636, 0.0, 29488.798828129657, 144.06400300213951, 43497, 0, 0
LOSS, -37706.97375488281, -16925.473640441895, 65.62796783447266, -6.284495625813802, 205.0, 6000, 0, 5, 100238.57219693321, 0.0, 30864.605270385742, 16.706428699488868, 43672, 0, 0
WIN , 22031.491813659668, -3018.499885559082, 76.1763801574707, 23.89532734670246, 106.01662, 922, 338, 20, 6.517679744454296E14, 0.0, 3.259084655096539E14, 7.069066967954768E11, 43910, 0, 0
LOSS, -3669.2094650268555, -20289.99169921875, 70.73812103271484, -5.946854886591338, 223.0, 617, 358, 17, 2.2075967466681108E15, 0.0, 2.2075967466265575E15, 3.577952587792724E12, 44139, 0, 0
LOSS, 7269.55712890625, -12830.782234191895, 70.8174819946289, 10.690525189568016, 191.0, 680, 354, 15, 68918.58414941885, 0.0, 32025.588661193848, 101.35085904326301, 44421, 0, 0
LOSS, -7749.97021484375, -15900.339363098145, 71.7308578491211, -32.291542561848956, 207.0, 240, 384, 3, 10859.402986184927, 0.0, 6136.912109375, 45.24751244243719, 44507, 0, 0
WIN , 19354.856285095215, -6590.3691482543945, 70.5208511352539, 27.22202009155445, 135.54915, 711, 352, 22, 3.56741859465059E15, 0.0, 3.276376151471544E15, 5.017466377848931E12, 44817, 0, 0
WIN , 5976.060981750488, -20275.22543334961, 75.05126953125, 4.274721732296487, 143.42719, 1398, 306, 24, 48813.89457418569, 0.0, 21526.803421020508, 34.91694890857345, 45180, 0, 0
LOSS, -13844.680084228516, -20271.286415100098, 64.26810455322266, -78.66295502402566, 207.0, 176, 388, 7, 20827.802551249428, 0.0, 19630.449012756348, 118.33978722300812, 45259, 0, 0
WIN , 21512.893676757812, -5069.6063232421875, 70.4930648803711, 24.502156807241246, 207.0, 878, 341, 28, 81720.44251119955, 0.0, 28510.587582533874, 93.07567484191293, 45600, 0, 0
LOSS, -3034.0, -20239.500007629395, 68.44107818603516, -5.285714285714286, 185.0, 574, 361, 12, 3.3101935540406025E14, 0.0, 3.310193533352164E14, 5.766887724809412E11, 45835, 0, 0
WIN , 12587.300003051758, -13028.5, 94.8787612915039, 16.96401617661962, 180.4, 742, 350, 13, 354316.03018684615, 0.0, 320976.72290119994, 477.51486548092475, 46079, 0, 0
LOSS, -13905.0, -20261.800006866455, 69.63004302978516, -88.00632911392405, 180.4, 158, 389, 2, 1114.823625636877, 0.0, 176.0479386956756, 7.055845731878969, 46154, 0, 0
LOSS, 5594.66325378418, -5036.800006866455, 71.0887680053711, 21.435491393809116, 207.0, 261, 382, 8, 26768.82992653909, 0.0, 15225.0, 102.562566768349, 46236, 0, 0
LOSS, 7632.0933837890625, -8341.463260650635, 68.4883804321289, 18.302382215321494, 223.0, 417, 372, 6, 6337.109988293031, 0.0, 3698.736083984375, 15.196906446745878, 46383, 0, 0
WIN , 13902.943359375, -12383.556644439697, 70.1811752319336, 18.86423793673677, 191.0, 737, 350, 25, 168418.76826774963, 0.0, 98468.88731348154, 228.51935992910398, 46661, 0, 0
WIN , 5810.0, -20250.5, 70.8077163696289, 5.164444444444444, 191.0, 1125, 325, 17, 965183.9474311686, 0.0, 791976.7797334772, 857.9412866054832, 47066, 0, 0
LOSS, -865.275390625, -20256.500003814697, 70.4720230102539, -1.542380375445633, 207.0, 561, 362, 10, 7.076424551775575E14, 0.0, 7.076424550610296E14, 1.2613947507621345E12, 47347, 0, 0
WIN , 11225.043479919434, -14741.224613189697, 70.8626480102539, 16.035776399884906, 171.46382, 700, 353, 12, 39946.31246995545, 0.0, 29551.08867612866, 57.066160671364926, 47644, 0, 0
LOSS, -7907.526390075684, -20266.26809310913, 70.6178970336914, -19.968500985039604, 207.0, 396, 373, 7, 49345.78681029988, 0.0, 40584.84104537964, 124.61057275328251, 47797, 0, 0
LOSS, 13777.24560546875, -9398.741703033447, 71.4854965209961, 9.148237453830511, 191.0, 1506, 299, 12, 1.5125631270505832E15, 0.0, 5.890564416190221E14, 1.0043579860893647E12, 48294, 0, 0
WIN , 7617.5126953125, -18615.987308502197, 70.8779067993164, 8.909371573464913, 137.0, 855, 343, 28, 5.890564417417689E14, 0.0, 5.890564416190216E14, 6.889549026219519E11, 48667, 0, 0
WIN , 5510.300003051758, -20283.500003814697, 71.3841781616211, 8.774363062184328, 196.4, 628, 358, 17, 118571.97794119235, 0.0, 38311.175704956055, 188.80888207196233, 48951, 0, 0
LOSS, -1623.3017120361328, -20253.800006866455, 70.71187591552734, -0.7097952391937616, 207.0, 2287, 247, 19, 2.3885668360670095E15, 0.0, 2.388566835493754E15, 1.0444105098675162E12, 49381, 0, 0
WIN , 8872.470588684082, -17200.498294830322, 83.28324127197266, 8.572435351385586, 98.06224, 1035, 331, 27, 3.2588152471443E14, 0.0, 3.2588152454281725E14, 3.1486137653568115E11, 49759, 0, 0
LOSS, -12226.151008605957, -20302.968883514404, 70.6050796508789, -64.6886296751638, 207.0, 189, 387, 8, 4528.262162075663, 0.0, 3102.470588684082, 23.95905905860139, 49846, 0, 0
LOSS, 3300.6356201171875, -6600.81787109375, 66.2154312133789, 12.994628425658219, 170.448, 254, 383, 3, 28502.000904255423, 0.0, 13649.68212890625, 112.21260198525756, 49965, 0, 0
WIN , 14108.944374084473, -7787.453495025635, 76.0182113647461, 4.14481327088263, 151.20427, 3404, 173, 18, 5.2812919099399525E14, 0.0, 5.2812919089435794E14, 1.5514958607344162E11, 50406, 0, 0
LOSS, -6000.74991607666, -20276.397869110107, 70.6203384399414, -15.791447147570159, 191.0, 380, 374, 11, 17046.02652941278, 0.0, 12469.251747131348, 44.85796455108626, 50591, 0, 0
LOSS, 5749.334175109863, -11455.647953033447, 70.1631851196289, 9.998842043669327, 184.03575, 575, 361, 9, 3.7861147207126525E15, 0.0, 3.7861147206752515E15, 6.58454734036983E12, 50798, 0, 0
LOSS, 8100.549369812012, -13034.98212814331, 70.6737289428711, 10.815152696678254, 175.0, 749, 350, 18, 55891.6290854521, 0.0, 26055.069175720215, 74.62166767083058, 51037, 0, 0
LOSS, -6237.649658203125, -16779.531494140625, 69.8073501586914, -22.682362393465908, 191.0, 275, 381, 6, 78608.80187358987, 0.0, 37322.874099731445, 285.8501886312359, 51156, 0, 0
LOSS, 3003.744873046875, -8117.881839752197, 67.7938003540039, 11.124981011284722, 223.0, 270, 382, 4, 22968.43081934587, 0.0, 16318.132690429688, 85.0682622938736, 51288, 0, 0
LOSS, 2380.0533447265625, -8861.626712799072, 67.4355239868164, 7.907153969191238, 191.0, 301, 379, 6, 2305948.058781299, 0.0, 2167627.40408355, 7660.957005917936, 51414, 0, 0
LOSS, 3791.5467529296875, -8751.680057525635, 67.9814682006836, 12.431300829277664, 175.0, 305, 379, 4, 21868.11516053081, 0.0, 19622.585861206055, 71.69873823124856, 51547, 0, 0
LOSS, -5346.608337402344, -9873.226810455322, 64.35538482666016, -17.02741508726861, 223.0, 314, 379, 4, 38609.486917862014, 0.0, 19843.061140873233, 122.96014941994272, 51630, 0, 0
WIN , 22820.562408447266, -3620.6184692382812, 70.99378967285156, 27.96637550054812, 169.63824, 816, 345, 14, 45829.01569106049, 0.0, 17880.57777404785, 56.16300942531923, 51964, 0, 0
LOSS, -11050.654281616211, -20267.180881500244, 66.69730377197266, -29.786130139127252, 196.18362, 371, 375, 4, 57101.95218928603, 0.0, 20249.94987297058, 153.9136177608788, 52111, 0, 0
LOSS, 4316.469497680664, -7146.526599884033, 69.63431549072266, 11.419231475345672, 175.0, 378, 374, 15, 30452.194821640038, 0.0, 14372.735092163086, 80.56136196201068, 52243, 0, 0
LOSS, -3304.3837280273438, -9002.996097564697, 63.542762756347656, -20.026568048650567, 180.5332, 165, 389, 4, 9455.990958679062, 0.0, 6761.3780517578125, 57.30903611320643, 52325, 0, 0
WIN , 21242.287635803223, -4288.6123695373535, 71.3353500366211, 28.398780261769016, 162.2, 748, 350, 18, 2.4951574197440095E15, 0.0, 2.389052810434854E15, 3.3357719515294243E12, 52621, 0, 0
LOSS, -37924.03387451172, -20264.90000152588, 57.821449279785156, -6.32067231241862, 206.2675, 6000, 0, 7, 3.617364121936518E14, 0.0, 3.25867753973362E14, 6.02894020322753E10, 52775, 0, 0
LOSS, 21414.469078063965, -3026.8661308288574, 70.2107925415039, 30.85658368597113, 191.0, 694, 353, 15, 1.4446346551464822E15, 0.0, 7.825959484010119E14, 2.0816061313349888E12, 53095, 0, 0
LOSS, -2811.657958984375, -19261.335208892822, 67.93204498291016, -6.758793170635517, 223.0, 416, 372, 9, 3.310193534265537E14, 0.0, 3.310193533352232E14, 7.957195995830618E11, 53305, 0, 0
LOSS, 451.644287109375, -12803.67724609375, 67.3543472290039, 1.0935697024440072, 223.0, 413, 372, 11, 36622.068220384695, 0.0, 25714.405952453613, 88.67328866921234, 53465, 0, 0
LOSS, -8516.170051574707, -10311.321537017822, 64.50003814697266, -96.77465967698531, 185.8, 88, 394, 2, 27008.934119986076, 0.0, 20675.389923095703, 306.91970590893266, 53480, 0, 0
LOSS, 10864.180526733398, -1389.151481628418, 69.2488784790039, 29.36265007225243, 181.33574, 370, 375, 7, 26506.83075573431, 0.0, 11907.49917602539, 71.64008312360625, 53608, 0, 0
WIN , 17025.167991638184, -9753.332008361816, 69.4612808227539, 17.734549991289775, 175.0, 960, 336, 27, 1.803021540730509E13, 0.0, 1.803021531563906E13, 1.878147438260947E10, 54007, 0, 0
LOSS, -10797.707885742188, -20258.5, 69.0001449584961, -43.71541654146635, 223.0, 247, 383, 10, 42854.22924212434, 0.0, 40619.794776916504, 173.49890381426857, 54129, 0, 0
LOSS, 2554.951904296875, -7516.79211807251, 67.24982452392578, 9.324641986484945, 207.0, 274, 381, 7, 68007.88918073363, 0.0, 28962.332565307617, 248.20397511216655, 54253, 0, 0
LOSS, 13919.552856445312, -7751.744022369385, 66.5486831665039, 22.342781471019762, 175.0, 623, 358, 18, 65547.45332858284, 0.0, 33944.493423461914, 105.21260566385688, 54514, 0, 0
WIN , 9378.005630493164, -16735.296875, 69.6095962524414, 11.664186107578562, 185.39499, 804, 346, 24, 41831.833547073154, 0.0, 21881.51806640625, 52.02964371526512, 54831, 0, 0
LOSS, -16106.922317504883, -20259.30250930786, 64.50003814697266, -136.4993416737702, 223.0, 118, 392, 0, 4199.355844492104, 0.0, 3513.325626373291, 35.58776139400088, 54870, 0, 0
LOSS, -1969.5840682983398, -3232.3801918029785, 66.2010726928711, -0.32826401138305666, 214.40874, 6000, 0, 16, 1.3751148132610526E16, 0.0, 6.789918535311916E15, 2.2918580221017544E12, 55501, 0, 0
WIN , 7791.703880310059, -18302.79612350464, 70.592041015625, 9.353786170840406, 175.0, 833, 344, 22, 102201.84784745186, 0.0, 36570.02942657471, 122.69129393451604, 55787, 0, 0
LOSS, -4053.443115234375, -20264.500003814697, 68.7413558959961, -10.340416110291773, 191.0, 392, 373, 6, 55136.17728271442, 0.0, 28115.1925239563, 140.6535134763123, 55947, 0, 0
LOSS, -9091.641075134277, -12945.056884765625, 61.383056640625, -62.700972931960536, 145.7, 145, 390, 4, 30361.250801771734, 0.0, 25978.386402936292, 209.387936563943, 55999, 0, 0
LOSS, 5196.684188842773, -2869.415813446045, 65.89202117919922, 24.51266126812629, 201.8, 212, 385, 7, 24648.724056929303, 0.0, 17395.084190368652, 116.2675663062703, 56079, 0, 0
LOSS, 13844.228225708008, -6306.100002288818, 71.9981918334961, 20.09321948578811, 165.33574, 689, 354, 12, 43388.2836722105, 0.0, 28962.680908203125, 62.972835518447745, 56284, 0, 0
WIN , 9374.563735961914, -16340.328227996826, 82.30506134033203, 12.600220075217626, 194.21608, 744, 350, 25, 429166.13927027065, 0.0, 380721.01972961426, 576.8362086966004, 56582, 0, 0
WIN , 5224.982864379883, -20254.89196395874, 70.3621597290039, 8.088208768389912, 184.25035, 646, 356, 13, 3.9372122269787215E15, 0.0, 3.307524620029173E15, 6.094755769316906E12, 56809, 0, 0
LOSS, -4302.557685852051, -20259.874828338623, 66.7867202758789, -10.367608881571206, 207.0, 415, 372, 8, 516877.5596988916, 0.0, 513804.4821447338, 1245.4880956599798, 56986, 0, 0
LOSS, 7000.45849609375, -12367.317142486572, 70.6990737915039, 16.204765037254052, 191.0, 432, 371, 10, 59999.812991722814, 0.0, 32039.851356506348, 138.88845599935837, 57151, 0, 0
LOSS, 5143.374855041504, -15567.775638580322, 82.6256332397461, 8.363211146408949, 177.7, 615, 359, 15, 1109237.502503939, 0.0, 823316.8022953309, 1803.6382154535593, 57403, 0, 0
LOSS, 6193.760643005371, -16001.150493621826, 69.18401336669922, 10.153705972139953, 207.0, 610, 359, 17, 5.890564417230192E14, 0.0, 5.890564416190225E14, 9.65666297906589E11, 57633, 0, 0
LOSS, 4468.8648681640625, -17234.911136627197, 69.3331069946289, 8.321908506823208, 186.448, 537, 364, 16, 316443.16885831364, 0.0, 235435.85046140547, 589.27964405645, 57881, 0, 0
LOSS, 2626.3740005493164, -17187.776000976562, 68.2488021850586, 4.74932007332607, 193.7, 553, 363, 11, 38422.685610206325, 0.0, 34397.169204711914, 69.48044414142193, 58078, 0, 0
LOSS, 3153.493019104004, -15430.150005340576, 70.6737289428711, 4.7635846210030275, 177.14365, 662, 355, 10, 3.924677922612128E14, 0.0, 3.9246778799673156E14, 5.92851649941409E11, 58304, 0, 0
LOSS, -5152.42707824707, -14303.64302444458, 71.32772064208984, -27.4065270119525, 223.0, 188, 387, 9, 8.652056833005161E14, 0.0, 8.65205683277917E14, 4.602157889896362E12, 58396, 0, 0
LOSS, 10745.959838867188, -7471.21594619751, 70.30538177490234, 24.148224357004917, 175.0, 445, 370, 12, 38822.70960606737, 0.0, 13377.620910644531, 87.24204405857836, 58555, 0, 0
WIN , 12105.07421875, -14407.175785064697, 68.3528823852539, 12.823171841896187, 159.5, 944, 337, 29, 61256.179052725085, 0.0, 21517.01466369629, 64.89002018297148, 58843, 0, 0
WIN , 5612.900001525879, -20266.25, 69.7237319946289, 7.337124185001149, 193.7, 765, 349, 17, 5421723.468665784, 0.0, 5316922.201600579, 7087.22022047815, 59121, 0, 0
LOSS, -13757.446922302246, -20255.150005340576, 67.98148345947266, -81.4050113745695, 177.14365, 169, 388, 2, 38759.52884546033, 0.0, 32034.493774414062, 229.34632452935105, 59185, 0, 0
LOSS, 5020.10221862793, -5027.70308303833, 67.7962417602539, 20.658856866781605, 223.0, 243, 383, 3, 3.2435304173033225E15, 0.0, 3.243530417268082E15, 1.334786179960215E13, 59287, 0, 0
WIN , 17306.40200805664, -7797.80530166626, 85.66585540771484, 19.05991410578925, 135.58539, 908, 339, 14, 56351.640227145064, 0.0, 30358.39461517334, 62.06127778319941, 59545, 0, 0
LOSS, -9148.398834228516, -20278.207305908203, 65.9987564086914, -27.227377482822963, 186.448, 336, 377, 4, 15984.991969325858, 0.0, 7517.162128448486, 47.57438086108886, 59678, 0, 0
WIN , 17863.94153213501, -8489.808471679688, 69.3355484008789, 18.435440177641908, 124.49999, 969, 335, 23, 5.889366173897108E14, 0.0, 5.889366172818336E14, 6.077777269243661E11, 60022, 0, 0
LOSS, -13438.568241119385, -20289.750007629395, 61.419578552246094, -57.67625854557676, 223.0, 233, 384, 4, 14232.871896671284, 0.0, 12491.944705963135, 61.085287110177184, 60094, 0, 0
LOSS, 8307.156715393066, -5181.18176651001, 68.1069107055664, 17.12815817606818, 193.7, 485, 367, 8, 57837.78820499472, 0.0, 33941.94596862793, 119.25317155669015, 60266, 0, 0
LOSS, 1548.959129333496, -10358.338481903076, 65.2245101928711, 3.94137183036513, 207.0, 393, 373, 9, 33717.890065701366, 0.0, 20780.536151642023, 85.79615792799329, 60400, 0, 0
LOSS, 12486.563232421875, -9077.297611236572, 71.6490707397461, 17.439334123494238, 191.0, 716, 352, 17, 3.454625298854903E15, 0.0, 1.74561466329015E15, 4.824895668791764E12, 60610, 0, 0
LOSS, -33373.38006591797, -17043.860843658447, 60.155235290527344, -5.562230010986328, 233.03845, 6000, 0, 7, 1530078.24366394, 0.0, 1372960.4690263197, 255.01304061065667, 60945, 0, 0
WIN , 21796.9474029541, -3010.4807777404785, 67.8816909790039, 17.10906389556837, 129.14365, 1274, 315, 22, 6.738816009877747E15, 0.0, 6.738816009719553E15, 5.289494513247839E12, 61234, 0, 0
LOSS, -12661.569290161133, -20287.42818069458, 68.0879898071289, -64.27192533076717, 223.0, 197, 386, 5, 14987.95793071592, 0.0, 13981.328178405762, 76.0810047244463, 61304, 0, 0
LOSS, 4588.5438232421875, -5935.858890533447, 68.5701675415039, 16.38765651157924, 207.0, 280, 381, 4, 27754.053734173827, 0.0, 14351.569290161133, 99.12162047919225, 61402, 0, 0
LOSS, -778.6998519897461, -8104.402713775635, 69.8989028930664, -4.553800304033603, 209.7, 171, 388, 3, 3602.730295186392, 0.0, 2168.5438232421875, 21.06859821746428, 61465, 0, 0
WIN , 19520.79714202881, -5869.702857971191, 80.4052734375, 30.406226077926494, 191.0, 642, 357, 24, 41091.775755477065, 0.0, 11861.75033569336, 64.00588123906086, 61736, 0, 0
LOSS, -3703.4462890625, -20256.500003814697, 71.4452133178711, -7.780349346769958, 223.0, 476, 368, 12, 128570.07261342842, 0.0, 111899.22291886294, 270.1051945660261, 61921, 0, 0
LOSS, 3294.823974609375, -12893.053714752197, 71.0271224975586, 7.920249938964844, 175.0, 416, 372, 13, 51230.84536182819, 0.0, 33570.3383102417, 123.15107058131777, 62089, 0, 0
LOSS, 5778.8988037109375, -12927.877689361572, 70.2510757446289, 7.287388150959568, 186.448, 793, 347, 14, 32300.155880080343, 0.0, 16279.136116027832, 40.731596317881895, 62315, 0, 0
LOSS, -5184.5753173828125, -15036.77649307251, 67.77730560302734, -22.94059874948147, 207.0, 226, 384, 7, 33179.716277532716, 0.0, 30029.476219177246, 146.81290388288812, 62401, 0, 0
LOSS, 11571.55517578125, -7746.201171875, 69.7225112915039, 9.235079948748005, 207.0, 1253, 316, 8, 90200.26843627055, 0.0, 17044.146911621094, 71.98744488130131, 62639, 0, 0
LOSS, -6521.3861083984375, -16253.756351470947, 66.1082992553711, -22.333514069857664, 207.0, 292, 380, 5, 36140.67588213585, 0.0, 32590.638229370117, 123.76943795252004, 62753, 0, 0
LOSS, 2160.0560302734375, -7632.37024307251, 71.56880950927734, 8.674923816359186, 223.0, 249, 383, 8, 25322.96913608877, 0.0, 15342.968121027516, 101.69867122927216, 62835, 0, 0
WIN , 17865.971603393555, -7822.426273345947, 69.4124526977539, 14.408041615639963, 167.20425, 1240, 317, 27, 62242.57749802768, 0.0, 31199.86093902588, 50.19562701453845, 63174, 0, 0
LOSS, -15067.023300170898, -20268.397876739502, 65.83638763427734, -103.19878972719793, 191.0, 146, 390, 4, 39271.75698133947, 0.0, 25882.264389038086, 268.9846368584895, 63230, 0, 0
LOSS, 12211.719665527344, -3955.3745727539062, 69.2226333618164, 14.383650960574021, 191.0, 849, 343, 9, 40614.876186170804, 0.0, 25564.810119628906, 47.83848785179129, 63456, 0, 0
LOSS, -8125.5599365234375, -12583.094242095947, 58.151222229003906, -58.8808691052423, 223.0, 138, 390, 0, 18411.07866002469, 0.0, 9518.882934570312, 133.41361347843977, 63506, 0, 0
LOSS, 6914.265579223633, -3337.5343055725098, 71.3976058959961, 27.221518028439498, 196.4, 254, 383, 5, 3005492.396851712, 0.0, 2985729.7045497224, 11832.647231699653, 63629, 0, 0
WIN , 17910.000122070312, -7991.799884796143, 82.8255386352539, 23.32031265894572, 180.4, 768, 348, 26, 99177.53848173525, 0.0, 74708.05968822911, 129.13741989809276, 63900, 0, 0
WIN , 1388.6999969482422, -20261.800006866455, 70.32918548583984, 0.5947323327401466, 223.0, 2335, 244, 22, 7.183309334366179E14, 0.0, 7.183309326303062E14, 3.076363740627914E11, 64171, 0, 0
WIN , 6187.300003051758, -20240.500003814697, 93.4566421508789, 7.463570570629382, 148.4, 829, 344, 17, 2720470.385444757, 0.0, 2706433.049797058, 3281.6289329852316, 64499, 0, 0
LOSS, -8963.65168762207, -20277.800006866455, 66.4693374633789, -33.69793867527094, 191.0, 266, 382, 2, 62887.41579228906, 0.0, 25250.456672668457, 236.41885636198896, 64608, 0, 0
LOSS, 14189.666870117188, -8934.148319244385, 82.6256332397461, 16.973285729805248, 175.0, 836, 344, 19, 7.80685499558627E14, 0.0, 5.90483757796957E14, 9.338343296155825E11, 64874, 0, 0
LOSS, 5813.94287109375, -18283.815189361572, 83.04422760009766, 4.651154296875, 175.0, 1250, 316, 20, 8.756900926534552E14, 0.0, 6.296876044394842E14, 7.005520741227642E11, 65264, 0, 0
LOSS, -16028.673080444336, -19037.758060455322, 69.3340072631836, -213.71564107259115, 108.49576, 75, 395, 1, 13525.546068251328, 0.0, 12218.9892578125, 180.34061424335104, 65290, 0, 0
WIN , 23341.16502380371, -2313.084976196289, 70.1799545288086, 27.2677161493034, 143.5, 856, 342, 27, 19078.30799418236, 0.0, 5193.027153015137, 22.287742983857896, 65556, 0, 0
LOSS, -3694.75, -20280.250003814697, 69.8622817993164, -5.124479889042996, 223.0, 721, 351, 5, 105210.5040109287, 0.0, 31941.924240112305, 145.92302914137127, 65771, 0, 0
LOSS, 10253.812255859375, -12935.500003814697, 69.3089828491211, 15.39611449828735, 223.0, 666, 355, 15, 72632.8285599586, 0.0, 36596.32971954346, 109.05830114107897, 65996, 0, 0
LOSS, 234.284423828125, -18409.312259674072, 70.30538177490234, 0.4221340969876126, 175.0, 555, 363, 15, 5296226.802827146, 0.0, 5185634.8124805745, 9542.750996084947, 66185, 0, 0
WIN , 9256.311508178711, -14353.596683502197, 70.0804672241211, 4.771294591844696, 164.18362, 1940, 270, 27, 3.1882373397171973E13, 0.0, 3.1882373353087016E13, 1.643421309132576E10, 66471, 0, 0
LOSS, 3833.156021118164, -20263.90818786621, 71.8120346069336, 3.313012982816045, 207.0, 1157, 322, 11, 113122.53043042807, 0.0, 40622.134051509085, 97.77228213520145, 66716, 0, 0
LOSS, -8066.9073486328125, -19553.064212799072, 71.3811264038086, -29.76718578831296, 207.0, 271, 381, 4, 45704.30747427065, 0.0, 39200.431716918945, 168.65058108586956, 66839, 0, 0
WIN , 3722.3431396484375, -9316.15686416626, 67.4254379272461, 0.9148053919018033, 207.0, 4069, 128, 27, 140551.35771731785, 0.0, 35274.40979004833, 34.541990100102694, 67284, 0, 0
LOSS, 526.636474609375, -20248.500003814697, 71.7332992553711, 0.9064311094825731, 191.0, 581, 361, 13, 33070.64673895341, 0.0, 18220.6720123291, 56.92021813933461, 67508, 0, 0
LOSS, 287.181396484375, -16545.136478424072, 64.6953353881836, 0.5720744949887948, 191.0, 502, 366, 4, 17730.030741035436, 0.0, 7228.9796142578125, 35.318786336723974, 67684, 0, 0
WIN , 13461.634628295898, -12986.31787109375, 66.9478530883789, 17.573935546078197, 156.095, 766, 348, 18, 144894.26633329986, 0.0, 49702.07467787282, 189.15700565704944, 67984, 0, 0
LOSS, 379.05628967285156, -20273.952503204346, 70.4390640258789, 0.647959469526242, 191.0, 585, 361, 21, 850999.6148102796, 0.0, 837399.5927074105, 1454.7001962568881, 68190, 0, 0
WIN , 9074.791213989258, -16063.008792877197, 70.2767105102539, 11.545535895660633, 148.4, 786, 347, 11, 5947663.574351392, 0.0, 3241873.380028527, 7567.002002991592, 68464, 0, 0
LOSS, 3193.510055541992, -20277.800006866455, 69.8357162475586, 5.069063580225384, 207.0, 630, 358, 15, 32981.99137404013, 0.0, 23846.08130645752, 52.352367260381165, 68688, 0, 0
WIN , 7259.18994140625, -18171.310062408447, 89.59228515625, 12.451440722823756, 223.0, 583, 361, 19, 3.436903547899412E15, 0.0, 3.4369035478296415E15, 5.895203341165372E12, 68917, 0, 0
LOSS, -2375.349510192871, -20240.500003814697, 70.3673324584961, -4.712995059906491, 209.7, 504, 366, 9, 4.5152798003054675E14, 0.0, 4.5152797945454006E14, 8.958888492669579E11, 69121, 0, 0
LOSS, -540.3208999633789, -13665.150493621826, 68.6977310180664, -1.3541877192064635, 185.0, 399, 373, 10, 3.3101935536505775E14, 0.0, 3.310193533352171E14, 8.296224445239542E11, 69264, 0, 0
LOSS, 5150.58251953125, -10314.829593658447, 71.9157943725586, 10.730380249023437, 223.0, 480, 368, 10, 3.931778008507761E14, 0.0, 3.9317780082174844E14, 8.19120418439117E11, 69455, 0, 0
LOSS, 4059.461669921875, -12185.412113189697, 68.4798355102539, 5.292648852570893, 223.0, 767, 348, 14, 17889.503752874876, 0.0, 6767.614013671875, 23.32399446267911, 69650, 0, 0
LOSS, -7651.5773849487305, -12814.873783111572, 70.11893463134766, -56.67835099962023, 152.8308, 135, 391, 2, 13812.239741137917, 0.0, 12446.580322265625, 102.31288697139198, 69699, 0, 0
WIN , 21880.753608703613, -4007.2963943481445, 70.72383117675781, 33.71456642327213, 135.9, 649, 356, 19, 56708.09423757025, 0.0, 25450.216773986816, 87.37764905634862, 69965, 0, 0
LOSS, -2802.550003051758, -20284.050006866455, 70.3090591430664, -2.318072789951826, 191.0, 1209, 319, 14, 5.702424450953029E15, 0.0, 3.801812253765905E15, 4.716645534287038E12, 70242, 0, 0
LOSS, -5764.1883544921875, -14311.500003814697, 64.32181549072266, -22.085012852460487, 127.0, 261, 382, 3, 105398.97899007182, 0.0, 33560.446044921875, 403.8275057090874, 70346, 0, 0
WIN , 19434.938354492188, -6537.31164932251, 84.330078125, 25.572287308542354, 159.5, 760, 349, 18, 2.0092915175287685E15, 0.0, 1.900813167294133E15, 2.643804628327327E12, 70642, 0, 0
WIN , 5073.800003051758, -20272.250003814697, 92.59883117675781, 5.312879584347391, 151.9, 955, 336, 27, 101832.73026028367, 0.0, 32393.620910649654, 106.63113116260071, 70891, 0, 0
LOSS, 3417.008102416992, -20270.050003051758, 70.56432342529297, 3.3731570606288175, 207.0, 1013, 332, 13, 511563.144558156, 0.0, 451870.7528798309, 504.9981683693544, 71138, 0, 0
LOSS, -8592.315795898438, -19643.058109283447, 67.8267593383789, -32.795098457627624, 223.0, 262, 382, 6, 3.8667747330215686E11, 0.0, 3.866774058148701E11, 1.4758682187105224E9, 71243, 0, 0
LOSS, -5863.2418212890625, -8830.74231338501, 67.6634750366211, -0.9772069702148437, 205.0, 6000, 0, 23, 8.833205999018219E14, 0.0, 8.833205543485545E14, 1.47220099983637E11, 71585, 0, 0
WIN , 7425.99951171875, -18307.500492095947, 89.31205749511719, 9.53273364790597, 137.0, 779, 348, 18, 8.692389780636938E14, 0.0, 5.3737999720430006E14, 1.1158395097094915E12, 71855, 0, 0
LOSS, 2124.638572692871, -20283.500003814697, 71.6844711303711, 3.919997366592013, 201.8, 542, 363, 11, 4834.493477133359, 0.0, 1975.99951171875, 8.919729662607674, 72082, 0, 0
WIN , 7188.361427307129, -17876.138568878174, 75.277099609375, 5.04800662029995, 191.0, 1424, 305, 23, 2.6286977007256E16, 0.0, 2.5886435159454784E16, 1.8459955763522473E13, 72437, 0, 0
LOSS, -4537.06103515625, -20256.500003814697, 66.3802261352539, -10.675437729779413, 175.0, 425, 371, 10, 31492.207080279302, 0.0, 25971.39274597168, 74.09931077712777, 72612, 0, 0
LOSS, 8798.775344848633, -11989.438968658447, 69.57816314697266, 15.463577055972992, 164.4, 569, 362, 11, 45637.18011538539, 0.0, 30357.53843688965, 80.20594044883197, 72842, 0, 0
LOSS, -10268.458675384521, -16378.21431350708, 66.9811019897461, -51.6002948511785, 69.49239, 199, 386, 6, 61234.2307037545, 0.0, 32851.892921447754, 307.7097020289171, 72942, 0, 0
LOSS, 16095.744365692139, -4556.75563621521, 71.9774398803711, 27.751283389124378, 223.0, 580, 361, 11, 38041.935341425386, 0.0, 15686.334386825562, 65.58954369211273, 73176, 0, 0
LOSS, -35859.64333343506, -16055.500003814697, 60.9869384765625, -5.976607222239177, 218.2675, 6000, 0, 3, 1.0760597467266125E14, 0.0, 1.0760597450637002E14, 1.7934329112110207E10, 73414, 0, 0
LOSS, 18869.23903656006, -3015.8566703796387, 70.3725357055664, 25.533476368822814, 175.0, 739, 350, 7, 68808.27796815004, 0.0, 19844.145416259766, 93.1099837187416, 73667, 0, 0
LOSS, 5252.133544921875, -16995.095706939697, 82.6256332397461, 7.622835333703737, 207.0, 689, 354, 17, 40153.636359428514, 0.0, 18731.586181640625, 58.27813695127506, 73928, 0, 0
WIN , 9393.020751953125, -17237.229251861572, 70.1216812133789, 11.844918981025378, 143.5, 793, 347, 18, 1.0339561971254526E16, 0.0, 6.440185841243554E15, 1.3038539686323488E13, 74258, 0, 0
LOSS, -7817.5220947265625, -20280.250003814697, 69.6395034790039, -28.427353071732956, 207.0, 275, 381, 5, 39785.05275599306, 0.0, 34077.49838256836, 144.67291911270206, 74370, 0, 0
LOSS, 12149.240112304688, -9826.727905273438, 71.7113265991211, 20.31645503729881, 207.0, 598, 360, 9, 86257.89933119579, 0.0, 39193.744972229004, 144.24397881470867, 74606, 0, 0
LOSS, -6627.028564453125, -17195.968017578125, 65.6752700805664, -21.586412262062296, 175.0, 307, 379, 7, 100798.95324184152, 0.0, 34501.076352339194, 328.3353525792883, 74724, 0, 0
LOSS, 12258.66845703125, -7938.939453125, 68.9873275756836, 22.91339898510514, 223.0, 535, 364, 11, 1.0896622518109798E16, 0.0, 1.0896622518077542E16, 2.0367518725438875E13, 74943, 0, 0
LOSS, 126.527099609375, -15707.60791015625, 70.2874526977539, 0.2721012894825269, 223.0, 465, 369, 11, 2.4900882825833365E15, 0.0, 2.0557423536101858E15, 5.355028564695348E12, 75088, 0, 0
LOSS, 7173.064987182617, -12264.135009765625, 67.95951080322266, 11.797804255234567, 167.6, 608, 359, 15, 76015.42387170934, 0.0, 26079.840774536133, 125.02536821004826, 75297, 0, 0
LOSS, -1309.6582489013672, -15037.199996948242, 62.803260803222656, -2.969746596148225, 175.0, 441, 370, 9, 3.866792001035E11, 0.0, 3.866774058166226E11, 8.768235830011338E8, 75456, 0, 0
LOSS, -2315.0418701171875, -10557.541748046875, 70.6798324584961, -11.633376231744661, 223.0, 199, 386, 5, 17982.05588672787, 0.0, 10300.416748046875, 90.36208988305462, 75542, 0, 0
LOSS, -4376.123306274414, -6452.4998779296875, 70.4817886352539, -0.729353884379069, 215.90701, 6000, 0, 16, 4.2480847500476E14, 0.0, 4.248084748792645E14, 7.080141250079333E10, 75938, 0, 0
WIN , 8095.45344543457, -18296.376571655273, 86.95011520385742, 9.557796275601618, 128.33997, 847, 343, 22, 1.2397947136397079E7, 0.0, 1.2268664379829347E7, 14637.481861153576, 76226, 0, 0
LOSS, -6168.488220214844, -20281.830017089844, 69.7908706665039, -10.263707521156146, 191.0, 601, 359, 13, 9.06142302370978E15, 0.0, 5.260384124707941E15, 1.5077242967903129E13, 76416, 0, 0
LOSS, -2294.7109375, -11183.341796875, 68.86876678466797, -11.248583026960784, 223.0, 204, 386, 7, 63843.62883728652, 0.0, 22406.088662981558, 312.9589648886594, 76496, 0, 0
LOSS, 12542.4677734375, -7088.630859375, 68.2887954711914, 21.36706605355622, 207.0, 587, 360, 9, 1.000115379865184E15, 0.0, 7.058219062731854E14, 1.703774071320586E12, 76705, 0, 0
WIN , 10506.883491516113, -15181.0986328125, 71.37288665771484, 12.007866847446987, 136.03575, 875, 341, 27, 5957704.950499306, 0.0, 5889866.92201779, 6808.805657713493, 76943, 0, 0
WIN , 5137.926063537598, -20277.982124328613, 70.0682601928711, 7.784736459905451, 180.18362, 660, 356, 25, 83499.61006456468, 0.0, 40662.87689113617, 126.51456070388588, 77190, 0, 0
LOSS, -1517.815902709961, -20255.90818786621, 68.5289535522461, -2.891077909923735, 160.0, 525, 365, 14, 6.382079938838631E15, 0.0, 6.382079938734895E15, 1.2156342740645012E13, 77364, 0, 0
LOSS, 2484.707717895508, -14708.09228515625, 70.8556137084961, 6.10493296780223, 196.4, 407, 372, 6, 76836.43194364879, 0.0, 39192.58525848389, 188.78730207284713, 77541, 0, 0
