WIN , 32456.0, -35.7586669921875, 89.44091796875, 7.5338904363974, 4308, 223.0, 112, 36, 18504.66705584526, -7.596134662628174, 53.560585021972656, 4.295419465145139
WIN , 29325.79694366455, -45.146484375, 82.88126373291016, 9.493621542138087, 3089, 183.40611267089844, 194, 32, 52435.01255226135, 13.779247283935547, 60.426170349121094, 16.974753173279815
WIN , 27492.0, -40.9998779296875, 90.9798355102539, 13.319767441860465, 2064, 191.0, 262, 29, 60352.624457359314, 10.795829772949219, 86.0358657836914, 29.24061262468959
LOSS, 11253.999877929688, -20.1611328125, 60.40740966796875, 27.58333303414139, 408, 223.0, 372, 10, 16499.300989151, 16.491865158081055, 89.79965209960938, 40.43946320870344
LOSS, 24886.638671875, -21.34002685546875, 63.136497497558594, 25.420468510597548, 979, 191.0, 334, 21, 42044.639395713806, 15.630379676818848, 94.83583068847656, 42.946516236684175
LOSS, 14734.270263671875, -20.779693603515625, 61.044532775878906, 29.292783824397365, 503, 223.0, 366, 8, 23990.50399208069, 12.943862915039062, 98.22024536132812, 47.694838950458625
LOSS, 13769.28369140625, -35.0, 58.806983947753906, 20.21921246902533, 681, 223.0, 354, 11, 28103.198553085327, 13.73375129699707, 94.32829284667969, 41.26754559924424
LOSS, 12421.0, -21.15338134765625, 61.85210418701172, 33.30026809651474, 373, 223.0, 375, 7, 24898.241481781006, 56.25624465942383, 118.8899154663086, 66.75131764552549
LOSS, 21845.845703125, -19.72021484375, 59.05937194824219, 21.54422653168146, 1014, 207.0, 332, 22, 62712.67558479309, 20.745718002319336, 117.08430480957031, 61.846820103346246
LOSS, 22217.685302734375, -20.719894409179688, 67.5255355834961, 24.441898022810093, 909, 207.0, 339, 16, 63126.35642242432, 35.65652084350586, 112.53990173339844, 69.44593665833258
LOSS, 11857.217163085938, -17.662269592285156, 70.4497299194336, 39.132729911174714, 303, 207.0, 379, 8, 22296.05731201172, 32.53007888793945, 123.37252807617188, 73.58434756439512
LOSS, 12464.472671508789, -47.877540588378906, 64.3260726928711, 2.0777584049856292, 5999, 187.39498901367188, 0, 12, 311039.1201286316, 27.422096252441406, 120.6971435546875, 51.84849477056703
LOSS, 11998.366088867188, -14.7647705078125, 68.2555160522461, 26.370035360147664, 455, 175.0, 369, 9, 51411.404094696045, 44.08124923706055, 175.16273498535156, 112.99209691141988
LOSS, 12866.697021484375, -13.27532958984375, 69.0733871459961, 40.20842819213867, 320, 223.0, 378, 9, 37289.97180938721, 38.58638381958008, 169.5435791015625, 116.53116190433502
LOSS, 15452.9521484375, -21.14148712158203, 65.5968246459961, 25.249921811172385, 612, 191.0, 359, 15, 76394.33980178833, 56.60163879394531, 185.98947143554688, 124.82735261730119
LOSS, 9398.906517028809, -18.462913513183594, 61.66839599609375, 27.32240266578142, 344, 201.8000030517578, 377, 8, 35292.433084487915, 21.876787185668945, 183.4425506591797, 102.5942822223486
LOSS, 8934.10888671875, -21.463096618652344, 69.4103012084961, 14.136248238479034, 632, 175.0, 357, 4, 67454.41831588745, 48.61781692504883, 171.08358764648438, 106.73167455045483
LOSS, 22462.5205078125, -16.570663452148438, 69.3114242553711, 21.111391454710997, 1064, 207.0, 329, 16, 117577.2045249939, 14.324653625488281, 188.64898681640625, 110.50489147085892
LOSS, 18600.80712890625, -19.019424438476562, 64.5433578491211, 41.335126953125, 450, 223.0, 369, 7, 59094.79854774475, 20.803327560424805, 200.18270874023438, 131.3217745505439
LOSS, 6689.2838134765625, -18.0462646484375, 66.55204010009766, 19.79078051324427, 338, 207.0, 377, 3, 43785.14891052246, 41.280094146728516, 198.83351135253906, 129.54186068201912
LOSS, 16037.65478515625, -16.48968505859375, 66.3744125366211, 20.9095890288869, 767, 207.0, 348, 16, 102998.01929473877, 66.73912811279297, 202.1232147216797, 134.28685696836868
LOSS, 15689.60595703125, -18.963523864746094, 69.4322738647461, 27.47741848867119, 571, 223.0, 361, 14, 74334.70483398438, 37.68283462524414, 208.49009704589844, 130.18337098771343
LOSS, 13526.03662109375, -39.9998779296875, 71.5300521850586, 20.713685484063937, 653, 223.0, 356, 18, 74973.05102539062, 37.957359313964844, 208.24581909179688, 114.81324812464108
LOSS, 4992.028381347656, -17.66242218017578, 70.4134292602539, 35.15512944611026, 142, 159.8800048828125, 390, 3, 16970.357078552246, 52.151466369628906, 197.91940307617188, 119.509556891213
LOSS, 14830.5361328125, -21.3397216796875, 70.2373275756836, 27.46395580150463, 540, 223.0, 363, 9, 76487.29102706909, 38.543060302734375, 212.9957275390625, 141.64313153160944
LOSS, 9736.7431640625, -15.562950134277344, 66.1864242553711, 30.427322387695312, 320, 175.0, 378, 7, 44791.406147003174, 48.59695816040039, 202.1075439453125, 139.9731442093849
LOSS, 8178.2525634765625, -16.66413116455078, 67.0702133178711, 42.15594104884826, 194, 175.0, 387, 5, 30791.90940093994, 70.93022918701172, 209.28269958496094, 158.72118247907187
LOSS, 18698.699996948242, -34.0, 69.8567886352539, 22.528554213190652, 830, 167.60000610351562, 344, 17, 124788.76587295532, 41.81850814819336, 227.2059783935547, 150.34791069030763
LOSS, 10939.633422851562, -16.00006103515625, 70.9319076538086, 26.74726998252216, 409, 223.0, 372, 5, 70344.14143371582, 68.14555358886719, 232.65626525878906, 171.99056585260593
LOSS, 9874.616577148438, -16.7203369140625, 70.3343734741211, 27.35350852395689, 361, 191.0, 375, 8, 56536.476890563965, 47.94546127319336, 232.69505310058594, 156.61073930904146
LOSS, 8111.0, -13.000030517578125, 65.7579574584961, 25.831210191082803, 314, 223.0, 379, 3, 47267.68149185181, 48.1429557800293, 228.09124755859375, 150.5340174899739
LOSS, 9881.205932617188, -16.30144500732422, 66.0704574584961, 23.140997500274445, 427, 191.0, 371, 5, 71370.4455986023, 58.51447677612305, 237.2040557861328, 167.1439006993028
LOSS, 13137.72900390625, -18.721778869628906, 69.50971221923828, 24.329127785011575, 540, 159.0, 363, 14, 88751.17322158813, 47.17219161987305, 233.85223388671875, 164.35402448442247
LOSS, 9149.796997070312, -17.66242218017578, 70.02967071533203, 26.067797712451032, 351, 223.0, 376, 4, 54243.15463256836, 76.01526641845703, 232.11167907714844, 154.53890208708935
LOSS, 859.0, -22.84002685546875, 62.35443115234375, 5.237804878048781, 164, 207.0, 389, 1, 26168.128784179688, 134.8590850830078, 209.1906280517578, 159.56176087914443
WIN , 13419.768089294434, -37.437744140625, 81.61882781982422, 3.685736909995725, 3641, 155.4638214111328, 157, 30, 392398.8618812561, 38.68818283081055, 251.76425170898438, 107.7722773637067
LOSS, 10062.841186523438, -20.35790252685547, 69.7997055053711, 16.049188495252693, 627, 175.0, 358, 10, 92548.54864883423, 44.25456237792969, 252.22393798828125, 147.605340747742
LOSS, 10141.0, -25.763916015625, 71.7650375366211, 18.53930530164534, 547, 223.0, 363, 7, 89520.33730697632, 36.027530670166016, 266.2738037109375, 163.65692377875013
LOSS, 22267.431640625, -19.275390625, 71.0985336303711, 17.261574915213178, 1290, 196.533203125, 313, 25, 195084.58213043213, 12.996652603149414, 266.66058349609375, 151.22835824064506
LOSS, -16972.447143554688, -40.4193115234375, 59.47975158691406, -2.829212726046789, 5999, 227.2142333984375, 0, 4, 536009.6902427673, 36.467079162597656, 254.009765625, 89.34984001379685
LOSS, 24314.464294433594, -19.06048583984375, 71.8211898803711, 38.11044560256049, 638, 159.8800048828125, 357, 19, 130948.14036941528, 62.82402420043945, 303.4105529785156, 205.2478689175788
LOSS, 4909.65966796875, -37.0, 83.98240661621094, 1.8217661105635437, 2695, 223.0, 220, 19, 546046.1686630249, 43.08952331542969, 314.9302978515625, 202.6145338267254
LOSS, 10536.897338867188, -34.7723388671875, 68.40657806396484, 25.390114069559488, 415, 207.0, 372, 7, 83941.7841873169, 51.34412384033203, 298.9729309082031, 202.2693594875106
LOSS, 4371.0, -41.81537628173828, 63.976036071777344, 14.667785234899329, 298, 223.0, 380, 5, 48387.069274902344, 48.133609771728516, 277.046142578125, 162.37271568759175
LOSS, 12926.574035644531, -19.692848205566406, 69.5015640258789, 25.44601188119002, 508, 164.8853759765625, 366, 13, 102374.06640625, 63.21445846557617, 315.6514587402344, 201.52375276820865
WIN , 25361.74871826172, -18.754051208496094, 66.5816421508789, 22.624218303534093, 1121, 151.5025634765625, 325, 23, 215023.2607307434, 46.500335693359375, 320.05780029296875, 191.81379190967297
LOSS, 12680.2431640625, -44.3841552734375, 66.3796157836914, 16.277590711248397, 779, 223.0, 348, 18, 148761.43684387207, 39.884254455566406, 310.1192321777344, 190.9646172578589
LOSS, 18326.744384765625, -19.13629150390625, 67.7867660522461, 31.221029616295784, 587, 175.0, 360, 16, 126746.59604263306, 50.09123611450195, 298.9398193359375, 215.9226508392386
WIN , 26019.415954589844, -34.437255859375, 67.8746566772461, 25.04274875321448, 1039, 196.1680908203125, 330, 28, 203986.19801330566, 44.55314636230469, 317.7799072265625, 196.3293532370603
WIN , 22516.341957092285, -29.4427490234375, 68.4374008178711, 16.140746922646798, 1395, 202.3160858154297, 306, 17, 270365.5439300537, 51.59663009643555, 327.020263671875, 193.8104257563109
LOSS, 6386.254638671875, -15.999984741210938, 66.70308685302734, 40.165123513659594, 159, 207.0, 389, 4, 35751.2520904541, 92.43403625488281, 318.3992919921875, 224.8506420783277
LOSS, 20489.1787109375, -30.103240966796875, 66.4839859008789, 24.104916130514706, 850, 223.0, 343, 14, 198295.48260498047, 66.2501220703125, 324.0726013183594, 233.2888030646829
LOSS, 13175.23388671875, -16.620689392089844, 65.4640884399414, 28.03241252493351, 470, 159.0, 368, 6, 105201.94612884521, 73.09368133544922, 347.88214111328125, 223.83392793371323
LOSS, 6451.0, -17.662269592285156, 69.1704330444336, 33.95263157894737, 190, 223.0, 387, 5, 40653.59959411621, 64.5428695678711, 307.09271240234375, 213.96631365324322
LOSS, 10743.471557617188, -34.0, 70.05765533447266, 12.098504006325662, 888, 191.0, 340, 6, 173357.37155532837, 40.81005859375, 327.2733459472656, 195.2222652650094
LOSS, 14807.0, -22.708656311035156, 71.0570297241211, 21.335734870317, 694, 191.0, 353, 11, 131460.48384094238, 58.052215576171875, 309.57623291015625, 189.42432830106972
LOSS, 15450.8896484375, -31.05255126953125, 70.78008270263672, 25.4545134241145, 607, 207.0, 359, 11, 136762.5375289917, 54.54199981689453, 325.597412109375, 225.3089580378776
LOSS, 12182.252563476562, -33.063270568847656, 65.99295806884766, 18.741927020733172, 650, 207.0, 356, 7, 130226.27862548828, 41.1584587097168, 326.326416015625, 200.34812096228967
LOSS, 12718.711181640625, -14.078750610351562, 70.09908294677734, 33.121643702189125, 384, 223.0, 374, 8, 87500.58017349243, 56.98293685913086, 329.71221923828125, 227.8660942018032
LOSS, 16047.46923828125, -19.37347412109375, 63.591209411621094, 28.862354745110164, 556, 207.0, 362, 10, 125610.95328521729, 62.562294006347656, 319.4780578613281, 225.91898072880807
LOSS, 18675.50146484375, -18.310523986816406, 69.53055572509766, 34.3931887013697, 543, 207.0, 363, 15, 125588.77972793579, 59.311614990234375, 332.0350341796875, 231.28688716010274
LOSS, 7730.3546142578125, -37.0, 66.87323760986328, 23.568154311761624, 328, 175.0, 378, 4, 61701.43634033203, 50.467655181884766, 331.0838623046875, 188.1141351839391
LOSS, 5703.9998779296875, -33.999969482421875, 67.44222259521484, 13.878345201775396, 411, 223.0, 372, 5, 70871.37601089478, 59.10774612426758, 327.3459167480469, 172.43643798271236
LOSS, 4700.172607421875, -15.67620849609375, 64.75562286376953, 35.33964366482613, 133, 191.0, 391, 3, 29186.69915008545, 67.57229614257812, 323.84014892578125, 219.44886579011617
LOSS, 7629.9998779296875, -15.870216369628906, 83.9370346069336, 26.493055131700302, 288, 191.0, 380, 9, 69734.83547210693, 116.94615936279297, 331.8775939941406, 242.1348453892602
LOSS, 16794.00048828125, -34.0869140625, 65.6645736694336, 27.087097561743953, 620, 223.0, 358, 15, 140454.594455719, 52.77484130859375, 337.903076171875, 226.5396684769661
LOSS, 20202.9921875, -31.19384765625, 70.9249038696289, 32.42855888844302, 623, 223.0, 358, 13, 125477.51733779907, 50.779884338378906, 334.0293273925781, 201.40853505264698
LOSS, 20439.0, -17.35771942138672, 65.89202117919922, 19.652884615384615, 1040, 207.0, 330, 18, 208950.8620071411, 44.43416976928711, 352.0022277832031, 200.91429039148184
LOSS, 5544.7415771484375, -12.9998779296875, 70.05765533447266, 29.493306261427858, 188, 207.0, 387, 5, 46103.67414855957, 84.05186462402344, 321.20001220703125, 245.23230930084878
WIN , 24676.341957092285, -18.963623046875, 71.7076644897461, 22.535472106933593, 1095, 202.3160858154297, 326, 14, 249600.184715271, 58.39197540283203, 339.6824645996094, 227.94537416919727
LOSS, 6219.0, -21.34002685546875, 62.31175994873047, 25.9125, 240, 207.0, 383, 3, 58221.26434326172, 88.81804656982422, 334.7713928222656, 242.58860143025717
LOSS, 15890.650489807129, -30.322265625, 68.29793548583984, 19.308202296241955, 823, 209.6999969482422, 345, 8, 182653.63051223755, 55.29515075683594, 355.3909606933594, 221.9363675725851
LOSS, 19212.328857421875, -20.967002868652344, 67.49547576904297, 26.174834955615633, 734, 207.0, 351, 19, 179258.82947540283, 61.47427749633789, 354.2816162109375, 244.22183852234718
LOSS, 6171.0, -18.306747436523438, 70.6242904663086, 23.375, 264, 223.0, 382, 6, 55769.867599487305, 66.09219360351562, 335.14593505859375, 211.24949848290646
WIN , 26202.0, -22.04345703125, 67.5658187866211, 22.764552562988705, 1151, 191.0, 323, 19, 284024.44190597534, 56.707096099853516, 345.262451171875, 246.7631988757388
LOSS, 6819.80126953125, -32.41180419921875, 66.38480377197266, 21.179507048233695, 322, 223.0, 378, 5, 72776.93474578857, 68.212158203125, 335.0699157714844, 226.01532529748005
LOSS, 10221.613159179688, -19.737579345703125, 68.5817642211914, 29.121405011907942, 351, 175.0, 376, 10, 82379.76783370972, 54.12685012817383, 356.413818359375, 234.70019325843225
LOSS, 10214.28369140625, -33.3062744140625, 65.0517807006836, 17.55031562097294, 582, 223.0, 361, 7, 120122.37270355225, 51.80538558959961, 351.9701232910156, 206.39582938754683
LOSS, 11382.907348632812, -23.46385955810547, 61.0650634765625, 30.354419596354166, 375, 223.0, 374, 5, 93487.83255767822, 48.55733871459961, 346.9254150390625, 249.30088682047526
LOSS, 5639.142028808594, -18.462913513183594, 59.84771728515625, 22.4667013099944, 251, 191.0, 383, 3, 54096.82648849487, 43.51162338256836, 350.48455810546875, 215.52520513344572
LOSS, 8859.628784179688, -12.088623046875, 65.7057876586914, 35.43851513671875, 250, 191.0, 383, 3, 63441.133125305176, 68.97518920898438, 333.8219909667969, 253.7645325012207
LOSS, 7956.559509277344, -20.161209106445312, 64.72920989990234, 26.699864125091757, 298, 156.7271728515625, 380, 5, 71432.63363647461, 47.13608932495117, 364.4742736816406, 239.70682428347183
LOSS, 11341.0, -18.14130401611328, 69.18401336669922, 24.38924731182796, 465, 223.0, 368, 8, 116725.36623382568, 47.97903823852539, 364.1510314941406, 251.0222929759692
LOSS, 12496.15087890625, -26.092529296875, 68.14688873291016, 28.208015528005077, 443, 207.0, 370, 3, 116786.42323303223, 68.5447769165039, 374.3855285644531, 263.62623754634814
LOSS, 20436.681396484375, -34.0869140625, 69.85282135009766, 19.50065018748509, 1048, 191.0, 330, 13, 209300.74792671204, 21.423416137695312, 368.7213439941406, 199.71445412854203
LOSS, 13011.0, -13.858749389648438, 66.8752212524414, 30.83175355450237, 422, 223.0, 371, 11, 108330.9144897461, 77.15352630615234, 346.1249694824219, 256.7083281747538
LOSS, 2242.04842376709, -13.000030517578125, 66.28621673583984, 22.198499245218713, 101, 185.8000030517578, 393, 1, 21471.62355041504, 107.99190521240234, 360.94940185546875, 212.59033218232713
LOSS, 16009.594970703125, -36.9998779296875, 70.2874526977539, 18.61580810546875, 860, 223.0, 342, 12, 188212.14485168457, 56.46126174926758, 394.2595520019531, 218.85133122288903
LOSS, 14128.349853515625, -39.999755859375, 63.137718200683594, 24.78657869037829, 570, 223.0, 361, 10, 142357.5486755371, 64.1728515625, 378.62255859375, 249.75008539567915
WIN , 25204.0, -25.20965576171875, 68.8182601928711, 20.358642972536348, 1238, 207.0, 317, 23, 274653.7377548218, 59.36349868774414, 371.8279724121094, 221.85277686173004
LOSS, 6267.2879638671875, -22.04345703125, 56.870643615722656, 15.323442454443, 409, 207.0, 372, 2, 91736.6723022461, 69.92713928222656, 378.1069030761719, 224.29504230378018
LOSS, 15050.765625, -21.34002685546875, 69.6669692993164, 33.44614583333333, 450, 223.0, 369, 12, 116713.58433532715, 38.654510498046875, 374.1803894042969, 259.36352074517146
LOSS, 6633.6788330078125, -17.296226501464844, 65.95755767822266, 24.478519678995617, 271, 223.0, 381, 2, 58310.2787399292, 62.21575164794922, 375.9460144042969, 215.16708022114096
WIN , 25385.300003051758, -37.437744140625, 86.9832534790039, 29.65572430263056, 856, 164.39999389648438, 342, 27, 220349.18084716797, 57.68267059326172, 394.68896484375, 257.4172673448224
WIN , 24792.0, -25.2093505859375, 71.1082992553711, 17.459154929577466, 1420, 191.0, 305, 19, 280842.6626434326, 44.12425231933594, 385.7878112792969, 197.77652298833283
LOSS, 15206.522315979004, -18.721778869628906, 64.9849624633789, 27.698583453513667, 549, 177.6999969482422, 363, 6, 134007.22061157227, 55.93169021606445, 359.69873046875, 244.0932980174358
LOSS, 10097.27685546875, -19.03253173828125, 64.19181060791016, 26.64189143923153, 379, 223.0, 374, 4, 97686.56032562256, 84.6387939453125, 369.1264343261719, 257.74818027868747
LOSS, 11835.63330078125, -18.6724853515625, 65.6303939819336, 23.02652393148103, 514, 207.0, 365, 8, 126489.10092163086, 39.85267639160156, 377.3515625, 246.0877449837176
LOSS, 11239.910522460938, -26.65435028076172, 65.81778717041016, 34.69108185944734, 324, 223.0, 378, 10, 83006.36164855957, 51.846214294433594, 366.2032470703125, 256.1924742239493
LOSS, 5091.403076171875, -16.858627319335938, 59.24201965332031, 17.864572197094297, 285, 191.0, 380, 3, 58742.59736633301, 44.14472579956055, 351.6800231933594, 206.11437672397545
LOSS, 6139.666366577148, -17.332374572753906, 65.2364273071289, 22.326059514825996, 275, 183.56155395507812, 381, 3, 59444.466846466064, 60.30428695678711, 368.173828125, 216.16169762351296
LOSS, 20669.44921875, -25.2099609375, 83.09854888916016, 16.097701883761683, 1284, 207.0, 314, 25, 311525.15533065796, 49.06686019897461, 378.9315490722656, 242.62083748493612
LOSS, 10351.22412109375, -17.004669189453125, 64.3257827758789, 30.899176480876864, 335, 207.0, 377, 6, 86976.45461273193, 59.420928955078125, 392.8740234375, 259.6312077991998
LOSS, 7070.649879455566, -13.000030517578125, 67.9274673461914, 31.993890857265008, 221, 209.6999969482422, 385, 8, 50389.64207458496, 73.7279281616211, 367.5955505371094, 228.0074302017419
LOSS, 8829.442749023438, -25.763916015625, 70.41097259521484, 22.409753170110246, 394, 175.0, 373, 6, 94883.7939491272, 57.09501266479492, 364.7771301269531, 240.82181205362232
LOSS, 9743.07861328125, -16.39196014404297, 66.5212173461914, 22.143360484730113, 440, 175.0, 370, 9, 109599.5482635498, 53.09944152832031, 387.0060119628906, 249.08988241715863
LOSS, 11104.458984375, -18.408065795898438, 64.5448989868164, 27.08404630335366, 410, 207.0, 372, 11, 108612.57759475708, 60.181270599365234, 368.34722900390625, 264.90872584087094
LOSS, 14774.00048828125, -18.109291076660156, 69.68131256103516, 26.95985490562272, 548, 223.0, 363, 11, 141607.1622619629, 80.35606384277344, 378.5029602050781, 258.4072304050418
LOSS, 10689.150634765625, -19.046585083007812, 69.6327896118164, 25.88172066529207, 413, 223.0, 372, 5, 117863.28401947021, 76.28670501708984, 393.36737060546875, 285.38325428443153
WIN , 24487.25, -34.0869140625, 67.00765228271484, 20.287696768848384, 1207, 140.5, 319, 24, 319789.8131866455, 65.72814178466797, 395.1217956542969, 264.94599269813216
LOSS, 4229.724365234375, -29.857177734375, 70.4845199584961, 29.170512863685346, 145, 223.0, 390, 2, 38704.74369812012, 92.21669006347656, 391.6216735839844, 266.929266883587
LOSS, 13177.0, -16.177879333496094, 71.0515365600586, 24.35674676524954, 541, 191.0, 363, 12, 134602.03356170654, 81.75232696533203, 381.9453125, 248.80228015102873
LOSS, 13469.502052307129, -13.00048828125, 68.8255844116211, 38.15722960993521, 353, 149.3357391357422, 376, 12, 104691.10600280762, 135.73863220214844, 376.10052490234375, 296.57537111276946
LOSS, 11077.458984375, -32.99993896484375, 66.8419418334961, 22.699711033555328, 488, 186.447998046875, 367, 11, 120223.09119415283, 73.50959777832031, 383.7261657714844, 246.35879343064104
LOSS, 14629.0, -20.42236328125, 70.2873764038086, 16.45556805399325, 889, 207.0, 340, 10, 214458.0212249756, 69.13323211669922, 371.8509216308594, 241.2351194881615
LOSS, 15299.991943359375, -23.09478759765625, 66.1864242553711, 25.499986572265627, 600, 191.0, 359, 13, 151784.86766815186, 73.86412048339844, 374.3083190917969, 252.97477944691977
LOSS, 12592.300003051758, -33.000244140625, 69.8384780883789, 21.71086207422717, 580, 180.39999389648438, 361, 12, 132391.8246231079, 73.35609436035156, 385.1025390625, 228.26176659156536
LOSS, 10191.227661132812, -33.000244140625, 64.172607421875, 24.79617435798738, 411, 223.0, 372, 6, 104119.42920684814, 70.17955017089844, 371.98284912109375, 253.33194454220958
LOSS, 10529.924583435059, -19.622848510742188, 68.1630630493164, 27.637597331850547, 381, 201.8000030517578, 374, 8, 97245.14055633545, 44.919193267822266, 385.3292541503906, 255.2365893867072
LOSS, 4613.495666503906, -26.092529296875, 60.80665588378906, 21.76177201181088, 212, 191.0, 385, 2, 47410.57697677612, 55.53965377807617, 372.38836669921875, 223.63479706026473
LOSS, 21664.825439453125, -20.1611328125, 61.511131286621094, 21.514225858444018, 1007, 175.0, 332, 15, 250619.07581329346, 63.71092224121094, 384.3219299316406, 248.87693725252578
LOSS, 11711.0, -16.7203369140625, 63.680641174316406, 25.348484848484848, 462, 223.0, 369, 8, 109653.5891532898, 59.58275604248047, 388.0564880371094, 237.34543106772682
LOSS, 13069.592529296875, -41.204833984375, 66.9161148071289, 21.012206638740956, 622, 223.0, 358, 19, 166554.5155029297, 71.70221710205078, 388.5057067871094, 267.77253296290945
LOSS, 15901.0, -19.916847229003906, 66.4754409790039, 26.905245346869712, 591, 223.0, 360, 14, 152565.35151672363, 76.6216049194336, 390.9853515625, 258.14780290477773
LOSS, 18532.878173828125, -41.50251007080078, 71.2340316772461, 22.221676467419815, 834, 207.0, 344, 11, 214766.27030181885, 73.19586944580078, 410.3875732421875, 257.51351355134153
WIN , 22683.75, -33.000244140625, 71.1049575805664, 12.328125, 1840, 127.5, 277, 25, 438044.9698410034, 65.85602569580078, 397.4866027832031, 238.06791839184967
LOSS, 10862.077392578125, -15.999984741210938, 65.37055206298828, 27.49893010779272, 395, 207.0, 373, 10, 109967.11173248291, 106.89765930175781, 390.3880310058594, 278.39775122147574
WIN , 25564.0, -17.662269592285156, 69.97212982177734, 21.48235294117647, 1190, 207.0, 320, 26, 322322.6931877136, 57.64897537231445, 406.5333557128906, 270.8594060400955
WIN , 25874.0, -22.867431640625, 77.2265625, 20.84931506849315, 1241, 207.0, 317, 31, 312970.1359176636, 49.31199645996094, 402.91766357421875, 252.19189034461206
LOSS, 24819.288703918457, -22.04345703125, 68.24483489990234, 27.793156443357734, 893, 213.82737731933594, 340, 17, 261607.07974243164, 88.83714294433594, 408.8352966308594, 292.95305682243185
LOSS, 15607.206787109375, -25.6741943359375, 68.7142105102539, 24.578278404896654, 635, 207.0, 357, 12, 181862.30703735352, 56.91266632080078, 401.1505126953125, 286.39733391709217
LOSS, 6283.142601013184, -13.000030517578125, 70.8354721069336, 23.79978257959539, 264, 169.8000030517578, 382, 6, 78251.46260070801, 93.93687438964844, 391.241455078125, 296.40705530571216
LOSS, 23784.00048828125, -18.897872924804688, 68.4496078491211, 21.68094848521536, 1097, 223.0, 326, 25, 258561.6598930359, 40.12939453125, 407.9405517578125, 235.69886954697893
LOSS, 19661.0, -17.01622772216797, 64.8808822631836, 31.257551669316374, 629, 223.0, 358, 11, 179206.67893981934, 74.07929992675781, 405.4783630371094, 284.90727971354426
LOSS, 19034.250732421875, -21.34033203125, 69.2357406616211, 22.340669873734594, 852, 223.0, 343, 15, 235692.30165100098, 76.3101806640625, 412.8973083496094, 276.63415686737204
LOSS, 10411.650001525879, -33.000244140625, 66.60269927978516, 28.21585366267176, 369, 161.6999969482422, 375, 7, 94287.89878845215, 81.16490936279297, 411.2972717285156, 255.52276094431477
LOSS, 8348.063232421875, -19.310401916503906, 58.94866943359375, 29.60306110787899, 282, 191.0, 381, 5, 78437.29675292969, 60.178184509277344, 402.41107177734375, 278.1464423862755
LOSS, 3989.0, -17.662269592285156, 65.94075775146484, 21.562162162162164, 185, 207.0, 387, 3, 52543.6884765625, 116.39201354980469, 400.4212646484375, 284.01993771114866
LOSS, 8523.999877929688, -42.099830627441406, 62.56004333496094, 16.052730466910898, 531, 223.0, 364, 4, 109770.45925140381, 41.72995376586914, 415.551513671875, 206.72402872204108
LOSS, 10138.077880859375, -29.29107666015625, 67.6082534790039, 4.367978406229804, 2321, 191.0, 245, 13, 374373.81268310547, 50.98265075683594, 420.7386474609375, 161.29849749379812
LOSS, 17219.0, -49.552528381347656, 60.416770935058594, 10.525061124694377, 1636, 207.0, 290, 18, 413997.10317230225, 72.35513305664062, 427.6555480957031, 253.05446404174953
LOSS, 8079.2757568359375, -21.562952041625977, 64.3651351928711, 22.014375359225987, 367, 223.0, 375, 6, 107207.24002838135, 111.43416595458984, 448.60845947265625, 292.1178202408211
LOSS, 14018.45849609375, -26.092529296875, 66.8449935913086, 16.589891711353552, 845, 223.0, 343, 17, 197706.60256195068, 52.88111877441406, 431.2854919433594, 233.972310724202
LOSS, 1852.0000305175781, -13.858749389648438, 53.73870849609375, 12.951049164458588, 143, 207.0, 390, 2, 29014.88779449463, 96.17597198486328, 427.0699462890625, 202.9013132482142
LOSS, 9844.446800231934, -39.0, 69.00443267822266, 20.339766116181682, 484, 185.8000030517578, 367, 8, 138541.59782409668, 97.75455474853516, 452.5077209472656, 286.24297071094355
LOSS, 25016.0703125, -25.53253936767578, 69.8860855102539, 17.43280161149826, 1435, 207.0, 304, 12, 405807.0354194641, 57.132286071777344, 449.1905822753906, 282.7923591773269
LOSS, 5786.652587890625, -36.285400390625, 64.8445816040039, 13.033001324077985, 444, 207.0, 370, 6, 138925.58306121826, 83.9322280883789, 415.9610595703125, 312.8954573450862
LOSS, 5298.3365478515625, -25.198747634887695, 56.09283447265625, 25.230174037388394, 210, 207.0, 385, 3, 67213.80283355713, 96.8030014038086, 425.1532897949219, 320.0657277788435
LOSS, 18926.380615234375, -25.0601806640625, 66.1864242553711, 18.05952348781906, 1048, 175.0, 330, 20, 292368.3710784912, 81.19131469726562, 433.6186828613281, 278.977453319171
LOSS, 16819.0, -19.642860412597656, 62.22282409667969, 24.234870317002883, 694, 207.0, 353, 11, 225470.43434143066, 87.42858123779297, 427.75018310546875, 324.8853520769894
LOSS, 13297.93115234375, -18.738441467285156, 68.7029037475586, 26.280496348505434, 506, 223.0, 366, 13, 149287.2294921875, 110.32056427001953, 439.0037536621094, 295.0340503798172
LOSS, 9488.9931640625, -38.2059326171875, 64.50003814697266, 13.271319110576924, 715, 223.0, 352, 9, 239620.8009262085, 113.72553253173828, 428.6499938964844, 335.1339873093825
LOSS, 11428.278564453125, -25.883033752441406, 57.870704650878906, 18.37343820651628, 622, 207.0, 358, 6, 177849.42806243896, 81.19579315185547, 426.90985107421875, 285.9315563704807
LOSS, 11242.993614196777, -21.496902465820312, 66.01538848876953, 29.431920456012506, 382, 161.2112579345703, 374, 5, 125066.12604522705, 86.80767822265625, 421.5777587890625, 327.39823572048965
LOSS, 15069.650245666504, -21.571388244628906, 62.385169982910156, 23.363798830490705, 645, 193.6999969482422, 356, 9, 215936.1389541626, 76.61015319824219, 419.8556213378906, 334.7847115568412
LOSS, 4265.148864746094, -18.093917846679688, 55.92803955078125, 25.849387059067237, 165, 223.0, 388, 2, 57291.636291503906, 161.22756958007812, 414.60650634765625, 347.2220381303267
LOSS, 8931.19189453125, -18.408065795898438, 59.864723205566406, 21.064131826724648, 424, 191.0, 371, 7, 129241.93968963623, 70.53526306152344, 432.3480224609375, 304.8158954944251
LOSS, 10981.1953125, -25.0970458984375, 66.92374420166016, 13.457347196691176, 816, 223.0, 345, 14, 230926.69877624512, 77.95856475830078, 434.5530090332031, 282.9984053630455
LOSS, 13526.3271484375, -17.35771942138672, 67.0442886352539, 32.991041825457316, 410, 223.0, 372, 8, 135001.1978378296, 57.9907341003418, 429.22735595703125, 329.27121423860876
LOSS, 6630.796875, -35.778053283691406, 63.06250762939453, 1.808234762748841, 3667, 207.0, 155, 5, 578470.4764442444, 58.433963775634766, 411.0674743652344, 157.750334454389
LOSS, 18691.228515625, -26.54450225830078, 63.868019104003906, 29.481432989944796, 634, 191.0, 357, 18, 207176.4761352539, 92.56954193115234, 417.5469055175781, 326.77677623857085
LOSS, 16259.184814453125, -17.662269592285156, 67.38921356201172, 23.805541456007504, 683, 223.0, 354, 16, 183748.04942321777, 68.1589126586914, 415.2510681152344, 269.0308190676688
LOSS, 11761.0, -16.7203369140625, 69.2436752319336, 28.896805896805898, 407, 223.0, 372, 8, 120831.77630615234, 72.13565826416016, 418.5711364746094, 296.88397126818757
LOSS, 5213.4434814453125, -16.720489501953125, 62.6348876953125, 30.310717915379723, 172, 191.0, 388, 2, 54172.385887145996, 124.77751922607422, 414.4317932128906, 314.9557319020116
LOSS, 8064.2120361328125, -26.613731384277344, 65.99417877197266, 18.581133723808325, 434, 175.0, 371, 6, 135769.8505706787, 108.38585662841797, 414.840576171875, 312.83375707529655
LOSS, 10297.775634765625, -15.999984741210938, 61.79473876953125, 29.338392121839387, 351, 207.0, 376, 4, 108296.32693481445, 80.05598449707031, 421.2603759765625, 308.53654397383036
LOSS, 8221.627807617188, -19.720443725585938, 64.51375579833984, 22.965440803399964, 358, 175.0, 376, 8, 116810.78147888184, 171.6170654296875, 407.6451721191406, 326.2870991030219
LOSS, 19307.300491333008, -24.51897430419922, 68.2338638305664, 25.47137267985885, 758, 196.39999389648438, 349, 20, 224436.99195861816, 70.4843521118164, 422.5087890625, 296.09101841506356
LOSS, 11958.662353515625, -21.3397216796875, 70.4640884399414, 28.81605386389307, 415, 223.0, 372, 9, 140995.69473266602, 158.36508178710938, 429.6039733886719, 339.7486620064241
LOSS, 20409.284423828125, -19.13690185546875, 67.1458969116211, 25.07283098750384, 814, 207.0, 345, 18, 266356.7746810913, 86.52808380126953, 432.96484375, 327.2196249153456
LOSS, 5475.3555908203125, -17.99231719970703, 63.4881591796875, 30.418642171223958, 180, 207.0, 387, 2, 53648.2572555542, 65.43795013427734, 408.2720031738281, 298.0458736419678
LOSS, 20121.0, -30.750350952148438, 71.2425765991211, 19.9811320754717, 1007, 223.0, 332, 21, 299337.80837249756, 87.66088104248047, 419.7256774902344, 297.25700930734615
LOSS, 12685.213623046875, -35.0001220703125, 64.84481048583984, 27.105157314202724, 468, 175.0, 368, 9, 141584.9260482788, 77.15174865722656, 415.0928955078125, 302.53189326555304
LOSS, 9641.443725585938, -30.322265625, 63.284523010253906, 28.357187428193935, 340, 223.0, 377, 4, 102820.21992111206, 47.34784698486328, 413.8781433105469, 302.41241153268254
LOSS, 15302.00048828125, -33.304290771484375, 68.2744369506836, 27.325000871930804, 560, 207.0, 362, 9, 182580.90312957764, 84.25019836425781, 415.2191162109375, 326.03732701710294
LOSS, 4787.5673828125, -26.092529296875, 66.0390625, 27.997470074926902, 171, 223.0, 388, 1, 55812.354804992676, 103.62150573730469, 411.32977294921875, 326.3880397952788
LOSS, 13345.650001525879, -18.20404815673828, 64.54192352294922, 30.331022730740635, 440, 193.6999969482422, 370, 10, 140894.29621124268, 68.23563385009766, 417.68670654296875, 320.2143095710061
LOSS, 5233.046569824219, -26.88177490234375, 57.001800537109375, 17.157529737128588, 305, 175.0, 379, 3, 87019.70806121826, 116.79220581054688, 414.5539245605469, 285.3105182335025
LOSS, 6713.9998779296875, -17.35771942138672, 58.5260009765625, 33.90909029257418, 198, 223.0, 386, 3, 60801.329162597656, 67.7330322265625, 418.5565490722656, 307.0774200131195
LOSS, 17610.884033203125, -26.092529296875, 65.06156158447266, 7.129912564049848, 2470, 223.0, 235, 17, 389547.6824913025, 43.61528015136719, 422.4029846191406, 157.71161234465688
LOSS, 16219.0, -18.14130401611328, 61.044532775878906, 25.02932098765432, 648, 207.0, 356, 9, 194400.5234451294, 76.91293334960938, 412.9436950683594, 300.0008077856935
LOSS, 11943.999877929688, -39.0, 66.02925872802734, 21.676950776641903, 551, 223.0, 363, 11, 174395.92277145386, 57.05305099487305, 416.5908203125, 316.5080268084462
LOSS, 7292.095138549805, -18.266342163085938, 61.684791564941406, 20.77519982492822, 351, 177.10000610351562, 376, 4, 94221.20673370361, 63.65802764892578, 430.3624267578125, 268.436486420808
LOSS, 8632.382568359375, -29.38873291015625, 68.2338638305664, 22.538857880833877, 383, 207.0, 374, 11, 122964.54598999023, 107.14179992675781, 424.3778991699219, 321.05625584853846
LOSS, 9984.559997558594, -18.216964721679688, 67.2389907836914, 26.91256064031966, 371, 175.8800048828125, 375, 7, 111433.14611816406, 131.01708984375, 414.06719970703125, 300.3588844155366
LOSS, 7027.224365234375, -17.662269592285156, 63.838096618652344, 20.19317346331717, 348, 223.0, 376, 6, 99970.0085144043, 80.67707061767578, 409.4854736328125, 287.27013940920773
LOSS, 20671.0, -39.122161865234375, 67.3271713256836, 33.02076677316294, 626, 223.0, 358, 15, 201178.80968856812, 32.10049819946289, 425.0862121582031, 321.3719004609714
LOSS, 11828.882080078125, -16.00006103515625, 61.988426208496094, 17.52426974826389, 675, 223.0, 354, 10, 193536.19974517822, 86.13605499267578, 415.4551086425781, 286.72029591878254
LOSS, 24745.947509765625, -30.322265625, 61.929542541503906, 24.260732852711396, 1020, 223.0, 331, 25, 318501.42864990234, 49.955902099609375, 417.0785827636719, 312.2563025979435
WIN , 26597.33000946045, -22.639686584472656, 62.980567932128906, 24.157429618038556, 1101, 160.33998107910156, 326, 31, 345321.2964477539, 89.03843688964844, 433.8603210449219, 313.64332102429967
LOSS, 9622.450351715088, -16.7203369140625, 67.9738540649414, 33.066839696615425, 291, 119.58538055419922, 380, 2, 94382.8286743164, 167.60757446289062, 438.61114501953125, 324.3396174375134
LOSS, 11272.95458984375, -16.00006103515625, 67.9952163696289, 31.14075853547997, 362, 191.0, 375, 8, 121327.3764038086, 171.62112426757812, 442.7730407714844, 335.15849835306244
LOSS, 23139.9814453125, -16.858627319335938, 67.1767349243164, 32.916047575124466, 703, 207.0, 353, 15, 245673.3383102417, 76.69986724853516, 439.881591796875, 349.46420812267667
LOSS, 14385.274810791016, -27.71728515625, 69.1234359741211, 19.89664565807886, 723, 180.19500732421875, 351, 17, 193483.74213409424, 68.93859100341797, 424.2825927734375, 267.6123680969491
LOSS, 15857.0, -36.9998779296875, 66.6890640258789, 15.087535680304471, 1051, 191.0, 329, 18, 308007.1541595459, 71.606689453125, 424.9144592285156, 293.0610410652197
WIN , 26548.65000152588, -31.774070739746094, 93.4261245727539, 16.87771773777869, 1573, 177.6999969482422, 295, 35, 461676.8445892334, 66.55479431152344, 434.2772216796875, 293.50085479290107
LOSS, 11275.750366210938, -15.999755859375, 64.8781509399414, 29.136305855842217, 387, 175.5, 374, 5, 134451.07411956787, 99.65592956542969, 435.1742248535156, 347.418796174594
LOSS, 14894.806884765625, -18.6700439453125, 64.3023681640625, 23.382742362269425, 637, 207.0, 357, 10, 199490.0996170044, 88.97744750976562, 444.952880859375, 313.1712709843083
LOSS, 11629.330688476562, -34.0869140625, 66.1043472290039, 26.73409353672773, 435, 223.0, 370, 7, 145840.93711853027, 80.01383972167969, 442.3958435058594, 335.26652211156386
WIN , 26120.0, -30.322418212890625, 70.2489242553711, 21.694352159468437, 1204, 175.0, 319, 16, 372752.20446014404, 71.46495056152344, 444.80596923828125, 309.59485420277747
LOSS, 12528.7431640625, -14.032524108886719, 62.153221130371094, 27.00160164668642, 464, 191.0, 369, 7, 153464.92943572998, 120.38724517822266, 441.79339599609375, 330.7433824045905
WIN , 20729.940521240234, -34.0869140625, 81.0774917602539, 8.206627284734852, 2526, 155.11895751953125, 231, 25, 634302.7882919312, 74.16698455810547, 439.2572937011719, 251.1095757291889
LOSS, 4281.0, -19.019126892089844, 60.52924346923828, 18.532467532467532, 231, 223.0, 384, 4, 57851.42628479004, 85.3918228149414, 432.98583984375, 250.4390748259309
LOSS, 3081.895034790039, -15.775001525878906, 53.50981521606445, 22.332572715869848, 138, 153.39498901367188, 390, 2, 40732.01916503906, 101.16145324707031, 432.31292724609375, 295.15955916694975
LOSS, 8021.2652587890625, -14.573463439941406, 65.74454498291016, 26.737550862630208, 300, 175.0, 379, 5, 96993.43560791016, 176.45458984375, 445.25189208984375, 323.3114520263672
LOSS, 8530.47021484375, -36.777732849121094, 56.22657775878906, 16.341896963302204, 522, 223.0, 365, 7, 174429.72402954102, 133.12063598632812, 457.93341064453125, 334.1565594435652
LOSS, 13948.8173828125, -13.91387939453125, 66.8154067993164, 32.82074678308823, 425, 223.0, 371, 8, 139176.86751556396, 109.33995819091797, 435.9768371582031, 327.4749823895623
WIN , 22444.0, -30.322265625, 76.717529296875, 10.468283582089553, 2144, 207.0, 257, 22, 472464.5259742737, 57.84109878540039, 443.5018615722656, 220.3659169656127
LOSS, 15661.0, -29.29022216796875, 62.34092712402344, 17.228822882288227, 909, 223.0, 339, 12, 262049.31957244873, 73.18081665039062, 437.6358337402344, 288.28307983767735
LOSS, 10430.838500976562, -19.72021484375, 62.528602600097656, 22.33584261451084, 467, 191.0, 368, 10, 139655.00596618652, 116.8016357421875, 435.780029296875, 299.04712198326877
LOSS, 8967.251831054688, -25.56493377685547, 66.93563079833984, 19.57915246955172, 458, 223.0, 369, 4, 144620.22882843018, 72.52294158935547, 437.4801025390625, 315.7646917651314
LOSS, 6729.31689453125, -12.9998779296875, 62.02018737792969, 43.982463362949346, 153, 191.0, 389, 3, 51600.46408081055, 170.08920288085938, 430.4325866699219, 337.2579351686964
WIN , 25121.74871826172, -17.93646240234375, 68.75211334228516, 28.776344465362794, 873, 151.5025634765625, 341, 28, 283896.4835243225, 45.315673828125, 431.6541748046875, 325.1964301538631
LOSS, 4953.87744140625, -16.757362365722656, 64.68709564208984, 20.9910061076536, 236, 191.0, 384, 3, 74754.77969360352, 131.98080444335938, 424.6875305175781, 316.7575410745912
LOSS, 14069.269187927246, -28.11004638671875, 69.91910552978516, 13.06338828962604, 1077, 185.8000030517578, 328, 13, 276494.2747192383, 54.96259689331055, 434.01275634765625, 256.72634607171614
LOSS, 18869.57373046875, -26.092529296875, 66.7085952758789, 21.394074524340986, 882, 207.0, 341, 17, 266100.8524398804, 56.58062744140625, 440.79840087890625, 301.70164675723396
LOSS, 10486.404685974121, -16.72203826904297, 66.78365325927734, 31.97074599382354, 328, 201.8000030517578, 378, 9, 108326.09491729736, 91.81717681884766, 437.51263427734375, 330.26248450395536
LOSS, 14952.25439453125, -26.092529296875, 65.8919448852539, 20.795903191281294, 719, 207.0, 352, 9, 212150.7070198059, 59.9084587097168, 433.51031494140625, 295.063570263986
LOSS, 15778.519287109375, -29.08434295654297, 68.3516616821289, 22.508586714849322, 701, 175.0, 353, 14, 182259.2458152771, 55.20357131958008, 437.27886962890625, 259.99892413020984
LOSS, -13641.413688659668, -35.682533264160156, 62.156898498535156, -2.2739479394331834, 5999, 227.82737731933594, 0, 4, 651057.5318908691, 55.270294189453125, 431.2809753417969, 108.52767659457729
LOSS, 8584.171508789062, -16.757362365722656, 62.280494689941406, 23.9781327061147, 358, 207.0, 376, 5, 108602.31466674805, 112.04180908203125, 438.129150390625, 303.3584208568381
LOSS, 22344.708251953125, -22.9791259765625, 70.6053695678711, 19.72171955159146, 1133, 175.0, 324, 18, 350990.98122406006, 81.31267547607422, 445.4284362792969, 309.7890390327097
LOSS, 8600.485473632812, -19.31488800048828, 67.62137603759766, 27.477589372628795, 313, 223.0, 379, 7, 99319.99124908447, 85.60325622558594, 435.6455078125, 317.31626597151586
LOSS, 11201.0, -38.9998779296875, 65.8797378540039, 22.720081135902635, 493, 223.0, 367, 9, 143607.4492263794, 73.4961929321289, 437.51556396484375, 291.2930004591874
LOSS, 8087.9754638671875, -14.662391662597656, 65.3389663696289, 33.560064165424016, 241, 175.0, 383, 6, 82138.04396057129, 159.82931518554688, 439.18121337890625, 340.821759172495
LOSS, 10073.836669921875, -15.262100219726562, 67.1175308227539, 34.6179954292848, 291, 175.0, 380, 7, 95065.53492736816, 132.92860412597656, 440.0751647949219, 326.6856870356294
LOSS, 8118.5928955078125, -43.0731201171875, 64.5201644897461, 20.501497210878313, 396, 127.0, 373, 7, 137090.4271621704, 66.03265380859375, 443.3194274902344, 346.1879473792182
LOSS, 16791.255126953125, -18.98064422607422, 68.2311019897461, 20.2792936315859, 828, 223.0, 344, 13, 269431.2554092407, 108.72889709472656, 451.1361389160156, 325.4000669193729
LOSS, 19351.0, -25.414955139160156, 63.735252380371094, 16.624570446735394, 1164, 223.0, 322, 26, 376621.6640930176, 120.20638275146484, 443.3924865722656, 323.55813066410445
WIN , 25604.0, -24.731834411621094, 69.5418472290039, 25.604, 1000, 207.0, 333, 20, 326319.47859191895, 72.50738525390625, 443.5343933105469, 326.31947859191894
LOSS, 9388.681884765625, -18.77500343322754, 67.9448471069336, 35.42898824439858, 265, 223.0, 382, 4, 87531.69108581543, 146.2553253173828, 432.16986083984375, 330.3082682483601
LOSS, 10409.0, -21.9677734375, 70.0240249633789, 32.426791277258566, 321, 207.0, 378, 6, 103709.99755859375, 170.9383087158203, 437.66064453125, 323.08410454390577
LOSS, 13865.952880859375, -18.61236572265625, 67.4377212524414, 33.25168556561001, 417, 159.0, 372, 11, 145758.50790405273, 147.0597381591797, 430.5854187011719, 349.54078634065405
LOSS, 8745.675903320312, -36.13226318359375, 63.860374450683594, 19.01233892026155, 460, 223.0, 369, 5, 127671.39981079102, 68.81818389892578, 436.44073486328125, 277.54652132780654
LOSS, 9012.6455078125, -18.46306610107422, 67.3262710571289, 28.076777282904985, 321, 223.0, 378, 6, 112877.94889068604, 107.36827850341797, 436.9131164550781, 351.6447005940375
LOSS, 20091.13649749756, -33.000244140625, 63.859764099121094, 25.691990406007108, 782, 214.2480010986328, 347, 11, 238759.76225280762, 83.70658111572266, 437.1308898925781, 305.31938907008646
LOSS, 13221.125343322754, -39.43927764892578, 63.692832946777344, 23.033319413454276, 574, 181.3357391357422, 361, 5, 188520.6824645996, 96.38504791259766, 438.8268127441406, 328.433244711846
LOSS, 11737.650001525879, -20.1611328125, 67.3659439086914, 18.002530677186932, 652, 209.6999969482422, 356, 8, 184848.566696167, 73.65015411376953, 439.0152282714844, 283.51007161988804
LOSS, 19066.007774353027, -32.22894287109375, 66.4717788696289, 30.85114526594341, 618, 197.5620880126953, 358, 9, 208261.4708366394, 59.7574577331543, 438.09002685546875, 336.9926712566981
LOSS, 11849.0, -37.0, 67.66532135009766, 4.191368942341705, 2827, 207.0, 211, 14, 415704.1170806885, 60.37079620361328, 446.8802795410156, 147.04779521778863
LOSS, 6444.1116943359375, -12.9998779296875, 62.9638671875, 28.14022573945824, 229, 207.0, 384, 2, 75481.2692565918, 109.41817474365234, 446.1714172363281, 329.6125295047677
LOSS, 12628.749267578125, -25.2374267578125, 61.03202819824219, 15.476408416149663, 816, 191.0, 345, 12, 239334.32040405273, 66.23171997070312, 453.8821716308594, 293.30186324026073
LOSS, 10069.385009765625, -24.61505126953125, 83.0548324584961, 5.410738855328117, 1861, 223.0, 275, 17, 583715.5337905884, 71.31234741210938, 452.3656005859375, 313.6569230470652
LOSS, 2985.1658630371094, -17.66242218017578, 56.8853759765625, 22.2773571868441, 134, 175.0, 391, 2, 32954.62995147705, 118.94978332519531, 431.3958740234375, 245.9300742647541
LOSS, 2554.000030517578, -29.320068359375, 67.45665740966797, 9.056737696870844, 282, 223.0, 381, 4, 66825.49417877197, 125.66761016845703, 444.294189453125, 236.96983751337578
LOSS, 9806.7431640625, -16.81043243408203, 63.903724670410156, 28.261507677413544, 347, 175.0, 376, 8, 114852.04779052734, 99.75308227539062, 442.3101501464844, 330.9857285029606
LOSS, 9230.384765625, -12.9998779296875, 71.04727935791016, 44.164520409689, 209, 223.0, 386, 4, 74152.53868103027, 141.37286376953125, 445.44073486328125, 354.79683579440325
LOSS, 17967.34375, -25.3936767578125, 64.4460220336914, 20.120205767077266, 893, 175.0, 340, 18, 277361.9154434204, 95.21516418457031, 454.2489013671875, 310.59564999263205
LOSS, 23718.567138671875, -34.07470703125, 65.0365219116211, 15.961350698971652, 1486, 223.0, 300, 23, 398780.9292984009, 70.25900268554688, 452.3320007324219, 268.35863344441515
WIN , 26297.25, -32.958152770996094, 81.72392272949219, 19.624813432835822, 1340, 140.5, 310, 20, 397594.2254104614, 79.94282531738281, 446.34222412109375, 296.71210851526973
LOSS, 11986.238159179688, -16.720489501953125, 69.6080551147461, 31.459942675012304, 381, 207.0, 374, 6, 125395.62593078613, 97.1014175415039, 450.6379089355469, 329.1223777710922
LOSS, 10454.139282226562, -25.20965576171875, 62.806007385253906, 18.437635418389, 567, 191.0, 362, 7, 157246.56536865234, 99.5701904296875, 432.9815368652344, 277.33080311931633
LOSS, 3491.599998474121, -19.6136474609375, 64.2750473022461, 24.76312055655405, 141, 201.8000030517578, 390, 3, 49689.502349853516, 262.2510070800781, 456.9489440917969, 352.4078180840675
WIN , 25312.0, -34.30757141113281, 83.67431640625, 18.861400894187778, 1342, 191.0, 310, 21, 392317.7489242554, 80.10765075683594, 446.006103515625, 292.3381139525003
WIN , 26932.0, -35.66650390625, 70.1793441772461, 31.171296296296298, 864, 191.0, 342, 23, 298122.4005355835, 79.60470581054688, 453.54779052734375, 345.0490746939624
LOSS, 18655.56982421875, -34.610595703125, 69.9327621459961, 17.549924575934853, 1063, 207.0, 329, 17, 264177.94440078735, 52.345340728759766, 449.748046875, 248.52111420582065
LOSS, 11573.283081054688, -24.58160400390625, 64.4252700805664, 21.51167858932098, 538, 175.0, 364, 11, 154006.07131195068, 80.8946533203125, 448.1655578613281, 286.2566381263024
LOSS, 11362.079833984375, -23.0926513671875, 65.0698013305664, 22.861327633771378, 497, 207.0, 366, 7, 142208.31196975708, 63.04184341430664, 449.5974426269531, 286.1334244864328
LOSS, 6787.5679931640625, -26.092529296875, 64.40901947021484, 21.014142393696787, 323, 223.0, 378, 7, 85435.06274414062, 65.37619018554688, 448.58135986328125, 264.50483821715363
LOSS, 11023.039916992188, -21.156410217285156, 66.54166412353516, 21.91459228030256, 503, 207.0, 366, 5, 147711.22399902344, 136.13992309570312, 444.3653259277344, 293.66048508752175
LOSS, 5831.9998779296875, -18.575912475585938, 60.633697509765625, 17.102638938210227, 341, 207.0, 377, 3, 100671.3424987793, 139.64126586914062, 457.1121520996094, 295.2238782955405
LOSS, 22983.343994140625, -22.04345703125, 69.7237319946289, 29.579593300052284, 777, 191.0, 348, 16, 254974.16681671143, 76.02903747558594, 451.01043701171875, 328.15208084518844
LOSS, 7450.410263061523, -20.42266845703125, 67.94226837158203, 25.691069872625942, 290, 183.48245239257812, 380, 4, 77038.94640350342, 66.31454467773438, 433.18572998046875, 265.6515393224256
LOSS, 7583.9998779296875, -12.9998779296875, 67.1688003540039, 43.337142159598216, 175, 223.0, 388, 5, 60435.661041259766, 128.88174438476562, 440.85797119140625, 345.34663452148436
LOSS, 12851.788650512695, -18.721778869628906, 63.858558654785156, 25.85872967909999, 497, 164.39999389648438, 366, 9, 147059.18800354004, 132.22496032714844, 444.7174072265625, 295.8937384377063
LOSS, 6149.0, -13.720458984375, 64.6501693725586, 28.336405529953918, 217, 207.0, 385, 4, 63225.18755340576, 97.41035461425781, 429.44915771484375, 291.3603113060173
LOSS, 8622.218994140625, -32.9937744140625, 63.095619201660156, 27.547025540385384, 313, 127.0, 379, 7, 109939.93812561035, 216.08201599121094, 439.40948486328125, 351.2458087080203
LOSS, 15056.55419921875, -23.9776611328125, 70.12471771240234, 35.59469077829492, 423, 223.0, 371, 7, 142538.43087768555, 112.38700103759766, 447.26861572265625, 336.97028576285
LOSS, 18269.276000976562, -37.82958984375, 68.3824691772461, 12.564839065320882, 1454, 186.447998046875, 303, 21, 361075.2332992554, 67.98530578613281, 450.22491455078125, 248.3323475235594
LOSS, 10709.548217773438, -26.122207641601562, 66.2398452758789, 29.181330293660594, 367, 191.0, 375, 7, 118175.22903442383, 101.77861785888672, 440.6312255859375, 322.0033488676399
LOSS, 5730.135452270508, -42.099830627441406, 60.09552001953125, 5.013241865503506, 1143, 177.14364624023438, 323, 1, 280737.1661529541, 74.21328735351562, 460.3008728027344, 245.6143185940106
LOSS, 16086.521240234375, -36.13226318359375, 67.32686614990234, 14.17314646716685, 1135, 223.0, 324, 11, 284070.0084915161, 99.85498046875, 445.6082458496094, 250.28194580750318
LOSS, 17974.088134765625, -18.04277801513672, 68.6580581665039, 21.813213755783526, 824, 175.0, 345, 14, 275143.39323425293, 134.56590270996094, 454.03076171875, 333.9118849930254
LOSS, 11658.524658203125, -18.20404815673828, 70.9999771118164, 31.594917772908197, 369, 191.0, 375, 11, 111271.92790222168, 70.67667388916016, 443.60308837890625, 301.5499401144219
LOSS, 16161.38232421875, -20.142723083496094, 68.6550064086914, 23.18706215813307, 697, 191.0, 353, 13, 234643.24753570557, 90.08013916015625, 442.2892761230469, 336.6474139680137
LOSS, 13812.00048828125, -18.20404815673828, 67.4254379272461, 20.40177324709195, 677, 207.0, 354, 8, 186417.08618164062, 46.53451156616211, 439.2120361328125, 275.3575866789374
LOSS, 10855.77392578125, -15.041717529296875, 63.621726989746094, 28.270244598388672, 384, 175.0, 374, 5, 128281.59051513672, 164.4602508544922, 438.18353271484375, 334.0666419665019
LOSS, 18369.0, -20.803001403808594, 68.2762680053711, 15.659846547314578, 1173, 207.0, 321, 19, 276613.40575408936, 57.114200592041016, 444.75225830078125, 235.81705520382724
LOSS, 13434.399658203125, -28.20953369140625, 62.89215087890625, 21.84455228976118, 615, 223.0, 358, 13, 173066.8166847229, 43.166847229003906, 436.01458740234375, 281.4094580239397
LOSS, 4141.0, -20.1611328125, 61.630470275878906, 18.08296943231441, 229, 223.0, 384, 1, 56708.62767791748, 65.94840240478516, 431.79388427734375, 247.6359287245305
LOSS, 21944.39794921875, -18.408676147460938, 64.5088882446289, 28.87420782791941, 760, 207.0, 349, 14, 242795.93075561523, 139.63729858398438, 444.1480712890625, 319.468329941599
LOSS, 11571.0, -17.914688110351562, 69.28105926513672, 22.688235294117646, 510, 223.0, 365, 11, 153556.90941619873, 83.62842559814453, 441.1888427734375, 301.0919792474485
LOSS, 12222.2783203125, -27.755043029785156, 67.57405853271484, 18.71711840782925, 653, 191.0, 356, 12, 155022.88021850586, 50.50516128540039, 439.3531188964844, 237.4010416822448
LOSS, 4992.356750488281, -15.999984741210938, 65.4335708618164, 32.41790097719663, 154, 191.0, 389, 1, 46185.24375915527, 137.18923950195312, 434.5502624511719, 299.90418025425504
LOSS, 19349.462928771973, -17.436920166015625, 70.4372329711914, 33.36114298064133, 580, 200.2928924560547, 361, 9, 193365.7332763672, 107.2940673828125, 439.02117919921875, 333.38919530408134
LOSS, 14434.416748046875, -33.000244140625, 66.2660903930664, 22.624477661515478, 638, 223.0, 357, 9, 178534.66213226318, 100.98138427734375, 445.77984619140625, 279.83489362423694
LOSS, 5590.384841918945, -15.999984741210938, 62.20306396484375, 27.675172484747254, 202, 169.28097534179688, 386, 6, 70999.26683044434, 178.75048828125, 446.57977294921875, 351.4815189625957
LOSS, 21169.0, -28.386917114257812, 69.0245590209961, 20.02743614001892, 1057, 207.0, 329, 23, 330632.7233734131, 71.15161895751953, 441.9056396484375, 312.80295494173424
LOSS, 15121.0, -21.7667236328125, 69.71686553955078, 24.993388429752066, 605, 223.0, 359, 14, 211311.99418640137, 106.28275299072266, 446.1436767578125, 349.2760234485973
LOSS, 16928.2470703125, -38.5235595703125, 66.6689224243164, 17.72591316263089, 955, 175.0, 336, 13, 296131.6546859741, 123.36104583740234, 437.2810363769531, 310.08550228897815
LOSS, 11465.0791015625, -30.322418212890625, 70.4640884399414, 29.473211058001286, 389, 207.0, 374, 6, 131345.47932434082, 138.3433837890625, 453.9632263183594, 337.6490471062746
LOSS, 20621.0, -35.537742614746094, 69.5418472290039, 20.39663699307616, 1011, 223.0, 332, 12, 283858.39501190186, 78.87925720214844, 434.32305908203125, 280.7699258277961
LOSS, 14981.75927734375, -29.83245849609375, 69.4036636352539, 24.203165229957595, 619, 223.0, 358, 9, 215934.68002319336, 179.81405639648438, 434.6732482910156, 348.8443942216371
LOSS, 9861.863670349121, -44.86724853515625, 67.0049057006836, 10.283486621844757, 959, 201.8000030517578, 336, 8, 301659.7982635498, 92.66767120361328, 443.770263671875, 314.55661967002067
LOSS, 9085.653930664062, -34.0869140625, 65.4497299194336, 31.00905778383639, 293, 223.0, 380, 9, 101674.92953491211, 136.17320251464844, 435.9074401855469, 347.0134113819526
LOSS, 14753.650001525879, -28.370872497558594, 69.0007553100586, 16.356596454019822, 902, 177.6999969482422, 339, 13, 240467.01830291748, 79.85474395751953, 447.1463928222656, 266.5931466772921
LOSS, 21360.7412109375, -30.38714599609375, 64.2024917602539, 18.671976582987327, 1144, 223.0, 323, 15, 293667.469833374, 65.98462677001953, 448.96331787109375, 256.70233377043184
LOSS, 7581.0, -18.562828063964844, 66.9954605102539, 25.354515050167223, 299, 223.0, 380, 8, 93322.27304840088, 106.36891174316406, 434.79693603515625, 312.11462557993605
LOSS, 9167.0, -30.322265625, 65.41693878173828, 22.036057692307693, 416, 191.0, 372, 7, 103448.93109893799, 74.68045806884766, 437.5151062011719, 248.67531514167786
LOSS, 21221.12646484375, -25.56976318359375, 68.1478042602539, 29.10991284615055, 729, 207.0, 351, 14, 244329.8713531494, 94.39932250976562, 441.7100524902344, 335.15757387263295
