LOSS, 17154.907470703125, -32.20458984375, 45.414039611816406, 6.990589841362317, 2454, 223.0, 236, 17, 5731.957145214081, 4.282064437866211, 32.20880889892578, 2.3357608578704485
WIN , 31158.65000152588, -42.999755859375, 94.1634292602539, 10.96363476478743, 2842, 177.6999969482422, 210, 26, 27916.416076019406, -0.2156304568052292, 60.996829986572266, 9.822806501062423
WIN , 28877.786407470703, -44.999755859375, 90.9798355102539, 10.009631337078233, 2885, 159.42718505859375, 207, 27, 57152.00788497925, 11.272180557250977, 80.0096435546875, 19.81005472616265
LOSS, 21955.106689453125, -23.7164306640625, 55.663963317871094, 19.498318551912188, 1126, 191.0, 324, 27, 38310.69560813904, 10.802059173583984, 88.65095520019531, 34.02370835536327
LOSS, 11362.070091247559, -18.612060546875, 53.59004211425781, 22.410394657293015, 507, 185.8000030517578, 366, 10, 19173.396003723145, 38.42410659790039, 90.16009521484375, 37.81734911976952
WIN , 28120.0, -23.573318481445312, 77.298583984375, 17.68553459119497, 1590, 175.0, 293, 23, 62001.28661823273, 11.986788749694824, 92.55764770507812, 38.99451988568096
LOSS, 23688.138671875, -18.6700439453125, 63.604347229003906, 28.95860473334352, 818, 223.0, 345, 21, 39015.33955192566, 25.84227180480957, 111.88754272460938, 47.69601412215851
LOSS, 14451.0390625, -23.696197509765625, 63.733116149902344, 22.06265505725191, 655, 223.0, 356, 15, 42751.726013183594, 41.058837890625, 118.66896057128906, 65.26981070715053
WIN , 27847.300003051758, -21.5927734375, 85.9078140258789, 21.77271305946189, 1279, 180.39999389648438, 314, 32, 75566.85756206512, 7.292681694030762, 121.09547424316406, 59.082765881208076
LOSS, 7832.187744140625, -21.23857879638672, 56.104713439941406, 23.310082571847097, 336, 223.0, 377, 4, 22723.18606185913, 39.9553108215332, 116.02855682373047, 67.62852994600932
LOSS, 23393.830322265625, -15.999755859375, 67.7376480102539, 29.839069288604115, 784, 207.0, 347, 14, 53387.78622817993, 19.144006729125977, 123.23095703125, 68.09666610737236
LOSS, 8694.048217773438, -19.57416534423828, 54.2073974609375, 30.505432343064694, 285, 207.0, 380, 8, 19928.750507354736, 35.56240463256836, 120.33045196533203, 69.92544037668328
LOSS, 11314.929565429688, -15.999755859375, 65.71813201904297, 28.791169377683683, 393, 207.0, 373, 8, 28401.839017868042, 27.847280502319336, 117.4959716796875, 72.26931047803573
WIN , 27052.0, -21.3397216796875, 86.893310546875, 30.327354260089685, 892, 191.0, 340, 17, 76073.88401412964, 42.673553466796875, 143.46954345703125, 85.28462333422605
LOSS, 22023.65000152588, -20.45904541015625, 63.873512268066406, 26.825395860567454, 821, 177.6999969482422, 345, 20, 72452.26156234741, 38.375511169433594, 139.63009643554688, 88.24879605645239
LOSS, 24310.455810546875, -21.869972229003906, 66.9811019897461, 30.81173106533191, 789, 191.0, 347, 23, 71867.4820098877, 43.49140548706055, 140.5333251953125, 91.08679595676514
LOSS, 21271.59999847412, -22.721797943115234, 65.6349868774414, 34.14382022226986, 623, 201.8000030517578, 358, 17, 57998.341999053955, 38.716487884521484, 136.18368530273438, 93.09525200490201
LOSS, 11725.004028320312, -21.158126831054688, 64.0523452758789, 24.32573449858986, 482, 207.0, 367, 8, 42181.26491165161, 39.51050567626953, 136.8331298828125, 87.51299774201578
LOSS, 20211.0, -21.43993377685547, 69.2879409790039, 31.5796875, 640, 223.0, 357, 10, 61554.44861602783, 42.67802810668945, 166.78887939453125, 96.17882596254348
LOSS, 13943.641845703125, -15.999755859375, 65.8772964477539, 36.6937943307977, 380, 191.0, 374, 8, 46328.51454925537, 71.03482818603516, 178.53680419921875, 121.91714355067202
LOSS, 18766.67578125, -19.72021484375, 68.36112213134766, 34.6888646603512, 541, 207.0, 363, 18, 62868.00594329834, 55.379852294921875, 171.2852325439453, 116.20703501533889
LOSS, 11178.457397460938, -17.995468139648438, 66.8419418334961, 26.489235539006962, 422, 207.0, 371, 7, 46675.31711578369, 37.772682189941406, 170.4990234375, 110.60501686204667
LOSS, 14369.135986328125, -17.499755859375, 90.9798355102539, 17.312212031720634, 830, 223.0, 344, 16, 87272.23208236694, 33.34783172607422, 175.2793731689453, 105.14726756911679
LOSS, 2844.4581756591797, -15.361114501953125, 56.670379638671875, 25.39694799695696, 112, 164.18362426757812, 392, 5, 13363.464546203613, 74.44493103027344, 170.2448272705078, 119.31664773396083
WIN , 24742.0, -20.234580993652344, 71.9853744506836, 30.811955168119553, 803, 191.0, 346, 19, 101067.12367630005, 40.46821975708008, 181.5142059326172, 125.86192238642596
LOSS, 17947.159461975098, -35.0, 68.14351654052734, 27.99868870822948, 641, 181.6234588623047, 357, 14, 78080.55822753906, 45.36259078979492, 176.3206024169922, 121.8105432566912
LOSS, 13547.934814453125, -26.536865234375, 65.08353424072266, 26.564578067555146, 510, 223.0, 365, 10, 67977.70365142822, 75.85026550292969, 192.79449462890625, 133.28961500280045
LOSS, 15797.644287109375, -16.00006103515625, 64.1512222290039, 23.720186617281342, 666, 223.0, 355, 15, 95450.01850509644, 59.41521453857422, 199.71841430664062, 143.3183461037484
LOSS, 13646.986328125, -18.0462646484375, 65.1460952758789, 27.514085338961692, 496, 223.0, 366, 10, 69423.29147338867, 64.12004852294922, 197.13531494140625, 139.96631345441264
LOSS, 20743.058837890625, -20.1611328125, 66.7027816772461, 25.703914297262237, 807, 207.0, 346, 11, 112292.57581329346, 56.99106216430664, 194.27703857421875, 139.14817325067344
LOSS, 7252.6552734375, -23.7188720703125, 67.86795806884766, 24.256372151964882, 299, 223.0, 380, 4, 35467.867752075195, 39.08717346191406, 190.41989135742188, 118.62163127784346
LOSS, 9909.754272460938, -29.7039794921875, 64.3440933227539, 23.04594016851381, 430, 223.0, 371, 8, 57517.82604217529, 55.9509162902832, 191.27145385742188, 133.7623861445937
LOSS, 13762.50927734375, -17.68981170654297, 65.8919448852539, 23.60636239681604, 583, 159.0, 361, 10, 87000.57638168335, 40.92252731323242, 193.68524169921875, 149.2291190080332
LOSS, 4785.8458251953125, -15.999984741210938, 68.08431243896484, 20.808025326936143, 230, 191.0, 384, 4, 32969.142807006836, 68.2043685913086, 194.9465789794922, 143.34409916089928
LOSS, 12249.619995117188, -17.538436889648438, 66.8419418334961, 21.87432141985212, 560, 223.0, 362, 10, 85687.6301651001, 61.31796646118164, 212.10015869140625, 153.0136252948216
LOSS, 14232.919189453125, -20.1611328125, 66.0014877319336, 17.614998996847927, 808, 191.0, 346, 14, 117618.87503051758, 66.43917083740234, 213.67660522460938, 145.5679146417297
LOSS, 20610.65048980713, -18.462913513183594, 68.5713882446289, 17.132710299091546, 1203, 209.6999969482422, 319, 20, 184318.0435295105, 34.599308013916016, 215.18218994140625, 153.2153312797261
LOSS, 15441.628173828125, -18.20404815673828, 70.2354965209961, 16.186193054327177, 954, 207.0, 336, 8, 124625.24223709106, 38.299598693847656, 215.63893127441406, 130.63442582504305
LOSS, 20151.0, -35.99951171875, 69.69901275634766, 26.939839572192515, 748, 223.0, 350, 17, 112971.12971878052, 53.21302032470703, 226.6771697998047, 151.03092208393116
LOSS, -13712.775001525879, -29.458778381347656, 58.92854309082031, -2.285843474166674, 5999, 210.5500030517578, 0, 4, 570951.515625, 42.35693359375, 232.34597778320312, 95.1744483455576
LOSS, 22705.206298828125, -19.61457061767578, 68.6644515991211, 26.37073902302918, 861, 175.0, 342, 19, 148033.65911102295, 69.4295883178711, 248.5160675048828, 171.932240547065
LOSS, 10678.373168945312, -36.9998779296875, 66.6234359741211, 25.48537749151626, 419, 207.0, 372, 12, 74689.13526153564, 59.856895446777344, 257.66851806640625, 178.2556927482951
LOSS, 18174.472412109375, -35.0001220703125, 84.23841094970703, 12.124397873321797, 1499, 207.0, 300, 18, 230107.11905288696, 48.46372604370117, 261.2847595214844, 153.50708409131886
LOSS, 2807.0872497558594, -24.586563110351562, 61.0185546875, 22.456697998046874, 125, 175.0, 391, 2, 19760.01734161377, 62.662940979003906, 249.94863891601562, 158.08013873291014
LOSS, 3837.3853149414062, -18.012046813964844, 61.3232421875, 32.798165084969284, 117, 207.0, 392, 1, 23138.385665893555, 114.79673767089844, 263.1137390136719, 197.76398005037225
LOSS, 16627.124267578125, -41.00048828125, 65.89202117919922, 19.865142494119624, 837, 223.0, 344, 16, 154597.948387146, 68.11466979980469, 272.8996276855469, 184.70483678273118
LOSS, 4952.382751464844, -13.000030517578125, 59.24201965332031, 26.483330221737134, 187, 223.0, 387, 2, 35973.404945373535, 94.1911849975586, 263.5535888671875, 192.37114944050018
LOSS, 15090.033203125, -17.662269592285156, 69.95954132080078, 25.31884765625, 596, 223.0, 360, 11, 115349.49460220337, 41.5707893371582, 265.06610107421875, 193.5394204734956
LOSS, 12951.05859375, -40.418701171875, 70.10762786865234, 12.964022616366366, 999, 223.0, 333, 13, 160053.91232299805, 69.1611099243164, 270.2749328613281, 160.2141264494475
LOSS, 10303.690673828125, -11.187461853027344, 71.6777572631836, 46.41302105327984, 222, 191.0, 385, 8, 47891.84415435791, 94.24385070800781, 278.0438232421875, 215.72902772233292
LOSS, 8779.557510375977, -16.753623962402344, 64.8140640258789, 23.728533811826964, 370, 165.88497924804688, 375, 4, 77431.54541778564, 107.7796401977539, 286.7061767578125, 209.27444707509633
LOSS, 13534.7841796875, -33.28339385986328, 68.8457260131836, 13.140567164745146, 1030, 223.0, 331, 9, 182083.68537139893, 87.32965850830078, 280.8963623046875, 176.7802770596106
LOSS, 14169.811279296875, -18.36035919189453, 66.06328582763672, 16.990181390044214, 834, 191.0, 344, 16, 173150.76356506348, 75.2858657836914, 286.27801513671875, 207.61482441854133
LOSS, 10932.159545898438, -20.1611328125, 65.1732406616211, 19.11216703828398, 572, 159.0, 361, 6, 105579.2169265747, 51.846126556396484, 284.70672607421875, 184.5790505709348
LOSS, 14349.174072265625, -24.304603576660156, 64.6227035522461, 13.823867121643184, 1038, 191.0, 330, 13, 202896.47411346436, 64.88311767578125, 280.7881164550781, 195.46866484919494
LOSS, 17823.771728515625, -36.0001220703125, 70.93375396728516, 20.79786666104507, 857, 207.0, 342, 15, 175906.2848587036, 58.245967864990234, 295.9317321777344, 205.25820870327144
LOSS, 21303.796043395996, -37.0, 70.1115951538086, 25.91702681678345, 822, 201.8000030517578, 345, 18, 179077.1808013916, 71.96516418457031, 291.7402648925781, 217.85545109658347
LOSS, 11713.796142578125, -25.209617614746094, 65.6310043334961, 22.185219967004024, 528, 207.0, 364, 10, 111668.49446868896, 67.67619323730469, 288.73016357421875, 211.49336073615333
LOSS, 14393.103271484375, -33.000244140625, 70.0816879272461, 32.344052295470505, 445, 223.0, 370, 8, 97040.21174621582, 73.36699676513672, 287.3968505859375, 218.06789156452993
LOSS, 5352.94970703125, -17.779815673828125, 61.0772705078125, 16.319968618997713, 328, 191.0, 378, 3, 54949.097595214844, 65.20055389404297, 285.83038330078125, 167.52773657077697
LOSS, 13431.0, -20.3123779296875, 63.7744140625, 25.057835820895523, 536, 223.0, 364, 8, 112681.1747970581, 93.58953094482422, 292.65960693359375, 210.2260723825711
LOSS, 4061.0, -18.449111938476562, 62.16941833496094, 8.847494553376906, 459, 223.0, 369, 3, 66460.55863189697, 70.77940368652344, 287.76239013671875, 144.79424538539647
LOSS, 7574.630279541016, -35.0, 69.54320526123047, 32.933175128439196, 230, 180.19500732421875, 384, 7, 53140.78396606445, 103.07325744628906, 289.6169738769531, 231.04688680897587
LOSS, 8007.1915283203125, -19.027069091796875, 71.05901336669922, 38.311921188135464, 209, 207.0, 386, 5, 47369.51274871826, 87.93238830566406, 307.81463623046875, 226.64838635750365
LOSS, 20465.197509765625, -37.00048828125, 70.7811508178711, 22.220627046433904, 921, 207.0, 338, 18, 205347.5941848755, 83.08393096923828, 305.97149658203125, 222.96155720399076
LOSS, 14747.728515625, -23.978271484375, 68.8402328491211, 14.777283081788577, 998, 223.0, 333, 17, 205498.6430130005, 84.50719451904297, 303.5449523925781, 205.91046394088227
LOSS, 8940.863891601562, -18.690521240234375, 67.7092514038086, 22.75028980051288, 393, 223.0, 373, 11, 84880.8037109375, 121.1334228515625, 301.80731201171875, 215.98168883190203
LOSS, 15266.40283203125, -19.72021484375, 65.0157699584961, 20.94156767082476, 729, 223.0, 351, 13, 161766.76499176025, 92.2749252319336, 307.96429443359375, 221.9022839393145
LOSS, 18278.66943359375, -33.000244140625, 70.55318450927734, 23.19628100709867, 788, 175.0, 347, 20, 187537.46775054932, 80.21660614013672, 312.5889892578125, 237.9917103433367
LOSS, 9656.901733398438, -17.662269592285156, 70.5544204711914, 16.941932865611292, 570, 191.0, 361, 7, 131122.40548706055, 111.36444091796875, 319.0032653808594, 230.03930787203603
LOSS, 7824.79866027832, -18.46306610107422, 68.99100494384766, 20.48376612638304, 382, 196.39999389648438, 374, 5, 80866.65942382812, 101.85511779785156, 308.32281494140625, 211.69282571682754
LOSS, 21193.342529296875, -18.79694366455078, 65.1729507446289, 28.873763663892202, 734, 223.0, 351, 22, 178977.06772613525, 93.81324768066406, 323.7715759277344, 243.8379669293396
LOSS, 12118.300003051758, -22.22850799560547, 68.8387222290039, 20.298659971610984, 597, 148.39999389648438, 360, 8, 143804.60946655273, 114.22248840332031, 324.2431945800781, 240.87874282504646
LOSS, 8478.708129882812, -16.13641357421875, 67.4254379272461, 17.925387166771273, 473, 223.0, 368, 7, 109376.14015197754, 84.36732482910156, 318.6796569824219, 231.23919693864173
LOSS, 14337.0, -21.870277404785156, 70.05765533447266, 19.666666666666668, 729, 191.0, 351, 13, 190430.60382080078, 157.4468994140625, 320.868896484375, 261.22167876653054
LOSS, 14987.0, -34.0869140625, 65.6706771850586, 22.707575757575757, 660, 191.0, 355, 10, 152202.91967010498, 81.72007751464844, 322.77117919921875, 230.61048434864392
LOSS, 9377.000122070312, -37.807373046875, 65.18697357177734, 17.725898151361648, 529, 185.0, 364, 9, 113353.52935791016, 85.51721954345703, 325.8489685058594, 214.2788834743103
LOSS, 17130.85302734375, -36.9998779296875, 65.8919448852539, 19.422735858666382, 882, 207.0, 341, 12, 206995.77979278564, 81.21671295166016, 338.2133483886719, 234.68909273558464
LOSS, 7333.9998779296875, -19.414894104003906, 70.4918441772461, 14.5515870593843, 504, 223.0, 366, 5, 97096.01728820801, 97.02447509765625, 326.4954833984375, 192.65082795279366
LOSS, 4647.9144287109375, -26.092529296875, 69.2848892211914, 1.9644608743495087, 2366, 175.0, 242, 11, 350573.03924560547, 70.7145767211914, 341.8223876953125, 148.17119156618998
LOSS, 17869.0, -17.662879943847656, 70.5211410522461, 20.468499427262312, 873, 207.0, 341, 11, 215577.07089233398, 100.30290222167969, 341.08392333984375, 246.93822553531956
WIN , 18542.0, -35.99951171875, 88.760986328125, 5.929645027182604, 3127, 191.0, 191, 29, 654418.4324035645, 79.99254608154297, 348.5247802734375, 209.27995919525566
LOSS, 8053.9998779296875, -20.1611328125, 71.62984466552734, 20.441624055659105, 394, 223.0, 373, 5, 92352.92604064941, 97.15115356445312, 342.81707763671875, 234.39828944327263
LOSS, 3091.015800476074, 0, 59.96434783935547, 34.73051461209072, 89, 153.8000030517578, 394, 3, 23490.518592834473, 119.50182342529297, 332.9012756347656, 263.93841115544353
LOSS, 8036.2652587890625, -16.7203369140625, 63.440452575683594, 28.70094735281808, 280, 175.0, 381, 4, 76661.69023132324, 117.76578521728516, 341.0810546875, 273.79175082615444
WIN , 25520.39999771118, -34.0, 69.5736312866211, 21.645801524776235, 1179, 114.20000457763672, 321, 20, 294508.3281402588, 83.07951354980469, 345.027099609375, 249.79501962702187
LOSS, 9817.613159179688, -25.498802185058594, 65.4433364868164, 29.750342906605113, 330, 223.0, 377, 3, 81148.787940979, 97.71387481689453, 350.22564697265625, 245.90541800296668
LOSS, 19017.65000152588, -28.7469482421875, 70.05765533447266, 19.727852698678298, 964, 209.6999969482422, 335, 23, 249574.14568328857, 100.8512954711914, 351.0074768066406, 258.89434199511265
LOSS, 13950.6630859375, -16.00006103515625, 67.5359115600586, 27.679887075272816, 504, 223.0, 366, 11, 137743.0051574707, 118.30933380126953, 352.6923828125, 273.29961340767994
LOSS, 8162.7054443359375, -16.00006103515625, 70.8354721069336, 21.709322990255153, 376, 207.0, 374, 2, 95251.80978393555, 101.34481048583984, 358.3753662109375, 253.3292813402541
LOSS, 6653.4583740234375, -14.662391662597656, 66.3399429321289, 19.801959446498326, 336, 169.0, 377, 2, 70013.38031768799, 103.41677856445312, 358.4281311035156, 208.37315570740472
LOSS, 9771.0, -23.7188720703125, 71.0515365600586, 24.4275, 400, 223.0, 373, 8, 103893.11667633057, 122.3768081665039, 366.1811218261719, 259.7327916908264
LOSS, 14308.645896911621, -18.126670837402344, 63.155418395996094, 21.6142687264526, 662, 201.8000030517578, 355, 11, 173003.61135101318, 90.48548889160156, 362.50897216796875, 261.3347603489625
WIN , 24952.40000152588, -39.102783203125, 70.2623519897461, 17.634204948074824, 1415, 130.1999969482422, 305, 24, 340855.9704589844, 71.38704681396484, 363.628173828125, 240.8876116317911
LOSS, 16217.0, -17.298263549804688, 65.0578842163086, 26.541734860883796, 611, 191.0, 359, 16, 170338.9895172119, 73.48609924316406, 362.32843017578125, 278.78721688578054
LOSS, 7122.0791015625, -31.71051025390625, 59.0960693359375, 12.740749734458856, 559, 223.0, 362, 6, 117999.57619094849, 55.14401626586914, 362.9872131347656, 211.09047619132107
LOSS, 15293.97802734375, -40.418701171875, 66.09212493896484, 13.704281386508736, 1116, 207.0, 325, 19, 253491.4154510498, 78.05054473876953, 362.8906555175781, 227.14284538624534
LOSS, 4837.7801513671875, -16.084640502929688, 61.90971374511719, 23.147273451517645, 209, 175.0, 386, 3, 53733.30620574951, 95.17607879638672, 369.5959777832031, 257.0971588791843
LOSS, 18456.3955078125, -26.536865234375, 71.4879379272461, 25.885547696791726, 713, 223.0, 352, 15, 195553.93032073975, 83.44646453857422, 360.965087890625, 274.26918698560974
LOSS, 6337.0, -41.3397216796875, 68.8774642944336, 2.462883793237466, 2573, 191.0, 228, 8, 382971.4209098816, 55.639808654785156, 367.4464416503906, 148.84237112704298
LOSS, 5466.4072265625, -16.00006103515625, 58.58650207519531, 24.84730557528409, 220, 207.0, 385, 2, 61087.03811645508, 114.87142944335938, 358.7396240234375, 277.6683550747958
LOSS, 7698.483688354492, -16.00006103515625, 67.45665740966797, 21.32543957992934, 361, 177.10000610351562, 375, 6, 91292.69303894043, 77.04265594482422, 366.4397277832031, 252.88834636825604
LOSS, 8691.0, -22.15990447998047, 70.8043441772461, 28.588815789473685, 304, 223.0, 379, 9, 81763.57238006592, 105.44329833984375, 382.28009033203125, 268.9591196712695
LOSS, 7407.650001525879, -20.87403106689453, 69.22232818603516, 35.107345978795635, 211, 209.6999969482422, 385, 7, 52543.73447418213, 86.79933166503906, 357.0184020996094, 249.02243826626602
LOSS, 19255.885208129883, -20.124305725097656, 71.50395965576172, 23.89067643688571, 806, 180.39999389648438, 346, 15, 216350.3009185791, 75.00697326660156, 374.9255676269531, 268.42469096597904
LOSS, 9839.0, -27.71728515625, 67.8230972290039, 20.93404255319149, 470, 207.0, 368, 11, 119828.2966003418, 100.81109619140625, 376.0657043457031, 254.9538225539187
LOSS, 10894.670043945312, -17.662269592285156, 69.58089447021484, 22.9361474609375, 475, 223.0, 368, 7, 112027.1340637207, 80.15006256103516, 373.90765380859375, 235.8465980288857
LOSS, 14694.00048828125, -18.880462646484375, 67.8149185180664, 20.695775335607394, 710, 223.0, 352, 13, 199979.36916351318, 88.4160385131836, 378.1036682128906, 281.66108332889183
LOSS, 15686.74462890625, -49.50672149658203, 69.82244110107422, 11.776835306986674, 1332, 223.0, 311, 15, 327513.96674346924, 68.82926177978516, 379.2976379394531, 245.88135641401595
LOSS, 9703.298828125, -28.9202880859375, 66.7131576538086, 24.503279869002526, 396, 191.0, 373, 6, 101080.18450927734, 83.21824645996094, 380.6375732421875, 255.2529911850438
LOSS, 4373.1661376953125, -14.065948486328125, 62.26165771484375, 20.72590586585456, 211, 223.0, 385, 2, 45482.10892486572, 103.9754867553711, 373.7746276855469, 215.55501860125935
LOSS, 8261.999877929688, -16.00006103515625, 68.72489166259766, 24.29999964096967, 340, 207.0, 377, 7, 87129.08706665039, 117.99948120117188, 384.4743347167969, 256.26202078426587
LOSS, 13700.167343139648, -37.069091796875, 65.57913970947266, 16.42705916443603, 834, 145.66384887695312, 344, 12, 216203.97257995605, 73.87347412109375, 388.1186828613281, 259.23737719419194
LOSS, 11308.493530273438, -32.0001220703125, 71.0924301147461, 24.47725872353558, 462, 191.0, 369, 7, 125341.22211456299, 73.9456787109375, 380.08251953125, 271.30134656831814
LOSS, 13728.824951171875, -34.0, 68.2768783569336, 14.037653324306621, 978, 191.0, 334, 14, 257268.24074554443, 67.8739242553711, 381.71734619140625, 263.0554608850148
LOSS, 6127.0, -22.446044921875, 62.236549377441406, 25.743697478991596, 238, 191.0, 384, 3, 59385.64298248291, 72.93888854980469, 365.0327453613281, 249.51950832976013
LOSS, 9901.0, -15.870216369628906, 64.64253997802734, 26.831978319783197, 369, 223.0, 375, 7, 108097.4796295166, 66.69519805908203, 380.3431091308594, 292.94709926698266
LOSS, 14621.0, -18.807289123535156, 62.94586181640625, 18.865806451612904, 775, 223.0, 348, 12, 189882.4356918335, 70.99964141845703, 401.712158203125, 245.00959444107548
LOSS, 12678.565307617188, -15.870216369628906, 68.6321029663086, 36.96374725252824, 343, 223.0, 377, 6, 94142.76022338867, 76.73371887207031, 381.20501708984375, 274.46868869792615
LOSS, 5840.134460449219, -14.246963500976562, 62.19696044921875, 25.502770569647243, 229, 191.0, 384, 0, 61187.53421020508, 99.73576354980469, 397.591064453125, 267.1944725336466
LOSS, 5999.3082275390625, -18.0462646484375, 61.469268798828125, 22.638898971845517, 265, 207.0, 382, 2, 77896.96756744385, 97.2498779296875, 385.64483642578125, 293.95082100922207
LOSS, 10454.307006835938, -18.360496520996094, 68.65331268310547, 26.60129009373012, 393, 207.0, 373, 7, 107185.87466430664, 77.95695495605469, 389.8755187988281, 272.73759456566574
LOSS, 8561.0, -18.98064422607422, 59.7296142578125, 17.019880715705764, 503, 223.0, 366, 7, 111043.52005767822, 73.11685943603516, 375.6722106933594, 220.76246532341594
LOSS, 12716.81494140625, -21.121994018554688, 70.6217041015625, 31.792037353515624, 400, 207.0, 373, 8, 119345.14640808105, 111.48346710205078, 386.57257080078125, 298.36286602020266
LOSS, 6031.172309875488, -13.27532958984375, 63.604652404785156, 35.06495528997377, 172, 216.34007263183594, 388, 4, 53355.60237121582, 163.4090118408203, 376.9846496582031, 310.20699053032456
LOSS, 11851.0, -15.999755859375, 67.6048812866211, 31.857526881720432, 372, 223.0, 375, 8, 107449.47762298584, 98.14171600341797, 403.74908447265625, 288.84268178222
LOSS, 20093.158203125, -18.721778869628906, 66.8248519897461, 18.400328024839745, 1092, 223.0, 327, 23, 246644.54331207275, 72.09307861328125, 398.6603088378906, 225.86496640299703
LOSS, 19583.949996948242, -33.81884765625, 69.6382827758789, 24.572082806710466, 797, 177.10000610351562, 346, 16, 239393.77840423584, 111.01535034179688, 382.1850280761719, 300.36860527507633
LOSS, 17033.563232421875, -29.7039794921875, 70.05765533447266, 15.569984673146138, 1094, 175.0, 327, 19, 293593.36351394653, 63.356380462646484, 385.81683349609375, 268.366877069421
LOSS, 7520.7431640625, -26.092529296875, 69.0117416381836, 15.224176445470647, 494, 207.0, 367, 6, 111512.297996521, 73.64765167236328, 389.3078918457031, 225.73339675409107
LOSS, 5274.822448730469, -25.20965576171875, 56.574607849121094, 11.933987440566671, 442, 207.0, 370, 2, 112665.56525421143, 111.11149597167969, 389.7381896972656, 254.89946890093083
LOSS, 18900.282470703125, -30.2581787109375, 61.2176513671875, 15.842650855576801, 1193, 191.0, 320, 23, 309414.27572631836, 84.75752258300781, 383.2696228027344, 259.3581523271738
LOSS, 14328.901611328125, -28.160400390625, 67.9448471069336, 17.79987777804736, 805, 223.0, 346, 12, 232951.2281112671, 80.16963195800781, 382.8193359375, 289.38040759163613
LOSS, 8874.629760742188, -15.463035583496094, 66.5471420288086, 23.05098639153815, 385, 223.0, 374, 5, 109568.84989929199, 78.0647964477539, 377.4179992675781, 284.59441532283637
LOSS, 16070.00048828125, -18.702133178710938, 66.1864242553711, 25.347003924733833, 634, 191.0, 357, 19, 190434.23385620117, 77.47021484375, 378.88226318359375, 300.36945403186303
LOSS, 20740.6328125, -18.2713623046875, 71.9212875366211, 26.55650808258643, 781, 191.0, 347, 17, 235989.8934326172, 93.12261962890625, 378.6673889160156, 302.1637559956686
LOSS, 9360.379272460938, -25.20965576171875, 61.954345703125, 16.421718021861295, 570, 223.0, 361, 8, 141314.34070587158, 83.65711975097656, 376.3545227050781, 247.9198959752133
LOSS, 13277.07861328125, -26.092529296875, 65.2364273071289, 15.712519068971893, 845, 207.0, 343, 10, 232465.53523254395, 76.77079010009766, 380.0525817871094, 275.10714228703426
LOSS, 12667.0, -18.511795043945312, 66.78458404541016, 19.916666666666668, 636, 191.0, 357, 8, 178895.8522415161, 93.31597137451172, 380.989013671875, 281.2827865432643
LOSS, 1895.2835693359375, -48.575439453125, 69.75150299072266, 0.8595390337124433, 2205, 207.0, 252, 9, 313075.90045166016, 56.27424240112305, 381.06768798828125, 141.98453535222683
LOSS, 3601.9390258789062, -28.27198028564453, 58.88902282714844, 16.152192941161015, 223, 223.0, 385, 1, 51347.44457244873, 88.36141204833984, 391.6465148925781, 230.2575989795907
LOSS, 6861.9998779296875, -17.283912658691406, 68.78453826904297, 26.190839228739264, 262, 207.0, 382, 6, 71316.16989898682, 86.1828842163086, 391.92578125, 272.19912175185806
LOSS, 22125.685302734375, -32.412109375, 71.22212982177734, 13.007457555987287, 1701, 191.0, 286, 16, 375656.1816177368, 56.62652587890625, 407.4335021972656, 220.84431605981
LOSS, 2652.9672241210938, -34.0, 55.426025390625, 22.48277308577198, 118, 175.0, 392, 3, 28459.826904296875, 84.7661361694336, 384.7566833496094, 241.18497376522777
LOSS, 12373.560775756836, -20.544288635253906, 70.6468734741211, 25.994875579321082, 476, 156.09500122070312, 368, 8, 152097.48502349854, 106.23529052734375, 406.804931640625, 319.5325315619717
LOSS, 17533.184814453125, -42.63654327392578, 68.81795501708984, 14.0265478515625, 1250, 175.0, 316, 14, 311309.870262146, 71.24666595458984, 403.53936767578125, 249.0478962097168
LOSS, 2159.9192123413086, -44.183998107910156, 62.67729949951172, 11.55037011947224, 187, 185.8000030517578, 387, 1, 54371.00761413574, 148.44554138183594, 390.3007507324219, 290.7540514124906
LOSS, 15697.770851135254, -18.046875, 68.1871566772461, 24.956710415159385, 629, 209.6999969482422, 358, 15, 176748.5443649292, 73.59152221679688, 399.2996520996094, 280.9992756199192
LOSS, 20108.19677734375, -42.09629821777344, 70.40715789794922, 21.414480061068957, 939, 207.0, 337, 13, 288009.7282333374, 74.85498809814453, 426.8332214355469, 306.71962538161597
LOSS, 4368.1614990234375, -52.82933807373047, 60.5755615234375, 4.853512776692709, 900, 191.0, 339, 7, 219044.5671081543, 72.09602355957031, 425.4599914550781, 243.38285234239368
LOSS, 11091.993774414062, -25.763916015625, 67.5212631225586, 24.814303745892758, 447, 207.0, 370, 10, 125174.71711730957, 98.95909118652344, 394.6087341308594, 280.0329241997977
LOSS, 17293.41855621338, -20.1070556640625, 65.1958236694336, 24.564514994621277, 704, 193.6999969482422, 353, 9, 215501.83791351318, 91.1135482788086, 400.656982421875, 306.1105652180585
LOSS, 12707.775848388672, -34.863983154296875, 66.85736846923828, 17.360349519656655, 732, 159.30426025390625, 351, 8, 216898.33447265625, 79.7004165649414, 402.5772705078125, 296.30920009925717
LOSS, 10704.300003051758, -44.8834228515625, 62.874961853027344, 16.07252252710474, 666, 196.39999389648438, 355, 7, 195661.82020568848, 95.6915054321289, 401.342041015625, 293.7865168253581
LOSS, 10009.0, -57.834228515625, 66.3036117553711, 11.258717660292463, 889, 207.0, 340, 10, 243481.30261993408, 76.13069915771484, 396.8936462402344, 273.88223016865476
LOSS, 7191.0, -41.999755859375, 59.110328674316406, 14.267857142857142, 504, 223.0, 366, 6, 115830.03762054443, 60.95124816894531, 403.55291748046875, 229.82150321536594
LOSS, 10117.650001525879, -16.7203369140625, 66.88468170166016, 26.076417529705875, 388, 209.6999969482422, 374, 9, 103044.74729919434, 101.26820373535156, 406.3634948730469, 265.57924561648025
LOSS, 13406.888671875, -22.04345703125, 67.6018295288086, 16.211473605652962, 827, 223.0, 344, 8, 216849.29014968872, 59.670772552490234, 406.4924011230469, 262.2119590685474
WIN , 25166.0, -34.62158203125, 66.66768646240234, 17.886282871357498, 1407, 223.0, 306, 19, 415760.4833602905, 64.07510375976562, 423.49755859375, 295.494302317193
LOSS, 8969.0, -34.0869140625, 69.5085678100586, 22.036855036855037, 407, 207.0, 372, 5, 101152.72710800171, 58.793670654296875, 406.0986328125, 248.53249903685924
LOSS, 17697.602294921875, -46.436767578125, 61.62162780761719, 14.124183794829909, 1253, 207.0, 316, 16, 317090.00649261475, 71.20206451416016, 414.049560546875, 253.06465003401019
LOSS, 11697.0, -23.30785369873047, 71.10066986083984, 22.028248587570623, 531, 191.0, 364, 9, 153664.7834777832, 64.4336929321289, 406.8311462402344, 289.38753950618303
LOSS, 11842.162841796875, -17.078628540039062, 69.47393035888672, 29.09622319851812, 407, 207.0, 372, 8, 119647.53352355957, 80.53791046142578, 406.84320068359375, 293.9742838416697
LOSS, 1899.599998474121, -16.820709228515625, 59.689178466796875, 26.021917787316728, 73, 185.8000030517578, 395, 3, 17981.25043487549, 83.89769744873047, 400.13427734375, 246.3184991078834
LOSS, 15027.4501953125, -20.243637084960938, 66.0121841430664, 19.167666065449616, 784, 223.0, 347, 10, 240119.59997558594, 110.87893676757812, 419.5733642578125, 306.2749999688596
LOSS, 20802.921630859375, -31.28390121459961, 61.894142150878906, 12.809680807179419, 1624, 191.0, 291, 15, 372991.9314727783, 71.78955078125, 434.671630859375, 229.67483465072556
LOSS, 14527.024169921875, -14.840766906738281, 66.0036392211914, 31.240912193380375, 465, 223.0, 368, 14, 139769.52198028564, 81.22809600830078, 415.09783935546875, 300.5796171619046
LOSS, 15149.648681640625, -19.707839965820312, 63.99571990966797, 28.42335587549836, 533, 223.0, 364, 9, 174717.1743850708, 105.28581237792969, 424.52777099609375, 327.7995767074499
LOSS, 11709.0, -25.0601806640625, 58.926612854003906, 11.29122468659595, 1037, 207.0, 330, 11, 235281.9910697937, 62.37909698486328, 419.2454833984375, 226.88716593037
WIN , 26012.115753173828, -16.88823699951172, 65.7051773071289, 16.91294912430028, 1538, 190.76849365234375, 297, 31, 453963.98766326904, 66.64649200439453, 418.7579650878906, 295.16514152358195
LOSS, 8748.742309570312, -16.00006103515625, 62.42179870605469, 32.89000868259516, 266, 223.0, 382, 2, 80947.76239776611, 86.85226440429688, 417.0368957519531, 304.3148962322034
LOSS, 10604.367431640625, -16.455223083496094, 62.689125061035156, 16.726131595647672, 634, 207.0, 357, 13, 191059.11964416504, 111.24952697753906, 415.7815246582031, 301.35507830309945
WIN , 26620.468872070312, -20.1611328125, 78.65966415405273, 21.660267593222386, 1229, 114.062255859375, 318, 30, 344492.8952331543, 27.605316162109375, 431.2496032714844, 280.30341353389286
LOSS, 16080.87939453125, -23.846206665039062, 65.8604965209961, 19.82845794640105, 811, 191.0, 345, 7, 239614.14896392822, 65.93965148925781, 422.253662109375, 295.45517751409153
WIN , 26304.300003051758, -20.332252502441406, 70.41402435302734, 21.59630542122476, 1218, 126.39999389648438, 318, 20, 352531.06801605225, 61.23434066772461, 427.1662902832031, 289.43437439741564
LOSS, 12419.147338867188, -37.0, 60.7232666015625, 13.382701873779297, 928, 175.0, 338, 8, 203527.69268417358, 47.337066650390625, 407.39471435546875, 219.31863435794568
LOSS, 13724.72705078125, -18.462913513183594, 67.55973052978516, 30.772930607132846, 446, 191.0, 370, 10, 138561.3399810791, 84.7699966430664, 430.78753662109375, 310.6756501817917
LOSS, 14644.68408203125, -23.1610107421875, 70.2458724975586, 27.42450202627575, 534, 223.0, 364, 10, 147548.55632781982, 45.82404708862305, 441.5686340332031, 276.3081579172656
LOSS, 13084.60107421875, -17.332069396972656, 62.23297119140625, 31.00616368298282, 422, 223.0, 371, 7, 119351.48272705078, 69.38784790039062, 438.3702087402344, 282.8234187844805
LOSS, -7295.425338745117, -39.3084716796875, 48.568321228027344, -1.2161069076087876, 5999, 227.19039916992188, 0, 4, 530276.7053451538, 38.55009841918945, 413.0461730957031, 88.39418325473476
LOSS, 9913.999877929688, -24.804710388183594, 65.4103775024414, 20.740585518681353, 478, 223.0, 368, 3, 121277.30684661865, 66.85639190673828, 410.1035461425781, 253.71821516029007
WIN , 25387.074905395508, -31.362831115722656, 67.5020523071289, 17.2349456248442, 1473, 180.85018920898438, 301, 30, 416620.739276886, 61.22357177734375, 427.5417175292969, 282.83824798159264
LOSS, 14397.03271484375, -17.96697235107422, 68.6183853149414, 19.66807747929474, 732, 223.0, 351, 9, 204890.35152435303, 54.21294021606445, 416.3564147949219, 279.9048518092254
LOSS, 4860.664855957031, -14.985916137695312, 63.472900390625, 36.004924858940974, 135, 191.0, 390, 3, 40840.911293029785, 73.66503143310547, 408.1465148925781, 302.52526883725767
LOSS, 8111.0870361328125, -17.662269592285156, 62.089996337890625, 18.268214045344173, 444, 175.0, 370, 2, 116527.55838775635, 103.90618133544922, 411.3110656738281, 262.44945582828007
LOSS, 11610.358520507812, -14.023391723632812, 64.15030670166016, 33.267502924091154, 349, 223.0, 376, 10, 101034.92125701904, 90.97406005859375, 402.29083251953125, 289.4983417106563
LOSS, 6738.2620849609375, -13.000030517578125, 63.64013671875, 31.784255117740273, 212, 207.0, 385, 5, 61942.26615142822, 92.63031768798828, 423.546875, 292.18050071428405
LOSS, 21075.041259765625, -17.09223175048828, 69.82244110107422, 30.587868301546624, 689, 207.0, 354, 15, 217083.6091156006, 88.35028076171875, 425.5548095703125, 315.0705502403492
LOSS, 14104.4228515625, -20.436798095703125, 62.582618713378906, 26.216399352346656, 538, 223.0, 364, 11, 177391.482131958, 160.49951171875, 422.0599670410156, 329.72394448319335
LOSS, 21069.009765625, -21.870277404785156, 66.7494888305664, 23.178228565044005, 909, 207.0, 339, 12, 277386.77140808105, 93.5199203491211, 428.8283996582031, 305.1559641453037
LOSS, 6471.1173095703125, -19.3548583984375, 63.109657287597656, 19.669049573162045, 329, 207.0, 378, 5, 86225.21235656738, 77.86287689208984, 423.6529846191406, 262.08271232999203
LOSS, 14752.088623046875, -21.34002685546875, 68.4538803100586, 25.522644676551685, 578, 175.0, 361, 13, 150684.18491744995, 58.66359329223633, 422.3869934082031, 260.69928186410027
LOSS, 17702.279541015625, -25.570068359375, 67.9781265258789, 25.994536770948056, 681, 191.0, 354, 7, 208538.26998138428, 75.65304565429688, 428.138916015625, 306.2235976231781
LOSS, 14672.279541015625, -17.66242218017578, 71.72566986083984, 23.289332604786708, 630, 191.0, 357, 13, 157742.05404663086, 67.97956085205078, 426.1808776855469, 250.38421277242995
LOSS, 15933.314208984375, -37.542259216308594, 70.6682357788086, 12.409123215719918, 1284, 175.0, 314, 16, 296697.49503326416, 42.62888717651367, 435.2021484375, 231.07281544646742
LOSS, 18979.345458984375, -18.98186492919922, 68.77982330322266, 36.710532802677704, 517, 207.0, 365, 10, 176597.09037780762, 67.69515228271484, 433.05657958984375, 341.58044560504374
LOSS, 10047.504508972168, -23.881591796875, 63.676368713378906, 17.234141524823617, 583, 208.19288635253906, 361, 6, 144787.77545166016, 69.3254165649414, 426.70196533203125, 248.34952907660403
LOSS, 5030.9954833984375, -16.00006103515625, 55.177528381347656, 14.498546061666968, 347, 175.0, 376, 5, 82930.8159866333, 94.509765625, 415.45751953125, 238.99370601335247
LOSS, 6371.0, -19.13629150390625, 63.415748596191406, 21.236666666666668, 300, 223.0, 379, 6, 71868.35439300537, 64.67662048339844, 414.4722595214844, 239.5611813100179
LOSS, 14436.366455078125, -26.9580078125, 62.858177185058594, 24.060610758463543, 600, 191.0, 359, 8, 190744.68424224854, 83.83194732666016, 432.0358581542969, 317.9078070704142
LOSS, 5456.276611328125, -25.06048583984375, 61.121826171875, 19.34849862173094, 282, 207.0, 381, 1, 81966.42900848389, 106.10256958007812, 421.867431640625, 290.66109577476556
LOSS, 10737.215942382812, -28.9776611328125, 69.38497161865234, 22.942769107655582, 468, 207.0, 368, 10, 151253.1084136963, 84.50947570800781, 432.6493225097656, 323.19040259336816
LOSS, 14358.493896484375, -20.215843200683594, 63.012611389160156, 15.989414138624026, 898, 223.0, 340, 17, 247880.3673248291, 72.93457794189453, 429.49884033203125, 276.03604379156917
LOSS, 8348.43359375, -26.092529296875, 59.562599182128906, 25.37517809650456, 329, 207.0, 378, 5, 102052.25536346436, 74.15005493164062, 428.7514343261719, 310.18922602876705
LOSS, 16340.2138671875, -16.86473846435547, 65.5815658569336, 26.964049285787954, 606, 223.0, 359, 11, 194270.97721862793, 120.58555603027344, 434.6378173828125, 320.57917032776885
WIN , 26037.19354248047, -20.474098205566406, 68.69976806640625, 17.944309815630923, 1451, 120.6129150390625, 303, 22, 398921.6932525635, 66.07658386230469, 426.2672424316406, 274.9288030686171
LOSS, 4762.085205078125, -13.858749389648438, 66.79875946044922, 50.66048090508644, 94, 223.0, 393, 3, 32564.54606628418, 207.13829040527344, 430.80316162109375, 346.43134113068277
LOSS, 16141.404052734375, -29.951278686523438, 69.76811981201172, 25.867634699894833, 624, 223.0, 358, 15, 211772.2688446045, 113.92450714111328, 423.7737731933594, 339.3786359689175
LOSS, 20381.979835510254, -25.2093505859375, 62.604576110839844, 16.747723776097168, 1217, 209.6999969482422, 318, 20, 352411.269569397, 78.16047668457031, 431.8516845703125, 289.5737629986828
LOSS, 16539.0, -18.880462646484375, 59.85652160644531, 16.1513671875, 1024, 207.0, 331, 17, 293771.0886154175, 101.7409439086914, 438.16644287109375, 286.88582872599363
WIN , 26094.0, -16.498497009277344, 70.1485366821289, 31.783191230207066, 821, 207.0, 345, 30, 275002.96952819824, 85.87186431884766, 434.68218994140625, 334.9609860270381
LOSS, 21001.28076171875, -34.99951171875, 68.1444320678711, 17.185990803370498, 1222, 223.0, 318, 19, 351801.6493759155, 74.63780212402344, 430.7980651855469, 287.89005677243495
LOSS, 15599.153076171875, -18.462913513183594, 65.6026382446289, 23.17853354557485, 673, 223.0, 355, 15, 214179.53161621094, 70.12873840332031, 429.09332275390625, 318.2459607967473
WIN , 26070.491676330566, -21.3397216796875, 86.69761657714844, 29.227008605751756, 892, 154.0166473388672, 340, 25, 268808.8611602783, 68.7135009765625, 429.9792785644531, 301.35522551600707
WIN , 26911.482124328613, -15.999755859375, 78.08431243896484, 22.204193171888296, 1212, 152.03575134277344, 319, 28, 368552.86308670044, 63.926082611083984, 423.3448791503906, 304.0865206985977
LOSS, 18627.424560546875, -40.408935546875, 70.4009017944336, 3.8139689927409655, 4884, 223.0, 74, 22, 794254.7886886597, 53.15156936645508, 424.7014465332031, 162.62383060783367
LOSS, 12689.938819885254, -17.27509307861328, 71.1217269897461, 25.845089246202146, 491, 181.3357391357422, 367, 10, 141253.83812713623, 76.68717193603516, 425.1732177734375, 287.6860246988518
LOSS, 16858.8974609375, -24.823524475097656, 68.2344741821289, 28.19213622230351, 598, 207.0, 360, 7, 185003.09691619873, 54.70697784423828, 422.6023864746094, 309.36972728461325
LOSS, 19237.281982421875, -34.0869140625, 70.2342758178711, 14.420751111260776, 1334, 191.0, 311, 22, 316737.1187210083, 48.995147705078125, 428.71966552734375, 237.43412197976633
LOSS, 11330.091918945312, -17.70135498046875, 66.36161041259766, 37.39304263678321, 303, 207.0, 379, 6, 106005.61730957031, 80.11176300048828, 415.0617980957031, 349.8535224738294
LOSS, 7992.2489013671875, -20.97991943359375, 60.31097412109375, 27.370715415641055, 292, 207.0, 380, 6, 100688.76541137695, 146.93850708007812, 415.1719970703125, 344.82453908005806
LOSS, 7543.3251953125, -34.0001220703125, 71.94295501708984, 35.08523346656977, 215, 175.0, 385, 3, 67748.63457489014, 67.20922088623047, 416.58087158203125, 315.109928255303
LOSS, 21749.728759765625, -32.92145538330078, 70.6413803100586, 16.279737095632953, 1336, 207.0, 310, 16, 348725.7009277344, 59.77782440185547, 424.77447509765625, 261.02223123333414
LOSS, 4826.484558105469, -14.662391662597656, 68.8332290649414, 42.33758384303043, 114, 191.0, 392, 2, 38506.89084625244, 101.61003112792969, 420.3660888671875, 337.7797442653723
LOSS, 11956.669250488281, -22.77191162109375, 65.83182525634766, 28.26635756616615, 423, 167.5025634765625, 371, 9, 131690.72594451904, 108.70903778076172, 425.4522705078125, 311.325593249454
LOSS, 9835.411376953125, -15.721900939941406, 63.424293518066406, 25.026492053315838, 393, 175.0, 373, 10, 135703.64933776855, 125.4968490600586, 420.50384521484375, 345.30190671187927
LOSS, 8726.864990234375, -21.463096618652344, 64.62255096435547, 31.619076051573824, 276, 127.0, 381, 6, 90553.8143081665, 108.07453918457031, 426.83599853515625, 328.09353010205257
LOSS, 24487.39404296875, -23.09478759765625, 69.1036148071289, 28.0818739024871, 872, 223.0, 341, 22, 284134.594833374, 71.28597259521484, 434.3456726074219, 325.84242526763074
LOSS, 5782.697509765625, -15.141426086425781, 61.42375183105469, 34.21714502819896, 169, 207.0, 388, 5, 58480.97073364258, 143.55865478515625, 435.60015869140625, 346.04124694463064
LOSS, 3171.9998779296875, -16.48967742919922, 62.30873107910156, 11.129824133086624, 285, 207.0, 380, 2, 93348.0052947998, 180.0445556640625, 436.3510437011719, 327.5368606835081
LOSS, 14150.708251953125, -31.865234375, 61.769920349121094, 25.54279467861575, 554, 223.0, 363, 19, 178578.56230163574, 108.78410339355469, 435.4573974609375, 322.3439752737107
LOSS, 21107.058952331543, -35.543907165527344, 69.97611236572266, 3.5184295636491987, 5999, 210.88209533691406, 0, 18, 873055.5062255859, 50.79263687133789, 435.8683166503906, 145.53350662203465
LOSS, 10872.612060546875, -19.909446716308594, 64.07141876220703, 19.913208902100504, 546, 207.0, 363, 5, 175631.0257949829, 96.88949584960938, 434.44781494140625, 321.66854541205663
LOSS, 4861.0, -19.583526611328125, 56.792388916015625, 25.719576719576718, 189, 223.0, 387, 5, 56204.1203994751, 87.49394226074219, 425.1475830078125, 297.37629840992116
WIN , 26934.557502746582, -33.000244140625, 70.7039566040039, 22.241583404415014, 1211, 125.88499450683594, 319, 22, 379428.78117370605, 62.00337219238281, 429.5711669921875, 313.31856414013714
LOSS, 9900.914001464844, -23.34033203125, 63.921730041503906, 1.6504274048116092, 5999, 194.5123291015625, 0, 18, 848037.9404373169, 76.32386779785156, 427.0292663574219, 141.36321727576544
LOSS, 24290.326889038086, -35.99951171875, 66.5376968383789, 22.74375176876225, 1068, 180.18362426757812, 328, 20, 324558.2600250244, 50.63752365112305, 433.5758056640625, 303.8935018960903
LOSS, 4520.744079589844, -19.292282104492188, 60.59893798828125, 20.00329238756568, 226, 207.0, 384, 1, 79420.8034362793, 135.57025146484375, 432.4972229003906, 351.4194842313243
LOSS, 12829.23486328125, -18.20404815673828, 71.0344467163086, 30.988490007925726, 414, 223.0, 372, 11, 123006.67404937744, 67.94715881347656, 437.6633605957031, 297.1175701675784
LOSS, 10899.25390625, -28.2073974609375, 64.5693130493164, 4.002663939129636, 2723, 207.0, 218, 13, 365443.8019981384, 40.485023498535156, 431.7515869140625, 134.20631729641514
LOSS, 20040.975830078125, -36.0, 68.6363754272461, 28.79450550298581, 696, 191.0, 353, 14, 232734.8258972168, 90.57010650634766, 448.8711853027344, 334.38911766841494
LOSS, 8245.622436523438, -15.562948226928711, 60.057373046875, 26.513255422904944, 311, 186.447998046875, 379, 8, 92981.44318771362, 58.02814865112305, 437.64898681640625, 298.975701568211
LOSS, 13180.710693359375, -30.322418212890625, 67.6659164428711, 15.543290911980396, 848, 223.0, 343, 12, 205311.96687316895, 53.66875076293945, 450.8009948730469, 242.11316848251056
LOSS, 5086.124977111816, -12.491676330566406, 67.37372589111328, 37.95615654561057, 134, 130.1999969482422, 391, 1, 49099.53088378906, 89.62297821044922, 435.3403015136719, 366.4144095805154
LOSS, 7344.432373046875, -17.662269592285156, 63.593971252441406, 23.845559652749593, 308, 175.0, 379, 6, 96361.26889801025, 103.97276306152344, 436.3746643066406, 312.86126265587745
LOSS, 13762.402587890625, -17.662879943847656, 67.28459930419922, 19.57667508946035, 703, 223.0, 353, 12, 200265.7198638916, 73.66130065917969, 437.8276062011719, 284.8730012288643
LOSS, 9614.525390625, -16.00006103515625, 61.821189880371094, 28.27801585477941, 340, 223.0, 377, 10, 108901.72859191895, 136.05252075195312, 447.5294494628906, 320.2992017409381
LOSS, 18713.2470703125, -34.578147888183594, 68.34554290771484, 24.720273540703435, 757, 175.0, 349, 14, 244366.85864257812, 77.05509185791016, 456.8966064453125, 322.8095886956118
LOSS, 20090.65048980713, -37.0, 63.194786071777344, 20.355268986633362, 987, 209.6999969482422, 334, 19, 288670.76180267334, 67.89871215820312, 455.1551208496094, 292.4729096278352
LOSS, 21371.6416015625, -21.3397216796875, 71.0851058959961, 19.253731172578828, 1110, 207.0, 325, 21, 324203.38497924805, 88.89598846435547, 438.90301513671875, 292.0751216029262
LOSS, 9897.152366638184, -15.999984741210938, 60.349632263183594, 24.3173276821577, 407, 201.8000030517578, 372, 8, 108617.17523956299, 95.14813232421875, 438.6799011230469, 266.8726664362727
LOSS, 18290.78466796875, -18.870704650878906, 70.5449447631836, 23.66207589646669, 773, 207.0, 348, 13, 231957.23487854004, 86.491943359375, 453.7886962890625, 300.07404253368696
WIN , 26810.753562927246, -23.768165588378906, 82.16133880615234, 18.78819450800788, 1427, 173.4928741455078, 304, 27, 416560.7240333557, 36.12679672241211, 442.228515625, 291.913611796325
LOSS, 6521.0, -17.662269592285156, 61.924354553222656, 28.982222222222223, 225, 223.0, 384, 5, 70985.12046051025, 82.30686950683594, 445.2300109863281, 315.48942426893444
LOSS, 11239.467651367188, -17.35771942138672, 63.212181091308594, 21.572874570762355, 521, 191.0, 365, 5, 179500.95106506348, 95.2540512084961, 439.9501647949219, 344.5315759406209
LOSS, 14878.563362121582, -29.35546875, 71.2218246459961, 18.482687406362214, 805, 136.83079528808594, 346, 14, 235385.62563323975, 44.43803787231445, 441.2764892578125, 292.40450389222326
LOSS, 15378.168701171875, -19.48955535888672, 68.45221710205078, 26.287467865251067, 585, 207.0, 360, 13, 178925.99631118774, 62.74565505981445, 436.2983703613281, 305.8564039507483
LOSS, 7397.650001525879, -18.562828063964844, 64.3068618774414, 24.33437500501934, 304, 209.6999969482422, 379, 2, 95547.96328735352, 117.14708709716797, 437.1671447753906, 314.3025108136629
LOSS, 20423.75351715088, -18.14130401611328, 70.77352142333984, 29.302372334506284, 697, 209.6999969482422, 353, 17, 209091.69235229492, 67.41021728515625, 456.7818603515625, 299.98808084977753
LOSS, 6839.0, -16.858627319335938, 63.379722595214844, 17.183417085427134, 398, 207.0, 373, 3, 90953.91590881348, 58.96824264526367, 448.39666748046875, 228.52742690656652
LOSS, 16533.77783203125, -13.00048828125, 69.69168853759766, 29.057606031689367, 569, 207.0, 362, 10, 176374.13381195068, 115.25019836425781, 438.661376953125, 309.9721156624792
LOSS, 14795.857177734375, -33.777610778808594, 68.8542709350586, 13.958355828051298, 1060, 223.0, 329, 18, 235919.84253692627, 51.037296295166016, 437.3008117675781, 222.5658891857795
LOSS, 15783.574462890625, -18.721778869628906, 70.14456939697266, 26.9804691673344, 585, 223.0, 360, 9, 178355.46991348267, 59.81656265258789, 436.07391357421875, 304.88114515125244
LOSS, 10355.783569335938, -14.662391662597656, 63.676368713378906, 30.729328098919694, 337, 191.0, 377, 8, 111424.25148773193, 82.2933120727539, 433.784912109375, 330.6357610911927
LOSS, 7883.02490234375, -15.675308227539062, 67.86795806884766, 28.561684428781703, 276, 175.0, 381, 5, 87673.63146972656, 124.88418579101562, 428.6028747558594, 317.6580850352412
LOSS, 9851.999877929688, -23.7188720703125, 70.77535247802734, 21.187096511676746, 465, 207.0, 368, 8, 144951.70542907715, 108.31104278564453, 429.3010559082031, 311.7240976969401
LOSS, 7806.0406494140625, -13.397598266601562, 67.4706039428711, 45.383957264035246, 172, 175.0, 388, 4, 65436.4059753418, 185.58766174316406, 426.75390625, 380.4442207868709
LOSS, 18738.701171875, -16.776611328125, 64.40901947021484, 23.962533467870845, 782, 175.0, 347, 18, 259900.71257781982, 79.78732299804688, 429.9319152832031, 332.3538524013041
LOSS, 4299.0, -16.00006103515625, 63.92888641357422, 27.557692307692307, 156, 207.0, 389, 3, 54756.03192138672, 249.19383239746094, 432.7183837890625, 351.00020462427386
LOSS, 22306.64892578125, -21.407943725585938, 69.68541717529297, 21.869263652726715, 1020, 207.0, 331, 17, 303164.51553344727, 72.18817901611328, 439.5953063964844, 297.2201132680855
LOSS, 6644.53205871582, -12.9998779296875, 64.0969009399414, 30.61996340422037, 217, 180.39999389648438, 385, 2, 74829.40661621094, 157.70330810546875, 429.73956298828125, 344.8359751899122
LOSS, 15218.2607421875, -17.116989135742188, 67.8981704711914, 29.492753376332363, 516, 223.0, 365, 11, 159895.55812454224, 54.52078628540039, 426.4725341796875, 309.8751126444617
LOSS, 10198.323120117188, -20.1611328125, 71.7369613647461, 20.81290432676977, 490, 207.0, 367, 7, 129156.09352111816, 74.63404083251953, 428.8424072265625, 263.5838643288126
LOSS, 9468.700805664062, -22.04345703125, 66.4430923461914, 17.534631121600114, 540, 223.0, 363, 5, 134775.93746566772, 40.33327102661133, 430.7058410644531, 249.58506938086614
LOSS, 11130.794921875, -39.673240661621094, 66.9948501586914, 7.950567801339286, 1400, 223.0, 306, 10, 344067.7040023804, 45.38008499145508, 438.19866943359375, 245.76264571598597
WIN , 25782.0, -33.640663146972656, 66.7208023071289, 22.322077922077924, 1155, 191.0, 322, 24, 344939.9528656006, 40.81743240356445, 425.9210510253906, 298.6493098403468
LOSS, 10432.130737304688, -26.55157470703125, 63.827125549316406, 18.017496955621223, 579, 175.0, 361, 6, 158862.89700317383, 76.93157196044922, 428.77703857421875, 274.37460622309817
LOSS, 23515.395263671875, -20.243789672851562, 67.6707992553711, 27.185428050487715, 865, 207.0, 342, 11, 274495.0922012329, 88.35336303710938, 429.4527282714844, 317.33536670662767
LOSS, 19176.45556640625, -43.18006134033203, 66.84577178955078, 15.980379638671875, 1200, 191.0, 319, 16, 373761.31830215454, 63.35715866088867, 444.2421875, 311.46776525179547
LOSS, 5528.5087890625, -22.28168487548828, 63.295814514160156, 20.030828945878625, 276, 191.0, 381, 1, 76144.94668579102, 105.88812255859375, 423.6559143066406, 275.8874879919964
LOSS, 12737.225341796875, -21.7667236328125, 66.0103530883789, 15.272452448197692, 834, 175.0, 344, 12, 273721.73444366455, 104.489501953125, 435.31475830078125, 328.2035185175834
LOSS, 12783.098388671875, -29.603912353515625, 70.8348617553711, 12.834436133204694, 996, 223.0, 333, 11, 263821.41273117065, 47.558284759521484, 441.16094970703125, 264.880936477079
LOSS, 14387.817626953125, -28.00665283203125, 70.4109878540039, 17.35563043058278, 829, 223.0, 344, 19, 225979.75231552124, 57.704532623291016, 427.4617004394531, 272.59318735286035
LOSS, 4663.707763671875, -20.7525634765625, 62.849632263183594, 19.84556495179521, 235, 191.0, 384, 5, 54656.455307006836, 72.44609832763672, 434.36083984375, 232.58066088088015
LOSS, 8253.182983398438, -15.66986083984375, 66.99454498291016, 26.28402224012241, 314, 175.0, 379, 4, 98872.69547271729, 127.82215118408203, 425.017333984375, 314.881195772985
LOSS, 10691.0, -17.35771942138672, 68.4068832397461, 25.334123222748815, 422, 223.0, 371, 10, 140203.18698883057, 94.6552734375, 429.3492126464844, 332.23504025789236
LOSS, 7979.35546875, -13.000030517578125, 65.6480941772461, 36.77122335829493, 217, 178.516845703125, 385, 4, 74026.52073669434, 115.81788635253906, 436.4961242675781, 341.1360402612642
LOSS, 15994.616943359375, -22.04345703125, 68.11360931396484, 26.65769490559896, 600, 223.0, 359, 13, 211014.15826416016, 92.1607894897461, 430.8226318359375, 351.69026377360024
LOSS, 10143.999877929688, -29.8477783203125, 64.0126724243164, 15.825272820483132, 641, 223.0, 357, 7, 208022.08953857422, 96.00254821777344, 433.5557556152344, 324.5274407778069
LOSS, 13851.8603515625, -19.287322998046875, 64.7865982055664, 30.85046848900334, 449, 175.0, 370, 6, 154568.42698669434, 102.29120635986328, 437.0230712890625, 344.2503941797201
LOSS, 6359.0, -12.9998779296875, 67.5228042602539, 45.42142857142857, 140, 207.0, 390, 2, 49290.73077392578, 125.89436340332031, 431.83502197265625, 352.07664838518417
LOSS, 24782.446533203125, -34.0869140625, 64.58853912353516, 23.624829869593064, 1049, 223.0, 330, 18, 340062.6402244568, 49.096561431884766, 434.8938903808594, 324.17792204428673
LOSS, 19577.602783203125, -29.81298828125, 69.62332916259766, 25.760003662109376, 760, 223.0, 349, 14, 271131.5647354126, 116.21019744873047, 449.053466796875, 356.752058862385
LOSS, 20274.10179901123, -17.681419372558594, 67.90030670166016, 24.07850569953828, 842, 208.19288635253906, 343, 14, 235168.16203689575, 60.97195816040039, 435.84527587890625, 279.2971045568833
LOSS, 16429.862548828125, -25.642005920410156, 64.82276153564453, 21.199822643649192, 775, 191.0, 348, 14, 238603.55290222168, 59.80615997314453, 438.9970397949219, 307.8755521318989
LOSS, 6694.599876403809, -17.985244750976562, 60.583106994628906, 13.416031816440498, 499, 201.8000030517578, 366, 6, 132987.50270080566, 51.32463455200195, 436.3501281738281, 266.50802144450034
LOSS, 10961.802505493164, -15.463035583496094, 68.4853286743164, 24.578032523527273, 446, 201.39498901367188, 370, 8, 153577.92379760742, 83.70909881591797, 439.7474060058594, 344.3451206224382
LOSS, 4230.856994628906, -13.000030517578125, 56.3775634765625, 18.158184526304318, 233, 207.0, 384, 1, 60423.16791534424, 121.52894592285156, 438.7983093261719, 259.3269009242242
LOSS, 24265.65000152588, -38.585968017578125, 70.9801254272461, 18.438943770156442, 1316, 193.6999969482422, 312, 19, 343335.06494140625, 73.52479553222656, 448.8969421386719, 260.8929064904303
WIN , 26403.75, -21.34033203125, 67.3033676147461, 19.733744394618835, 1338, 127.5, 310, 18, 392669.2979507446, 93.49439239501953, 439.6205749511719, 293.4748116223801
