LOSS, 13200.290771484375, -32.523231506347656, 40.102317810058594, 4.887186512952379, 2701, 223.0, 219, 7, 5566.103749752045, -0.7272858619689941, 31.093549728393555, 2.060756664106644
WIN , 31142.0, -41.9998779296875, 73.02734375, 8.22774108322325, 3785, 191.0, 147, 37, 42830.94981658459, 0.9718614816665649, 66.95442199707031, 11.315970889454317
LOSS, 17531.60791015625, -43.999755859375, 91.3100357055664, 12.268445003608292, 1429, 223.0, 304, 20, 28143.37745141983, 7.56213903427124, 67.74959564208984, 19.694455879230112
LOSS, 8207.935424804688, -18.34014892578125, 65.28340911865234, 29.209734607845864, 281, 223.0, 381, 10, 8043.221355438232, 22.651714324951172, 83.1101303100586, 28.623563542484813
LOSS, 22088.19091796875, -39.0, 55.3631591796875, 18.360923456333126, 1203, 175.0, 319, 24, 42035.5218372345, 9.880099296569824, 90.06830596923828, 34.94224591623815
LOSS, 18016.9912109375, -43.999755859375, 59.220237731933594, 19.669204378752728, 916, 223.0, 338, 14, 31877.37914466858, 10.097923278808594, 89.4251937866211, 34.800632254005
WIN , 27088.83213043213, -21.462791442871094, 62.43339538574219, 28.335598462795115, 956, 197.3357391357422, 336, 27, 39543.07277393341, 12.396319389343262, 92.7213363647461, 41.36304683465838
LOSS, 17475.329833984375, -21.462791442871094, 63.515846252441406, 19.481973059068423, 897, 223.0, 340, 21, 39212.11503982544, 18.374597549438477, 112.51629638671875, 43.71473248587006
LOSS, 9413.132202148438, -18.870094299316406, 61.706153869628906, 33.860187777512365, 278, 191.0, 381, 6, 17742.836040496826, 35.61690902709961, 108.48409271240234, 63.823151224808726
LOSS, 16244.15869140625, -17.983718872070312, 59.1839599609375, 24.538004065568355, 662, 207.0, 355, 12, 38240.93386077881, 24.11136817932129, 114.96514892578125, 57.76576111900122
LOSS, 17728.171142578125, -20.078506469726562, 64.14969635009766, 31.6010180794619, 561, 207.0, 362, 9, 35873.42364311218, 24.602075576782227, 117.99116516113281, 63.94549669003954
LOSS, 2911.0, -20.002357482910156, 55.28167724609375, 14.702020202020202, 198, 223.0, 386, 2, 8921.250214576721, 11.132651329040527, 120.25334167480469, 45.056819265539
LOSS, 13767.0, -17.662269592285156, 64.19181060791016, 27.1003937007874, 508, 191.0, 366, 7, 33127.32141685486, 27.64032554626465, 116.92636108398438, 65.21126263160406
LOSS, 14801.033676147461, -19.44586181640625, 58.37165832519531, 25.651704811347418, 577, 209.74661254882812, 361, 8, 36074.80055356026, 3.747345209121704, 122.28046417236328, 62.52131811708883
LOSS, 13156.816650390625, -40.9998779296875, 63.758766174316406, 17.7076940112929, 743, 223.0, 350, 9, 46438.03907966614, 12.772672653198242, 123.5439682006836, 62.50072554463814
LOSS, 15887.0, -38.00048828125, 66.3429946899414, 20.525839793281655, 774, 191.0, 348, 13, 53512.672090530396, 16.453603744506836, 146.4076385498047, 69.13781923841137
LOSS, 9929.266357421875, -26.803062438964844, 64.6181411743164, 17.298373444985845, 574, 175.0, 361, 6, 50700.75246810913, 21.44904136657715, 147.44187927246094, 88.32883705245493
LOSS, 17903.82666015625, -35.0, 68.5619125366211, 23.071941572366303, 776, 207.0, 348, 10, 60502.31529426575, 16.89971160888672, 153.4953155517578, 77.96690115240432
LOSS, 11410.049926757812, -20.662452697753906, 68.8109359741211, 29.331747883696178, 389, 188.5, 374, 9, 31917.457760810852, 13.532266616821289, 152.06619262695312, 82.05001995067057
LOSS, 175.29638671875, -34.0869140625, 63.2720947265625, 0.040031145631137244, 4379, 207.0, 108, 7, 245168.39062690735, 19.682748794555664, 164.27139282226562, 55.98730089675893
WIN , 25616.0, -19.42426300048828, 69.5494613647461, 36.28328611898017, 706, 223.0, 352, 20, 78809.82487869263, 32.23404312133789, 171.43894958496094, 111.62864713695839
LOSS, 11532.2783203125, -17.768150329589844, 65.1396713256836, 19.952038616457614, 578, 191.0, 361, 10, 64688.763202667236, 32.15997314453125, 169.98141479492188, 111.91827543714055
WIN , 20452.0, -42.784423828125, 83.09854888916016, 10.786919831223628, 1896, 191.0, 273, 17, 253363.44366455078, 32.46224594116211, 192.4512176513672, 133.63050826189388
LOSS, 7321.0, -18.462913513183594, 63.6907958984375, 37.16243654822335, 197, 223.0, 386, 4, 25107.058586120605, 45.44095993041992, 192.69993591308594, 127.44699789908937
LOSS, 8526.392211914062, -15.980766296386719, 62.82318115234375, 28.805379094304264, 296, 175.0, 380, 4, 41038.28977203369, 53.346134185791016, 193.16876220703125, 138.64287085146518
LOSS, 16943.99951171875, -35.99951171875, 67.7159652709961, 20.663414038681402, 820, 191.0, 345, 11, 104387.1042060852, 30.716922760009766, 197.35150146484375, 127.30134659278684
LOSS, 7597.0, -13.757339477539062, 65.5876693725586, 34.68949771689498, 219, 191.0, 385, 6, 32649.5062789917, 97.45804595947266, 187.7593231201172, 149.0845035570397
LOSS, 17158.616943359375, -33.000244140625, 65.8580551147461, 21.448271179199217, 800, 175.0, 346, 16, 106048.53573608398, 36.49870300292969, 202.13858032226562, 132.56066967010497
LOSS, 17892.928466796875, -17.662269592285156, 71.74596405029297, 23.389448976205067, 765, 175.0, 348, 23, 107690.41631698608, 37.02500915527344, 211.63552856445312, 140.77178603527594
LOSS, 21220.134033203125, -16.45427703857422, 71.1021957397461, 33.4175339105561, 635, 207.0, 357, 15, 101809.93144607544, 46.78280258178711, 210.52304077148438, 160.330600702481
LOSS, 8409.052978515625, -16.123519897460938, 67.81575775146484, 38.75139621435772, 217, 223.0, 385, 7, 35583.45902633667, 41.09053039550781, 216.83609008789062, 163.97907385408604
LOSS, 7670.4935302734375, -14.284034729003906, 63.07373046875, 28.514845837447723, 269, 207.0, 382, 5, 44141.88956069946, 44.4086799621582, 220.81529235839844, 164.09624372007235
LOSS, 13929.8916015625, -18.133018493652344, 67.74571990966797, 21.04213232864426, 662, 223.0, 355, 7, 95859.02214050293, 37.138004302978516, 220.1273193359375, 144.80214824849386
LOSS, 3788.0001220703125, -26.71875, 66.37425994873047, 21.522727966308594, 176, 223.0, 388, 2, 22279.41654777527, 21.84438705444336, 207.62014770507812, 126.58759402145039
LOSS, 12159.99658203125, -34.0869140625, 65.4497299194336, 13.275105438898745, 916, 223.0, 338, 11, 126002.94889450073, 41.07975387573242, 226.95013427734375, 137.55780446997898
LOSS, 13664.379684448242, -28.9776611328125, 70.3441390991211, 18.565733266913373, 736, 119.60000610351562, 350, 12, 114472.00214767456, 51.80574035644531, 218.92242431640625, 155.53261161368826
LOSS, 5965.3201904296875, -40.350013732910156, 66.8419418334961, 13.970304895619877, 427, 207.0, 371, 7, 65993.37754058838, 60.52778625488281, 221.29051208496094, 154.55123545805242
LOSS, 6539.663330078125, -16.7203369140625, 62.46124267578125, 16.811473856241967, 389, 223.0, 374, 2, 54429.19733047485, 51.6635627746582, 222.12611389160156, 139.92081575957545
LOSS, 14351.0, -34.0869140625, 71.0359878540039, 31.062770562770563, 462, 223.0, 369, 5, 67421.74418258667, 33.165775299072266, 232.9371795654297, 145.93451121772006
LOSS, 15981.0, -23.881591796875, 68.2451400756836, 21.393574297188756, 747, 223.0, 350, 10, 109891.19844818115, 54.42073440551758, 228.55557250976562, 147.11003808324116
LOSS, 3383.2674560546875, -16.00006103515625, 58.65501403808594, 21.687611897786457, 156, 223.0, 389, 1, 26674.766944885254, 105.98896789550781, 221.28939819335938, 170.9920958005465
LOSS, 8921.0, -18.36114501953125, 68.3550796508789, 27.11550151975684, 329, 223.0, 378, 7, 48880.774978637695, 48.691097259521484, 226.74530029296875, 148.57378412959787
LOSS, 14392.16943359375, -21.98082733154297, 71.22212982177734, 12.989322593496164, 1108, 223.0, 326, 16, 156048.11792755127, 43.720298767089844, 224.64407348632812, 140.8376515591618
LOSS, 7527.650001525879, -18.20404815673828, 67.94454193115234, 40.69000000824799, 185, 209.6999969482422, 387, 5, 31262.229007720947, 59.20612716674805, 227.0462646484375, 168.98502166335646
LOSS, 7696.28662109375, -17.662269592285156, 65.00907135009766, 19.58342651677799, 393, 175.0, 373, 6, 67787.76197814941, 64.2750473022461, 228.06739807128906, 172.48794396475677
LOSS, 7993.6177978515625, -21.361175537109375, 69.9074478149414, 23.932987418717254, 334, 223.0, 377, 8, 59303.886543273926, 84.97840881347656, 234.6219482421875, 177.55654653674827
LOSS, 12710.869201660156, -26.509178161621094, 68.8497085571289, 18.99980448678648, 669, 156.5989990234375, 355, 10, 98415.19282150269, 56.730342864990234, 236.1790313720703, 147.10791154185753
LOSS, 2221.0, -21.34002685546875, 59.69348907470703, 9.371308016877638, 237, 223.0, 384, 1, 36278.09521484375, 97.64669036865234, 224.96856689453125, 153.07213170820148
LOSS, 15931.703125, -20.845703125, 65.23650360107422, 17.37372205561614, 917, 223.0, 338, 15, 140692.94049453735, 39.977840423583984, 238.86874389648438, 153.42741602457727
LOSS, 13596.744384765625, -39.999755859375, 70.7488021850586, 23.68770798739656, 574, 175.0, 361, 13, 91824.44682693481, 52.25910949707031, 240.69091796875, 159.97290387967738
LOSS, 6008.3370361328125, -34.0, 62.521583557128906, 11.532316768009236, 521, 223.0, 365, 3, 87484.70631408691, 58.3488883972168, 231.4006805419922, 167.91690271417835
LOSS, 10569.46826171875, -16.00006103515625, 65.14608001708984, 26.69057641848169, 396, 191.0, 373, 7, 73985.5574874878, 125.17388153076172, 239.26695251464844, 186.83221587749443
LOSS, 12003.498046875, -16.7203369140625, 69.62079620361328, 18.697037456191588, 642, 159.0, 357, 11, 120146.84744262695, 91.0626220703125, 253.61756896972656, 187.14462218477718
LOSS, 8857.227416992188, -23.734512329101562, 67.86978912353516, 20.50284124303747, 432, 223.0, 371, 7, 77079.30876159668, 64.4819107055664, 238.37171936035156, 178.42432583702936
LOSS, 8170.793701171875, -16.00006103515625, 67.6384506225586, 26.87761085911801, 304, 223.0, 379, 4, 59517.151039123535, 68.04740905761719, 243.6287384033203, 195.78010210238006
LOSS, 6673.795959472656, -36.728515625, 63.009239196777344, 16.12028009534458, 414, 220.4805908203125, 372, 7, 78601.67823791504, 30.392383575439453, 247.18630981445312, 189.85912617853873
LOSS, 7428.181060791016, -25.20965576171875, 66.1864242553711, 10.923795677633846, 680, 183.58538818359375, 354, 7, 119611.66710662842, 67.59066009521484, 244.12022399902344, 175.89951045092414
LOSS, 4514.8504638671875, -18.0462646484375, 67.94454193115234, 20.90208548086661, 216, 175.0, 385, 2, 38036.04035949707, 81.35831451416016, 253.05564880371094, 176.09277944211607
LOSS, 12612.978759765625, -22.708656311035156, 71.90267181396484, 25.79341259665772, 489, 223.0, 367, 12, 85932.76221847534, 56.4813232421875, 242.8746337890625, 175.7316200786817
LOSS, 5356.1357421875, -34.9371337890625, 67.17162322998047, 19.547940664917885, 274, 191.0, 381, 2, 48502.195556640625, 52.07353973388672, 242.0445098876953, 177.01531225051323
LOSS, 21408.05517578125, -16.143577575683594, 70.9197006225586, 25.455475833271404, 841, 207.0, 343, 12, 162614.8536682129, 75.37458801269531, 263.8007507324219, 193.35892231654327
LOSS, 14889.65478515625, -18.20404815673828, 69.6740493774414, 29.484464921101484, 505, 223.0, 366, 8, 96356.85179901123, 61.5147819519043, 263.29461669921875, 190.8056471267549
LOSS, 11232.5478515625, -37.000030517578125, 83.0548324584961, 7.355957990545186, 1527, 223.0, 298, 10, 244271.73126983643, 44.38963317871094, 267.5230712890625, 159.96838982962439
LOSS, 2844.5399475097656, -16.720489501953125, 56.09272003173828, 14.971262881630345, 190, 175.0, 387, 2, 30289.476654052734, 73.35389709472656, 259.61248779296875, 159.4182981792249
LOSS, 7325.8843994140625, -25.20965576171875, 62.9876708984375, 19.077823956807453, 384, 175.0, 374, 6, 75213.25710296631, 88.14363098144531, 275.3195495605469, 195.86785703897476
LOSS, 6841.0, -16.00006103515625, 66.76595306396484, 28.152263374485596, 243, 223.0, 383, 4, 52028.72944641113, 148.2753448486328, 255.2584228515625, 214.1099977218565
LOSS, 9510.605102539062, -13.000030517578125, 69.22553253173828, 33.60637845420163, 283, 223.0, 381, 3, 59231.93428039551, 148.3603057861328, 267.69305419921875, 209.3001211321396
LOSS, 15089.73291015625, -27.0501708984375, 65.7066879272461, 17.628192652051695, 856, 223.0, 342, 11, 157145.5470046997, 37.71574401855469, 286.62652587890625, 183.58124650081743
LOSS, 14311.0, -28.44872283935547, 71.1278305053711, 18.634114583333332, 768, 223.0, 348, 12, 165560.53547668457, 69.8435287475586, 283.0725402832031, 215.57361390193304
LOSS, 14245.19140625, -21.359329223632812, 71.0753402709961, 18.817954301519155, 757, 207.0, 349, 8, 135329.68367767334, 70.2404556274414, 280.4494323730469, 178.77104845135185
LOSS, 15682.599853515625, -37.43736267089844, 67.7590103149414, 28.30794197385492, 554, 207.0, 363, 15, 117020.10570526123, 75.17032623291016, 281.8686828613281, 211.22762762682532
LOSS, 8419.4833984375, -14.385833740234375, 66.7262954711914, 35.22796401019875, 239, 207.0, 384, 6, 53652.803298950195, 72.57440948486328, 282.18994140625, 224.48871673200918
LOSS, 17811.0, -18.462303161621094, 71.2254867553711, 25.444285714285716, 700, 223.0, 353, 18, 144141.812582016, 22.939746856689453, 274.76190185546875, 205.9168751171657
LOSS, 4438.36083984375, -26.094970703125, 59.6868896484375, 12.827632485097544, 346, 223.0, 376, 2, 47514.14013290405, 37.928646087646484, 277.2487487792969, 137.32410443035855
LOSS, 14199.0, -36.861915588378906, 67.8655014038086, 22.11682242990654, 642, 207.0, 357, 12, 147749.27124023438, 96.05859375, 298.6967468261719, 230.139051776066
LOSS, 15329.130451202393, -40.38555145263672, 69.3016586303711, 18.013079261107393, 851, 127.40316009521484, 343, 10, 152134.11655044556, 56.5328483581543, 298.7304382324219, 178.7709947713814
LOSS, 9703.999877929688, -18.462913513183594, 66.8419418334961, 18.344045137863304, 529, 223.0, 364, 9, 100592.87767410278, 48.61948776245117, 290.31488037109375, 190.15666857108278
LOSS, 5973.263244628906, -17.499549865722656, 65.3792495727539, 27.400290112976634, 218, 127.5, 385, 3, 50656.77951049805, 103.40641784667969, 294.4314270019531, 232.3705482132938
LOSS, 17743.890625, -27.82940673828125, 69.5400161743164, 18.5411605276907, 957, 223.0, 336, 16, 170465.3762741089, 45.835689544677734, 290.35235595703125, 178.12474009833738
LOSS, 4285.150085449219, -28.20953369140625, 54.54132080078125, 19.215919665691565, 223, 223.0, 385, 1, 43300.141651153564, 63.6527214050293, 289.6436767578125, 194.1710387944106
LOSS, 3481.0, -13.000030517578125, 61.49810791015625, 17.67005076142132, 197, 223.0, 386, 1, 35731.62650299072, 103.40715026855469, 281.7737731933594, 181.37881473599353
LOSS, 3891.0, -25.20965576171875, 66.2624282836914, 18.70673076923077, 208, 223.0, 386, 3, 31453.11866378784, 49.84047317504883, 300.1746520996094, 151.21691665282617
WIN , 19792.0, -26.5667724609375, 90.9798355102539, 11.96614268440145, 1654, 191.0, 289, 21, 334977.2223968506, 52.57386779785156, 312.8111877441406, 202.52552744670533
LOSS, 3047.0345458984375, -16.720489501953125, 65.4183120727539, 23.804957389831543, 128, 138.447998046875, 391, 2, 23617.974571228027, 65.37226867675781, 309.5676574707031, 184.51542633771896
LOSS, 7233.49853515625, -12.9998779296875, 62.741615295410156, 37.67447153727213, 192, 175.0, 387, 4, 45095.784812927246, 90.92432403564453, 313.1407470703125, 234.87387923399606
LOSS, 14437.0, -37.00048828125, 66.9029769897461, 17.93416149068323, 805, 191.0, 346, 13, 167232.1381225586, 64.17869567871094, 314.7708435058594, 207.74178648765042
LOSS, 5024.768836975098, -13.000030517578125, 63.8702392578125, 24.75255584716797, 203, 173.1417694091797, 386, 0, 45682.05379486084, 90.16805267333984, 303.8131103515625, 225.03474775793518
LOSS, 17099.0, -40.4193115234375, 62.51152038574219, 17.519467213114755, 976, 207.0, 334, 13, 218061.4903907776, 59.258296966552734, 317.29083251953125, 223.4236581872721
LOSS, 20476.7333984375, -25.2093505859375, 70.05765533447266, 19.61372930884818, 1044, 175.0, 330, 25, 215505.8818206787, 59.91680145263672, 319.289306640625, 206.42325844892596
LOSS, 11261.572265625, -43.999755859375, 69.70769500732422, 15.906175516419491, 708, 175.0, 352, 6, 153676.48583984375, 72.81547546386719, 322.2543640136719, 217.0571833896098
LOSS, 9554.316772460938, -17.66242218017578, 65.2657241821289, 24.624527764074582, 388, 207.0, 374, 4, 82486.15089416504, 67.81651306152344, 319.89501953125, 212.59317240764184
LOSS, 13167.0, -18.232452392578125, 68.1282730102539, 21.872093023255815, 602, 191.0, 359, 9, 129954.12662506104, 61.076656341552734, 321.246337890625, 215.87064223432066
LOSS, 19104.00048828125, -31.08642578125, 65.3890151977539, 26.8691989989891, 711, 223.0, 352, 12, 176301.76916885376, 35.957061767578125, 335.6593322753906, 247.96310712918952
WIN , 25112.0, -23.71826171875, 71.2218246459961, 31.156327543424318, 806, 191.0, 346, 18, 203612.15692138672, 54.22553253173828, 326.49951171875, 252.62054208608774
LOSS, 8812.599731445312, -14.023239135742188, 70.05765533447266, 42.16554895428379, 209, 223.0, 386, 6, 56592.40648651123, 108.15972137451172, 336.076171875, 270.77706452876185
LOSS, 6235.329833984375, -24.27480697631836, 69.18401336669922, 20.443704373719264, 305, 223.0, 379, 4, 69679.06845092773, 73.283203125, 328.7765808105469, 228.4559621341893
LOSS, 19271.0, -26.263824462890625, 68.8368911743164, 17.08421985815603, 1128, 223.0, 324, 15, 227831.7028541565, 37.337249755859375, 349.03753662109375, 201.9784599770891
LOSS, 5084.573020935059, -13.000030517578125, 62.27691650390625, 20.018004019429366, 254, 201.8000030517578, 383, 4, 63024.71841430664, 90.05597686767578, 339.6582336425781, 248.12881265475056
LOSS, 19138.730712890625, -19.68651580810547, 67.2237319946289, 28.062655004238454, 682, 223.0, 354, 11, 165760.52743530273, 43.13028335571289, 340.29656982421875, 243.05062673798054
LOSS, 3897.6356811523438, -26.804733276367188, 59.546051025390625, 15.34502236674151, 254, 191.0, 383, 1, 56338.21871185303, 64.01136779785156, 330.5212707519531, 221.80401067658673
LOSS, 5891.9998779296875, -16.88550567626953, 61.275550842285156, 24.246913077899947, 243, 207.0, 383, 3, 60247.588455200195, 103.73159790039062, 331.2601623535156, 247.93246277860163
LOSS, 7311.1944580078125, -23.609251022338867, 62.564598083496094, 22.635276959776508, 323, 175.0, 378, 6, 71704.34415054321, 48.277870178222656, 339.2825012207031, 221.99487353109353
LOSS, 10284.01220703125, -21.336456298828125, 62.117210388183594, 25.392622733410494, 405, 207.0, 372, 14, 97891.6417388916, 48.05897903442383, 328.29620361328125, 241.70775737997926
LOSS, 4881.7808837890625, -19.583740234375, 61.7120361328125, 39.0542470703125, 125, 191.0, 391, 3, 31029.467990875244, 63.75374984741211, 344.6151428222656, 248.23574392700195
LOSS, 7960.6781005859375, -13.000030517578125, 70.2873764038086, 44.722910677449086, 178, 175.0, 388, 5, 50017.768615722656, 70.9134750366211, 341.0711975097656, 280.99870008832954
LOSS, 8829.0, -32.593841552734375, 68.44657135009766, 15.79427549194991, 559, 207.0, 362, 10, 139950.50815105438, 14.445395469665527, 347.8258361816406, 250.35869078900606
LOSS, 7717.921119689941, 0, 67.62166595458984, 51.112060395297625, 151, 176.8323211669922, 389, 6, 42637.40098571777, 141.79542541503906, 339.6658020019531, 282.3668939451508
LOSS, 13025.66796875, -14.419593811035156, 69.7997055053711, 35.98250820096685, 362, 223.0, 375, 10, 101191.34889984131, 83.27923583984375, 343.2347412109375, 279.53411298298704
LOSS, 14481.0, -16.13641357421875, 67.26049041748047, 20.776183644189384, 697, 223.0, 353, 15, 165003.42420578003, 63.242008209228516, 350.2225036621094, 236.73375065391681
LOSS, 6577.3697509765625, -12.9998779296875, 60.8895263671875, 27.291990667952543, 241, 207.0, 383, 3, 61062.56008148193, 77.32251739501953, 341.5318908691406, 253.37161859536073
LOSS, 6727.678482055664, -20.4302978515625, 66.2569351196289, 26.69713683355422, 252, 185.39498901367188, 383, 2, 56164.137351989746, 50.547943115234375, 333.73370361328125, 222.87356092059423
LOSS, 14270.24169921875, -32.4114990234375, 67.6372299194336, 15.820667072304602, 902, 175.0, 339, 9, 201866.42127990723, 60.107635498046875, 345.57867431640625, 223.79869321497475
LOSS, 13195.23388671875, -18.890396118164062, 66.1864242553711, 19.753344141794535, 668, 159.0, 355, 9, 176251.31367492676, 69.32010650634766, 355.82470703125, 263.84927196845325
LOSS, 3971.0, -19.37873077392578, 60.25304412841797, 20.469072164948454, 194, 223.0, 387, 2, 40436.44962692261, 45.175941467285156, 352.94964599609375, 208.43530735527116
LOSS, 15486.580810546875, -22.04345703125, 68.23394012451172, 11.57442511999019, 1338, 175.0, 310, 15, 281126.8511314392, 53.45211410522461, 359.118408203125, 210.10975420884844
LOSS, 7635.696960449219, -16.081069946289062, 70.54434967041016, 14.434209755102493, 529, 191.8800048828125, 364, 6, 98711.64072036743, 46.29179763793945, 349.3173522949219, 186.60045504795355
LOSS, 8134.0721435546875, -17.46379852294922, 69.7997055053711, 27.29554410588821, 298, 191.0, 380, 10, 75445.92896270752, 61.17585754394531, 363.9219970703125, 253.1742582641192
LOSS, 4650.52978515625, -15.562950134277344, 66.88040924072266, 25.274618397588316, 184, 175.0, 387, 3, 51466.89685058594, 134.9781951904297, 352.81689453125, 279.7113959270975
LOSS, 20049.54443359375, -32.412109375, 71.7735824584961, 25.1562665415229, 797, 207.0, 346, 17, 194834.72554397583, 34.5153923034668, 364.0425720214844, 244.46013242656943
LOSS, 7900.5008544921875, -17.449920654296875, 66.5712661743164, 23.44362271362667, 337, 207.0, 377, 0, 90189.92520904541, 67.28775024414062, 371.0091247558594, 267.62589082802793
LOSS, 23208.619140625, -16.00006103515625, 71.1690444946289, 36.038228479231364, 644, 207.0, 357, 12, 181085.58840179443, 88.86552429199219, 368.48956298828125, 281.1888018661404
LOSS, 10802.55712890625, -18.462913513183594, 68.48699188232422, 26.739002794322403, 404, 207.0, 373, 12, 99265.32230377197, 67.41452026367188, 367.40216064453125, 245.70624332616825
LOSS, 12432.2783203125, -28.44024658203125, 64.6227035522461, 19.733775111607144, 630, 191.0, 357, 14, 137180.65810775757, 58.86045455932617, 370.4002990722656, 217.74707636151996
LOSS, 4854.3321533203125, -16.720489501953125, 67.5398941040039, 40.45276794433594, 120, 191.0, 391, 1, 30716.289268493652, 66.69860076904297, 370.13092041015625, 255.9690772374471
LOSS, 8555.480346679688, -12.960227966308594, 63.20281219482422, 35.947396414620535, 238, 175.0, 384, 5, 70577.2553100586, 179.5642852783203, 361.3775634765625, 296.54308953806134
LOSS, 15881.0, -25.642616271972656, 70.0917739868164, 20.65149544863459, 769, 223.0, 348, 14, 170196.04802703857, 62.127479553222656, 369.9165344238281, 221.32125881279399
LOSS, 5442.0427169799805, -14.494400024414062, 55.445152282714844, 18.83059763660893, 289, 179.94898986816406, 380, 3, 72823.98839569092, 115.84375762939453, 352.7636413574219, 251.98611901623156
LOSS, 9319.5595703125, -15.999755859375, 68.45281219482422, 16.553391776753998, 563, 223.0, 362, 5, 159000.44187927246, 139.9245147705078, 356.06243896484375, 282.4164154161145
LOSS, 16537.68662261963, -23.802879333496094, 69.4527359008789, 20.241966490354503, 817, 209.6999969482422, 345, 12, 207049.7872543335, 64.67487335205078, 359.3861389160156, 253.42691218400674
LOSS, 11149.969482421875, -22.04345703125, 68.9214096069336, 14.203782780155255, 785, 175.0, 347, 8, 194546.976852417, 81.47235107421875, 367.2485046386719, 247.83054376104076
LOSS, 12681.990051269531, -17.662269592285156, 68.1755599975586, 26.53135993989442, 478, 196.8853759765625, 368, 15, 119824.11515045166, 66.15731811523438, 371.2977600097656, 250.6780651683089
LOSS, 13862.15234375, -41.5118408203125, 64.56168365478516, 14.217592147435898, 975, 223.0, 334, 10, 219840.07137298584, 75.69995880126953, 366.18402099609375, 225.47699627998549
LOSS, 13563.2705078125, -18.353286743164062, 71.8218002319336, 29.357728371888527, 462, 223.0, 369, 10, 132031.11539459229, 99.78852844238281, 374.08538818359375, 285.78163505323005
LOSS, 21182.00048828125, -47.21834182739258, 68.3055648803711, 21.79218157230581, 972, 207.0, 335, 20, 259086.78092193604, 78.27056884765625, 371.7325439453125, 266.55018613367906
LOSS, 15006.129890441895, -25.2093505859375, 64.6233139038086, 29.656383182691492, 506, 172.21287536621094, 366, 8, 147562.86219024658, 54.31871032714844, 378.035400390625, 291.6262098621474
LOSS, 7411.0, -16.48968505859375, 66.8419418334961, 14.704365079365079, 504, 223.0, 366, 7, 120493.8890991211, 74.37713623046875, 367.39678955078125, 239.07517678397042
LOSS, 10043.494506835938, -16.48968505859375, 66.18657684326172, 19.84880337319355, 506, 223.0, 366, 8, 135172.60663604736, 71.32231140136719, 366.3616638183594, 267.1395388064177
LOSS, 4224.781555175781, -13.000030517578125, 54.72327423095703, 35.206512959798175, 120, 207.0, 391, 1, 35445.70001220703, 223.66265869140625, 362.830322265625, 295.3808334350586
LOSS, 8156.4534912109375, -17.662269592285156, 68.22257232666016, 28.92359394046432, 282, 223.0, 381, 5, 81196.83004379272, 60.044795989990234, 371.41180419921875, 287.9320214318891
LOSS, 6230.5087890625, -45.1751708984375, 62.605812072753906, 2.618961239622741, 2379, 207.0, 241, 8, 313488.54318237305, 54.67548751831055, 379.74053955078125, 131.77324219519673
LOSS, 11728.224365234375, -16.592056274414062, 68.8774642944336, 26.838042025707953, 437, 191.0, 370, 5, 115246.4662399292, 94.76516723632812, 386.4328918457031, 263.72189070922013
LOSS, 12512.2783203125, -18.71379852294922, 69.7997055053711, 26.509064237950213, 472, 191.0, 368, 13, 137652.86930847168, 65.55294799804688, 391.513427734375, 291.6374349755756
LOSS, 15816.687255859375, -18.75359344482422, 63.80011749267578, 26.71737712138408, 592, 223.0, 360, 12, 161389.95273971558, 54.02598571777344, 385.1712646484375, 272.61816341168173
LOSS, 2934.088592529297, -18.963699340820312, 58.98895263671875, 32.96728755650896, 89, 175.0, 394, 2, 24488.96221923828, 59.228885650634766, 379.8366394042969, 275.1568788678459
LOSS, 601.0, -15.999984741210938, 52.16216278076172, 5.9504950495049505, 101, 223.0, 393, 1, 25575.045211791992, 185.49220275878906, 377.7989807128906, 253.2182694236831
LOSS, 9920.452270507812, -17.66242218017578, 58.717872619628906, 18.682584313574036, 531, 175.0, 364, 12, 133189.3172492981, 61.55404281616211, 394.21380615234375, 250.82733945253878
LOSS, 11281.77587890625, -18.963623046875, 67.2765121459961, 24.579032415917755, 459, 207.0, 369, 11, 138399.10862731934, 87.42425537109375, 385.5058898925781, 301.5231124778199
WIN , 25062.398712158203, -36.23138427734375, 69.83154296875, 18.455374603945657, 1358, 170.20257568359375, 309, 29, 343401.01932144165, 40.10755157470703, 396.2186279296875, 252.87262100253434
LOSS, 11989.597412109375, -21.20392608642578, 69.0007553100586, 15.859255836123513, 756, 223.0, 349, 13, 203641.7156906128, 74.27783203125, 405.7666931152344, 269.36734879710684
LOSS, 10837.0, -13.551063537597656, 66.6731948852539, 21.981744421906694, 493, 191.0, 367, 9, 143537.31603240967, 93.8987045288086, 398.6618957519531, 291.1507424592488
LOSS, 6462.300003051758, -18.46306610107422, 68.51949310302734, 25.542687759097856, 253, 180.39999389648438, 383, 3, 73107.02290344238, 132.95640563964844, 402.5552978515625, 288.9605648357406
LOSS, 11206.227905273438, -15.999755859375, 62.44071960449219, 19.090677862476042, 587, 191.0, 360, 7, 181946.4771118164, 70.82281494140625, 396.3450622558594, 309.9599269366549
LOSS, 11045.3623046875, -12.9998779296875, 67.0030746459961, 34.51675720214844, 320, 207.0, 378, 5, 102083.77830505371, 60.11743927001953, 395.387451171875, 319.01180720329285
LOSS, 23344.39390563965, -17.35832977294922, 69.4759292602539, 27.990879982781355, 834, 210.15017700195312, 344, 16, 243890.20765686035, 54.217071533203125, 405.3863525390625, 292.43430174683493
LOSS, 19796.062255859375, -21.09986114501953, 68.2347640991211, 21.801830678259222, 908, 223.0, 339, 15, 268102.5946922302, 60.7008171081543, 411.6640625, 295.26717477117865
LOSS, 4621.0, -15.141426086425781, 64.94451141357422, 22.99004975124378, 201, 223.0, 386, 4, 48269.39881134033, 91.97293090820312, 416.2864074707031, 240.14626274298672
LOSS, 12745.204833984375, -18.721778869628906, 64.2528305053711, 14.005719597785028, 910, 207.0, 339, 11, 235369.63928985596, 68.84809112548828, 415.8950500488281, 258.64795526357796
LOSS, 7832.9788818359375, -16.00006103515625, 62.52677917480469, 24.401803370205414, 321, 207.0, 378, 6, 92295.74820709229, 114.80147552490234, 409.432861328125, 287.5256953491971
LOSS, 6252.199768066406, -17.66242218017578, 56.46247100830078, 22.329284885951452, 280, 207.0, 381, 4, 69482.88739395142, 53.86337661743164, 406.7987976074219, 248.1531692641122
LOSS, 5019.87890625, -30.5364990234375, 66.6405258178711, 1.919647765296367, 2615, 207.0, 225, 8, 340551.12884902954, 60.6124382019043, 406.84075927734375, 130.22987718892142
LOSS, 11164.15087890625, -18.868263244628906, 71.2016830444336, 24.536595338255495, 455, 191.0, 369, 7, 129968.85411071777, 58.33067321777344, 402.61004638671875, 285.6458332103687
WIN , 22872.0, -33.0462646484375, 75.70556640625, 12.063291139240507, 1896, 191.0, 273, 25, 496766.7828025818, 61.01605224609375, 415.0545654296875, 262.00779683680474
WIN , 25052.0, -43.020606994628906, 90.9798355102539, 14.965352449223417, 1674, 191.0, 288, 28, 476818.8603210449, 80.60565185546875, 412.0065002441406, 284.83802886561824
WIN , 26730.0, -19.72021484375, 73.84765625, 22.293577981651374, 1199, 175.0, 320, 25, 357732.5010986328, 67.58844757080078, 412.5704650878906, 298.359050123964
LOSS, 7404.793701171875, -34.87030029296875, 66.99454498291016, 20.97675269453789, 353, 175.0, 376, 4, 109303.67249298096, 101.24144744873047, 406.448974609375, 309.64213170816134
LOSS, 16018.633056640625, -30.322265625, 66.3143081665039, 19.0471261077772, 841, 223.0, 343, 14, 236173.01496124268, 77.9867172241211, 409.918701171875, 280.8240368147951
LOSS, 6521.9998779296875, -19.13629150390625, 60.769569396972656, 20.509433578395242, 318, 207.0, 378, 7, 92155.41374969482, 68.92762756347656, 404.5458984375, 289.79689858394596
LOSS, 5305.241676330566, -39.98955535888672, 68.29549407958984, 19.649043245668764, 270, 193.6999969482422, 381, 5, 90162.79290008545, 98.55786895751953, 400.82196044921875, 333.9362700003165
LOSS, 4588.516174316406, -15.463035583496094, 55.81580352783203, 14.613108835402567, 314, 223.0, 379, 3, 91582.21559143066, 134.06494140625, 400.8506164550781, 291.6631069790785
LOSS, 26351.965087890625, -37.807373046875, 65.23810577392578, 19.7540967675342, 1334, 207.0, 311, 14, 367886.71742248535, 92.28114318847656, 420.6368408203125, 275.7771494921179
LOSS, 6383.052734375, -19.720443725585938, 63.032752990722656, 15.878240632773633, 402, 207.0, 373, 3, 94910.27223968506, 105.02638244628906, 402.51971435546875, 236.09520457633099
LOSS, 7687.96240234375, -34.0, 68.9275131225586, 19.512594929806472, 394, 207.0, 373, 7, 109036.89414215088, 83.6910171508789, 398.9501037597656, 276.7433861475911
LOSS, 19980.826904296875, -18.755714416503906, 70.5477066040039, 29.64514377492118, 674, 191.0, 355, 12, 213247.5445098877, 88.87611389160156, 412.12255859375, 316.3910155933052
LOSS, 3225.9149780273438, -13.94049072265625, 59.15252685546875, 15.361499895368304, 210, 207.0, 385, 1, 60949.59366607666, 116.55455780029297, 409.47442626953125, 290.23616031465076
LOSS, 20934.668212890625, -18.5107421875, 56.53007507324219, 18.64173482893199, 1123, 223.0, 325, 14, 358489.92638397217, 65.59149169921875, 415.814208984375, 319.2252238503759
LOSS, 7225.9326171875, -21.34002685546875, 62.657257080078125, 29.493602519132654, 245, 185.0, 383, 4, 77840.25157928467, 69.23229217529297, 425.1264343261719, 317.71531256850886
LOSS, 9984.252563476562, -17.7587890625, 62.753822326660156, 21.197988457487394, 471, 223.0, 368, 6, 147328.8218460083, 90.92754364013672, 427.8598327636719, 312.8000463821832
LOSS, 7014.2783203125, -17.85179901123047, 61.946022033691406, 17.57964491306391, 399, 207.0, 373, 5, 110799.46755981445, 96.12740325927734, 423.44305419921875, 277.69290115241716
LOSS, 12377.48681640625, -17.662269592285156, 66.85384368896484, 25.208730786978105, 491, 223.0, 367, 7, 134450.70719909668, 53.563323974609375, 417.76263427734375, 273.8303608942906
LOSS, 6576.9833984375, -36.40686798095703, 62.990638732910156, 15.924899269824456, 413, 207.0, 372, 6, 116274.39488220215, 84.23226928710938, 428.39166259765625, 281.53606509007784
LOSS, 21600.685791015625, -16.7203369140625, 70.5077133178711, 26.866524615691077, 804, 207.0, 346, 16, 228299.26847839355, 69.79216003417969, 426.9410400390625, 283.95431402785266
LOSS, 10676.314453125, -25.763916015625, 68.82970428466797, 22.19607994412682, 481, 207.0, 367, 9, 138020.43447113037, 89.23019409179688, 424.32037353515625, 286.9447702102502
LOSS, 15741.817626953125, -37.545623779296875, 70.2855453491211, 5.061677693554059, 3110, 175.0, 192, 22, 753825.9470672607, 75.03628540039062, 430.6444091796875, 242.38776433030893
LOSS, 13289.0, -16.7203369140625, 66.9948501586914, 22.951640759930914, 579, 207.0, 361, 12, 180585.16689300537, 88.23967742919922, 436.28350830078125, 311.89147995337714
LOSS, 17275.55810546875, -26.092529296875, 63.763648986816406, 20.064527416340013, 861, 223.0, 342, 12, 266978.0308456421, 88.71821594238281, 440.7684326171875, 310.07901375800475
WIN , 26173.37481689453, -34.53887176513672, 69.81864166259766, 17.36786650092537, 1507, 168.2503662109375, 299, 18, 390423.41969299316, 73.99250030517578, 447.76904296875, 259.0732711964122
LOSS, 11536.229614257812, -30.187049865722656, 61.00006103515625, 23.21172960615254, 497, 207.0, 366, 11, 166650.47049713135, 91.71975708007812, 450.45574951171875, 335.31281790167276
LOSS, 13379.0, -21.463096618652344, 61.111961364746094, 20.646604938271604, 648, 207.0, 356, 11, 210200.1747894287, 128.32989501953125, 437.24664306640625, 324.3829857861554
LOSS, 9731.599998474121, -16.680824279785156, 67.86795806884766, 31.09137379704192, 313, 201.8000030517578, 379, 8, 108041.86491394043, 139.93362426757812, 430.5541687011719, 345.1816770413432
LOSS, 17912.269287109375, -23.7188720703125, 66.4754409790039, 24.436929450353855, 733, 175.0, 351, 18, 231071.20308685303, 98.35285949707031, 435.1702880859375, 315.2403862030737
LOSS, 5955.556091308594, -17.940582275390625, 59.581520080566406, 17.516341445025276, 340, 207.0, 377, 1, 89929.03667449951, 66.79814147949219, 427.28570556640625, 264.49716668970444
LOSS, 15200.054931640625, -16.801597595214844, 67.94271087646484, 22.06103763663371, 689, 175.0, 354, 9, 204642.04905700684, 93.5460205078125, 450.05279541015625, 297.01313360958903
LOSS, 5391.691162109375, -21.3525390625, 70.53839874267578, 23.751943445415748, 227, 191.0, 384, 3, 69506.21202087402, 79.19583892822266, 437.9135437011719, 306.1947666117798
LOSS, 20526.340042114258, -46.176124572753906, 66.9615707397461, 21.69803387115672, 946, 212.37606811523438, 336, 14, 272799.90759277344, 85.48051452636719, 449.1347351074219, 288.37199534119816
LOSS, 24597.0, -23.115234375, 65.0838394165039, 23.27057710501419, 1057, 191.0, 329, 23, 343646.59535980225, 71.39543914794922, 441.2075500488281, 325.1150381833512
LOSS, 15565.107421875, -18.722877502441406, 64.9937973022461, 24.207009987363918, 643, 175.0, 357, 8, 195767.2620162964, 88.01532745361328, 430.24517822265625, 304.45919442658845
LOSS, 21348.25, -34.2529296875, 64.7969741821289, 20.29301330798479, 1052, 188.5, 329, 19, 339888.0490722656, 91.98065948486328, 443.8717346191406, 323.0874991181232
LOSS, 5621.103454589844, -29.5159912109375, 60.6854248046875, 16.01453975666622, 351, 191.8800048828125, 376, 6, 121527.00894927979, 104.77212524414062, 440.08221435546875, 346.23079472729285
WIN , 25096.0, -19.92353057861328, 88.3740234375, 25.452332657200813, 986, 223.0, 334, 22, 313075.2996520996, 71.5658187866211, 451.51141357421875, 317.520587882454
LOSS, 4355.048095703125, -16.13641357421875, 60.727149963378906, 26.2352294921875, 166, 191.0, 388, 2, 49691.97609710693, 79.22384643554688, 433.1269836425781, 299.3492535970297
LOSS, 8668.521606445312, -29.705726623535156, 65.0969467163086, 21.835067018753936, 397, 191.0, 373, 9, 115915.72361755371, 99.84076690673828, 440.4690246582031, 291.97915268905217
LOSS, 8598.769897460938, -35.530906677246094, 66.6310806274414, 11.541973016726091, 745, 207.0, 350, 6, 214842.22798919678, 84.78636169433594, 442.99615478515625, 288.3788295157004
LOSS, 19567.301025390625, -31.76513671875, 69.7997055053711, 8.319430708074245, 2352, 175.0, 243, 20, 613771.8570175171, 74.62499237060547, 455.3936462402344, 260.9574222013253
LOSS, 3068.3758544921875, -17.66242218017578, 62.99835205078125, 25.35847813629907, 121, 175.0, 391, 1, 31699.925170898438, 85.93330383300781, 451.7080078125, 261.9828526520532
LOSS, 13645.799438476562, -17.01622772216797, 58.168907165527344, 24.720651156660438, 552, 191.0, 363, 11, 178969.50268554688, 90.3770523071289, 452.9067077636719, 324.2201135607733
LOSS, 14161.0, -36.0001220703125, 63.504249572753906, 16.562573099415204, 855, 223.0, 342, 14, 246606.1633529663, 101.38346862792969, 456.91363525390625, 288.4282612315395
LOSS, 4670.6697998046875, -15.999984741210938, 62.52838134765625, 17.82698396872018, 262, 223.0, 382, 5, 83464.77938842773, 158.90367126464844, 443.482421875, 318.56786026117453
LOSS, 13441.618896484375, -30.322265625, 64.4945297241211, 21.035397334091353, 639, 223.0, 357, 11, 198884.42473602295, 106.1988296508789, 453.0279846191406, 311.243231198784
LOSS, 17573.74169921875, -22.940277099609375, 62.588401794433594, 20.699342401906655, 849, 223.0, 343, 18, 298977.51177978516, 97.05438995361328, 462.58795166015625, 352.1525462659425
LOSS, 9415.76953125, -17.940505981445312, 71.6991195678711, 15.666837822379367, 601, 191.0, 359, 6, 191908.44947052002, 126.3415756225586, 444.6070861816406, 319.31522374462565
LOSS, 6450.699523925781, -25.414955139160156, 55.86165237426758, 19.606989434424868, 329, 207.0, 378, 1, 100059.09102630615, 93.92794799804688, 451.1409606933594, 304.1309757638485
WIN , 24004.0, -32.412109375, 68.7548828125, 7.256348246674728, 3308, 207.0, 179, 25, 589535.5735702515, 66.67449951171875, 457.30181884765625, 178.2151068833892
LOSS, 13690.759101867676, -16.00006103515625, 65.9117660522461, 33.55578211242077, 408, 147.56382751464844, 372, 11, 139982.37168121338, 102.45732879638672, 438.720458984375, 343.0940482382681
LOSS, 9186.466918945312, -36.9998779296875, 68.00252532958984, 13.198946722622576, 696, 223.0, 353, 7, 164096.3592338562, 60.03128433227539, 440.0697937011719, 235.77063108312672
WIN , 25899.193550109863, -40.2886962890625, 71.15338134765625, 12.936660114939992, 2002, 136.61289978027344, 266, 30, 495625.1887359619, 72.08934783935547, 442.26068115234375, 247.56502933864232
LOSS, 7400.482124328613, -17.662269592285156, 58.7091064453125, 19.32240763532275, 383, 184.03575134277344, 374, 6, 95244.04228973389, 77.01480102539062, 435.153564453125, 248.6789615919945
LOSS, 8264.036743164062, -17.44916534423828, 69.10765838623047, 35.62084803087958, 232, 191.0, 384, 4, 82246.04911804199, 104.12638092041016, 442.8331298828125, 354.5088324053534
LOSS, 23791.420654296875, -26.092529296875, 62.835304260253906, 19.69488464759675, 1208, 207.0, 319, 25, 355716.8101654053, 67.95721435546875, 452.88031005859375, 294.46755808394477
LOSS, 19160.1064453125, -19.033889770507812, 71.4494857788086, 31.827419344372924, 602, 223.0, 359, 10, 175281.53507232666, 58.319732666015625, 430.9256896972656, 291.16534065170543
LOSS, 5739.63427734375, -19.13629150390625, 65.9218521118164, 21.741038929332387, 264, 191.0, 382, 2, 69036.45154571533, 100.32780456542969, 420.9354553222656, 261.5017104004369
LOSS, 12961.0, -26.092529296875, 70.4918441772461, 18.81132075471698, 689, 223.0, 354, 12, 200148.65851593018, 96.51207733154297, 436.9613037109375, 290.49152179380286
LOSS, 10387.76953125, -41.7679443359375, 68.8011703491211, 19.165626441420663, 542, 207.0, 363, 7, 155593.81588745117, 78.37322235107422, 442.5325927734375, 287.0734610469579
LOSS, 10335.068725585938, -18.462913513183594, 66.09517669677734, 25.207484696551067, 410, 207.0, 372, 7, 115781.60945892334, 83.30175018310547, 433.1133117675781, 282.3941694120081
LOSS, 4958.095275878906, -10.0, 63.94841766357422, 39.984639321604085, 124, 191.0, 391, 5, 41924.981369018555, 141.8583526611328, 427.2698669433594, 338.10468845982706
LOSS, 7237.0, -18.612060546875, 65.0273666381836, 21.099125364431487, 343, 191.0, 377, 5, 111679.17652893066, 106.91747283935547, 432.86309814453125, 325.59526684819434
LOSS, 20512.60546875, -39.0, 65.4061050415039, 6.8857353033736155, 2979, 191.0, 201, 20, 549687.7903633118, 60.88349914550781, 438.0672607421875, 184.52090982319964
LOSS, 8415.6201171875, -13.720458984375, 65.8397445678711, 38.78165952620968, 217, 175.0, 385, 12, 76668.64465332031, 158.36709594726562, 440.81024169921875, 353.3117265129968
LOSS, 11561.095825195312, -13.362167358398438, 71.1809310913086, 44.98480865834752, 257, 223.0, 382, 8, 92910.75402832031, 104.85331726074219, 436.2180480957031, 361.5204436899623
LOSS, 13890.737548828125, -23.881591796875, 69.90735626220703, 21.142675112371574, 657, 223.0, 356, 10, 188005.081741333, 73.80085754394531, 443.8217468261719, 286.15689762759973
LOSS, 17664.8291015625, -17.662269592285156, 65.9117660522461, 26.684031875472055, 662, 175.0, 355, 14, 215071.74165344238, 111.17550659179688, 444.21881103515625, 324.8817849749885
LOSS, 9781.370506286621, -30.739356994628906, 62.35362243652344, 17.373659869070377, 563, 201.8000030517578, 362, 10, 148740.72454833984, 71.52766418457031, 434.0608825683594, 264.1931164268914
LOSS, 14570.21630859375, -19.947998046875, 66.3948745727539, 22.38128465221774, 651, 223.0, 356, 9, 219210.33088684082, 88.58236694335938, 444.36114501953125, 336.7286188737954
LOSS, 3202.9629135131836, -16.00006103515625, 48.462425231933594, 16.85769954480623, 190, 201.8000030517578, 387, 3, 62577.79389953613, 195.64305114746094, 440.85821533203125, 329.35680999755857
LOSS, 6131.0, -20.662376403808594, 61.27313232421875, 12.826359832635983, 478, 223.0, 368, 7, 114208.82233428955, 68.02359771728516, 445.5287780761719, 238.93059065750953
LOSS, 14692.00048828125, -37.807373046875, 66.8818588256836, 12.41927344740596, 1183, 207.0, 321, 18, 276437.0316619873, 60.93171310424805, 447.6104431152344, 233.67458297716593
LOSS, 7952.8123779296875, -23.9110107421875, 68.0843276977539, 11.169680306081021, 712, 186.447998046875, 352, 8, 158429.84044647217, 89.93157196044922, 461.9429626464844, 222.51382085178676
LOSS, 8213.851196289062, -20.1611328125, 60.49632263183594, 18.334489277430944, 448, 191.0, 370, 6, 132811.6229095459, 87.11522674560547, 450.1075134277344, 296.45451542309354
LOSS, 10353.999877929688, -16.143577575683594, 62.6318359375, 19.60984825365471, 528, 223.0, 364, 5, 148427.0119781494, 82.78239440917969, 435.05670166015625, 281.11176511013144
WIN , 26413.193550109863, -31.962745666503906, 70.8226547241211, 30.465044463794538, 867, 168.61289978027344, 342, 23, 296991.13623809814, 71.96782684326172, 443.10772705078125, 342.55033014774875
LOSS, 7467.09326171875, -16.7203369140625, 61.821510314941406, 21.273769976406694, 351, 207.0, 376, 3, 95205.10075378418, 66.7120132446289, 446.120849609375, 271.2396032871344
LOSS, 9967.0, -39.739280700683594, 56.881385803222656, 19.315891472868216, 516, 191.0, 365, 6, 175975.80541992188, 143.00299072265625, 447.3819580078125, 341.0383825967478
WIN , 27935.250003814697, -28.380653381347656, 62.73344802856445, 17.318815873412706, 1613, 124.49999237060547, 292, 32, 492242.58335876465, 84.17533111572266, 454.3887023925781, 305.17209135695265
WIN , 27293.25, -41.00048828125, 87.63090896606445, 19.49517857142857, 1400, 108.5, 306, 20, 422120.6824798584, 87.9090576171875, 455.6434631347656, 301.51477319989885
LOSS, 4876.8004150390625, -10.0, 61.47119140625, 41.6820548293937, 117, 191.0, 392, 3, 41130.26876831055, 186.0323486328125, 441.0328369140625, 351.54075870350897
LOSS, 12096.405639648438, -18.76215362548828, 60.129539489746094, 23.625792264938354, 512, 175.0, 365, 9, 167496.08284759521, 93.19674682617188, 453.2066650390625, 327.1407868117094
WIN , 25600.0, -19.00963592529297, 66.3200912475586, 15.041128084606346, 1702, 175.0, 286, 24, 396903.16050720215, 73.99897003173828, 446.2461853027344, 233.19809665523042
LOSS, 11609.421142578125, -17.539718627929688, 67.7818832397461, 30.712754345444775, 378, 207.0, 374, 10, 124843.63961791992, 100.88721466064453, 438.0744934082031, 330.274178883386
LOSS, 13324.775146484375, -19.125205993652344, 66.92176055908203, 23.542005559159673, 566, 207.0, 362, 13, 175231.5504837036, 93.39936828613281, 444.6453552246094, 309.59637894647284
WIN , 25994.0, -18.890396118164062, 82.32177734375, 26.770339855818744, 971, 207.0, 335, 20, 304094.7554397583, 73.89397430419922, 444.756591796875, 313.176885107887
LOSS, 10212.086059570312, -17.01622772216797, 68.3733139038086, 28.605283080028887, 357, 191.0, 376, 7, 109705.61275482178, 111.51409912109375, 441.2384338378906, 307.298635167568
LOSS, 8356.206298828125, -16.76483917236328, 53.5919189453125, 22.402697852086128, 373, 223.0, 375, 5, 116324.6032409668, 116.05032348632812, 441.8073425292969, 311.86220708033994
LOSS, 7590.446533203125, -18.28216552734375, 63.65607452392578, 24.886709944928278, 305, 207.0, 379, 4, 103676.58237457275, 97.75778198242188, 447.28509521484375, 339.92322090023856
LOSS, 19068.928466796875, -26.092529296875, 70.5049819946289, 20.592795320514984, 926, 223.0, 338, 16, 290783.3643875122, 73.92020416259766, 438.4251403808594, 314.02091186556396
LOSS, 11675.359153747559, -19.136539459228516, 61.3076171875, 18.83122444152832, 620, 201.8000030517578, 358, 13, 176499.33708953857, 84.21627807617188, 437.0924072265625, 284.67635014441703
LOSS, 14754.132278442383, -17.662269592285156, 60.963134765625, 19.698440959202113, 749, 166.64999389648438, 350, 10, 240106.81196594238, 66.90744018554688, 444.58831787109375, 320.56984241113804
WIN , 24678.65000152588, -43.0731201171875, 77.9292984008789, 8.303718035506689, 2972, 177.6999969482422, 201, 36, 586792.1638793945, 43.21197509765625, 438.82940673828125, 197.44016281271686
LOSS, 6224.919982910156, -19.708778381347656, 52.485557556152344, 11.421871528275515, 545, 223.0, 363, 5, 152171.04843139648, 93.10204315185547, 442.58282470703125, 279.21293290164493
LOSS, 11367.987915039062, -16.00006103515625, 63.255836486816406, 25.094896059688878, 453, 223.0, 369, 8, 142226.23191070557, 127.28923797607422, 451.629638671875, 313.9651918558622
LOSS, 16000.2099609375, -17.662269592285156, 62.533180236816406, 22.567291905412553, 709, 175.0, 352, 10, 216149.24320983887, 67.26228332519531, 438.1220703125, 304.8649410576007
LOSS, 16939.48300933838, -19.84674835205078, 64.96222686767578, 27.190181395406707, 623, 193.6999969482422, 358, 9, 197923.1114730835, 121.2618408203125, 450.1658630371094, 317.69359787011797
LOSS, 7576.43408203125, -20.662452697753906, 57.928382873535156, 24.361524379521704, 311, 207.0, 379, 5, 92832.49368286133, 120.0682144165039, 446.2254638671875, 298.4967642535734
LOSS, 13975.381103515625, -36.9998779296875, 63.304954528808594, 16.677065755985232, 838, 223.0, 344, 16, 222306.71076202393, 74.8663330078125, 446.12225341796875, 265.28247107640084
LOSS, 8654.128662109375, -26.092529296875, 64.65154266357422, 23.389536924619932, 370, 223.0, 375, 7, 100058.39079284668, 74.12931060791016, 442.1847839355469, 270.42808322390994
LOSS, 21793.00048828125, -42.57917022705078, 67.7428207397461, 19.217813481729497, 1134, 185.0, 324, 16, 297586.263710022, 63.176727294921875, 440.5849304199219, 262.42174930337035
LOSS, 17674.037841796875, -34.89441680908203, 64.3773422241211, 20.551206792787063, 860, 207.0, 342, 8, 252902.06744384766, 85.4556655883789, 438.07489013671875, 294.0721714463345
LOSS, 21081.0, -22.7734375, 60.532981872558594, 15.512141280353202, 1359, 223.0, 309, 19, 370349.35106658936, 76.3135986328125, 431.9114074707031, 272.5160787833623
LOSS, 9831.153198242188, -28.409423828125, 60.786033630371094, 33.21335539946685, 296, 223.0, 380, 8, 102248.7368774414, 139.7724151611328, 434.3648986816406, 345.43492188324797
LOSS, 21625.60400390625, -16.0809326171875, 67.1642074584961, 31.709096779921186, 682, 207.0, 354, 11, 224004.54187774658, 85.9382553100586, 432.42376708984375, 328.4524074453762
LOSS, 18625.865478515625, -20.662147521972656, 68.19661712646484, 21.189835584204353, 879, 175.0, 341, 15, 259955.012714386, 57.25348663330078, 437.351806640625, 295.73949114264616
LOSS, 3779.0, -17.66242218017578, 62.82659149169922, 17.6588785046729, 214, 207.0, 385, 4, 52970.810371398926, 114.72891235351562, 428.2707824707031, 247.52715126821928
LOSS, 12311.304077148438, -25.777069091796875, 69.0480728149414, 25.80986179695689, 477, 207.0, 368, 8, 134306.4066619873, 65.75640869140625, 446.46124267578125, 281.56479384064426
LOSS, 11039.0, -16.00006103515625, 68.4435043334961, 24.531111111111112, 450, 207.0, 369, 4, 146555.1046142578, 135.0672149658203, 432.5012512207031, 325.6780102539062
LOSS, 21271.0, -28.74755859375, 70.1451644897461, 29.625348189415043, 718, 223.0, 352, 16, 231997.40496826172, 68.52246856689453, 434.2928466796875, 323.1161629084425
LOSS, 3699.6356811523438, -15.999984741210938, 59.07752227783203, 20.901896503685556, 177, 207.0, 388, 1, 43885.10383605957, 87.75566101074219, 419.4911193847656, 247.93843975174897
LOSS, 14452.872077941895, -39.0, 65.9828872680664, 17.371240478295547, 832, 196.63377380371094, 344, 10, 246072.95362854004, 75.34912109375, 432.4074401855469, 295.76076157276447
LOSS, 14801.795654296875, -17.662269592285156, 66.8419418334961, 22.737013293850808, 651, 175.0, 356, 10, 183245.68585205078, 70.83384704589844, 431.8502502441406, 281.48338840560797
LOSS, 23729.286407470703, -23.768165588378906, 69.0779800415039, 27.528174486624945, 862, 186.80316162109375, 342, 16, 254396.85692977905, 63.10812759399414, 437.3254089355469, 295.12396395566014
LOSS, 11493.548828125, -17.28406524658203, 64.69840240478516, 23.994882730949897, 479, 223.0, 368, 6, 133796.75183486938, 42.60319137573242, 435.82818603515625, 279.32516040682543
LOSS, 21682.30517578125, -21.407943725585938, 64.64957427978516, 23.041769581064028, 941, 191.0, 337, 19, 307202.05827331543, 75.4590072631836, 436.3398742675781, 326.46339880267317
LOSS, -10022.495155334473, -33.097267150878906, 53.87413024902344, -1.670694308273791, 5999, 229.9903106689453, 0, 6, 551288.8693809509, 48.565921783447266, 426.2530822753906, 91.89679436255224
LOSS, 7429.0537109375, -16.00006103515625, 65.49750518798828, 20.522247820269335, 362, 207.0, 375, 2, 105473.52132415771, 98.69942474365234, 422.32733154296875, 291.3633185750213
LOSS, 12759.83056640625, -42.999755859375, 61.620079040527344, 8.339758540134804, 1530, 223.0, 297, 16, 314843.27883529663, 53.273319244384766, 429.12298583984375, 205.7799208073834
LOSS, 14309.02978515625, -33.93592834472656, 65.2730484008789, 16.52312908216657, 866, 223.0, 342, 13, 222542.35174942017, 52.62450408935547, 436.9566345214844, 256.97731148893786
LOSS, 7651.0, -16.00006103515625, 60.7855224609375, 39.848958333333336, 192, 223.0, 387, 3, 62895.46484375, 94.44538879394531, 420.7008056640625, 327.58054606119794
LOSS, 6041.0, -12.68829345703125, 62.350379943847656, 36.61212121212121, 165, 223.0, 388, 4, 54135.56494140625, 115.86784362792969, 414.3029479980469, 328.0943329782197
WIN , 26390.0, -32.94537353515625, 76.03271484375, 15.51440329218107, 1701, 175.0, 286, 25, 402172.64235305786, 62.655696868896484, 436.7182922363281, 236.43306428751197
LOSS, 9823.174682617188, -17.936622619628906, 66.0960922241211, 34.71086460288759, 283, 223.0, 381, 8, 86702.89823150635, 84.78001403808594, 427.6496887207031, 306.3706651289977
LOSS, 17159.39804840088, -20.284908294677734, 69.7514877319336, 25.959754990016457, 661, 209.6999969482422, 355, 14, 191597.78945159912, 69.89806365966797, 443.3921813964844, 289.86049841391696
LOSS, 2314.6959838867188, -13.000030517578125, 61.46653747558594, 12.718109801575379, 182, 223.0, 387, 1, 39714.44386291504, 88.66146850585938, 437.6806335449219, 218.21123001601669
LOSS, 14249.75830078125, -22.49848175048828, 68.1331558227539, 22.654623689636328, 629, 175.0, 358, 9, 204033.2901611328, 78.89927673339844, 438.05462646484375, 324.3772498587167
LOSS, 7845.333518981934, -39.0, 67.0516128540039, 14.47478509037257, 542, 201.8000030517578, 363, 8, 133714.18753814697, 98.20893096923828, 433.7798767089844, 246.70514305931175
LOSS, 16620.097900390625, -17.01622772216797, 65.6596908569336, 21.44528761340726, 775, 223.0, 348, 10, 225324.26364135742, 62.97479248046875, 442.0864562988281, 290.740985343687
LOSS, 13247.720947265625, -17.520553588867188, 55.16639709472656, 24.35242821188534, 544, 175.0, 363, 8, 166111.36052703857, 89.19073486328125, 435.9431457519531, 305.35176567470324
LOSS, 7549.9998779296875, -16.351959228515625, 64.11978912353516, 26.215277353922527, 288, 191.0, 380, 4, 80113.51932525635, 91.83859252929688, 432.4924011230469, 278.17194210158453
WIN , 27164.300003051758, -18.774757385253906, 65.7745132446289, 23.828333336010314, 1140, 126.39999389648438, 323, 18, 328810.13667678833, 62.44033432006836, 446.5484619140625, 288.4299444533231
LOSS, 18153.99506378174, -30.322265625, 69.4380874633789, 3.026170205664567, 5999, 197.00987243652344, 0, 25, 761801.5907287598, 63.19744873046875, 433.66082763671875, 126.98809647087177
LOSS, 13185.650001525879, -16.897743225097656, 69.4930191040039, 25.163454201385264, 524, 193.6999969482422, 365, 12, 176672.13597869873, 86.05023956298828, 438.3222961425781, 337.1605648448449
LOSS, 7587.650001525879, -22.77191162109375, 60.860511779785156, 23.637538945563485, 321, 209.6999969482422, 378, 2, 86946.51774597168, 103.75318908691406, 435.6636962890625, 270.8614259999118
LOSS, 5802.5638427734375, -24.062904357910156, 68.74945831298828, 24.077028393250778, 241, 207.0, 383, 3, 59374.56578826904, 49.03904342651367, 425.71044921875, 246.3674928973819
LOSS, 7470.3690185546875, -27.71759033203125, 61.590782165527344, 21.907240523620786, 341, 207.0, 377, 5, 95800.77416229248, 67.25806427001953, 438.1953125, 280.94068669293983
