WIN , 32735.482124328613, -32.170494079589844, 84.04988861083984, 8.560534028328613, 3824, 184.03575134277344, 145, 37, 13100.721428111196, -12.592453956604004, 44.56837463378906, 3.425920875552091
LOSS, 11778.142333984375, -44.76466369628906, 47.96515655517578, 14.815273376080976, 795, 223.0, 346, 12, 10887.650006890297, -28.389183044433594, 81.30221557617188, 13.695157241371442
LOSS, 18525.21875, -26.58447265625, 53.890892028808594, 20.13610733695652, 920, 223.0, 338, 20, 18972.652127951384, -33.33768081665039, 85.785888671875, 20.622447965164547
LOSS, 25280.65048980713, -40.349708557128906, 57.509376525878906, 21.64439254264309, 1168, 209.6999969482422, 322, 19, 28509.924797922373, -28.418167114257812, 92.59021759033203, 24.40918219000203
LOSS, 25203.97802734375, -22.64892578125, 56.440330505371094, 23.621347729469306, 1067, 207.0, 328, 27, 31145.677274405956, -15.542752265930176, 93.11553955078125, 29.18995058519771
LOSS, 21975.329833984375, -44.999755859375, 60.392677307128906, 17.765020075977667, 1237, 223.0, 317, 16, 46884.78271216154, -31.942344665527344, 138.0214080810547, 37.90200704297619
LOSS, 11633.451293945312, -16.757362365722656, 67.5212631225586, 30.295446077982586, 384, 207.0, 374, 9, 23605.195982933044, 15.368759155273438, 144.05154418945312, 61.471864538888134
LOSS, 6185.045227050781, -13.601364135742188, 58.5784912109375, 34.17152059144078, 181, 207.0, 387, 5, 12159.98956489563, 13.602930068969727, 140.2134246826172, 67.18226278947861
LOSS, 20031.412353515625, -18.724082946777344, 61.474220275878906, 28.78076487574084, 696, 175.0, 353, 14, 40749.552112579346, 7.5766096115112305, 138.8971405029297, 58.54820705830366
LOSS, 27025.4111328125, -19.015716552734375, 56.275245666503906, 30.12866347024805, 897, 207.0, 340, 18, 54778.283843398094, -8.985766410827637, 143.45433044433594, 61.06832089565005
LOSS, 12164.66162109375, -26.90294647216797, 66.0857162475586, 36.6405470514872, 332, 207.0, 377, 10, 24808.843344688416, -16.330015182495117, 142.45269775390625, 74.72543176110969
LOSS, 10411.082397460938, -18.57154083251953, 63.171302795410156, 31.358681920063066, 332, 223.0, 377, 8, 23147.832027435303, 9.222064018249512, 143.69044494628906, 69.72238562480513
LOSS, 11626.86865234375, -13.94256591796875, 57.219459533691406, 32.38682075861769, 359, 207.0, 376, 6, 27981.31277370453, 8.36794376373291, 168.97801208496094, 77.94237541421874
LOSS, 11243.977905273438, -18.473106384277344, 58.21006774902344, 29.66748787671092, 379, 223.0, 374, 6, 33439.3385219574, -5.914463043212891, 179.14080810546875, 88.23044464896411
WIN , 26998.28749847412, -23.22771453857422, 88.5457992553711, 29.733796804486918, 908, 138.4250030517578, 339, 17, 78093.19577306509, -2.6617143154144287, 189.57847595214844, 86.00572221703204
LOSS, 17849.299514770508, -19.72052001953125, 64.18828582763672, 33.05425836068613, 540, 180.39999389648438, 363, 9, 51036.735417723656, -13.342382431030273, 188.8675994873047, 94.51247299578455
LOSS, 15669.179443359375, -34.0, 66.3927230834961, 33.40976427155517, 469, 207.0, 368, 11, 44675.47576600313, -38.27401351928711, 191.21920776367188, 95.25687796589153
LOSS, 10290.198608398438, -16.469802856445312, 67.0564956665039, 38.68495717443022, 266, 223.0, 382, 5, 30008.74443435669, 25.518878936767578, 194.71432495117188, 112.81482870058906
LOSS, 20328.86826324463, -41.999755859375, 69.0605697631836, 27.105157684326173, 750, 209.6999969482422, 349, 10, 67672.35491466522, -53.65320587158203, 195.60919189453125, 90.22980655288697
LOSS, 16675.284912109375, -15.870216369628906, 67.4828109741211, 36.48858842912336, 457, 191.0, 369, 8, 49117.515787124634, 9.783313751220703, 195.9519500732422, 107.4781527070561
LOSS, 18661.7001953125, -15.271484375, 70.6212387084961, 40.74607029544214, 458, 207.0, 369, 10, 63111.91317176819, 28.536104202270508, 224.7309112548828, 137.79893705626242
LOSS, 16598.74658203125, -20.357826232910156, 70.0291976928711, 29.326407388747793, 566, 223.0, 362, 14, 66821.20996522903, -6.8743510246276855, 232.68397521972656, 118.05867485022797
LOSS, 17461.0, -18.963623046875, 82.32489776611328, 18.019607843137255, 969, 223.0, 335, 16, 104996.5260848999, 12.289192199707031, 233.1300048828125, 108.3555480752321
LOSS, 13964.225830078125, -19.096847534179688, 64.8961410522461, 37.639422722582545, 371, 207.0, 375, 9, 51339.349727630615, 10.780033111572266, 231.35400390625, 138.38099657043293
LOSS, 12480.309692382812, -21.721961975097656, 67.22342681884766, 37.5912942541651, 332, 153.0, 377, 6, 43914.72773361206, 16.85865592956543, 227.0176544189453, 132.2732763060604
WIN , 26375.786407470703, -19.003456115722656, 72.225341796875, 28.545223384708553, 924, 143.42718505859375, 338, 24, 110062.15670013428, 16.52611541748047, 234.4060516357422, 119.11488820360853
LOSS, 10721.86614227295, -12.9998779296875, 68.1130142211914, 46.61680931423022, 230, 207.74720764160156, 384, 7, 34916.661140441895, 71.16670227050781, 238.48898315429688, 151.81157017583433
LOSS, 24546.6640625, -19.800430297851562, 66.15491485595703, 32.64184050864362, 752, 223.0, 349, 19, 108906.20426940918, 24.743946075439453, 268.9338073730469, 144.82208014549093
LOSS, 21171.022705078125, -16.27520751953125, 68.1386489868164, 34.424427162728655, 615, 207.0, 358, 11, 95491.02890205383, 23.297876358032227, 271.74285888671875, 155.2699656943965
WIN , 26374.0, -18.17711639404297, 71.72607421875, 25.28667305848514, 1043, 207.0, 330, 29, 143677.42617988586, 23.35485076904297, 268.6153869628906, 137.75400400756075
LOSS, 9282.751121520996, -17.436920166015625, 66.3057632446289, 32.68574338563731, 284, 201.8000030517578, 381, 8, 44191.805364608765, 22.418190002441406, 273.5350646972656, 155.60494846693226
LOSS, 6864.1590576171875, -16.00006103515625, 64.31050872802734, 35.20081568008814, 195, 156.5, 386, 6, 29986.39800262451, 40.355018615722656, 265.8753967285156, 153.77640001345904
WIN , 25970.0, -19.880935668945312, 70.32537078857422, 32.18091697645601, 807, 175.0, 346, 24, 125361.60791397095, 25.128421783447266, 270.0423278808594, 155.34276073602348
LOSS, 10709.623046875, -19.275314331054688, 67.9250259399414, 28.866908482142858, 371, 223.0, 375, 2, 54255.42345046997, 24.224464416503906, 276.3012390136719, 146.24103355921824
LOSS, 15375.287986755371, -18.880462646484375, 70.6343765258789, 27.212899091602427, 565, 169.8000030517578, 362, 10, 87583.51796340942, 40.24549102783203, 291.8487243652344, 155.01507604143262
LOSS, 18943.92626953125, -17.35771942138672, 63.67247772216797, 31.26060440516708, 606, 212.533203125, 359, 16, 102333.68371582031, 34.314170837402344, 296.1305236816406, 168.8674648775913
WIN , 25906.65000152588, -17.72039794921875, 81.3216323852539, 35.88178670571451, 722, 161.6999969482422, 351, 11, 136836.91484069824, 32.869930267333984, 307.24420166015625, 189.52481279875101
LOSS, 11327.468505859375, -19.351104736328125, 63.207618713378906, 23.40386054929623, 484, 223.0, 367, 5, 75414.73120880127, 33.94319534301758, 298.7276306152344, 155.81556034876294
WIN , 25588.300003051758, -20.142074584960938, 70.7454605102539, 30.03321596602319, 852, 158.39999389648438, 343, 18, 150635.8512134552, 17.97747802734375, 305.1410217285156, 176.80264226931362
LOSS, -1881.413688659668, -18.226173400878906, 67.44849395751953, -0.31362121831299683, 5999, 227.82737731933594, 0, 5, 565347.8905277252, 16.051708221435547, 293.7063903808594, 94.2403551471454
LOSS, 18466.49755859375, -15.463035583496094, 69.54169464111328, 43.553060279702244, 424, 207.0, 371, 9, 102315.78592681885, 73.5492172241211, 361.7750244140625, 241.31081586513878
LOSS, 22056.47998046875, -17.795822143554688, 69.7872085571289, 41.45954883546757, 532, 191.0, 364, 11, 127024.54789352417, 43.8620719909668, 357.4789733886719, 238.7679471682785
WIN , 25932.29999923706, -19.535499572753906, 69.6321792602539, 24.79187380424193, 1046, 110.4000015258789, 330, 9, 197754.7019996643, 46.9069938659668, 357.52264404296875, 189.0580325044592
LOSS, 8989.0, -15.408187866210938, 70.6282730102539, 52.567251461988306, 171, 207.0, 388, 7, 44481.38530731201, 58.8671875, 355.2562561035156, 260.1250602766784
WIN , 25680.498138427734, -17.877952575683594, 82.65957641601562, 30.57202159336635, 840, 134.00372314453125, 343, 19, 173197.76488494873, 35.97150421142578, 366.60382080078125, 206.18781533922467
LOSS, 20484.300003051758, -18.462913513183594, 72.0854721069336, 34.0270764170295, 602, 196.39999389648438, 359, 13, 139034.96769714355, 51.65019989013672, 382.116455078125, 230.95509584243115
LOSS, 13989.884033203125, -16.362045288085938, 68.17876434326172, 41.760847860307834, 335, 185.0, 377, 8, 85767.86065673828, 56.805641174316406, 381.8798828125, 256.02346464697996
LOSS, 16973.00048828125, -19.8056640625, 66.6631088256836, 28.38294396033654, 598, 185.0, 360, 14, 129417.08526611328, 44.274818420410156, 374.4129943847656, 216.41653054533992
LOSS, 4523.012451171875, -16.00006103515625, 67.91097259521484, 28.626661083366297, 158, 207.0, 389, 2, 31963.285495758057, 56.691829681396484, 362.6089172363281, 202.29927528960795
WIN , 26414.0, -17.298416137695312, 70.5477066040039, 25.471552555448408, 1037, 207.0, 330, 12, 207503.1702156067, 43.350887298583984, 381.22796630859375, 200.0994891182321
LOSS, 12284.182693481445, -16.362045288085938, 67.0915756225586, 29.81597741136273, 412, 142.39999389648438, 372, 6, 89995.21228408813, 53.46046829223633, 374.57427978515625, 218.4349812720586
LOSS, 11055.534545898438, -13.330078125, 68.1554183959961, 41.718998286409196, 265, 191.0, 382, 7, 67759.48385620117, 97.33447265625, 381.0875244140625, 255.69616549509877
LOSS, 5245.1524658203125, -14.80438232421875, 63.51569366455078, 28.978742905084598, 181, 191.0, 387, 1, 39726.30093765259, 43.919734954833984, 366.66668701171875, 219.48232562239
LOSS, 11108.776657104492, -13.961334228515625, 67.50647735595703, 24.308045201541557, 457, 177.10000610351562, 369, 3, 92427.67952728271, 48.1639404296875, 384.4210205078125, 202.24875170083746
WIN , 25702.0, -16.48968505859375, 70.7985610961914, 29.92083818393481, 859, 191.0, 342, 15, 194307.53186798096, 60.39067077636719, 397.5877990722656, 226.20201614433174
LOSS, 19366.618408203125, -17.35771942138672, 69.9361343383789, 30.83856434427249, 628, 207.0, 358, 14, 147009.496925354, 56.65247344970703, 397.1120300292969, 234.091555613621
LOSS, 22873.43408203125, -17.84772491455078, 72.0323715209961, 36.95223599681947, 619, 223.0, 358, 15, 159673.7159500122, 57.02680969238281, 402.4459228515625, 257.9543068659325
LOSS, 6623.9669189453125, -17.46379852294922, 64.1278076171875, 24.175061747975594, 274, 223.0, 381, 4, 57315.078926086426, 46.66061782836914, 390.1210021972656, 209.17912016819864
LOSS, 14571.0, -17.437530517578125, 71.4140853881836, 36.98223350253807, 394, 223.0, 373, 7, 101012.63609313965, 56.622718811035156, 395.9834289550781, 256.3772489673595
LOSS, 16532.00048828125, -18.932968139648438, 67.9421157836914, 27.2355856479098, 607, 207.0, 359, 7, 134618.47618865967, 73.30369567871094, 396.5467224121094, 221.77673177703406
WIN , 25516.916358947754, -17.988739013671875, 68.8988265991211, 30.78035748968366, 829, 161.1672821044922, 344, 17, 200820.24578094482, 69.03177642822266, 412.34765625, 242.24396354758122
WIN , 25721.322498321533, -36.0001220703125, 71.4745101928711, 38.91274205494937, 661, 112.3550033569336, 355, 19, 181026.59445762634, -78.76728057861328, 420.59039306640625, 273.86776771199146
LOSS, 8403.999877929688, -18.721778869628906, 71.0182876586914, 27.374592436253053, 307, 223.0, 379, 4, 69961.38646697998, 46.77791213989258, 420.0235900878906, 227.88725233543968
LOSS, 13709.0, -33.304962158203125, 69.54169464111328, 34.88295165394402, 393, 207.0, 373, 4, 101860.77391433716, 37.238426208496094, 415.755126953125, 259.18771988380956
LOSS, 7015.2459716796875, -19.2325439453125, 64.24918365478516, 23.700155309728675, 296, 175.0, 380, 4, 64771.0325088501, 84.4660415649414, 406.77886962890625, 218.82105577314223
WIN , 26367.19354248047, -19.24011993408203, 85.35992431640625, 25.255932511954473, 1044, 120.6129150390625, 330, 19, 233931.1195678711, 39.06771469116211, 414.6233215332031, 224.07195360907193
LOSS, 21621.0, -34.0001220703125, 71.9395980834961, 36.83304940374787, 587, 223.0, 360, 13, 155924.1626138687, -86.52931213378906, 422.64654541015625, 265.62889712754463
LOSS, 16804.300003051758, -20.719970703125, 70.4027328491211, 28.97293103974441, 580, 196.39999389648438, 361, 10, 142509.0306968689, 61.3099479675293, 423.0436706542969, 245.70522533942912
LOSS, 10823.999877929688, -17.298263549804688, 69.61698150634766, 26.725925624517746, 405, 223.0, 372, 12, 92993.48853302002, 76.20525360107422, 426.0015869140625, 229.61355193338275
LOSS, 10213.5380859375, -18.349098205566406, 71.6496810913086, 34.62216300317797, 295, 191.0, 380, 5, 79995.33521270752, 75.33955383300781, 431.6270446777344, 271.1706278396865
LOSS, 13490.0, -15.999984741210938, 70.8287582397461, 36.263440860215056, 372, 185.0, 375, 11, 100710.92746734619, 93.90794372558594, 435.4093933105469, 270.7282996434037
LOSS, 7825.8109130859375, -16.00006103515625, 65.96076202392578, 35.734296406785106, 219, 207.0, 385, 3, 56716.835540771484, 75.7090072631836, 426.7450866699219, 258.980984204436
WIN , 25969.193550109863, -17.844223022460938, 71.3213119506836, 25.385330938523815, 1023, 136.61289978027344, 331, 21, 243899.16204833984, 73.2328872680664, 428.1061096191406, 238.41560317530775
LOSS, 24195.22021484375, -17.35832977294922, 68.9803237915039, 32.3465510893633, 748, 191.0, 350, 16, 197797.44550323486, 65.35457611083984, 433.55987548828125, 264.4350875711696
LOSS, 10141.999877929688, -22.48974609375, 64.1119384765625, 16.411003038721176, 618, 207.0, 358, 6, 124546.32913970947, 64.7280044555664, 439.1050720214844, 201.53127692509622
LOSS, 2751.0, -18.931251525878906, 60.34454345703125, 21.161538461538463, 130, 223.0, 391, 1, 31176.18251800537, 86.53367614746094, 411.6455078125, 239.81678860004132
LOSS, 9825.362831115723, -31.0001220703125, 71.03995513916016, 40.43359189759557, 243, 186.2738494873047, 383, 3, 71880.94708633423, 44.783512115478516, 446.9800109863281, 295.80636661042894
LOSS, 17110.797233581543, -19.48644256591797, 70.9203109741211, 23.5038423538208, 728, 194.21607971191406, 351, 11, 170322.38248443604, 65.00735473632812, 444.91015625, 233.95931659950006
LOSS, 18575.495056152344, -17.46379852294922, 68.4459457397461, 28.665887432333864, 648, 186.4561767578125, 356, 12, 163157.77600097656, 71.14390563964844, 447.1477355957031, 251.78669135953174
LOSS, 16539.53173828125, -18.870094299316406, 71.1864242553711, 25.328532524167304, 653, 191.0, 356, 8, 155547.11518859863, 65.9543228149414, 452.5632019042969, 238.20385174364262
WIN , 26357.408199310303, -16.48967742919922, 78.00128555297852, 28.341299139043336, 930, 100.18360137939453, 337, 20, 234464.80392837524, 60.98503494262695, 454.3701171875, 252.1126923961024
LOSS, 10355.038208007812, -16.00006103515625, 68.40657806396484, 30.818566095261346, 336, 207.0, 377, 8, 88661.90134429932, 78.36829376220703, 456.64410400390625, 263.8747063818432
LOSS, 4123.9998779296875, -21.34002685546875, 69.4615707397461, 15.680607900873337, 263, 223.0, 382, 2, 54192.13828277588, 75.15994262695312, 437.580322265625, 206.05375772918586
LOSS, 20462.00048828125, -17.35771942138672, 71.4751205444336, 28.901130633165607, 708, 207.0, 352, 12, 191413.1753768921, 61.46636962890625, 459.97216796875, 270.35759234024306
LOSS, 14461.0, -21.369220733642578, 66.8071517944336, 22.281972265023114, 649, 223.0, 356, 10, 157723.55780029297, 70.90839385986328, 464.97418212890625, 243.02551278935744
LOSS, 15110.00048828125, -35.99951171875, 69.3361587524414, 20.093085755693153, 752, 191.0, 349, 11, 170746.44779205322, 45.01993942260742, 471.2312927246094, 227.05644653198567
WIN , 25376.0, -16.14358139038086, 72.0775375366211, 39.52647975077882, 642, 223.0, 357, 20, 195178.44676208496, 68.84900665283203, 469.12445068359375, 304.0162722150856
LOSS, 18623.65966796875, -20.27497100830078, 69.8796615600586, 25.617138470383424, 727, 175.0, 351, 13, 181763.6303215027, 59.881290435791016, 469.1280822753906, 250.01874872283724
WIN , 26204.0, -20.27497100830078, 71.84102630615234, 22.55077452667814, 1162, 207.0, 322, 22, 286762.5576171875, 74.49663543701172, 473.6800231933594, 246.78361240721816
LOSS, 9061.999877929688, -14.60205078125, 71.4104232788086, 33.07299225521784, 274, 207.0, 381, 8, 79235.29289245605, 96.41529846191406, 469.5934753417969, 289.1799010673579
LOSS, 21722.280029296875, -17.35832977294922, 71.0665054321289, 27.60137233709895, 787, 207.0, 347, 17, 207235.27056884766, 72.59222412109375, 489.8950500488281, 263.32308839751926
WIN , 26017.300003051758, -18.204200744628906, 69.4515151977539, 23.312992834275768, 1116, 180.39999389648438, 325, 12, 278594.1754684448, 67.64234161376953, 470.0545654296875, 249.63635794663514
LOSS, 17822.642822265625, -16.48968505859375, 71.5562973022461, 39.170643565418956, 455, 175.0, 369, 6, 145784.1466140747, 92.44426727294922, 479.1190185546875, 320.4047178331312
LOSS, 9462.80908203125, -20.01610565185547, 67.7080307006836, 27.750173261088708, 341, 223.0, 377, 5, 90651.38236999512, 81.88261413574219, 465.2677917480469, 265.8398309970531
WIN , 25755.300003051758, -33.0001220703125, 69.15717315673828, 24.505518556661997, 1051, 164.39999389648438, 329, 26, 271931.4427947998, -37.34587860107422, 483.4755554199219, 258.7359113176021
WIN , 26602.0, -18.514297485351562, 70.4720230102539, 25.45645933014354, 1045, 191.0, 330, 20, 283437.46060943604, 66.32816314697266, 487.8697814941406, 271.23201972194835
LOSS, 20860.133056640625, -19.035736083984375, 68.59990692138672, 43.01058362193943, 485, 175.0, 367, 8, 164207.09200286865, 82.81427764892578, 483.33056640625, 338.5713237172549
LOSS, 11609.150756835938, -15.999755859375, 69.9712142944336, 32.70183311784771, 355, 207.0, 376, 5, 102984.1615600586, 95.42214965820312, 480.8904113769531, 290.0962297466439
WIN , 25399.75, -21.880645751953125, 74.27880859375, 35.47451117318436, 716, 175.5, 352, 16, 220596.359085083, 70.25260925292969, 494.1857604980469, 308.0954735825182
LOSS, 24518.52597808838, -18.141456604003906, 71.3719711303711, 27.092293898440197, 905, 165.3357391357422, 339, 7, 248792.96113204956, 43.8435173034668, 496.68206787109375, 274.9093493171818
LOSS, 13615.611572265625, -17.283912658691406, 68.70459747314453, 24.14115526997451, 564, 175.0, 362, 7, 145790.37520599365, 74.18400573730469, 484.1780700683594, 258.4935730602724
LOSS, 15604.599853515625, -19.10301971435547, 70.5913314819336, 36.54473033610217, 427, 223.0, 371, 9, 133916.7675857544, 89.95560455322266, 515.604736328125, 313.622406524015
LOSS, 13292.744384765625, -18.204200744628906, 70.0456771850586, 31.499394276695792, 422, 223.0, 371, 8, 125607.59687805176, 72.32015991210938, 485.8330383300781, 297.6483338342459
LOSS, 21997.98583984375, -18.00861358642578, 70.1784439086914, 28.944718210320723, 760, 175.0, 349, 12, 215003.64986419678, 69.25081634521484, 491.94610595703125, 282.89953929499575
LOSS, 20145.980224609375, -18.563438415527344, 70.4259262084961, 23.673302261585633, 851, 175.0, 343, 10, 235638.99571990967, 68.9391098022461, 488.369384765625, 276.896587214935
LOSS, 3078.757080078125, -15.562950134277344, 62.181617736816406, 20.943925714817176, 147, 207.0, 390, 1, 37699.464416503906, 81.40950775146484, 480.8951416015625, 256.45894160887013
WIN , 25898.300003051758, -36.0001220703125, 84.3548355102539, 26.23941236378091, 987, 158.39999389648438, 334, 21, 273482.90784454346, 52.07697296142578, 488.9244384765625, 277.08501301372183
LOSS, 16900.0, -17.35771942138672, 68.9327163696289, 23.570432357043234, 717, 185.0, 352, 10, 196708.02474212646, 79.6162109375, 497.7874450683594, 274.34870954271474
LOSS, 11633.193603515625, -17.283912658691406, 68.4328384399414, 36.69777161992311, 317, 223.0, 378, 9, 103325.2341003418, 77.11024475097656, 492.84320068359375, 325.9471107266303
LOSS, 13672.232666015625, -18.15350341796875, 69.6150894165039, 19.476114908854168, 702, 175.0, 353, 5, 171174.51875305176, 79.66817474365234, 508.7471923828125, 243.83834580206803
LOSS, 9071.574493408203, -14.768119812011719, 70.73995208740234, 30.44152514566511, 298, 221.44085693359375, 380, 7, 85298.95585632324, 70.6634521484375, 495.1424560546875, 286.2381069004136
LOSS, 16331.0, -18.319480895996094, 69.3788833618164, 23.94574780058651, 682, 223.0, 354, 14, 178560.48612976074, 74.87136840820312, 502.1050109863281, 261.8188946184175
WIN , 25396.45743560791, -17.35832977294922, 74.61941528320312, 28.761559949725832, 883, 122.08512878417969, 341, 13, 255689.97408294678, 91.26871490478516, 492.2065734863281, 289.56961957298614
WIN , 26362.0, -16.362655639648438, 71.4458236694336, 31.647058823529413, 833, 191.0, 344, 17, 252717.31601715088, 61.022727966308594, 507.2339782714844, 303.38213207341045
LOSS, 14018.00439453125, -14.469673156738281, 66.8044204711914, 43.53417513829581, 322, 223.0, 378, 5, 116986.15495300293, 64.66482543945312, 512.889404296875, 363.3110402267172
LOSS, 7191.0, -17.706649780273438, 62.403175354003906, 16.72325581395349, 430, 223.0, 371, 5, 101717.55786132812, 83.61705017089844, 492.0843811035156, 236.55246014262354
LOSS, 11696.3134765625, -17.46379852294922, 67.3018569946289, 27.391834839724826, 427, 175.0, 371, 6, 121013.72413635254, 83.43242645263672, 505.4104919433594, 283.40450617412773
LOSS, 11273.214965820312, -17.795211791992188, 68.2112808227539, 21.350785920114227, 528, 223.0, 364, 8, 131884.4508743286, 85.18586730957031, 501.2816162109375, 249.7811569589557
LOSS, 18642.92813873291, -16.362045288085938, 69.71778106689453, 36.05982231863232, 517, 218.6700897216797, 365, 6, 168668.08892059326, 73.26756286621094, 512.6600341796875, 326.243885726486
LOSS, 12008.464233398438, -19.363494873046875, 68.2833023071289, 27.230077626753825, 441, 191.0, 370, 5, 129354.84783935547, 84.25397491455078, 513.0458374023438, 293.3216504293775
LOSS, 13649.793701171875, -21.14148712158203, 68.5298843383789, 34.820902298907846, 392, 175.0, 373, 8, 127642.63175201416, 76.2550048828125, 500.38165283203125, 325.61895855105655
LOSS, 16435.2822265625, -17.357872009277344, 69.8094711303711, 33.40504517594004, 492, 223.0, 367, 8, 155603.12536621094, 89.67671966552734, 506.1267395019531, 316.26651497197344
LOSS, 16809.80859375, -14.940399169921875, 70.0972671508789, 34.5170607674538, 487, 223.0, 367, 6, 160945.68801879883, 87.54850769042969, 510.16912841796875, 330.48395897083947
LOSS, 13363.705810546875, 0, 71.0793228149414, 53.66950124717621, 249, 207.0, 383, 6, 101269.49005126953, 250.63406372070312, 549.5716552734375, 406.7047793223676
LOSS, 20629.57763671875, -17.28390884399414, 70.4308090209961, 40.4501522288603, 510, 175.0, 365, 12, 183038.68534851074, 81.55694580078125, 506.0596008300781, 358.89938303629555
LOSS, 16178.304298400879, -13.338157653808594, 70.5989761352539, 43.25749812406652, 374, 209.6999969482422, 375, 8, 134607.7958984375, 126.39218139648438, 528.6232299804688, 359.91389277657083
LOSS, 5430.948638916016, -13.329925537109375, 64.06851959228516, 27.01964496973142, 201, 166.00372314453125, 386, 5, 57291.20218658447, 88.95639038085938, 498.9189147949219, 285.030856649674
WIN , 25804.0, -18.20465850830078, 71.527099609375, 29.389521640091115, 878, 207.0, 341, 25, 268566.84883117676, 96.6939468383789, 518.8368530273438, 305.8847936573767
LOSS, 24024.00048828125, -18.87009048461914, 70.0423355102539, 31.819868196399007, 755, 223.0, 349, 10, 237953.37725830078, 93.21955108642578, 507.7708740234375, 315.17003610370966
WIN , 26177.300003051758, -16.48968505859375, 80.2144546508789, 27.382112973903514, 956, 180.39999389648438, 336, 4, 286347.34701538086, 98.32652282714844, 529.6376342773438, 299.52651361441514
LOSS, 15794.50048828125, -19.395538330078125, 67.8847427368164, 27.468696501358696, 575, 207.0, 361, 15, 169111.17385101318, 96.96573638916016, 519.7556762695312, 294.10638930610986
WIN , 24273.0, -33.557289123535156, 70.5995864868164, 8.109923154026061, 2993, 169.0, 200, 14, 616582.231678009, -26.37256622314453, 531.5091552734375, 206.00809611694254
LOSS, 20641.01123046875, -16.362655639648438, 70.6417007446289, 45.7672089367378, 451, 191.0, 369, 13, 175807.640914917, 87.10737609863281, 530.516845703125, 389.8173856206585
WIN , 25904.300003051758, -17.35832977294922, 68.6937484741211, 36.58799435459288, 708, 126.39999389648438, 352, 13, 241034.6884765625, 82.66748046875, 527.9097290039062, 340.44447524938204
LOSS, 15489.0, -17.46379852294922, 68.10355377197266, 33.453563714902806, 463, 207.0, 369, 9, 156528.73082733154, 105.56196594238281, 525.2435302734375, 338.07501258602923
LOSS, 21724.272705078125, -17.46379852294922, 69.8677749633789, 36.38906650766855, 597, 223.0, 360, 19, 210310.72595214844, 85.5646743774414, 536.1154174804688, 352.2792729516724
WIN , 26201.768089294434, -18.360992431640625, 79.39104461669922, 36.59464816940563, 716, 171.4638214111328, 352, 13, 248901.013961792, 89.66920471191406, 531.2101440429688, 347.6271144717765
LOSS, 12413.899291992188, -19.837905883789062, 70.07743072509766, 30.727473495030168, 404, 207.0, 373, 7, 132738.17924499512, 92.3860855102539, 532.9545288085938, 328.5598496163245
LOSS, 19700.925537109375, -18.20404815673828, 68.2494125366211, 37.4542310591433, 526, 223.0, 364, 14, 189988.05472564697, 103.02284240722656, 527.9075317382812, 361.19402039096383
LOSS, -1024.7285079956055, -19.858810424804688, 60.10414123535156, -0.17081655409161617, 5999, 234.45701599121094, 0, 3, 1023260.9732475281, 51.25773239135742, 517.2486572265625, 170.57192419528724
LOSS, 22226.185302734375, -18.361602783203125, 68.1966323852539, 26.71416502732497, 832, 175.0, 344, 17, 264776.8577270508, 104.23480224609375, 534.7671508789062, 318.2414155373207
LOSS, 10547.092651367188, -18.77500343322754, 68.0846176147461, 30.04869701244213, 351, 207.0, 376, 9, 113799.47788238525, 110.74458312988281, 539.9082641601562, 324.2150367019523
LOSS, 20216.45009613037, -35.0001220703125, 67.12882232666016, 22.947162424665574, 881, 169.8000030517578, 341, 13, 261788.12381744385, 67.21463775634766, 548.5042724609375, 297.14883520708725
LOSS, 13318.38720703125, -19.92803955078125, 70.9059829711914, 35.80211614793347, 372, 207.0, 375, 10, 133410.4775314331, 90.25017547607422, 548.0732421875, 358.63031594471266
LOSS, 19845.65000152588, -19.77972412109375, 68.9693374633789, 40.01139113210863, 496, 193.6999969482422, 366, 7, 187926.06622314453, 101.13423156738281, 539.543701171875, 378.8831980305333
WIN , 25950.39999771118, -20.681976318359375, 68.2625503540039, 21.991864404839983, 1180, 114.20000457763672, 321, 16, 349545.71058654785, 93.83686065673828, 536.9917602539062, 296.2251784631761
WIN , 26186.0, -19.89061737060547, 73.433837890625, 34.14080834419818, 767, 223.0, 348, 19, 262356.65464019775, 100.25372314453125, 539.0527954101562, 342.0556123079501
LOSS, 23975.105224609375, -18.2713623046875, 69.2625961303711, 23.714248491206106, 1011, 223.0, 332, 18, 297814.9392089844, 82.80375671386719, 545.3850708007812, 294.57461840651274
LOSS, 19699.276000976562, -17.27509307861328, 68.7688217163086, 33.905810672937285, 581, 186.447998046875, 361, 14, 202032.92455291748, 107.39605712890625, 546.1983032226562, 347.7330887313554
LOSS, 22310.370849609375, -18.897872924804688, 70.1418228149414, 22.42248326593907, 995, 207.0, 333, 12, 294172.3776550293, 85.1402587890625, 534.6856689453125, 295.6506308090747
LOSS, 15903.86572265625, -21.20392608642578, 71.0948715209961, 28.0491458953373, 567, 207.0, 362, 11, 178815.36605072021, 90.0987319946289, 553.17724609375, 315.3710159624695
WIN , 25544.0, -19.804176330566406, 75.670166015625, 21.286666666666665, 1200, 207.0, 319, 10, 344922.47953796387, 74.06751251220703, 554.7970581054688, 287.43539961496987
LOSS, 18097.178955078125, -18.575912475585938, 67.32640838623047, 28.014208908789666, 646, 175.0, 356, 12, 203538.98291015625, 76.47998046875, 539.368408203125, 315.07582493832234
LOSS, 12720.830322265625, -15.980766296386719, 68.1316146850586, 37.52457322202249, 339, 223.0, 377, 7, 122379.74153900146, 105.16108703613281, 553.5349731445312, 361.0021874306828
LOSS, 13439.343505859375, -18.98064422607422, 68.3575210571289, 22.250568718310223, 604, 223.0, 359, 8, 180192.98588562012, 97.22270965576172, 536.4439697265625, 298.33275808877505
LOSS, 15731.046569824219, -20.27497100830078, 70.5687484741211, 34.04988435026887, 462, 138.4561767578125, 369, 7, 164361.64642333984, 88.56060791015625, 543.2310791015625, 355.76113944445854
WIN , 25570.0, -18.326812744140625, 71.94295501708984, 39.27803379416282, 651, 175.0, 356, 17, 239947.0341644287, 104.55502319335938, 551.3381958007812, 368.5822337395218
LOSS, 12552.638916015625, -18.77500343322754, 61.98143005371094, 31.303338942682355, 401, 207.0, 373, 4, 136826.61318969727, 106.60909271240234, 535.8104248046875, 341.2134992261777
LOSS, 18752.16660308838, -17.662269592285156, 70.5867691040039, 35.92369081051414, 522, 209.6999969482422, 365, 5, 185956.76858520508, 75.72064208984375, 547.4984130859375, 356.23902027817064
LOSS, 1392.6699829101562, -21.34002685546875, 54.518951416015625, 0.23215035554428343, 5999, 205.0, 0, 5, 985745.521068573, 60.34724044799805, 525.4225463867188, 164.3183065625226
WIN , 26349.300003051758, -18.511802673339844, 66.5474624633789, 34.761609502706804, 758, 196.39999389648438, 349, 17, 266439.19763183594, 89.31217956542969, 551.2528076171875, 351.5028992504432
LOSS, 13987.02294921875, -17.35771942138672, 70.1408920288086, 29.82307665078625, 469, 223.0, 368, 13, 151986.90250396729, 75.34483337402344, 539.5743408203125, 324.0658902003567
WIN , 24742.0, -18.77500343322754, 82.6256332397461, 22.51319381255687, 1099, 191.0, 326, 14, 351440.44554138184, 87.53466796875, 550.4071044921875, 319.782025060402
LOSS, 2985.304039001465, -18.77500343322754, 70.34810638427734, 25.959165556534476, 115, 88.10316467285156, 392, 3, 34707.710304260254, 81.91191101074219, 555.8992309570312, 301.80617655878484
LOSS, 12225.439437866211, -18.77500343322754, 70.9926528930664, 43.50690191411463, 281, 156.09500122070312, 381, 8, 112089.61727905273, 131.88754272460938, 548.1318969726562, 398.89543515677127
LOSS, 22540.155517578125, -20.22071075439453, 70.5919418334961, 35.16404916938865, 641, 191.0, 357, 11, 220407.5434036255, 76.86842346191406, 559.6376953125, 343.8495216905234
WIN , 26345.0, -18.77500343322754, 69.0096206665039, 29.835787089467722, 883, 185.0, 341, 19, 291307.64250946045, 85.58989715576172, 545.9268188476562, 329.90672990878875
WIN , 26167.75, -33.000244140625, 91.46875, 28.443206521739132, 920, 159.5, 338, 15, 298136.122713089, -30.61021614074707, 555.5477905273438, 324.0610029490098
LOSS, 16553.6708984375, -18.77500343322754, 71.7455062866211, 34.06105123135288, 486, 223.0, 367, 6, 170656.25679779053, 98.61637115478516, 561.4611206054688, 351.1445613123262
WIN , 26346.90951538086, -22.893798828125, 70.3877944946289, 33.778089122283156, 780, 161.18096923828125, 347, 7, 277247.83826446533, 94.57378387451172, 567.615478515625, 355.4459464929043
LOSS, 9758.312622070312, -19.362228393554688, 66.1153335571289, 26.956664701851693, 362, 223.0, 375, 4, 114023.61361694336, 92.78743743896484, 532.7472534179688, 314.9823580578546
WIN , 25694.0, -32.99993896484375, 74.62158203125, 29.635524798154556, 867, 207.0, 342, 15, 283711.48973846436, 87.96574401855469, 559.987060546875, 327.2335521781596
WIN , 26180.0, -17.284523010253906, 88.98681640625, 34.629629629629626, 756, 175.0, 349, 27, 271986.46423339844, 92.02497863769531, 563.5272216796875, 359.7704553351831
LOSS, 12711.3125, -17.35771942138672, 66.9884262084961, 38.40275679758308, 331, 223.0, 377, 7, 126479.14833068848, 80.80355834960938, 562.3081665039062, 382.1122306063096
LOSS, 12906.93017578125, -33.000244140625, 69.4686050415039, 30.657791391404395, 421, 223.0, 371, 4, 143429.96403622627, 3.8163158893585205, 565.4998779296875, 340.6887506798724
LOSS, 15953.350440979004, -19.219680786132812, 68.6458511352539, 31.528360555294473, 506, 161.6999969482422, 366, 16, 175636.2780532837, 97.02420806884766, 556.4263916015625, 347.10726888000727
LOSS, 13432.00048828125, -18.20404815673828, 66.97562408447266, 38.70893512472983, 347, 207.0, 376, 10, 129009.22380065918, 91.25257873535156, 552.0792236328125, 371.7845066301417
LOSS, 3089.9998779296875, -13.330078125, 63.831764221191406, 23.059700581564833, 134, 191.0, 391, 1, 38963.43243408203, 96.74225616455078, 514.9992065429688, 290.77188383643306
LOSS, 24529.0, -18.870094299316406, 70.9081039428711, 39.2464, 625, 207.0, 358, 12, 242767.82537078857, 91.3051986694336, 571.9602661132812, 388.42852059326174
LOSS, -2084.0629501342773, -19.858810424804688, 57.84343719482422, -0.3474017253099312, 5999, 233.1259002685547, 0, 5, 983803.3946838379, 59.41335678100586, 531.9793090820312, 163.99456487478545
WIN , 26396.0, -18.99488067626953, 87.13134765625, 36.15890410958904, 730, 223.0, 351, 21, 275345.8092956543, 81.89832305908203, 563.0635986328125, 377.1860401310333
WIN , 10665.300003051758, -18.6700439453125, 82.88126373291016, 3.293792465426732, 3238, 164.39999389648438, 184, 13, 891211.9316482544, 78.23037719726562, 573.1728515625, 275.23530934164745
WIN , 26192.0, -18.5958251953125, 70.0441665649414, 35.299191374663074, 742, 191.0, 350, 20, 267994.5551300049, 88.83364868164062, 570.3526611328125, 361.1786457277694
LOSS, 4799.42919921875, 0, 63.19586944580078, 45.70884951636905, 105, 191.0, 392, 4, 42275.730895996094, 178.07537841796875, 536.5237426757812, 402.62600853329616
LOSS, 19617.96201324463, -18.532058715820312, 67.99430084228516, 39.157608808871515, 501, 193.6999969482422, 366, 12, 193307.61309051514, 93.70008087158203, 569.5416870117188, 385.84353910282465
LOSS, 16324.00048828125, -20.466514587402344, 70.0850601196289, 31.093334263392858, 525, 223.0, 364, 8, 176851.70719909668, 88.3418960571289, 561.248046875, 336.86039466494606
LOSS, 8490.181640625, -19.92292022705078, 68.41361236572266, 41.82355487992611, 203, 137.0, 386, 6, 79763.0277633667, 126.04631805419922, 581.2921142578125, 392.92131903136305
WIN , 25844.0, -18.287940979003906, 86.24755859375, 35.59779614325069, 726, 207.0, 351, 22, 265803.8647994995, 92.30367279052734, 569.62353515625, 366.12102589462745
LOSS, 21849.097900390625, -20.47958755493164, 70.2669448852539, 32.806453303889825, 666, 175.0, 355, 14, 235533.72534942627, 80.18904876708984, 569.1594848632812, 353.6542422664058
WIN , 26795.897872924805, -21.869972229003906, 67.72008514404297, 32.28421430472868, 830, 183.20425415039062, 344, 21, 297059.1447982788, 74.77127075195312, 566.8734130859375, 357.9025840943118
WIN , 26307.19354248047, -13.731895446777344, 69.5140609741211, 38.57359756961946, 682, 120.6129150390625, 354, 14, 257911.89387512207, 97.35620880126953, 569.588623046875, 378.1699323682142
LOSS, 17288.490478515625, -15.61279296875, 67.3888168334961, 33.89900093826593, 510, 191.0, 365, 10, 179913.36302947998, 95.29278564453125, 562.3843994140625, 352.7713000578039
LOSS, 21392.39306640625, -16.48967742919922, 71.6307601928711, 34.95489063138276, 612, 191.0, 359, 14, 225985.67254638672, 89.18737030029297, 567.655517578125, 369.2576348797169
LOSS, 24862.078857421875, -22.143329620361328, 70.2327651977539, 35.265360081449465, 705, 175.0, 352, 23, 258259.16597747803, 102.05960845947266, 574.3971557617188, 366.3250581240823
WIN , 26299.193550109863, -18.637435913085938, 70.3755874633789, 32.956382894874515, 798, 136.61289978027344, 346, 12, 296247.6761703491, 90.99723815917969, 566.85302734375, 371.2376894365277
WIN , 27111.812812805176, -17.298873901367188, 69.9385757446289, 32.4303981014416, 836, 151.37437438964844, 344, 21, 306328.984336853, 99.43598175048828, 577.7650756835938, 366.422230068006
LOSS, 23536.52001953125, -33.000244140625, 69.9190444946289, 32.59905819879675, 722, 223.0, 351, 11, 263185.01526117325, -40.0446662902832, 573.4196166992188, 364.52218180217903
LOSS, 23455.162109375, -16.48967742919922, 70.1534194946289, 33.845832769660895, 693, 207.0, 353, 18, 252120.72621154785, 86.84878540039062, 570.6405029296875, 363.8105717338353
LOSS, 24389.59999847412, -16.153297424316406, 71.2376937866211, 33.87444444232517, 720, 185.8000030517578, 351, 16, 255538.19605255127, 84.46099090576172, 573.3778076171875, 354.914161184099
LOSS, 16660.333740234375, -18.462913513183594, 70.0456771850586, 38.03729164437072, 438, 191.0, 370, 10, 170791.1121749878, 101.2102279663086, 564.7559204101562, 389.93404606161596
WIN , 25917.897872924805, -18.87009048461914, 71.1940689086914, 40.433538023283624, 641, 199.20425415039062, 357, 11, 256130.64191436768, 92.43775939941406, 572.3346557617188, 399.57978457779666
LOSS, 11519.742797851562, -15.41064453125, 70.1888198852539, 33.78223694384622, 341, 207.0, 377, 9, 122194.67784118652, 93.48348999023438, 572.2835693359375, 358.3421637571452
LOSS, 11453.999877929688, -34.0001220703125, 70.9175796508789, 28.492537009775344, 402, 223.0, 373, 10, 129851.25052452087, -8.020227432250977, 570.3943481445312, 323.01306100627085
LOSS, 4797.975646972656, -13.000030517578125, 68.33869171142578, 44.018125201584, 109, 191.0, 392, 2, 45227.29281616211, 203.366455078125, 561.356689453125, 414.9292918913955
LOSS, 9909.599998474121, -17.28390884399414, 69.9645004272461, 41.989830502008985, 236, 185.8000030517578, 384, 6, 94450.77529907227, 103.5067138671875, 555.561767578125, 400.2151495723401
WIN , 26353.25, -36.9998779296875, 71.59331130981445, 32.9415625, 800, 108.5, 346, 14, 289751.9662261009, -10.567876815795898, 570.6160278320312, 362.18995778262615
LOSS, 8675.08642578125, -11.88995361328125, 66.62711334228516, 43.1596339591107, 201, 127.0, 386, 7, 82975.12783813477, 97.1829833984375, 551.4095458984375, 412.81158128425255
WIN , 26304.40000152588, -19.39183807373047, 84.7616195678711, 35.594587282173045, 739, 146.1999969482422, 350, 17, 280372.82525634766, 83.13217163085938, 566.5609741210938, 379.39489209248666
WIN , 26640.65000152588, -17.35771942138672, 69.9654312133789, 36.54410151100944, 729, 193.6999969482422, 351, 21, 279738.349319458, 99.33247375488281, 570.0968017578125, 383.72887423793964
WIN , 26701.550003051758, -18.870094299316406, 91.21455383300781, 34.45361290716356, 775, 151.89999389648438, 348, 25, 297633.9404602051, 84.79034423828125, 573.4209594726562, 384.0437941422001
LOSS, 16569.565185546875, -18.512405395507812, 69.6779556274414, 39.735168310663965, 417, 207.0, 372, 11, 162640.39659881592, 100.3777847290039, 573.7857666015625, 390.0249318916449
WIN , 26714.40000152588, -37.11250305175781, 69.9803695678711, 8.869322709669946, 3012, 146.1999969482422, 199, 27, 632245.2635269165, -14.434852600097656, 558.103759765625, 209.9087860315128
WIN , 26733.75, -17.966819763183594, 84.11279296875, 36.87413793103448, 725, 127.5, 351, 25, 278097.75032043457, 93.78825378417969, 568.1649780273438, 383.58310389025456
LOSS, 23691.664695739746, -37.0, 69.6361312866211, 32.67815820102034, 725, 201.8000030517578, 351, 11, 260446.74451446533, 56.58436584472656, 557.3548583984375, 359.2368889854694
LOSS, 13063.330322265625, -18.14130401611328, 68.5408706665039, 34.107912068578656, 383, 223.0, 374, 7, 144685.77178955078, 77.3013687133789, 547.1632690429688, 377.7696391372083
LOSS, 22868.298095703125, -16.353904724121094, 67.8920669555664, 34.80715083059837, 657, 207.0, 356, 13, 243653.49784088135, 91.99994659423828, 556.7861938476562, 370.8576831672471
WIN , 26894.53271484375, -18.361602783203125, 69.2751235961914, 33.326558506621744, 807, 125.9345703125, 346, 28, 297324.7559890747, 97.32192993164062, 566.9715576171875, 368.4321635552351
LOSS, 11802.745727539062, -19.489715576171875, 70.6478042602539, 31.14180930749093, 379, 207.0, 374, 8, 129001.9923171997, 95.92912292480469, 562.4354858398438, 340.3746499134557
LOSS, 24639.962646484375, -17.525177001953125, 68.0135269165039, 37.333276737097535, 660, 191.0, 355, 19, 256458.5414199829, 106.79744720458984, 573.978759765625, 388.5735476060347
LOSS, 692.8948593139648, -21.34002685546875, 64.5356674194336, 0.11550172684013417, 5999, 210.5500030517578, 0, 4, 934181.1293334961, 61.127925872802734, 563.2161865234375, 155.72280869036442
LOSS, 11562.389404296875, -15.796192169189453, 67.3866958618164, 40.85649966182641, 283, 191.0, 381, 1, 112593.68314361572, 98.3083267211914, 580.6287841796875, 397.85753760994953
LOSS, 10623.577026367188, -17.662269592285156, 65.3127212524414, 32.09539887119996, 331, 207.0, 377, 11, 117219.69463348389, 77.6483154296875, 563.1436767578125, 354.13805025221717
LOSS, 16856.68115234375, -17.78815460205078, 68.5359878540039, 29.521333016363837, 571, 223.0, 361, 14, 197360.2691116333, 72.93278503417969, 570.0491333007812, 345.63970072089893
LOSS, 21759.74609375, -16.362655639648438, 70.6294937133789, 40.825039575515945, 533, 175.0, 364, 17, 210351.16094589233, 63.631343841552734, 579.3967895507812, 394.6550862024246
LOSS, 12732.300003051758, -16.757362365722656, 67.6894302368164, 36.378000008719305, 350, 180.39999389648438, 376, 5, 135005.03004455566, 101.62894439697266, 578.174560546875, 385.72865727015903
WIN , 27174.300888061523, -19.490169525146484, 84.08403015136719, 33.22041673357155, 818, 146.39822387695312, 345, 10, 297499.3300857544, 83.78336334228516, 576.5927734375, 363.69111257427187
LOSS, 16329.037353515625, -19.22290802001953, 70.8275375366211, 41.65570753447864, 392, 191.0, 373, 10, 158467.12355041504, 87.193603515625, 582.4994506835938, 404.25286620003834
WIN , 27104.90951538086, -19.35517120361328, 68.5835952758789, 29.55824374632591, 917, 145.18096923828125, 338, 19, 316102.96828460693, 71.90898132324219, 568.7301025390625, 344.7142511282518
WIN , 26887.40818786621, -18.20404815673828, 70.92120361328125, 33.15340097147498, 811, 180.18362426757812, 345, 24, 292198.94455718994, 64.19062805175781, 572.5000610351562, 360.29462954030816
LOSS, 24238.37001800537, -18.141456604003906, 69.5748062133789, 33.29446431044694, 728, 201.8000030517578, 351, 18, 271810.9122085571, 70.92677307128906, 580.7705688476562, 373.3666376491169
LOSS, 16229.614013671875, -21.34033203125, 69.8732681274414, 36.63569754779204, 443, 207.0, 370, 10, 166607.9365234375, 53.644508361816406, 594.3892211914062, 376.09015016577314
LOSS, 17057.300491333008, -18.721778869628906, 71.53997039794922, 36.215075353148634, 471, 196.39999389648438, 368, 10, 175935.23398590088, 66.45488739013672, 568.480224609375, 373.5355286324859
WIN , 26416.65000152588, -17.01622772216797, 69.7813949584961, 39.60517241608078, 667, 161.6999969482422, 355, 17, 270447.81119537354, 93.23458862304688, 583.9335327148438, 405.46898230190936
WIN , 26701.482124328613, -21.93566131591797, 91.23494720458984, 32.209266736222695, 829, 152.03575134277344, 344, 28, 303177.20028686523, 70.77034759521484, 578.9064331054688, 365.71435499018725
WIN , 26716.92911529541, -19.095069885253906, 71.4207992553711, 34.07771570828496, 784, 141.1417694091797, 347, 24, 293738.4477996826, 76.51158142089844, 576.6405029296875, 374.6663874995952
WIN , 27174.300003051758, -23.35700225830078, 65.7845230102539, 28.81686108489052, 943, 126.39999389648438, 337, 20, 321582.2405319214, 76.72300720214844, 569.0612182617188, 341.0204035333207
WIN , 26127.19354248047, -18.721778869628906, 70.15606689453125, 37.64725294305543, 694, 120.6129150390625, 353, 9, 271829.2144393921, 73.5645751953125, 580.57763671875, 391.6847470308243
LOSS, 5891.935707092285, -18.156944274902344, 66.8272933959961, 24.246649000379776, 243, 72.70939636230469, 383, 6, 76442.09398651123, 64.23324584960938, 566.4608764648438, 314.57651846300917
LOSS, 16185.65673828125, -17.66242218017578, 70.2757797241211, 35.03388904389881, 462, 175.0, 369, 9, 172358.95307922363, 75.0537109375, 579.5676879882812, 373.07132701130655
LOSS, 896.4723663330078, -19.858810424804688, 62.25761413574219, 0.14943696721670408, 5999, 203.39498901367188, 0, 5, 937599.802406311, 42.48918533325195, 553.4236450195312, 156.2926825148043
WIN , 27026.0, -16.873321533203125, 80.3955078125, 32.998778998778995, 819, 223.0, 345, 19, 309030.3415298462, 89.82305908203125, 579.728515625, 377.32642433436655
LOSS, 11276.211837768555, -11.18874740600586, 68.9424819946289, 45.838259503124206, 246, 208.30752563476562, 383, 5, 105822.79078674316, 178.05181884765625, 584.6271362304688, 430.1739462875738
WIN , 26682.0, -22.40154266357422, 68.1993637084961, 33.0631970260223, 807, 191.0, 346, 23, 305656.4289932251, 73.53521728515625, 566.9371337890625, 378.75641758763953
LOSS, 8296.860107421875, -12.774999618530273, 65.5870590209961, 45.8390061183529, 181, 207.0, 387, 5, 76984.70806884766, 289.2016296386719, 578.733154296875, 425.32987883341247
LOSS, 19837.363525390625, -16.48968505859375, 66.7650375366211, 26.9896102386267, 735, 223.0, 350, 7, 248430.8363418579, 76.61314392089844, 569.133544921875, 338.0011378800788
LOSS, 23174.49267578125, -21.869972229003906, 66.69454193115234, 24.575283855547454, 943, 191.0, 337, 13, 299243.9705657959, 66.30687713623047, 580.0151977539062, 317.3318881927846
LOSS, 11256.507934570312, -16.909072875976562, 67.2502670288086, 42.4773884323408, 265, 207.0, 382, 7, 111723.8139038086, 135.25738525390625, 590.0895385742188, 421.5992977502211
WIN , 28123.0, -17.21373748779297, 66.11556243896484, 28.010956175298805, 1004, 169.0, 333, 26, 359368.130279541, 63.451866149902344, 579.0242309570312, 357.9363847405787
WIN , 26503.0, -19.48955535888672, 84.36210632324219, 27.435817805383024, 966, 169.0, 335, 19, 323802.94718551636, 60.32575607299805, 569.075439453125, 335.199738287284
WIN , 26217.688247680664, -18.77600860595703, 71.98289489746094, 31.933846830305317, 821, 159.62350463867188, 345, 9, 293440.2953796387, 73.91773986816406, 578.7105102539062, 357.41814297154525
WIN , 27074.0, -16.757362365722656, 72.78667449951172, 31.591598599766627, 857, 207.0, 342, 31, 310355.67821502686, 63.70623016357422, 572.742919921875, 362.14198158112816
LOSS, 17040.65048980713, -16.157432556152344, 69.43778228759766, 36.72553984872226, 464, 209.6999969482422, 369, 9, 175191.9031906128, 85.52782440185547, 582.709716796875, 377.56875687632066
WIN , 26730.115753173828, -17.662269592285156, 64.9385757446289, 32.08897449360604, 833, 174.76849365234375, 344, 21, 304258.17583084106, 52.21005630493164, 569.6084594726562, 365.2559133623542
WIN , 27862.0, -17.84075927734375, 78.74755859375, 24.899016979445936, 1119, 191.0, 325, 31, 372934.93939971924, 75.30975341796875, 563.363037109375, 333.27519159939163
WIN , 27118.65000152588, -18.177906036376953, 67.2603530883789, 30.677205884079047, 884, 177.6999969482422, 341, 19, 321114.0588989258, 64.0428695678711, 579.9412841796875, 363.25119784946355
LOSS, 2851.0, -14.779937744140625, 62.15692138671875, 19.79861111111111, 144, 223.0, 390, 1, 41822.32088470459, 71.17695617675781, 575.266845703125, 290.43278392155963
LOSS, 22090.87158203125, -38.0, 66.0182876586914, 32.391307305031155, 682, 175.0, 354, 10, 255126.35162067413, -33.875221252441406, 577.9174194335938, 374.08555956110575
WIN , 27864.40000152588, -20.220741271972656, 82.0711898803711, 29.30010515407558, 951, 146.1999969482422, 336, 11, 343623.94136047363, 84.93877410888672, 565.6318359375, 361.329065573579
LOSS, 22332.538330078125, -36.0001220703125, 67.94791412353516, 32.79374204123073, 681, 191.0, 354, 20, 255169.70355033875, -14.153741836547852, 563.1989135742188, 374.6985367846384
LOSS, 25939.560485839844, -19.803565979003906, 65.6758804321289, 27.802315633268858, 933, 191.8800048828125, 337, 9, 323030.3109474182, 60.14072799682617, 580.2879638671875, 346.22755728555006
LOSS, 17529.53955078125, -16.48968505859375, 67.6296157836914, 38.19071797555828, 459, 207.0, 369, 7, 182752.32662963867, 72.49040985107422, 574.6223754882812, 398.1532170580363
LOSS, 13880.49951171875, -17.366004943847656, 67.5722427368164, 30.3067674928357, 458, 223.0, 369, 13, 165387.81912231445, 95.9150619506836, 571.0646362304688, 361.1087753762324
LOSS, 23463.140869140625, -17.596694946289062, 68.2094497680664, 36.94982814037893, 635, 175.0, 357, 15, 246627.28595733643, 81.6274642944336, 571.1331787109375, 388.3894267044668
WIN , 25523.75, -18.20465850830078, 68.2210464477539, 42.118399339933994, 606, 127.5, 359, 11, 248740.58631896973, 81.9214859008789, 580.2383422851562, 410.46301372767283
LOSS, 22134.3828125, -19.99938201904297, 65.8556137084961, 35.02275761471519, 632, 191.0, 357, 23, 250891.09784698486, 80.90531158447266, 579.7591552734375, 396.97958520092544
LOSS, 22779.54150390625, -20.966697692871094, 64.5659408569336, 33.013828266530794, 690, 191.0, 353, 12, 259926.31525421143, 91.53622436523438, 560.6493530273438, 376.7048047162484
LOSS, 5315.121925354004, -13.884445190429688, 66.13530731201172, 36.404944694205504, 146, 164.4399871826172, 390, 3, 56403.47766113281, 91.78886413574219, 571.0872192382812, 386.32518945981377
WIN , 26995.724082946777, -18.20465850830078, 68.4666976928711, 31.909839341544654, 846, 183.5518341064453, 343, 23, 322393.86307525635, 81.77971649169922, 574.1032104492188, 381.08021640101225
WIN , 27561.812812805176, -17.02751922607422, 68.04742431640625, 30.05650252214305, 917, 151.37437438964844, 338, 27, 331539.7060546875, 94.38053894042969, 575.8189086914062, 361.5482072570202
LOSS, 15729.87646484375, -17.662879943847656, 66.0323257446289, 32.77057596842448, 480, 207.0, 367, 9, 177678.39810943604, 80.2727279663086, 564.8411865234375, 370.16332939465843
LOSS, 21150.169677734375, -16.362045288085938, 70.4671401977539, 35.54650366005777, 595, 175.0, 360, 16, 229054.6656036377, 84.4798812866211, 565.9192504882812, 384.9658245439289
WIN , 26874.0, -36.998741149902344, 77.374267578125, 17.927951967978654, 1499, 207.0, 300, 18, 409492.9958152771, 46.85287857055664, 577.3817749023438, 273.17744884274657
WIN , 27090.0, -18.870704650878906, 82.738037109375, 34.42185514612452, 787, 175.0, 347, 19, 297694.8111038208, 83.89562225341797, 583.4955444335938, 378.2653254178155
LOSS, 14446.967041015625, -33.000244140625, 69.6001205444336, 31.612619345767232, 457, 191.0, 369, 10, 163542.3840265274, 6.475190162658691, 567.02587890625, 357.8607965569527
LOSS, 20122.39892578125, -19.024444580078125, 61.292945861816406, 24.24385412744729, 830, 223.0, 344, 16, 270805.32121276855, 91.54098510742188, 558.3113403320312, 326.271471340685
LOSS, 15946.306579589844, -36.0, 67.0857925415039, 29.584984377717706, 539, 138.4561767578125, 364, 10, 192962.13890075684, 89.16834259033203, 567.8128662109375, 358.00025770084756
WIN , 26604.53271484375, -34.99951171875, 81.33882904052734, 31.521958192942833, 844, 125.9345703125, 343, 17, 313973.2683029175, 71.56433868408203, 574.4298706054688, 372.0062420650681
LOSS, 23869.21728515625, -19.788185119628906, 65.1347885131836, 29.14434344951923, 819, 207.0, 345, 14, 281109.0132598877, 66.77464294433594, 575.55078125, 343.2344484247713
WIN , 26223.550003051758, -18.269027709960938, 92.33027648925781, 37.7860951052619, 694, 167.89999389648438, 353, 22, 274887.6635284424, 86.39411926269531, 584.2059936523438, 396.0917341908392
LOSS, 1081.6069107055664, -19.858810424804688, 60.71778869628906, 0.18029786809561033, 5999, 233.1259002685547, 0, 4, 1020047.6175804138, 55.2972297668457, 552.6190185546875, 170.0362756426761
LOSS, 11698.46240234375, -17.436920166015625, 68.63333892822266, 32.58624624608287, 359, 191.0, 376, 3, 136329.3304977417, 96.71583557128906, 571.5509643554688, 379.7474387123724
LOSS, 17219.42041015625, -18.405487060546875, 65.96326446533203, 24.04946984658694, 716, 223.0, 352, 15, 235079.2207183838, 86.25997161865234, 563.1357421875, 328.3229339642232
LOSS, 25172.197265625, -17.949302673339844, 67.3570785522461, 33.78818424916108, 745, 175.0, 350, 19, 279929.72425842285, 84.62277221679688, 580.39306640625, 375.74459632003067
LOSS, 4231.0, -16.18115234375, 62.2198486328125, 37.776785714285715, 112, 223.0, 392, 4, 42301.46497344971, 113.5368423461914, 577.3250122070312, 377.6916515486581
LOSS, 8256.138305664062, -19.132110595703125, 83.7953109741211, 27.52046101888021, 300, 175.0, 379, 4, 103472.9360961914, 91.10319519042969, 581.3009033203125, 344.9097869873047
LOSS, 10653.09326171875, -17.284061431884766, 64.1557846069336, 30.178734452461047, 353, 175.0, 376, 8, 127360.53649139404, 83.14927673339844, 581.2262573242188, 360.7947209387933
WIN , 26896.468879699707, -16.23963165283203, 66.553955078125, 36.7940750748286, 731, 162.06224060058594, 351, 16, 286085.13751220703, 106.97460174560547, 563.7755737304688, 391.3613372260014
LOSS, 5943.239501953125, -14.662391662597656, 64.3550796508789, 30.322650520169006, 196, 207.0, 386, 2, 70968.03046417236, 98.95889282226562, 550.6488037109375, 362.08178808251205
LOSS, 24753.510986328125, -18.20465850830078, 64.4597396850586, 29.25946925097887, 846, 223.0, 343, 16, 300966.54219818115, 84.64363098144531, 563.80810546875, 355.7524139458406
WIN , 27003.25050354004, -16.842613220214844, 78.40311431884766, 30.37485995898767, 889, 148.49899291992188, 340, 10, 320294.21224212646, 87.69378662109375, 564.8653564453125, 360.28595302826375
LOSS, 18573.723388671875, -16.362045288085938, 70.0301284790039, 42.309164894468964, 439, 223.0, 370, 16, 180161.08240509033, 96.33574676513672, 581.7601928710938, 410.38970935100303
WIN , 26398.300888061523, -36.998741149902344, 65.9230728149414, 14.425301031727608, 1830, 178.39822387695312, 277, 14, 484859.19660162926, -1.678091287612915, 561.4171752929688, 264.950380656628
LOSS, 21283.175537109375, -16.143577575683594, 69.5018539428711, 38.69668279474432, 550, 191.0, 363, 15, 222023.3913040161, 98.4335708618164, 563.9076538085938, 403.6788932800293
LOSS, 12046.771118164062, -19.577537536621094, 65.1732406616211, 31.785675773519955, 379, 191.0, 374, 11, 139954.88889312744, 91.98568725585938, 570.1724853515625, 369.2741131744787
WIN , 27055.250003814697, -17.38458251953125, 70.97441482543945, 31.79230317722056, 851, 124.49999237060547, 343, 29, 319792.11363983154, 86.587890625, 559.95849609375, 375.7839173206011
WIN , 26359.550003051758, -17.496543884277344, 93.21894836425781, 36.10897260692022, 730, 135.89999389648438, 351, 21, 285581.06437683105, 101.0677261352539, 567.2552490234375, 391.2069375025083
WIN , 27070.0, -18.20465850830078, 72.34130859375, 30.796359499431173, 879, 175.0, 341, 29, 322499.0625152588, 87.34384155273438, 547.8719482421875, 366.8931314166767
LOSS, 14384.469970703125, -17.662269592285156, 62.538673400878906, 32.9919036025301, 436, 207.0, 370, 8, 163130.18560028076, 78.27204132080078, 558.2186279296875, 374.1518018355063
LOSS, 6605.406150817871, -17.01622772216797, 57.564964294433594, 27.989009113635046, 236, 201.8000030517578, 384, 4, 83579.7756729126, 102.10478973388672, 535.9508666992188, 354.15159183437544
LOSS, -630.9638900756836, -19.858810424804688, 63.59540557861328, -0.10517817804228764, 5999, 218.2675018310547, 0, 6, 991921.4021987915, 69.10595703125, 553.8643798828125, 165.3477916650761
