LOSS, 27624.61767578125, -41.05982971191406, 42.585670471191406, 6.070010475891288, 4551, 207.0, 96, 26, 15644.320685468614, -5.5949201583862305, 56.75350570678711, 3.4375567315905546
WIN , 29200.680877685547, -45.14647674560547, 90.9804458618164, 5.4185713263472906, 5389, 153.63824462890625, 40, 39, 87467.597669065, -13.7584867477417, 103.42105865478516, 16.23076594341529
WIN , 29921.13641357422, -42.999755859375, 82.5732421875, 10.52819718985722, 2842, 172.7271728515625, 210, 38, 83296.07191163301, -9.177990913391113, 132.62835693359375, 29.308962671229068
LOSS, 15048.4775390625, -16.79682159423828, 53.525611877441406, 27.311211504650636, 551, 207.0, 363, 12, 24161.88402724266, -7.659336566925049, 122.0573959350586, 43.85096919644766
LOSS, 19250.49951171875, -21.34002685546875, 73.98009490966797, 19.366699709978622, 994, 223.0, 333, 19, 48800.157140016556, 1.550933599472046, 129.80775451660156, 49.094725492974405
WIN , 28572.065948486328, -41.999755859375, 84.67431640625, 15.49461277032881, 1844, 150.86810302734375, 277, 18, 85054.45397078991, -11.373969078063965, 145.70823669433594, 46.12497503838932
LOSS, 9415.824249267578, -12.9998779296875, 62.50495147705078, 31.386080830891927, 300, 135.58538818359375, 379, 9, 19131.60052204132, 8.862090110778809, 141.26950073242188, 63.77200174013774
LOSS, 21921.235153198242, -39.9996337890625, 64.7704086303711, 20.525501079773633, 1068, 177.10000610351562, 328, 22, 73687.62829327583, -5.871150970458984, 171.15773010253906, 68.99590664164404
LOSS, 24282.300003051758, -37.0, 53.167335510253906, 21.24435695805053, 1143, 180.39999389648438, 323, 27, 88059.65488862991, 4.946262836456299, 151.0942840576172, 77.04256770658785
WIN , 28799.786407470703, -23.067245483398438, 59.7216796875, 25.89908849592689, 1112, 175.42718505859375, 325, 22, 81285.92086207867, -3.2094643115997314, 150.82106018066406, 73.0988496961139
LOSS, 21688.98974609375, -47.43495178222656, 59.872657775878906, 25.45656073485182, 852, 191.0, 343, 18, 66627.59117603302, 10.311470985412598, 164.50717163085938, 78.20139809393547
LOSS, 19909.43408203125, -38.009620666503906, 63.180152893066406, 25.106474252246215, 793, 191.0, 347, 17, 73498.25969409943, 6.093184471130371, 184.63099670410156, 92.68380793707368
WIN , 28371.74871826172, -20.002357482910156, 64.342041015625, 27.545387105108464, 1030, 151.5025634765625, 331, 31, 99296.23778629303, -0.22153472900390625, 179.3417510986328, 96.4041143556243
LOSS, 25972.94970703125, -39.9998779296875, 62.211204528808594, 19.979192082331732, 1300, 191.0, 313, 29, 120192.56028079987, 3.124532699584961, 187.56224060058594, 92.45581560061528
LOSS, 13932.480712890625, -34.0, 60.289527893066406, 25.993434165840718, 536, 223.0, 364, 8, 60041.33310127258, 29.392240524291992, 208.28712463378906, 112.01741250237423
LOSS, 13991.344970703125, -20.70586395263672, 66.6188735961914, 20.365858763760006, 687, 207.0, 354, 10, 70987.32237529755, 6.9402570724487305, 204.91619873046875, 103.32943577190326
LOSS, 8223.261596679688, -25.092689514160156, 63.058982849121094, 11.730758340484575, 701, 191.0, 353, 9, 75999.47267150879, 30.719972610473633, 210.1942596435547, 108.41579553710241
LOSS, 12668.099731445312, -39.0, 57.345191955566406, 13.59238168610012, 932, 207.0, 337, 10, 96846.7410736084, 33.725311279296875, 217.1392059326172, 103.91281231073863
LOSS, 23206.722900390625, -24.43701171875, 60.148536682128906, 26.705089643717635, 869, 191.0, 342, 21, 102339.56953048706, 8.654829025268555, 209.44833374023438, 117.76705354486428
LOSS, -14049.197494506836, -28.867530822753906, 49.70824432373047, -2.341923236290521, 5999, 203.39498901367188, 0, 7, 581592.5801277161, 19.86956787109375, 196.89749145507812, 96.94825473040774
LOSS, 16269.0, -19.308311462402344, 57.913429260253906, 25.701421800947866, 633, 207.0, 357, 4, 95626.28108215332, 44.50922393798828, 264.2809753417969, 151.06837453736702
LOSS, 8931.0, -18.65074920654297, 59.705116271972656, 23.2578125, 384, 223.0, 374, 10, 54676.643016815186, 27.88436508178711, 256.913330078125, 142.38709118962288
LOSS, 14698.388916015625, -39.0, 65.05681610107422, 23.330776057167657, 630, 223.0, 357, 14, 84834.30803489685, 15.467512130737305, 245.3983917236328, 134.65763180142358
LOSS, 8621.821655273438, -14.557670593261719, 59.734718322753906, 35.77519359034621, 241, 207.0, 383, 4, 34300.84122276306, 31.799978256225586, 234.7086944580078, 142.32714200316624
LOSS, 20891.0, -37.00048828125, 62.991233825683594, 27.633597883597883, 756, 223.0, 349, 15, 117936.36929702759, 41.74369812011719, 251.37704467773438, 156.00048848813174
WIN , 27090.802505493164, -43.999755859375, 79.22574615478516, 18.01250166588641, 1504, 153.39498901367188, 299, 23, 224468.35580086708, -1.406585454940796, 276.2493591308594, 149.24757699525736
WIN , 27766.0, -21.37519073486328, 78.18115234375, 24.420404573438873, 1137, 223.0, 324, 25, 180285.21596431732, -3.0986738204956055, 288.25433349609375, 158.56219521927645
LOSS, 22130.14990234375, -20.662147521972656, 57.845458984375, 27.732017421483395, 798, 207.0, 346, 17, 137564.4319858551, 29.563451766967773, 280.0013122558594, 172.3865062479387
LOSS, 25073.540283203125, -21.462791442871094, 66.5782699584961, 25.14898724493794, 997, 223.0, 333, 16, 171093.05949401855, 5.637608528137207, 316.9362487792969, 171.6078831434489
WIN , 28164.0, -21.575790405273438, 72.84585571289062, 23.27603305785124, 1210, 207.0, 319, 30, 224124.57544326782, 47.515995025634766, 302.78106689453125, 185.22692185394035
LOSS, 14640.185035705566, -17.782089233398438, 60.393577575683594, 29.516502088116063, 496, 186.0166473388672, 366, 20, 88976.95432281494, 64.65727996826172, 313.72991943359375, 179.3890208121269
WIN , 27814.0, -42.25048828125, 71.2451171875, 22.557988645579886, 1233, 207.0, 317, 31, 223553.2524909973, 38.90540313720703, 307.0419006347656, 181.3083961808575
WIN , 27370.0, -18.891006469726562, 78.23486328125, 26.85966633954858, 1019, 175.0, 332, 25, 190325.73665618896, 28.362873077392578, 321.67877197265625, 186.7769741473886
LOSS, 12174.283546447754, -20.662147521972656, 54.360267639160156, 21.209553216807933, 574, 177.6999969482422, 361, 11, 98544.73667907715, 25.672521591186523, 327.75677490234375, 171.6807259217372
LOSS, 18324.771728515625, -19.930740356445312, 60.750343322753906, 24.079857724724867, 761, 175.0, 349, 10, 149415.53826904297, 29.550384521484375, 329.4591064453125, 196.34104897377526
LOSS, 22075.0029296875, -21.462791442871094, 61.827003479003906, 24.74776113193666, 892, 191.0, 340, 25, 178528.9538383484, 55.86566162109375, 320.51116943359375, 200.1445670833502
LOSS, 21461.0, -39.999755859375, 60.61332702636719, 16.05160807778609, 1337, 223.0, 310, 21, 215340.13356876373, 9.587616920471191, 309.2518310546875, 161.0621791838173
LOSS, 24839.47607421875, -18.462913513183594, 57.252418518066406, 26.09188663258272, 952, 207.0, 336, 22, 191083.34091186523, 57.056827545166016, 354.8882751464844, 200.71779507548868
LOSS, 21565.578369140625, -36.0, 63.897315979003906, 24.42307856074816, 883, 207.0, 341, 9, 171164.3970298767, 40.039794921875, 358.5373840332031, 193.84416424674598
LOSS, 7573.7698974609375, -18.444862365722656, 54.475318908691406, 23.090761882502857, 328, 207.0, 378, 5, 63233.89368057251, 45.430335998535156, 315.4170227050781, 192.78626122125766
LOSS, 19193.38671875, -23.0926513671875, 59.69579315185547, 25.797562794018816, 744, 191.0, 350, 14, 155331.74435424805, 71.3899154663086, 353.12408447265625, 208.77922628259145
LOSS, 11730.756301879883, -18.46306610107422, 59.823219299316406, 31.365658561176158, 374, 208.84262084960938, 375, 6, 72285.6258468628, 32.37103271484375, 312.6149597167969, 193.27707445685238
LOSS, 21924.374755859375, -39.999755859375, 83.09854888916016, 13.081369186073612, 1676, 207.0, 288, 24, 348627.6811275482, 22.525243759155273, 361.1883850097656, 208.01174291619822
LOSS, 14579.430908203125, -22.093284606933594, 64.9660415649414, 32.47089289132099, 449, 207.0, 370, 9, 100653.26006317139, 34.896080017089844, 340.260009765625, 224.17207141018127
LOSS, 20437.51035308838, -39.0, 63.727638244628906, 27.506743409271035, 743, 193.6999969482422, 350, 10, 161397.09392547607, 63.91033172607422, 380.24749755859375, 217.22354498718178
WIN , 27326.28749847412, -39.0, 65.9530258178711, 16.150288119665557, 1692, 122.42500305175781, 287, 22, 313845.7258720398, 26.340639114379883, 366.58319091796875, 185.48801765486985
LOSS, 8429.97314453125, -13.000030517578125, 64.5769271850586, 36.02552625868056, 234, 175.0, 384, 11, 55428.031425476074, 77.24457550048828, 344.3118896484375, 236.87192916870117
LOSS, 18184.00048828125, -36.0, 54.454566955566406, 25.01238031400447, 727, 223.0, 351, 15, 167657.854637146, 55.3773078918457, 368.32733154296875, 230.6160311377524
WIN , 28093.13641357422, -16.085250854492188, 67.529296875, 29.142257690429688, 964, 188.7271728515625, 335, 29, 224949.90296554565, 37.469852447509766, 367.8182373046875, 233.35052174849133
WIN , 27493.0, -23.95233154296875, 88.90922546386719, 25.71842843779233, 1069, 169.0, 328, 17, 240285.0562133789, 42.55940628051758, 373.60430908203125, 224.7755436982029
LOSS, 17768.326171875, -22.3905029296875, 61.812644958496094, 26.24568119922452, 677, 207.0, 354, 18, 148062.92014312744, 60.091094970703125, 357.1456298828125, 218.70446106813506
LOSS, 11182.525512695312, -23.0926513671875, 60.16288757324219, 21.71364177222391, 515, 191.0, 365, 8, 108214.16075515747, 39.380767822265625, 357.9601745605469, 210.12458399059702
LOSS, 17447.18896484375, -18.913787841796875, 58.90143585205078, 29.9265676926994, 583, 223.0, 361, 12, 142513.94515228271, 83.238525390625, 391.4837951660156, 244.44930557852953
WIN , 28132.0, -20.579551696777344, 69.81689453125, 24.851590106007066, 1132, 191.0, 324, 20, 263950.15871810913, 42.21330261230469, 390.8704833984375, 233.17151830221655
WIN , 27282.0, -39.999755859375, 58.68095397949219, 14.503987240829346, 1881, 191.0, 274, 26, 419877.78007507324, 33.47503662109375, 378.06365966796875, 223.2205104067375
LOSS, 13155.224998474121, -27.93701171875, 57.284767150878906, 2.1929029835762828, 5999, 194.5500030517578, 0, 29, 1159013.4974975586, 22.520111083984375, 400.84259033203125, 193.2011164356657
WIN , 27880.0, -26.092529296875, 80.916748046875, 23.079470198675498, 1208, 175.0, 319, 35, 287728.9889087677, 30.36469078063965, 385.6054992675781, 238.186249096662
WIN , 27621.45249938965, -24.158935546875, 75.22061157226562, 18.91880308177373, 1460, 172.09500122070312, 302, 34, 352416.52558898926, 50.89055633544922, 413.18255615234375, 241.3811819102666
LOSS, 12928.457885742188, -19.720443725585938, 65.5147476196289, 31.003496128878147, 417, 223.0, 372, 6, 107715.37265014648, 62.566001892089844, 402.2122497558594, 258.3102461634208
LOSS, 7803.4464111328125, -22.22850799560547, 53.22711944580078, 27.869451468331473, 280, 207.0, 381, 3, 77500.82202148438, 125.30607604980469, 386.3922119140625, 276.78865007672994
LOSS, 9359.47802734375, -16.940521240234375, 59.449363708496094, 27.938740380130596, 335, 191.0, 377, 6, 86526.21367645264, 117.39391326904297, 385.81890869140625, 258.2872050043362
WIN , 22119.45249938965, -44.999755859375, 92.76577758789062, 6.766427806481997, 3269, 156.09500122070312, 182, 20, 646649.2602329254, 9.964033126831055, 389.6646728515625, 197.81256048728218
LOSS, 14194.1884765625, -42.999755859375, 62.180397033691406, 28.5597353653169, 497, 223.0, 366, 18, 121993.59156417847, 56.63710021972656, 402.7716064453125, 245.45994278506734
LOSS, 9079.322265625, -25.624168395996094, 64.59540557861328, 30.467524381291945, 298, 207.0, 380, 9, 83254.81156921387, 92.10167694091797, 395.1939392089844, 279.37856231279824
LOSS, 6272.441467285156, -13.858749389648438, 58.430091857910156, 37.115038267959505, 169, 207.0, 388, 4, 45829.61333465576, 124.54854583740234, 393.68487548828125, 271.1811439920459
LOSS, 15091.0, -19.987876892089844, 58.589378356933594, 26.290940766550523, 574, 223.0, 361, 10, 146271.70570755005, 49.9377326965332, 409.654541015625, 254.8287555880663
LOSS, 10183.813720703125, -42.4028434753418, 53.52775573730469, 25.91301201196724, 393, 223.0, 373, 9, 101190.45346832275, 39.267112731933594, 426.7530212402344, 257.482069893951
WIN , 27669.2059173584, -18.721778869628906, 76.88966369628906, 19.70741162205014, 1404, 156.58816528320312, 306, 32, 364149.6439933777, 49.83302307128906, 400.3468933105469, 259.3658433001266
LOSS, 12717.578979492188, -16.084640502929688, 59.004432678222656, 29.85347178284551, 426, 223.0, 371, 9, 118134.36906051636, 63.42515182495117, 418.0552673339844, 277.31072549416984
LOSS, 20522.650390625, -20.1611328125, 60.252296447753906, 21.44477574777952, 957, 223.0, 336, 16, 252765.2102203369, 76.27589416503906, 397.7314758300781, 264.1224767192653
WIN , 27011.940521240234, -21.34002685546875, 64.1493911743164, 26.931147080000233, 1003, 171.11895751953125, 333, 21, 264400.4408226013, 46.250850677490234, 420.13397216796875, 263.60961198664137
LOSS, 7307.9051513671875, -18.204200744628906, 60.72807312011719, 31.63595303622159, 231, 191.0, 384, 3, 64776.19917297363, 90.93621063232422, 408.53033447265625, 280.4164466362495
LOSS, 16392.7236328125, -19.390625, 59.717628479003906, 22.182305321803113, 739, 223.0, 350, 13, 200820.90111541748, 77.16130828857422, 419.5877685546875, 271.7468215364242
WIN , 27195.75, -25.415565490722656, 67.69677734375, 16.16869797859691, 1682, 143.5, 287, 29, 382898.92817497253, 25.402273178100586, 456.0135498046875, 227.64502269617867
WIN , 26461.0, -37.0, 93.73832702636719, 15.411182294700058, 1717, 153.0, 285, 23, 436177.48236083984, 54.25897216796875, 423.8146057128906, 254.0346431921024
LOSS, 19421.203369140625, -20.1070556640625, 65.6297836303711, 25.124454552575195, 773, 207.0, 348, 16, 208967.83225250244, 55.208778381347656, 405.0140075683594, 270.3335475452813
LOSS, 21132.20066833496, -38.0, 64.9449691772461, 18.61867900293829, 1135, 194.09719848632812, 324, 13, 269232.82373809814, 46.95711135864258, 433.42333984375, 237.20953633312612
LOSS, 10544.325805664062, -19.198753356933594, 65.71829986572266, 33.68794187113119, 313, 223.0, 379, 5, 86707.5269241333, 71.67613220214844, 442.7462463378906, 277.02085279275815
LOSS, 8458.774658203125, -38.0, 57.10136413574219, 24.030609824440695, 352, 223.0, 376, 7, 97293.92712402344, 68.37442779541016, 403.4082336425781, 276.40320205688477
LOSS, 5429.7154541015625, -21.143096923828125, 55.447303771972656, 18.787942747756272, 289, 191.0, 380, 1, 75004.45048522949, 65.22362518310547, 405.0491943359375, 259.5309705371263
LOSS, 18962.690185546875, -18.462913513183594, 62.551185607910156, 26.04765135377318, 728, 207.0, 351, 17, 198398.87660217285, 86.32225799560547, 428.4416809082031, 272.5259293985891
WIN , 25813.74871826172, -38.0, 78.97705078125, 13.679782044653798, 1887, 167.5025634765625, 274, 23, 405814.33174705505, 19.0687313079834, 451.82733154296875, 215.05793945259938
WIN , 24332.0, -37.00048828125, 83.0548324584961, 4.57196542653138, 5322, 191.0, 45, 32, 836500.5035514832, 22.760746002197266, 446.4283752441406, 157.1778473415038
LOSS, 7926.6927490234375, -16.720489501953125, 56.278602600097656, 31.330801379539277, 253, 223.0, 383, 5, 72033.98511505127, 92.83106994628906, 446.56890869140625, 284.71930875514335
LOSS, 17463.978515625, -21.20392608642578, 59.7198486328125, 26.86765925480769, 650, 223.0, 356, 13, 189789.9176864624, 82.64521789550781, 475.8591613769531, 291.9844887484037
WIN , 26540.0, -22.906494140625, 75.550537109375, 16.84010152284264, 1576, 175.0, 294, 23, 398537.86937332153, 22.62613296508789, 428.9306335449219, 252.87935873941723
LOSS, 6208.05802154541, -14.546127319335938, 60.314231872558594, 27.714544739042008, 224, 175.5953826904297, 385, 7, 65679.47847747803, 123.5368881225586, 407.45477294921875, 293.2119574887412
WIN , 26464.0, -23.059722900390625, 81.42578125, 14.351409978308027, 1844, 207.0, 277, 26, 441987.41373825073, 45.907047271728516, 442.6592712402344, 239.68948684286917
LOSS, 19424.300003051758, -28.74755859375, 63.764854431152344, 16.658919385121575, 1166, 196.39999389648438, 322, 21, 335019.3224105835, 41.24542236328125, 435.5911865234375, 287.32360412571484
WIN , 27934.0, -21.34002685546875, 71.553955078125, 23.105045492142267, 1209, 207.0, 319, 21, 351287.5188140869, 88.42559814453125, 444.95501708984375, 290.56039604142836
LOSS, 9828.183670043945, -26.154998779296875, 59.656883239746094, 23.344854323144762, 421, 117.16171264648438, 371, 6, 112418.72548675537, 77.16975402832031, 428.3200378417969, 267.02785151248304
LOSS, 21457.51611328125, -20.1611328125, 62.680564880371094, 24.4112811300128, 879, 223.0, 341, 18, 255380.7236442566, 62.24752426147461, 450.3414611816406, 290.5355217795866
LOSS, 14435.462158203125, -18.350440979003906, 64.22811126708984, 26.831714048704693, 538, 159.0, 364, 7, 150668.90616607666, 82.90100860595703, 456.36932373046875, 280.053728933228
LOSS, 12427.494384765625, -20.95245361328125, 60.245582580566406, 25.99894222754315, 478, 191.0, 368, 9, 132913.2985458374, 85.38726043701172, 448.935791015625, 278.06129402894857
WIN , 27546.300888061523, -30.322265625, 72.94144439697266, 15.651307322762229, 1760, 162.39822387695312, 282, 22, 457317.38215637207, 36.208709716796875, 437.53662109375, 259.83942167975687
LOSS, 12956.65283203125, -20.7525634765625, 60.486366271972656, 20.087833848110463, 645, 175.0, 356, 8, 186994.67245483398, 75.42347717285156, 441.5040588378906, 289.9142208602077
LOSS, 10991.979835510254, -23.95233154296875, 63.018409729003906, 13.437628160770482, 818, 209.6999969482422, 345, 6, 179915.84568023682, 53.44635772705078, 454.496826171875, 219.94602161398143
LOSS, 6400.053161621094, -22.04345703125, 54.65911865234375, 17.11244160861255, 374, 186.4561767578125, 375, 5, 112682.79273986816, 104.01094055175781, 426.26263427734375, 301.29088967879187
LOSS, 16932.3046875, -26.092529296875, 66.4510269165039, 18.36475562635575, 922, 175.0, 338, 11, 228289.31663131714, 29.22136688232422, 434.9000549316406, 247.60229569557174
LOSS, -4723.527633666992, -37.9632568359375, 63.836265563964844, -0.7873858365839294, 5999, 203.39498901367188, 0, 6, 669152.4083595276, 11.372955322265625, 418.6459045410156, 111.5439920585977
WIN , 29066.0, -26.547019958496094, 57.786865234375, 21.514433752775723, 1351, 223.0, 309, 29, 378227.4365501404, 59.14094161987305, 447.0516357421875, 279.961092931266
LOSS, 10925.181030273438, -25.0433349609375, 63.724266052246094, 13.421598317289236, 814, 207.0, 345, 7, 222652.5566253662, 54.44091033935547, 413.5796203613281, 273.5289393432017
LOSS, 23692.743408203125, -27.71728515625, 60.634765625, 27.710811003746343, 855, 191.0, 342, 20, 242175.05352020264, 21.528549194335938, 437.7729797363281, 283.24567663181597
LOSS, 20995.65000152588, -18.597801208496094, 63.400184631347656, 28.565510206157658, 735, 193.6999969482422, 350, 13, 201040.37173080444, 50.781517028808594, 451.22515869140625, 273.524315280006
LOSS, 10059.837036132812, -18.0462646484375, 59.91668701171875, 22.25627662861242, 452, 172.5, 369, 5, 130067.50591278076, 92.7109375, 432.7190246582031, 287.75996883358573
LOSS, 19631.16943359375, -28.7164306640625, 62.900917053222656, 21.934267523568437, 895, 175.0, 340, 15, 242426.13706207275, 46.25175476074219, 465.2647399902344, 270.867192248126
LOSS, 10374.11767578125, -15.94012451171875, 57.122703552246094, 29.14077998814958, 356, 223.0, 376, 12, 113453.57209777832, 151.24501037597656, 455.39947509765625, 318.68980926342226
LOSS, 19170.93994140625, -22.184890747070312, 64.9776382446289, 22.34375284546183, 858, 175.0, 342, 16, 250500.49433517456, 51.232872009277344, 454.1545715332031, 291.95861810626405
LOSS, 19583.77197265625, -24.2333984375, 60.747825622558594, 23.4255645605936, 836, 175.0, 344, 17, 241115.2380218506, 37.85337829589844, 444.0436096191406, 288.4153564854672
WIN , 28534.0, -26.2908935546875, 85.9912109375, 20.965466568699487, 1361, 207.0, 309, 26, 383664.249584198, 59.067413330078125, 447.37274169921875, 281.8987873506231
LOSS, 4186.9814453125, -30.322418212890625, 56.525611877441406, 11.165283854166667, 375, 223.0, 374, 2, 106340.80657958984, 64.15461730957031, 485.3065185546875, 283.5754842122396
LOSS, 4338.99951171875, -18.72193145751953, 58.660888671875, 22.717274930464658, 191, 191.0, 387, 3, 47581.64014625549, 31.441312789916992, 428.8638916015625, 249.11853479714918
LOSS, 17089.02734375, -18.721778869628906, 64.4985122680664, 21.49563187893082, 795, 223.0, 346, 11, 222589.20672035217, 28.703569412231445, 452.76025390625, 279.9864235476128
LOSS, 26137.188720703125, -21.61432647705078, 64.0331039428711, 28.044193906333824, 932, 175.0, 337, 19, 271865.54193115234, 40.69902801513672, 450.01751708984375, 291.7012252480175
WIN , 28245.75, -23.370254516601562, 91.174560546875, 24.07992327365729, 1173, 143.5, 321, 27, 356914.4466819763, 41.343170166015625, 468.83697509765625, 304.2748906069704
WIN , 28208.65000152588, -32.036888122558594, 75.3072280883789, 20.134653819790064, 1401, 177.6999969482422, 306, 35, 418518.24405670166, 59.55950164794922, 458.8246154785156, 298.7282255936486
LOSS, 11249.140869140625, -21.562952041625977, 58.921119689941406, 27.63916675464527, 407, 223.0, 372, 5, 122251.5468788147, 38.28843688964844, 450.6224060058594, 300.3723510535988
LOSS, 13556.186279296875, -22.6483154296875, 59.7158203125, 25.057645617923985, 541, 207.0, 363, 6, 160324.44607543945, 44.718894958496094, 449.4462585449219, 296.34832915977717
WIN , 27908.83213043213, -40.999755859375, 62.693702697753906, 17.50867762260485, 1594, 197.3357391357422, 293, 28, 406271.8628349304, 36.46696472167969, 455.2259216308594, 254.87569813985598
LOSS, 6089.087097167969, -16.53789520263672, 56.23347473144531, 28.58726336698577, 213, 191.0, 385, 0, 64686.03434753418, 118.49510192871094, 431.26861572265625, 303.69030210109946
LOSS, 26038.699851989746, -26.092529296875, 63.243309020996094, 27.46698296623391, 948, 169.8000030517578, 336, 20, 288875.0175933838, 99.63946533203125, 459.81512451171875, 304.7204826934428
LOSS, 10568.700927734375, -34.57658386230469, 67.4642105102539, 17.440100540815802, 606, 207.0, 359, 11, 149026.67541885376, 33.7269401550293, 437.17523193359375, 245.9186063017389
LOSS, 26215.782470703125, -18.724082946777344, 82.20894622802734, 25.930546459647008, 1011, 175.0, 332, 22, 317547.62663269043, 71.57032775878906, 460.6250915527344, 314.09260794529223
LOSS, 7432.77490234375, -13.084762573242188, 67.4025650024414, 38.313272692493555, 194, 223.0, 387, 5, 59500.991371154785, 93.24884796142578, 451.5456237792969, 306.7061410884267
WIN , 26933.940521240234, -23.229408264160156, 71.5828628540039, 24.574763249306784, 1096, 187.11895751953125, 326, 28, 336745.61505126953, 53.97411346435547, 453.04937744140625, 307.2496487694065
LOSS, 22891.39697265625, -26.092529296875, 68.99588775634766, 22.50874825236603, 1017, 191.0, 332, 16, 288381.8255119324, 19.96243667602539, 437.72369384765625, 283.5612836892157
LOSS, 14238.9541015625, -18.046875, 63.209129333496094, 28.08472209381164, 507, 223.0, 366, 13, 144073.3643836975, 39.57915496826172, 459.7498474121094, 284.1683715654783
LOSS, 26790.888427734375, -26.915756225585938, 62.379981994628906, 18.946880076191214, 1414, 207.0, 305, 23, 434133.699634552, 58.71431350708008, 478.67742919921875, 307.0252472663027
LOSS, 17920.34393310547, -32.53395080566406, 64.3453140258789, 20.984009289350666, 854, 204.7271728515625, 343, 15, 264045.0616264343, 56.10433578491211, 433.9451904296875, 309.1862548318903
LOSS, 5051.0, -25.198747634887695, 56.626739501953125, 22.153508771929825, 228, 223.0, 384, 1, 69698.99153900146, 114.7415542602539, 426.5094909667969, 305.6973313114099
LOSS, 14273.832130432129, -39.09233093261719, 62.404396057128906, 17.86462093921418, 799, 197.3357391357422, 346, 21, 223214.02838897705, 78.9100112915039, 485.0382080078125, 279.36674391611643
WIN , 27414.0, -27.21044921875, 78.050537109375, 19.99562363238512, 1371, 207.0, 308, 31, 375543.7466506958, 58.181175231933594, 468.3664855957031, 273.9195818021122
LOSS, 15175.028564453125, -30.493690490722656, 68.4432144165039, 21.929232029556537, 692, 191.0, 353, 10, 187354.4131011963, 50.0467414855957, 462.0567626953125, 270.74337153352064
LOSS, 17348.357421875, -23.95233154296875, 63.606178283691406, 29.554271587521296, 587, 191.0, 360, 13, 181148.39330291748, 83.57884216308594, 446.1803894042969, 308.6003293065034
LOSS, 9236.332641601562, -17.357872009277344, 52.755043029785156, 20.991665094549006, 440, 223.0, 370, 8, 137418.65606689453, 93.90034484863281, 444.65093994140625, 312.3151274247603
LOSS, 16796.30859375, -31.092529296875, 59.613548278808594, 19.900839566054504, 844, 175.0, 343, 11, 240512.22945404053, 90.58493041992188, 471.0003356933594, 284.9670965095267
WIN , 28180.0, -34.02891540527344, 76.593017578125, 17.203907203907203, 1638, 175.0, 290, 34, 423614.2497177124, 41.701534271240234, 444.1479797363281, 258.6167580694215
LOSS, 18570.971435546875, -30.96187973022461, 66.8038101196289, 19.990281416089207, 929, 207.0, 338, 15, 236430.90187072754, 62.10242462158203, 458.14361572265625, 254.50043258420618
LOSS, 11370.645812988281, -39.0, 66.9676742553711, 17.280616737064257, 658, 196.1680908203125, 356, 9, 179831.19863128662, 65.81644439697266, 476.7090759277344, 273.2996939685207
LOSS, 5846.006042480469, -19.463272094726562, 60.23529052734375, 20.878593008858818, 280, 191.0, 381, 5, 73988.80693054199, 63.466819763183594, 415.2727355957031, 264.24573903764997
LOSS, 21398.5380859375, -21.408248901367188, 63.559471130371094, 27.971945210375818, 765, 191.0, 348, 16, 237107.51458740234, 118.84002685546875, 447.4980163574219, 309.94446351294425
LOSS, 16279.399658203125, -29.2047119140625, 62.18144989013672, 14.692598969497405, 1108, 223.0, 326, 16, 267432.1676635742, 34.53291702270508, 478.67333984375, 241.3647722595435
LOSS, 10616.421264648438, -26.092529296875, 69.93795013427734, 27.361910475898036, 388, 207.0, 374, 7, 113666.47440338135, 86.9000244140625, 443.00469970703125, 292.95483093654985
LOSS, 4707.204772949219, -25.784393310546875, 68.7465591430664, 26.444970634546173, 178, 191.0, 388, 3, 49211.7381439209, 104.88235473632812, 483.02960205078125, 276.47043901079155
WIN , 26332.0, -26.092529296875, 65.6490249633789, 23.13884007029877, 1138, 191.0, 324, 27, 354182.80366516113, 86.30083465576172, 453.14715576171875, 311.23269214864774
WIN , 26860.0, -21.6607666015625, 67.67354583740234, 16.55980271270037, 1622, 175.0, 291, 27, 428522.53845596313, 48.51526641845703, 470.47711181640625, 264.1939201331462
LOSS, 8348.949535369873, -16.00006103515625, 66.9386978149414, 42.38045449426331, 197, 119.9000015258789, 386, 6, 66067.3119506836, 216.07577514648438, 485.8774108886719, 335.3670657395106
LOSS, 13718.38525390625, -17.662269592285156, 62.194435119628906, 25.310673900196033, 542, 223.0, 363, 8, 154013.64555358887, 64.57579040527344, 439.5027770996094, 284.15801762654775
WIN , 28137.05731201172, -41.00048828125, 64.9636001586914, 16.84853731258187, 1670, 180.8853759765625, 288, 38, 479200.9098396301, 53.51533126831055, 439.1920471191406, 286.9466525985809
LOSS, 22428.556884765625, -23.7164306640625, 66.19832611083984, 22.250552465045264, 1008, 207.0, 332, 12, 300596.29161834717, 59.41001892089844, 453.8306884765625, 298.2106067642333
LOSS, 9244.604125976562, -26.092605590820312, 67.2874984741211, 29.16278904093553, 317, 223.0, 378, 7, 97498.98527526855, 111.25384521484375, 461.0096435546875, 307.56777689359166
LOSS, 10537.985595703125, -18.46306610107422, 61.47705078125, 18.263406578341637, 577, 207.0, 361, 6, 139575.93194961548, 30.39315414428711, 437.32647705078125, 241.89936213104934
LOSS, 22189.9052734375, -17.373077392578125, 67.7266616821289, 30.231478574165532, 734, 191.0, 351, 17, 233681.07677459717, 93.2922134399414, 455.43707275390625, 318.3665896111678
LOSS, 13278.037353515625, -21.3397216796875, 65.43111419677734, 26.13786880613312, 508, 223.0, 366, 12, 152565.05583190918, 98.70335388183594, 459.62445068359375, 300.3249130549393
LOSS, 11999.906494140625, -17.970420837402344, 61.86180114746094, 27.087825043206827, 443, 191.0, 370, 8, 136368.8278656006, 71.45372772216797, 438.6292724609375, 307.83031120903064
LOSS, 9883.708572387695, -18.783554077148438, 66.4006576538086, 33.166807289891594, 298, 196.39999389648438, 380, 4, 93325.72547912598, 86.26165771484375, 427.796142578125, 313.17357543330866
LOSS, 13223.208984375, -27.401123046875, 64.2568130493164, 22.00201162125624, 601, 207.0, 359, 10, 166290.33094787598, 56.213348388671875, 438.5914001464844, 276.68940257550076
LOSS, 5314.538269042969, -14.662391662597656, 60.483489990234375, 25.924576922160824, 205, 175.0, 386, 3, 65403.00061035156, 151.9915008544922, 443.3267517089844, 319.0390273675686
LOSS, 16610.833740234375, -34.99951171875, 66.35199737548828, 23.662156325120193, 702, 175.0, 353, 14, 200740.6036605835, 64.1695327758789, 454.7875671386719, 285.95527586977704
LOSS, 15940.93115234375, -20.161209106445312, 59.0869140625, 23.68637615504272, 673, 207.0, 355, 5, 187203.2490272522, 52.9150276184082, 446.29510498046875, 278.1623313926481
WIN , 27026.0, -24.652099609375, 74.085693359375, 27.38196555217832, 987, 223.0, 334, 20, 303972.38721466064, 108.91334533691406, 442.5254211425781, 307.97607620532995
WIN , 22772.0, -39.0, 88.328857421875, 7.0370828182941905, 3236, 191.0, 184, 30, 704490.0516242981, 42.02728271484375, 463.18475341796875, 217.7039714537386
WIN , 26712.0, -26.092529296875, 82.32489776611328, 24.108303249097474, 1108, 191.0, 326, 19, 329941.65364837646, 67.62543487548828, 453.71429443359375, 297.78127585593546
LOSS, 4843.9525146484375, 0, 65.8772964477539, 44.439931327049884, 109, 191.0, 392, 4, 36606.271743774414, 106.84732055664062, 470.2297668457031, 335.8373554474717
LOSS, 19722.843994140625, -31.092529296875, 70.3292007446289, 26.616523608826753, 741, 207.0, 350, 15, 218605.04472351074, 87.5486068725586, 468.9655456542969, 295.0135556322682
LOSS, 15108.330322265625, -28.666229248046875, 67.5053939819336, 20.983792114257813, 720, 223.0, 351, 15, 202828.2964630127, 84.50926208496094, 453.2591247558594, 281.70596730973983
LOSS, 9664.717041015625, -17.436920166015625, 69.06148529052734, 33.441927477562714, 289, 223.0, 380, 12, 93607.21543884277, 126.29121398925781, 461.24212646484375, 323.9003994423625
LOSS, 5778.5074462890625, -16.00006103515625, 66.2199935913086, 37.041714399288864, 156, 207.0, 389, 6, 52913.65299987793, 168.16734313964844, 426.8084411621094, 339.19008333255084
LOSS, 16766.022537231445, -30.99951171875, 67.9186782836914, 19.518070474076186, 859, 198.95590209960938, 342, 15, 263857.1045150757, 97.05447387695312, 447.00177001953125, 307.16775845759685
WIN , 26197.702308654785, -21.34002685546875, 84.68567657470703, 22.6427850550171, 1157, 159.5953826904297, 322, 23, 335257.1723327637, 69.57046508789062, 453.24041748046875, 289.7641938917577
LOSS, 11421.682373046875, -18.0462646484375, 64.2073745727539, 26.748670662873245, 427, 223.0, 371, 6, 127173.24229431152, 97.9806137084961, 447.1451110839844, 297.8296072466312
WIN , 26494.0, -39.537696838378906, 77.5390625, 19.78640776699029, 1339, 207.0, 310, 16, 346519.08588027954, 46.768978118896484, 444.1334228515625, 258.7894592085732
LOSS, 16679.48388671875, -21.898508071899414, 68.75394439697266, 30.053124120213965, 555, 223.0, 362, 13, 178929.69039916992, 51.935028076171875, 447.276123046875, 322.3958385570629
LOSS, 12333.81640625, -23.773605346679688, 62.17414093017578, 25.068732533028456, 492, 191.0, 367, 7, 149325.01189422607, 93.32737731933594, 457.3999938964844, 303.5061217362319
LOSS, 25060.1494140625, -18.421524047851562, 65.5418930053711, 29.004802562572337, 864, 191.0, 342, 16, 278883.34719085693, 64.33353424072266, 461.2231750488281, 322.7816518412696
LOSS, 21669.79296875, -18.462913513183594, 66.0970230102539, 22.525772316787943, 962, 191.0, 335, 23, 285148.3413848877, 73.08526611328125, 454.7825622558594, 296.411997281588
WIN , 27170.0, -16.92375946044922, 65.28076171875, 34.00500625782228, 799, 175.0, 346, 12, 265571.5108413696, 72.32398986816406, 462.1362609863281, 332.3798633809382
LOSS, 11958.422607421875, -15.204170227050781, 66.52762603759766, 27.745760110027554, 431, 207.0, 371, 6, 134722.2110824585, 85.41173553466797, 461.5885009765625, 312.58053615419607
LOSS, 4829.0, -16.7203369140625, 64.14115142822266, 25.282722513089006, 191, 207.0, 387, 1, 60656.07362365723, 107.0311279296875, 442.0425720214844, 317.5710660924462
LOSS, 11851.48779296875, -17.66242218017578, 60.80413818359375, 26.93519952947443, 440, 207.0, 370, 3, 141672.63744354248, 116.61870574951172, 433.30560302734375, 321.983266917142
LOSS, 23591.462158203125, -21.98052215576172, 67.6781234741211, 29.379155863266657, 803, 207.0, 346, 17, 259812.7495803833, 111.0862808227539, 443.4273376464844, 323.5526146704649
LOSS, 20963.65000152588, -19.13690185546875, 81.5548324584961, 27.620092228624348, 759, 177.6999969482422, 349, 20, 236830.41883850098, 74.13847351074219, 441.72283935546875, 312.02953733662844
LOSS, 11523.999877929688, -20.662452697753906, 68.5222396850586, 27.503579660930043, 419, 223.0, 372, 11, 121438.75950622559, 79.5263671875, 454.30419921875, 289.8299749551923
LOSS, 4790.1353759765625, -18.702316284179688, 60.45037841796875, 27.062911728681144, 177, 191.0, 388, 5, 50612.89478302002, 102.3553695678711, 464.70501708984375, 285.9485580961583
LOSS, 8867.265625, -42.00006103515625, 60.171714782714844, 24.293878424657535, 365, 175.0, 375, 7, 110730.33531188965, 114.78604888916016, 444.3091125488281, 303.37078167641
LOSS, 19042.96142578125, -25.394287109375, 67.37662506103516, 20.69887111497962, 920, 175.0, 338, 13, 239598.9591064453, 49.93564987182617, 452.3208312988281, 260.4336512026579
LOSS, 19228.74365234375, -17.140594482421875, 66.07108306884766, 30.86475706636236, 623, 207.0, 358, 15, 193869.5771560669, 100.98423767089844, 448.20367431640625, 311.18712224087784
LOSS, 20569.276000976562, -19.065757751464844, 59.910499572753906, 17.98013636449, 1144, 186.447998046875, 323, 20, 334118.3231430054, 73.61405181884766, 438.229736328125, 292.06147127885083
LOSS, 25644.41064453125, -17.662879943847656, 64.4039077758789, 28.11887132075795, 912, 223.0, 339, 16, 293543.0213241577, 94.97367858886719, 447.7138671875, 321.8673479431554
LOSS, 6736.1693115234375, -20.078811645507812, 52.696533203125, 26.837327934356324, 251, 191.0, 383, 4, 82343.53381347656, 106.56777954101562, 455.0601806640625, 328.0618877030939
LOSS, 23742.204833984375, -26.064735412597656, 60.619117736816406, 24.731463368733724, 960, 223.0, 335, 26, 296582.23474502563, 51.179134368896484, 473.3692321777344, 308.9398278594017
LOSS, 21514.01513671875, -21.20423126220703, 65.83638763427734, 31.361538100173107, 686, 223.0, 354, 21, 215252.0330734253, 82.05551147460938, 462.2613830566406, 313.7784738679669
LOSS, 18714.530029296875, -18.462913513183594, 64.8683853149414, 29.56481837171702, 633, 175.0, 357, 15, 194331.59256744385, 77.2466049194336, 463.58355712890625, 307.0009361255037
LOSS, 25346.669921875, -17.795822143554688, 67.2166976928711, 23.95715493560964, 1058, 175.0, 329, 22, 315521.5677719116, 76.56120300292969, 468.082763671875, 298.22454420785596
LOSS, 19852.971435546875, -27.61760711669922, 69.9425277709961, 21.008435381531086, 945, 223.0, 336, 15, 265162.5774307251, 38.49439239501953, 453.8922119140625, 280.5953200325133
LOSS, 6982.9998779296875, -13.858749389648438, 59.585487365722656, 19.894586546808227, 351, 185.0, 376, 5, 98118.30870056152, 84.2550277709961, 429.6779479980469, 279.5393410272408
LOSS, 24006.055786132812, -28.20254135131836, 69.2623062133789, 33.295500396855495, 721, 186.447998046875, 351, 17, 228746.79287719727, 41.95606994628906, 457.6822509765625, 317.26323561331105
LOSS, 11805.941528320312, -20.463829040527344, 69.7603530883789, 26.11933966442547, 452, 207.0, 369, 9, 139892.30366134644, 54.742305755615234, 453.06549072265625, 309.4962470383771
LOSS, 19530.260108947754, -16.48967742919922, 70.0295181274414, 36.03369023791098, 542, 177.6999969482422, 363, 10, 179026.1418991089, 92.54944610595703, 453.19891357421875, 330.3065348692046
LOSS, -2923.4535064697266, -34.612281799316406, 54.15003967285156, -0.48732347165689727, 5999, 231.90701293945312, 0, 7, 564345.7149467468, 18.592815399169922, 428.187744140625, 94.07329804079794
LOSS, 15864.00048828125, -24.861297607421875, 63.962623596191406, 21.35127925744448, 743, 223.0, 350, 6, 227857.95623016357, 98.44509887695312, 444.990478515625, 306.67288860048933
LOSS, 19587.99951171875, -26.092529296875, 65.7558364868164, 28.06303654974033, 698, 223.0, 353, 13, 230332.75604248047, 58.427696228027344, 460.32525634765625, 329.98962183736455
LOSS, 13081.940795898438, -18.36114501953125, 62.774574279785156, 28.50096033964801, 459, 191.0, 369, 15, 131867.53175354004, 75.62409973144531, 458.4112243652344, 287.2930975022659
LOSS, 11411.0, -15.463035583496094, 57.90137481689453, 28.815656565656564, 396, 223.0, 373, 10, 129801.05146789551, 96.86994934082031, 453.4991760253906, 327.78043299973615
LOSS, 20009.618507385254, -18.123634338378906, 70.18346405029297, 35.98852249529722, 556, 193.6999969482422, 362, 11, 191487.00968933105, 108.12030792236328, 504.1647644042969, 344.4010965635451
LOSS, 14664.00048828125, -20.1611328125, 64.03510284423828, 19.371202758627806, 757, 223.0, 349, 16, 210652.223613739, 58.89622116088867, 449.28936767578125, 278.27242221101585
LOSS, 13691.21728515625, -18.20404815673828, 65.4830093383789, 27.827677408854168, 492, 223.0, 367, 11, 160637.15408325195, 88.2723159790039, 477.35723876953125, 326.49828065701615
LOSS, 16172.744384765625, -26.092529296875, 64.1359634399414, 19.485234198512803, 830, 223.0, 344, 13, 249367.36935043335, 58.912784576416016, 463.2649230957031, 300.4426136752209
LOSS, 15841.0, -26.092529296875, 62.491371154785156, 19.629491945477074, 807, 223.0, 346, 11, 248511.63537597656, 80.44157409667969, 454.00421142578125, 307.9450252490416
LOSS, 10860.576049804688, -20.6585693359375, 65.23650360107422, 25.98223935359973, 418, 191.0, 372, 8, 140870.8812789917, 94.21199035644531, 461.2311096191406, 337.01167770093707
LOSS, 13933.00048828125, -15.775001525878906, 70.2873764038086, 34.14951100068934, 408, 185.0, 372, 11, 130815.86713409424, 102.42894744873047, 478.364990234375, 320.6271253286624
LOSS, 7046.4305419921875, -18.46306610107422, 57.402565002441406, 24.131611445178724, 292, 191.0, 380, 6, 85299.49842071533, 80.90107727050781, 461.5523681640625, 292.1215699339566
LOSS, 16413.889404296875, -20.662452697753906, 67.1419448852539, 30.795289689112337, 533, 223.0, 364, 12, 177662.53344726562, 94.47477722167969, 480.6417236328125, 333.32557870031076
LOSS, 5176.624328613281, -16.86412811279297, 58.81401443481445, 22.217271796623525, 233, 191.0, 384, 2, 68153.8143157959, 126.33706665039062, 450.2938537597656, 292.5056408403257
LOSS, 23559.470458984375, -26.092529296875, 68.3116683959961, 25.3327639343918, 930, 223.0, 337, 17, 303098.7734069824, 66.50031280517578, 446.7012023925781, 325.91265957740046
LOSS, 8101.683876037598, -16.00006103515625, 66.1177749633789, 34.04068855477982, 238, 208.6586151123047, 384, 6, 80550.04479980469, 153.23690795898438, 448.1222839355469, 338.44556638573397
LOSS, 21974.9072265625, -36.0, 64.1924057006836, 24.74651714702984, 888, 175.0, 340, 20, 254515.99379730225, 65.70651245117188, 467.23345947265625, 286.61711013209714
LOSS, 6906.10986328125, -17.326560974121094, 53.912269592285156, 23.732336299935568, 291, 223.0, 380, 3, 87075.50214385986, 92.3700942993164, 459.0355529785156, 299.22852970398577
LOSS, 20887.614601135254, -16.720947265625, 70.9282455444336, 33.102400318756345, 631, 209.6999969482422, 357, 10, 213619.74953460693, 82.19218444824219, 484.06982421875, 338.541599896366
LOSS, -3684.3301391601562, -30.322265625, 56.17441940307617, -0.6141573827571523, 5999, 205.0, 0, 4, 492280.0632715225, 10.675283432006836, 426.6265563964844, 82.06035393757668
WIN , 25623.078689575195, -21.562952041625977, 69.7569808959961, 19.559602053110837, 1310, 208.84262084960938, 312, 32, 382010.37979888916, 88.47073364257812, 454.66851806640625, 291.6109769457169
LOSS, 17084.93798828125, -40.11238098144531, 66.3768539428711, 31.12010562528461, 549, 223.0, 363, 17, 175371.5651550293, 88.98912048339844, 455.2679138183594, 319.4381878962282
LOSS, 17077.376953125, -18.75359344482422, 65.1485366821289, 23.077536423141893, 740, 223.0, 350, 17, 217628.61054611206, 60.95768356323242, 486.81256103515625, 294.0927169542055
LOSS, 20232.474853515625, -17.662269592285156, 59.903175354003906, 30.74844202661949, 658, 191.0, 356, 21, 220984.4478225708, 79.73023986816406, 451.8651123046875, 335.8426258701684
LOSS, 6412.9111328125, -16.876895904541016, 60.44444274902344, 31.282493330792683, 205, 207.0, 386, 4, 71100.5147857666, 157.3453826904297, 446.0418395996094, 346.8317794427639
LOSS, 25462.831787109375, -17.662879943847656, 64.6010513305664, 23.73050492740855, 1073, 207.0, 328, 19, 311581.3440437317, 54.00046920776367, 449.4473571777344, 290.3833588478394
LOSS, 19151.972900390625, -18.462913513183594, 65.5672378540039, 28.247747640694136, 678, 223.0, 354, 16, 204438.93421936035, 41.31512451171875, 471.0741882324219, 301.53235135598874
LOSS, 19486.65771484375, -23.24146270751953, 71.0918197631836, 21.366949248732183, 912, 175.0, 339, 15, 278620.81034851074, 74.81060791015625, 481.8645935058594, 305.505274504946
LOSS, 21288.664306640625, -30.322265625, 63.637306213378906, 27.29315936748798, 780, 207.0, 347, 15, 253765.60731506348, 81.83794403076172, 451.7773742675781, 325.3405221987993
WIN , 27652.398712158203, -25.0601806640625, 70.0350112915039, 26.310560144774694, 1051, 170.20257568359375, 329, 14, 331251.4920387268, 59.96501541137695, 459.03009033203125, 315.17744247262306
LOSS, 9301.117820739746, -36.0, 60.777198791503906, 23.02256886321719, 404, 201.8000030517578, 373, 7, 120027.73330688477, 107.07196807861328, 480.7910461425781, 297.09834976951674
LOSS, 15168.63037109375, -27.652587890625, 65.20467376708984, 25.92928268563034, 585, 175.0, 360, 9, 185071.52406311035, 74.79888916015625, 470.8453674316406, 316.36157959506045
WIN , 26356.65000152588, -18.721778869628906, 73.7032241821289, 25.967142858646188, 1015, 161.6999969482422, 332, 29, 312872.1611557007, 94.05575561523438, 461.75421142578125, 308.2484346361583
LOSS, 11284.599876403809, -20.540184020996094, 62.411399841308594, 26.86809494381859, 420, 201.8000030517578, 371, 8, 126569.24224853516, 78.09087371826172, 464.72943115234375, 301.3553386869885
LOSS, 12098.306762695312, -16.72203826904297, 66.6692123413086, 22.529435312281773, 537, 191.0, 364, 9, 177898.75311279297, 85.84715270996094, 460.3100891113281, 331.2825942510111
LOSS, 26494.341064453125, -30.25970458984375, 68.8475570678711, 25.136945981454577, 1054, 223.0, 329, 20, 319909.3846282959, 77.88958740234375, 467.7503967285156, 303.5193402545502
LOSS, 10924.163307189941, -38.9998779296875, 59.9560546875, 23.85188495019638, 458, 186.0166473388672, 369, 13, 134796.9147453308, 63.5734977722168, 454.94573974609375, 294.316407740897
LOSS, 7055.8516845703125, -18.52545166015625, 61.6619873046875, 33.599293736049106, 210, 223.0, 385, 2, 67227.06664276123, 119.39494323730469, 443.1286926269531, 320.1288887750535
LOSS, 16022.393798828125, -34.0869140625, 68.9012680053711, 28.01117796997924, 572, 175.0, 361, 14, 172371.1326904297, 82.41339111328125, 460.46685791015625, 301.3481340741778
LOSS, -3542.935478210449, -29.951278686523438, 51.128074645996094, -0.5905876776480162, 5999, 230.87095642089844, 0, 5, 504742.70635318756, 10.060354232788086, 429.41644287109375, 84.13780736009127
LOSS, 18958.036376953125, -21.38494873046875, 59.33837890625, 14.35127659118329, 1321, 191.0, 311, 17, 413276.80335235596, 104.76319885253906, 445.6805114746094, 312.8514786921695
LOSS, 7121.430717468262, -20.161209106445312, 65.3633804321289, 21.91209451528696, 325, 176.20106506347656, 378, 3, 96660.47122192383, 31.125, 452.3176574707031, 297.4168345289964
LOSS, 11781.0, -18.880462646484375, 60.54621505737305, 23.145383104125738, 509, 223.0, 366, 13, 140377.99863433838, 65.6220703125, 442.8066711425781, 275.79174584349386
LOSS, 21038.989936828613, -19.588043212890625, 67.7358169555664, 35.96408536210019, 585, 168.03575134277344, 360, 16, 193119.2985687256, 60.87579345703125, 455.7557373046875, 330.1184590918386
LOSS, 8935.635986328125, -39.0, 66.0640640258789, 29.106306144391286, 307, 175.0, 379, 6, 103527.09230041504, 149.40753173828125, 440.8912353515625, 337.2217990241532
LOSS, 16824.00048828125, -25.05841827392578, 66.1281509399414, 11.610766382526743, 1449, 223.0, 303, 9, 338467.58000946045, 74.47488403320312, 455.6270751953125, 233.58701173875806
LOSS, 13919.289794921875, -18.98522186279297, 70.50130462646484, 28.938232421875, 481, 223.0, 367, 14, 154604.32460021973, 79.29373168945312, 445.8526916503906, 321.4227122665691
WIN , 27834.0, -21.20392608642578, 86.885986328125, 22.428686543110395, 1241, 207.0, 317, 29, 388548.24744796753, 63.34138870239258, 452.6240234375, 313.09286659787875
LOSS, 10584.472534179688, -18.870330810546875, 58.3050537109375, 27.001205444335938, 392, 191.0, 373, 8, 135519.40199279785, 188.6175994873047, 465.39215087890625, 345.7127601857088
WIN , 26884.802505493164, -17.662879943847656, 67.38614654541016, 28.389442983625305, 947, 185.39498901367188, 336, 18, 312383.32066345215, 90.31576538085938, 456.9778137207031, 329.8662309012166
LOSS, 13523.724708557129, -39.0, 65.1811752319336, 22.76721331406924, 594, 153.5540008544922, 360, 8, 181903.0265235901, 60.38801193237305, 452.0601806640625, 306.2340513865153
WIN , 24091.550003051758, -43.11225891113281, 92.14595031738281, 9.160285172263025, 2630, 151.89999389648438, 224, 20, 581540.8454093933, 63.81528091430664, 449.7798767089844, 221.118192170872
LOSS, 8619.069213867188, -14.355575561523438, 65.79169464111328, 36.52147971977622, 236, 175.0, 384, 2, 81149.42330932617, 171.9470672607422, 469.9493713378906, 343.8534885988397
LOSS, 9765.786987304688, -15.562948226928711, 65.60904693603516, 36.71348491467928, 266, 223.0, 382, 4, 91378.37997436523, 122.23258972167969, 436.49639892578125, 343.52774426453095
WIN , 28052.0, -31.0001220703125, 82.7294921875, 19.838755304101838, 1414, 191.0, 305, 29, 409596.5848350525, 42.93793487548828, 448.4779357910156, 289.67226650286597
LOSS, 25269.23388671875, -23.71856689453125, 63.137107849121094, 27.318090688344594, 925, 191.0, 338, 15, 300055.7246017456, 89.66389465332031, 468.3808288574219, 324.38456713702226
LOSS, 22656.077880859375, -18.02057647705078, 61.75712585449219, 20.728342068489823, 1093, 175.0, 327, 19, 318746.39057922363, 84.32484436035156, 455.52532958984375, 291.62524298190635
LOSS, 5770.684646606445, -25.198747634887695, 61.420814514160156, 22.630135869044885, 255, 207.71273803710938, 382, 4, 77819.00582122803, 84.70853424072266, 455.29901123046875, 305.17257184795307
LOSS, 21594.314453125, -40.00048828125, 69.79695892333984, 24.04712077185412, 898, 191.0, 340, 8, 232655.18994903564, 46.41970443725586, 454.53118896484375, 259.08150328400404
WIN , 27570.0, -26.092529296875, 63.95166015625, 26.535129932627527, 1039, 175.0, 330, 21, 318605.51765823364, 59.9517707824707, 457.0994873046875, 306.6463115093683
LOSS, 26097.754150390625, -17.8045654296875, 66.0848159790039, 24.367650934071545, 1071, 223.0, 328, 17, 341194.4958343506, 93.66609191894531, 460.746337890625, 318.5756263626056
LOSS, 11691.0, -20.111412048339844, 60.847389221191406, 16.943478260869565, 690, 223.0, 353, 17, 178969.503074646, 61.41477966308594, 458.2895812988281, 259.37609141253046
LOSS, 13687.4306640625, -20.394668579101562, 67.1349105834961, 9.90407428658647, 1382, 223.0, 307, 20, 278456.18950271606, 40.6789436340332, 459.92498779296875, 201.48783610905647
LOSS, 3245.5345153808594, -17.66242218017578, 58.810272216796875, 21.3522007590846, 152, 175.0, 389, 2, 41814.367332458496, 121.81233215332031, 457.6307067871094, 275.09452192406906
LOSS, 20891.0, -34.0869140625, 63.670265197753906, 15.182412790697674, 1376, 223.0, 308, 15, 373334.9601364136, 95.07026672363281, 464.8255920410156, 271.31901172704477
WIN , 27760.0, -20.662147521972656, 89.156494140625, 12.164767747589833, 2282, 175.0, 247, 25, 523647.05392456055, 38.00879669189453, 456.5016784667969, 229.46847235957955
WIN , 26126.0, -41.999755859375, 78.50341796875, 15.959682345754429, 1637, 223.0, 290, 28, 429420.8155479431, 39.66770553588867, 481.95343017578125, 262.32181768353274
LOSS, 17338.45249938965, -20.977783203125, 64.11429595947266, 27.565107312225198, 629, 188.09500122070312, 358, 17, 208164.8963623047, 135.89414978027344, 476.23272705078125, 330.94578118013465
LOSS, 15958.467041015625, -31.45867919921875, 68.81795501708984, 25.615516919768258, 623, 223.0, 358, 16, 205876.05713653564, 127.7651138305664, 456.6255187988281, 330.459160732802
LOSS, 22659.887451171875, -26.946182250976562, 60.192771911621094, 20.76983267751776, 1091, 207.0, 327, 13, 339491.99379730225, 74.91041564941406, 469.4244689941406, 311.1750630589388
LOSS, 10398.693603515625, -24.982452392578125, 64.5177230834961, 18.60231413866838, 559, 207.0, 362, 9, 162793.31461334229, 66.3646011352539, 453.7807312011719, 291.2223875015068
LOSS, 17932.94775390625, -20.20429229736328, 59.431983947753906, 27.75998104319853, 646, 207.0, 356, 11, 210173.41876602173, 62.469783782958984, 461.3937072753906, 325.3458494830058
LOSS, 13380.234985351562, -26.994056701660156, 65.7680435180664, 23.850686248398507, 561, 175.0, 362, 10, 175763.69857406616, 56.74684143066406, 467.572998046875, 313.30427553309477
LOSS, 21842.6982421875, -19.001564025878906, 65.5614242553711, 21.498718742310533, 1016, 191.0, 332, 19, 277635.3377304077, 79.71815490722656, 463.0303039550781, 273.26312768740917
LOSS, 25374.64892578125, -20.094482421875, 63.218605041503906, 25.502159724403267, 995, 191.0, 333, 19, 329526.4968261719, 39.663917541503906, 467.8003845214844, 331.1824088705245
LOSS, 24774.82470703125, -24.459579467773438, 64.6043930053711, 22.359950096598602, 1108, 191.0, 326, 28, 327445.6903305054, 47.07219314575195, 476.7205810546875, 295.5286013813225
LOSS, 14043.494621276855, -21.462791442871094, 67.5951156616211, 27.42870043218136, 512, 192.19288635253906, 365, 11, 170981.66178894043, 74.01363372802734, 471.00262451171875, 333.9485581815243
WIN , 28144.0, -21.3397216796875, 62.641212463378906, 25.03914590747331, 1124, 207.0, 325, 26, 353147.75216674805, 79.73204803466797, 466.8523864746094, 314.1883916074271
LOSS, 11163.003807067871, -21.721885681152344, 67.7635726928711, 33.02663848244932, 338, 201.8000030517578, 377, 6, 115225.54922485352, 72.53314208984375, 471.23834228515625, 340.9039917895074
LOSS, -5879.633628845215, -24.115028381347656, 54.513450622558594, -0.9801022885222895, 5999, 218.2675018310547, 0, 5, 399113.5139620304, -5.155084609985352, 459.0951232910156, 66.53000732822645
LOSS, 12202.967407226562, -17.66242218017578, 55.997459411621094, 30.13078372154707, 405, 191.0, 372, 8, 130933.72033309937, 62.616703033447266, 476.74072265625, 323.2931366249367
LOSS, 23508.705322265625, -19.207626342773438, 69.1136703491211, 26.56350883871822, 885, 191.0, 340, 23, 286092.4218521118, 65.75918579101562, 474.9909973144531, 323.2682732792224
LOSS, 8251.522590637207, -16.7203369140625, 63.914085388183594, 34.09720078775705, 242, 184.83079528808594, 383, 7, 77461.42277526855, 75.0135498046875, 454.5386047363281, 320.0885238647461
LOSS, 7716.096656799316, -13.000030517578125, 64.2000503540039, 40.611035035785875, 190, 209.6999969482422, 387, 3, 64550.03269958496, 101.85490417480469, 468.23638916015625, 339.7370142083419
LOSS, 6274.4132080078125, -16.00006103515625, 57.29156494140625, 34.85785115559896, 180, 207.0, 387, 2, 62250.976219177246, 118.39847564697266, 459.08349609375, 345.8387567732069
LOSS, 18912.779541015625, -23.247657775878906, 62.70087432861328, 17.053904004522657, 1109, 175.0, 326, 12, 263771.90923309326, 25.14081382751465, 462.8559875488281, 237.84662690089564
LOSS, 8246.497192382812, -22.143638610839844, 68.8497085571289, 37.82796877239822, 218, 175.0, 385, 10, 76668.35650634766, 113.48599243164062, 483.05242919921875, 351.68970874471404
LOSS, 17691.0, -22.708656311035156, 65.7161636352539, 20.86202830188679, 848, 223.0, 343, 13, 259995.523147583, 68.75852966308594, 466.43109130859375, 306.5984942778102
LOSS, 17427.302490234375, -19.794105529785156, 61.69731521606445, 24.204586791992188, 720, 223.0, 351, 12, 229552.24195098877, 110.77510070800781, 470.84576416015625, 318.82255826526216
WIN , 28222.498138427734, -29.81298828125, 63.167388916015625, 24.821898098881032, 1137, 150.00372314453125, 324, 24, 362727.13513946533, 69.61295318603516, 475.32861328125, 319.02122703558956
LOSS, 11439.665771484375, -20.038673400878906, 63.410865783691406, 27.90162383288872, 410, 223.0, 372, 9, 128804.37940216064, 66.58010864257812, 465.1298828125, 314.15702293209915
LOSS, 14735.892234802246, -19.138656616210938, 60.405799865722656, 24.683236574208117, 597, 169.8000030517578, 360, 16, 204495.91668701172, 69.17181396484375, 458.3424072265625, 342.5392239313429
LOSS, 20618.52685546875, -32.8302001953125, 60.216896057128906, 20.05693273878283, 1028, 223.0, 331, 13, 337427.746963501, 84.3904800415039, 496.07763671875, 328.2371079411488
LOSS, 22497.65000152588, -27.71759033203125, 59.2052001953125, 19.529210070768993, 1152, 209.6999969482422, 323, 24, 344670.053276062, 47.8825569152832, 455.6456298828125, 299.19275457991495
LOSS, 12081.026489257812, -36.0001220703125, 58.0718994140625, 24.210473926368362, 499, 191.0, 366, 6, 161102.19216918945, 45.84368896484375, 462.3761901855469, 322.8500845073937
LOSS, 20090.2841796875, -17.662269592285156, 65.7338638305664, 27.483288891501367, 731, 207.0, 351, 22, 217711.6583404541, 52.78511047363281, 472.7781677246094, 297.82716599241326
LOSS, 11249.894485473633, -29.264892578125, 63.640357971191406, 24.089709819001357, 467, 196.39999389648438, 368, 8, 145313.13624954224, 32.39712905883789, 467.0702819824219, 311.16303265426603
LOSS, 5704.95166015625, -17.662269592285156, 63.88860321044922, 33.36229041027047, 171, 131.10009765625, 388, 4, 54656.13527679443, 98.60149383544922, 471.2187194824219, 319.6265220865171
LOSS, 19329.10205078125, -25.777374267578125, 67.9930648803711, 20.325028444564932, 951, 188.5, 336, 15, 255103.435962677, 37.05638885498047, 496.30120849609375, 268.2475667325731
LOSS, 26931.9189453125, -18.722389221191406, 67.27225494384766, 26.2238743381816, 1027, 175.0, 331, 18, 324281.9143638611, 39.48662567138672, 462.77923583984375, 315.75648915663203
