LOSS, 19836.735595703125, -36.364646911621094, 44.052955627441406, 5.962349142080892, 3327, 207.0, 178, 19, 7363.253526866436, -4.089516639709473, 32.849884033203125, 2.2131811021540235
WIN , 32291.482124328613, -47.948570251464844, 85.26570892333984, 9.338196103044712, 3458, 152.03575134277344, 169, 37, 42528.583219349384, -1.7875089645385742, 73.54071807861328, 12.298607061697336
LOSS, 5241.0, -21.67511749267578, 44.776222229003906, 20.235521235521237, 259, 223.0, 382, 5, 5033.064817667007, -0.137337327003479, 68.73075103759766, 19.43268269369501
LOSS, 24648.786376953125, -21.462791442871094, 51.689064025878906, 19.531526447664916, 1262, 207.0, 315, 27, 27965.596206188202, 3.1220388412475586, 85.4447021484375, 22.159743428041363
WIN , 30312.0, -25.202539443969727, 84.407958984375, 18.26024096385542, 1660, 191.0, 289, 35, 58884.77196311951, 12.019299507141113, 111.36219024658203, 35.47275419465031
WIN , 27897.40355682373, -41.81568145751953, 68.85811614990234, 10.275286761261043, 2715, 160.19288635253906, 218, 21, 98018.94976782799, 2.214704751968384, 119.8070068359375, 36.10274392921841
LOSS, 16299.38525390625, -39.00048828125, 56.79962158203125, 23.829510605126096, 684, 191.0, 354, 18, 37518.39182186127, 4.434484481811523, 127.41796875, 54.851450031960916
LOSS, 22414.965576171875, -39.9996337890625, 56.19574737548828, 18.648057883670447, 1202, 207.0, 319, 19, 71897.72354722023, 3.6880762577056885, 124.78983306884766, 59.81507782630635
LOSS, 18400.676513671875, -23.9520263671875, 56.317970275878906, 21.801749423781843, 844, 223.0, 343, 18, 51375.926715016365, 1.1764990091323853, 127.19293975830078, 60.871951084142616
WIN , 29086.83213043213, -21.010955810546875, 71.92708587646484, 24.670765165760923, 1179, 181.3357391357422, 321, 27, 83116.13042640686, -1.5820884704589844, 157.86279296875, 70.4971420071305
LOSS, 17134.789794921875, -18.774757385253906, 57.721778869628906, 27.503675433261435, 623, 207.0, 358, 15, 46517.00910758972, 6.437557220458984, 163.8105010986328, 74.66614624011191
WIN , 25481.45249938965, -39.999755859375, 66.54873657226562, 7.670515502525481, 3322, 172.09500122070312, 178, 30, 253257.7257964015, -0.5964711308479309, 167.77813720703125, 76.2365219134261
LOSS, 15507.933349609375, -19.72021484375, 56.892333984375, 26.240157951961717, 591, 175.0, 360, 6, 58651.42210006714, 27.94472885131836, 184.05618286132812, 99.24098494089195
LOSS, 26491.728515625, -37.0, 60.993553161621094, 21.48558679288321, 1233, 175.0, 317, 24, 119798.50128173828, -13.0853271484375, 193.3516082763672, 97.16017946612999
LOSS, 18672.752685546875, -21.721656799316406, 57.85026550292969, 20.81689262602773, 897, 175.0, 340, 15, 99916.88820266724, 24.46759796142578, 199.46153259277344, 111.39006488591666
LOSS, 16322.076904296875, -18.462913513183594, 57.96630859375, 21.00653398236406, 777, 191.0, 348, 12, 78564.12887001038, 24.7730712890625, 186.56423950195312, 101.11213496783832
LOSS, 15641.0, -39.0, 62.309486389160156, 23.80669710806697, 657, 223.0, 356, 17, 82382.3430480957, 24.518875122070312, 213.19528198242188, 125.39169413713196
LOSS, 7232.2579345703125, -13.13653564453125, 56.015846252441406, 31.5819123780363, 229, 223.0, 384, 5, 29045.35729598999, 11.759925842285156, 205.85464477539062, 126.83562137986895
WIN , 26328.065948486328, -42.00048828125, 80.51904296875, 16.191922477543866, 1626, 198.86810302734375, 291, 28, 191023.3462691307, 2.7202305793762207, 233.1173095703125, 117.48053276084299
LOSS, -7000.417549133301, -31.181137084960938, 62.38996124267578, -1.1669307466466579, 5999, 225.83509826660156, 0, 7, 534124.711242199, 1.195854663848877, 217.76821899414062, 89.03562447777945
LOSS, 22961.94091796875, -39.999755859375, 59.861961364746094, 21.662208413178067, 1060, 175.0, 329, 16, 159000.1298942566, 42.97907638549805, 273.79449462890625, 150.0001225417515
LOSS, 23442.201416015625, -39.0, 81.39435577392578, 21.195480484643422, 1106, 191.0, 326, 21, 156230.46564483643, 16.10370445251465, 273.0585632324219, 141.25720221052117
LOSS, 17041.3857421875, -39.0, 60.187904357910156, 23.376386477623456, 729, 223.0, 351, 12, 103912.1668586731, 20.0756778717041, 271.9515075683594, 142.54069527938697
LOSS, 13294.391235351562, -20.855819702148438, 59.388038635253906, 30.702982067786518, 433, 207.0, 371, 8, 68546.37184524536, 40.652164459228516, 270.7422790527344, 158.3057086495274
LOSS, 20988.1796875, -23.002235412597656, 60.666114807128906, 28.059063753342247, 748, 207.0, 350, 17, 124459.25617218018, 40.51726150512695, 291.0825500488281, 166.38937990933178
LOSS, 15574.00048828125, -35.99951171875, 55.32775115966797, 17.53828883815456, 888, 223.0, 340, 12, 146033.23501968384, 43.123382568359375, 306.7964172363281, 164.4518412383827
LOSS, 11858.833374023438, -19.71845245361328, 58.638816833496094, 23.071660260745986, 514, 207.0, 365, 15, 84728.80963897705, 33.929527282714844, 282.503662109375, 164.84204209917715
LOSS, 23575.63232421875, -25.414955139160156, 61.27471160888672, 22.756401857354007, 1036, 175.0, 330, 24, 179697.37788391113, 26.379398345947266, 290.13250732421875, 173.45306745551267
LOSS, 20969.276000976562, -21.3397216796875, 61.763526916503906, 21.35364154885597, 982, 186.447998046875, 334, 19, 169923.8629297018, 1.9280694723129272, 280.70916748046875, 173.03855695488983
WIN , 28239.40818786621, -20.450103759765625, 71.88922119140625, 24.156893231707624, 1169, 196.18362426757812, 322, 30, 222125.09386062622, 49.540061950683594, 303.70965576171875, 190.0129117712799
LOSS, 10252.56201171875, -16.084793090820312, 57.38761901855469, 32.44481649278085, 316, 207.0, 378, 7, 58662.585525512695, 59.317657470703125, 314.5606994628906, 185.64109343516677
WIN , 27407.688247680664, -39.0, 81.91819763183594, 20.700670881934037, 1324, 159.62350463867188, 311, 20, 235393.3066587448, 15.432915687561035, 334.07977294921875, 177.78950653983748
LOSS, 24047.6748046875, -22.3905029296875, 57.329933166503906, 26.572016358770718, 905, 223.0, 339, 15, 168375.48175048828, 33.588932037353516, 316.2412414550781, 186.0502560778876
WIN , 27299.40355682373, -20.307518005371094, 59.814064025878906, 25.60919658238624, 1066, 176.19288635253906, 328, 20, 207465.6629638672, 46.52006530761719, 324.1570129394531, 194.62069696422813
LOSS, 23756.507568359375, -19.1319580078125, 61.18817901611328, 24.142792244267657, 984, 175.0, 334, 18, 199510.56605529785, 54.28765106201172, 322.9887390136719, 202.75464030009945
WIN , 27641.707305908203, -40.350013732910156, 81.20174407958984, 19.701858379122026, 1403, 151.58538818359375, 306, 30, 267371.86444854736, 47.82353210449219, 332.17041015625, 190.57153560124544
LOSS, 12760.562133789062, -25.0601806640625, 53.948974609375, 16.091503321297683, 793, 175.0, 347, 12, 145719.82467651367, 51.19188690185547, 325.1701354980469, 183.75766037391384
LOSS, 10721.0, -36.9998779296875, 55.515052795410156, 17.662273476112027, 607, 223.0, 359, 7, 113438.29215240479, 68.45270538330078, 321.9989318847656, 186.88351260692716
LOSS, 8394.07861328125, -20.1611328125, 56.950904846191406, 21.690125615713825, 387, 223.0, 374, 4, 75224.82990264893, 73.09898376464844, 335.1961364746094, 194.37940543320136
WIN , 26323.300003051758, -23.832008361816406, 80.9725112915039, 15.905317222387769, 1655, 148.39999389648438, 289, 29, 270577.0157728195, 2.167093276977539, 347.9326171875, 163.49064397149215
WIN , 28346.0, -21.34033203125, 87.398681640625, 25.513951395139514, 1111, 223.0, 325, 26, 233618.8728942871, 64.35343170166016, 332.7535400390625, 210.27801340619902
LOSS, 21813.65000152588, -35.0, 81.83467864990234, 16.779730770404523, 1300, 177.6999969482422, 313, 23, 240350.9445991516, 31.445594787597656, 336.028076171875, 184.8853419993474
WIN , 26712.0, -44.999755859375, 89.4140625, 12.197260273972603, 2190, 191.0, 253, 25, 395172.05976486206, 29.27069854736328, 343.1139831542969, 180.4438629063297
LOSS, 8010.8480224609375, -10.0, 60.710975646972656, 33.65902530445772, 238, 223.0, 384, 9, 50419.22593688965, 52.70148468017578, 355.26287841796875, 211.84548712978844
WIN , 28202.0, -18.855422973632812, 67.85400390625, 26.9360076408787, 1047, 191.0, 330, 30, 238471.72003936768, 48.0465087890625, 364.15057373046875, 227.76668580646387
WIN , 27819.482124328613, -22.7734375, 60.681983947753906, 22.327032202510924, 1246, 136.03575134277344, 316, 24, 264922.5219039917, 50.81050109863281, 365.06817626953125, 212.61839639164663
LOSS, 5989.794525146484, -16.143577575683594, 60.015174865722656, 25.70727264011367, 233, 203.25335693359375, 384, 5, 52909.76425933838, 106.300537109375, 345.84832763671875, 227.08053330188145
WIN , 28344.0, -39.0, 62.174903869628906, 22.28301886792453, 1272, 207.0, 315, 33, 294005.52363967896, 45.885990142822266, 354.0840759277344, 231.13641795572244
LOSS, 19448.577880859375, -38.0, 64.09781646728516, 19.0672332165288, 1020, 175.0, 331, 20, 224037.75874328613, 58.30414962768555, 355.14862060546875, 219.64486151302563
LOSS, 24803.0185546875, -44.999755859375, 55.328880310058594, 22.944513001561056, 1081, 207.0, 327, 15, 261046.9339981079, 74.6175537109375, 378.9210510253906, 241.48652543765763
WIN , 27679.146949768066, -18.463523864746094, 71.2221450805664, 21.048780950393965, 1315, 196.7061004638672, 312, 25, 282233.2021141052, 42.5202751159668, 379.6695861816406, 214.6260092122473
LOSS, 17003.63916015625, -45.00006103515625, 56.089324951171875, 16.95278081770314, 1003, 223.0, 333, 8, 212412.99501228333, 20.741886138916016, 388.8390808105469, 211.77766202620472
LOSS, 13378.516235351562, -19.0604248046875, 60.307838439941406, 24.683609290316536, 542, 175.0, 363, 6, 132490.7854385376, 92.77118682861328, 380.1264343261719, 244.447943613538
LOSS, 17791.6435546875, -37.00048828125, 67.3891372680664, 26.35799045138889, 675, 191.0, 354, 23, 161053.4118118286, 77.59832763671875, 382.68402099609375, 238.59764712863497
WIN , 27642.0, -22.125389099121094, 58.46064376831055, 20.98861047835991, 1317, 191.0, 312, 23, 333029.47005462646, 82.4081039428711, 382.53863525390625, 252.8697570650163
WIN , 23352.0, -21.34033203125, 79.97964477539062, 12.099481865284973, 1930, 191.0, 271, 36, 439095.8999938965, 48.402156829833984, 374.80419921875, 227.5108290123816
LOSS, 10210.65576171875, -16.00006103515625, 65.30265045166016, 35.330988794874564, 289, 223.0, 380, 5, 74673.88607788086, 70.03791046142578, 375.1069030761719, 258.3871490584113
LOSS, 12877.518676757812, -20.82758331298828, 62.385475158691406, 25.806650654825276, 499, 207.0, 366, 6, 124709.41873931885, 75.24009704589844, 382.5933532714844, 249.9186748282943
LOSS, 16268.000732421875, -22.415077209472656, 61.374122619628906, 23.240001046316966, 700, 223.0, 353, 17, 169106.78885650635, 50.3196907043457, 385.54669189453125, 241.5811269378662
LOSS, 13022.478637695312, -43.019996643066406, 60.641700744628906, 25.18854668799867, 517, 175.0, 365, 5, 129269.06824493408, 81.01481628417969, 371.4070739746094, 250.03688248536574
WIN , 27948.83213043213, -39.999755859375, 70.52449798583984, 18.58300008672349, 1504, 197.3357391357422, 299, 25, 356119.34326553345, 36.77165603637695, 399.96282958984375, 236.78147823506214
LOSS, 12291.0, -36.0001220703125, 62.564918518066406, 11.133152173913043, 1104, 223.0, 326, 15, 239678.94427490234, 46.00955581665039, 369.5757751464844, 217.10049300262892
LOSS, 17228.50244140625, -36.0, 60.635902404785156, 23.440139376062927, 735, 223.0, 350, 16, 178376.82747268677, 46.515018463134766, 392.87066650390625, 242.68956118732893
LOSS, 7825.1082763671875, -10.0, 54.81292724609375, 38.17125988471799, 205, 223.0, 386, 4, 55599.08681488037, 106.16707611083984, 373.7637023925781, 271.21505763356276
WIN , 27662.753562927246, -21.880569458007812, 59.999610900878906, 25.21673068635118, 1097, 189.4928741455078, 326, 28, 288190.73221588135, 62.06666564941406, 418.49591064453125, 262.70805124510605
LOSS, 11089.86572265625, -17.966819763183594, 59.785301208496094, 27.450162679842204, 404, 175.0, 373, 9, 109839.00323486328, 101.22959899902344, 390.6995544433594, 271.87872087837445
LOSS, 15415.8671875, -38.0, 62.003684997558594, 25.996403351602023, 593, 191.0, 360, 18, 146251.72883605957, 81.66036224365234, 392.64215087890625, 246.63023412488965
WIN , 27494.0, -20.282371520996094, 67.2408218383789, 25.623485554520038, 1073, 207.0, 328, 31, 279504.4023551941, 50.70779037475586, 404.73724365234375, 260.48872540092646
LOSS, 11791.0, -21.20392608642578, 62.640602111816406, 21.674632352941178, 544, 223.0, 363, 7, 145045.99768829346, 104.32218170166016, 387.2024230957031, 266.62867222112766
LOSS, 24248.127197265625, -24.13300323486328, 65.3646011352539, 23.248444100925816, 1043, 207.0, 330, 20, 272714.2053909302, 79.62487030029297, 404.1845703125, 261.47095435372023
LOSS, 6546.24853515625, -23.332359313964844, 53.75450134277344, 21.116930758568547, 310, 207.0, 379, 3, 76351.63869476318, 104.22590637207031, 396.3550109863281, 246.29560869278447
WIN , 27755.940521240234, -25.784912109375, 74.7273941040039, 14.995105630059554, 1851, 203.11895751953125, 276, 33, 413071.58336639404, 34.67184066772461, 399.4793395996094, 223.16130922009404
LOSS, 15149.846923828125, -21.046142578125, 61.153099060058594, 25.63425875436231, 591, 159.0, 360, 9, 168644.70877075195, 100.52888488769531, 401.4323425292969, 285.3548371755532
LOSS, 12917.872802734375, -27.0916748046875, 60.78849792480469, 19.396205409511072, 666, 191.0, 355, 14, 154357.68208312988, 37.38236999511719, 430.650146484375, 231.76829141611094
LOSS, 18383.59619140625, -20.966697692871094, 59.810691833496094, 23.182340720562735, 793, 175.0, 347, 13, 226740.10804748535, 98.95770263671875, 402.4792785644531, 285.9269962767785
LOSS, 19350.48388671875, -28.704833984375, 63.785011291503906, 18.0676786990838, 1071, 191.0, 328, 23, 245714.35902404785, 53.39403533935547, 405.0404357910156, 229.4251718245078
LOSS, 10717.444458007812, -18.462913513183594, 58.89656066894531, 24.302595142874857, 441, 185.0, 370, 9, 116646.69426727295, 95.4041519165039, 391.902099609375, 264.50497566275044
LOSS, 12680.137084960938, -25.763916015625, 62.60321807861328, 21.78717712192601, 582, 207.0, 361, 13, 155557.41271209717, 74.1843490600586, 457.5498962402344, 267.2807778558371
LOSS, 23424.164794921875, -40.999755859375, 66.8761215209961, 8.698167395069392, 2693, 207.0, 220, 22, 504994.59857559204, 35.36903381347656, 417.2115478515625, 187.52120259026813
LOSS, -8210.502014160156, -29.857177734375, 50.22193145751953, -1.3686451098783392, 5999, 205.0, 0, 3, 781617.0693855286, 26.143896102905273, 413.343017578125, 130.2912267687162
LOSS, 22230.52734375, -23.21092987060547, 68.7203140258789, 24.482959629680618, 908, 175.0, 339, 18, 236596.93621063232, 89.17510986328125, 409.8362121582031, 260.56931300730434
LOSS, 18089.511962890625, -29.39208984375, 82.6256332397461, 13.724971140281202, 1318, 223.0, 312, 18, 309996.58822631836, 37.28732681274414, 427.0947570800781, 235.20226724303365
LOSS, 15828.269287109375, -19.263656616210938, 90.9798355102539, 18.776120150782177, 843, 223.0, 343, 16, 208121.55935287476, 50.383338928222656, 452.04571533203125, 246.8820395645015
LOSS, 5209.294944763184, -13.000030517578125, 57.165733337402344, 33.60835448234312, 155, 169.8000030517578, 389, 4, 42765.17562866211, 171.04466247558594, 404.3384094238281, 275.9043588945943
WIN , 27319.550003051758, -32.9345703125, 85.95088195800781, 28.517275577298285, 958, 135.89999389648438, 336, 23, 276359.1396179199, 67.73777770996094, 414.7299499511719, 288.4750935468893
WIN , 28495.415954589844, -34.546958923339844, 81.59814453125, 18.734658747264856, 1521, 164.1680908203125, 298, 30, 396565.4660873413, 80.27267456054688, 416.07891845703125, 260.72680216130266
LOSS, 22515.47265625, -26.002418518066406, 65.0942153930664, 26.33388614766082, 855, 223.0, 342, 26, 231749.66981887817, 55.87041091918945, 411.9237365722656, 271.0522454021967
LOSS, 18230.0, -22.7734375, 62.16728210449219, 25.96866096866097, 702, 185.0, 353, 19, 197751.61066055298, 36.17119216918945, 406.6654052734375, 281.6974510834088
LOSS, 16037.915283203125, -19.0604248046875, 61.708595275878906, 20.378545467856576, 787, 223.0, 347, 12, 218361.15798950195, 99.22388458251953, 422.21759033203125, 277.46017533608887
WIN , 27184.0, -23.7188720703125, 63.830177307128906, 18.417344173441734, 1476, 207.0, 301, 32, 420057.8270339966, 92.19186401367188, 419.30780029296875, 284.59202373577006
LOSS, 8636.400390625, -17.66242218017578, 60.139076232910156, 20.710792303657076, 417, 223.0, 372, 9, 114504.87453460693, 117.80267333984375, 424.29644775390625, 274.5920252628464
LOSS, 11800.670532226562, -34.0, 60.808616638183594, 22.650039409264036, 521, 207.0, 365, 11, 140854.50972366333, 37.412445068359375, 421.3840026855469, 270.35414534292386
LOSS, 16316.465087890625, -15.999755859375, 65.21186065673828, 33.29890834263393, 490, 223.0, 367, 11, 141971.14865112305, 75.51715087890625, 411.3320007324219, 289.7370380635164
LOSS, 21495.884254455566, -47.486572265625, 60.903236389160156, 24.538680655771195, 876, 214.8940887451172, 341, 17, 240493.17834854126, 55.554019927978516, 417.6033935546875, 274.53559172207906
WIN , 28209.40355682373, -26.092529296875, 65.3694839477539, 26.53753862354067, 1063, 176.19288635253906, 329, 11, 312637.1336517334, 67.40204620361328, 431.57818603515625, 294.1083101145187
LOSS, 7369.559875488281, -41.9998779296875, 58.481666564941406, 26.509208185209644, 278, 191.8800048828125, 381, 7, 77243.6731262207, 97.2135238647461, 407.3895263671875, 277.8549393029522
LOSS, 10526.703125, -23.21349334716797, 63.380958557128906, 24.652700526932083, 427, 223.0, 371, 6, 111659.11602020264, 98.06417846679688, 414.44232177734375, 261.49675882951436
LOSS, 1761.0, -13.000030517578125, 55.202362060546875, 17.097087378640776, 103, 223.0, 393, 2, 26621.32553100586, 118.99443054199219, 395.42791748046875, 258.45947117481415
LOSS, 15716.69580078125, -23.916519165039062, 61.515113830566406, 26.19449300130208, 600, 223.0, 359, 10, 170085.0324935913, 83.99789428710938, 435.8533020019531, 283.4750541559855
LOSS, 11682.690185546875, -34.0869140625, 63.855812072753906, 23.697140335794877, 493, 207.0, 367, 4, 149568.39903259277, 170.7750244140625, 406.433349609375, 303.38417653669933
LOSS, 11378.203979492188, -18.6700439453125, 64.57357025146484, 29.100265932205083, 391, 223.0, 373, 5, 112802.93309402466, 61.36502456665039, 416.0156555175781, 288.498550112595
WIN , 25852.114631652832, -48.204200744628906, 82.32489776611328, 5.839646404258602, 4427, 170.77073669433594, 104, 32, 870980.5876636505, 23.099931716918945, 449.7466735839844, 196.74284790233804
LOSS, 4442.7828369140625, -20.803001403808594, 52.854225158691406, 17.842501353068524, 249, 223.0, 383, 4, 66035.5309677124, 62.30888366699219, 421.1578369140625, 265.2029356133028
LOSS, 8026.503982543945, -14.307861328125, 60.2471923828125, 32.76124074507733, 245, 196.39999389648438, 383, 5, 73496.11430358887, 91.44755554199219, 423.5127258300781, 299.98414001464846
LOSS, 12960.630081176758, -38.428955078125, 57.3712158203125, 12.343457220168341, 1050, 180.39999389648438, 329, 9, 281347.279296875, 90.53014373779297, 416.6141052246094, 267.94978980654764
LOSS, 16114.00048828125, -24.626991271972656, 63.296730041503906, 20.192983068021615, 798, 223.0, 346, 15, 214112.81359100342, 85.16749572753906, 429.12371826171875, 268.3117964799542
LOSS, 23049.65966796875, -21.34033203125, 64.5885238647461, 22.313320104519605, 1033, 223.0, 331, 28, 275206.80211639404, 65.18486022949219, 428.23828125, 266.41510369447633
LOSS, 19106.72607421875, -24.18701171875, 62.563087463378906, 24.97611251531863, 765, 175.0, 348, 16, 228348.45095825195, 85.75939178466797, 422.0121154785156, 298.4947071349699
LOSS, 6364.570373535156, -21.923133850097656, 61.183692932128906, 19.58329345703125, 325, 207.0, 378, 4, 97599.41228485107, 114.12650299072266, 412.7905578613281, 300.30588395338793
LOSS, 11238.533813476562, -22.04345703125, 53.062744140625, 16.900050847333176, 665, 191.0, 355, 9, 188271.12446975708, 50.33658981323242, 416.93450927734375, 283.11447288685275
LOSS, 12091.03369140625, -23.42926025390625, 63.908607482910156, 29.78087116109914, 406, 207.0, 372, 9, 117613.40956115723, 129.35340881347656, 414.5189514160156, 289.6882008895498
LOSS, 21656.858154296875, -26.092529296875, 65.2132339477539, 22.234967304206236, 974, 223.0, 335, 22, 267122.49824523926, 58.770721435546875, 428.609375, 274.25307828053315
LOSS, 21426.61181640625, -25.2093505859375, 64.8421401977539, 20.72206171799444, 1034, 191.0, 331, 21, 290402.9220542908, 56.033172607421875, 417.8648986816406, 280.8538898010549
LOSS, 13563.3876953125, -26.002723693847656, 60.515357971191406, 23.02782291224533, 589, 223.0, 360, 9, 165681.5180130005, 59.82965087890625, 432.5191345214844, 281.29289985229286
LOSS, 12127.0, -16.7203369140625, 57.771217346191406, 25.1597510373444, 482, 191.0, 367, 7, 146449.14952850342, 123.10665130615234, 417.4228210449219, 303.83640981017305
LOSS, 5171.0, -25.53253936767578, 57.727256774902344, 16.68064516129032, 310, 223.0, 379, 5, 90603.71688079834, 86.07772064208984, 433.5210876464844, 292.2700544541882
LOSS, 21741.0, -34.0869140625, 62.976905822753906, 13.803809523809523, 1575, 223.0, 294, 15, 380376.9627151489, 35.099510192871094, 420.7515563964844, 241.50918267628504
LOSS, 17295.19384765625, -36.9998779296875, 65.9038314819336, 20.565034301612663, 841, 207.0, 343, 9, 232089.82139587402, 74.74945831298828, 433.0301208496094, 275.9688720521689
LOSS, 11341.783714294434, -20.662452697753906, 68.29199981689453, 25.203963809543186, 450, 201.8000030517578, 369, 8, 130571.58820343018, 85.57351684570312, 433.4527587890625, 290.1590848965115
LOSS, 5609.306213378906, -19.45868682861328, 63.503639221191406, 27.90699608646222, 201, 191.0, 386, 3, 64526.51834106445, 150.45420837402344, 427.0900573730469, 321.0274544331565
LOSS, 16972.329345703125, -17.672935485839844, 60.979835510253906, 33.60857296178837, 505, 223.0, 366, 14, 157106.25776672363, 104.68217468261719, 431.4975891113281, 311.1015005281656
WIN , 27378.65000152588, -26.032852172851562, 82.32489776611328, 18.599626359732255, 1472, 177.6999969482422, 301, 18, 399950.57137298584, 57.34495544433594, 447.3368835449219, 271.7055512044741
LOSS, 13707.490478515625, -36.9998779296875, 66.8196792602539, 14.55147609184249, 942, 223.0, 337, 12, 215467.0241355896, 49.93144607543945, 428.4322814941406, 228.7335712692034
LOSS, 4513.659912109375, -21.34002685546875, 61.10449981689453, 34.72046086237981, 130, 223.0, 391, 7, 38661.96681213379, 122.86754608154297, 433.3388977050781, 297.39974470872147
LOSS, 6083.655876159668, -34.0869140625, 61.24542236328125, 31.359050908039524, 194, 222.77796936035156, 387, 4, 63181.157287597656, 196.06488037109375, 448.8348693847656, 325.67606849277144
WIN , 27369.482124328613, -34.784912109375, 81.04451751708984, 19.452368247568312, 1407, 136.03575134277344, 306, 20, 383470.5881462097, 33.01417541503906, 436.46087646484375, 272.5448387677397
LOSS, 9121.487182617188, -13.548583984375, 61.788551330566406, 32.460808479064724, 281, 127.0, 381, 11, 91438.43035888672, 204.74722290039062, 436.8941650390625, 325.40366675760396
LOSS, 16985.307861328125, -36.675193786621094, 63.853370666503906, 22.92214286279099, 741, 223.0, 350, 11, 222624.06965637207, 69.8922348022461, 443.0605773925781, 300.43734096676394
LOSS, 19462.9736328125, -43.020606994628906, 65.0414047241211, 18.413409302566226, 1057, 175.0, 329, 22, 310702.3356323242, 80.04060363769531, 429.9371337890625, 293.94733740049594
WIN , 27044.0, -22.04345703125, 84.85107421875, 27.88041237113402, 970, 207.0, 335, 16, 288701.013961792, 100.45777893066406, 431.5252685546875, 297.6299113008165
LOSS, 14404.300003051758, -27.591102600097656, 67.9421157836914, 30.134518834836314, 478, 196.39999389648438, 368, 17, 148830.67070770264, 127.75719451904297, 427.0149841308594, 311.3612357901729
LOSS, 15557.599998474121, -45.988922119140625, 64.9739761352539, 18.13240093062252, 858, 169.8000030517578, 342, 12, 229950.00069618225, 31.235815048217773, 426.68255615234375, 268.0069938183942
LOSS, 21792.958251953125, -21.3397216796875, 67.80631256103516, 26.13064538603492, 834, 191.0, 344, 18, 249497.3856124878, 70.05558013916016, 423.74462890625, 299.1575367056208
LOSS, 10768.709350585938, -25.0433349609375, 66.3405532836914, 13.91306117646762, 774, 150.5, 348, 9, 184469.27782440186, 61.71266555786133, 443.2630310058594, 238.3324002899249
WIN , 28668.65000152588, -25.394287109375, 76.1373062133789, 17.054521119289635, 1681, 177.6999969482422, 287, 32, 534453.1664276123, 88.97911071777344, 438.4979248046875, 317.93763618537315
LOSS, 14553.641250610352, -32.412109375, 67.8697738647461, 2.4260112103034426, 5999, 197.71749877929688, 0, 32, 1070415.8696022034, 46.41972732543945, 439.7620544433594, 178.4323836643113
LOSS, 11766.3818359375, -38.0, 59.255287170410156, 21.238956382558666, 554, 175.0, 363, 11, 157346.61127471924, 79.3944320678711, 440.60650634765625, 284.01915392548597
LOSS, 12159.526733398438, -30.322265625, 64.1182632446289, 22.476019839923175, 541, 207.0, 363, 9, 167892.92775726318, 121.12200164794922, 455.0577087402344, 310.3381289413368
LOSS, 8034.02978515625, -38.9998779296875, 62.544471740722656, 23.56020464855205, 341, 223.0, 377, 8, 97925.30808258057, 121.95225524902344, 429.7232360839844, 287.17099144451777
LOSS, 15984.240478515625, -22.04345703125, 69.3373794555664, 34.44879413473195, 464, 207.0, 369, 8, 154332.92538452148, 168.63079833984375, 450.5533752441406, 332.6140633287101
WIN , 27782.65000152588, -22.606201171875, 91.1678237915039, 21.50359907238845, 1292, 209.6999969482422, 313, 27, 394181.2520904541, 82.00822448730469, 439.338623046875, 305.09384836722455
LOSS, 13600.25048828125, -20.839622497558594, 61.405921936035156, 26.824951653414693, 507, 223.0, 366, 13, 157381.04652404785, 93.92386627197266, 439.8924255371094, 310.4162653334277
LOSS, 7775.4576416015625, -16.00006103515625, 64.8747787475586, 40.70920231205007, 191, 186.447998046875, 387, 6, 60638.9485244751, 74.76207733154297, 434.4984436035156, 317.48140588730416
LOSS, 8603.406127929688, -17.35771942138672, 63.286659240722656, 35.69878061381613, 241, 207.0, 383, 5, 72919.2982635498, 126.78446960449219, 420.5985412597656, 302.5697023383809
LOSS, 12979.245483398438, -16.7203369140625, 64.18814849853516, 30.044549730088974, 432, 191.0, 371, 11, 133537.6227798462, 103.72887420654297, 434.9388122558594, 309.1148675459403
LOSS, 10480.560302734375, -27.4764404296875, 66.7507095336914, 30.644913165889985, 342, 175.0, 377, 11, 109661.28057861328, 137.97418212890625, 441.9967346191406, 320.64701923571135
LOSS, 8248.436279296875, -13.27532958984375, 65.69205474853516, 42.0838585678412, 196, 175.0, 386, 3, 63111.82502746582, 160.44009399414062, 441.3749694824219, 321.99910728298886
WIN , 26990.65000152588, -23.21349334716797, 85.0850601196289, 22.912266554775787, 1178, 193.6999969482422, 321, 25, 362010.0969276428, 57.12123489379883, 454.6531066894531, 307.30908058373757
LOSS, 14478.906494140625, -39.999755859375, 65.5409927368164, 22.658695608983763, 639, 223.0, 357, 10, 192842.07932281494, 101.52393341064453, 432.1609802246094, 301.78729158499993
WIN , 27604.0, -28.74755859375, 85.372314453125, 23.512776831345825, 1174, 207.0, 321, 29, 364974.04663848877, 95.20267486572266, 459.79449462890625, 310.88078930024597
LOSS, 8210.61181640625, -34.0869140625, 59.980369567871094, 13.707198357940317, 599, 223.0, 360, 8, 164280.73278808594, 95.94975280761719, 431.4002990722656, 274.2583185109949
LOSS, 17131.0, -40.999755859375, 61.568824768066406, 24.19632768361582, 708, 223.0, 352, 19, 219743.66757202148, 111.82218933105469, 458.4064025878906, 310.3724118248891
LOSS, 18571.544189453125, -25.2093505859375, 63.781349182128906, 26.72164631575989, 695, 175.0, 353, 13, 232901.63134765625, 129.54586791992188, 444.1884765625, 335.1102609318795
WIN , 27664.83213043213, -19.330223083496094, 68.8313980102539, 21.31342999262876, 1298, 165.3357391357422, 313, 28, 389317.62688446045, 74.71015930175781, 451.6845703125, 299.9365384317877
WIN , 27712.0, -19.39409637451172, 81.796875, 21.548989113530325, 1286, 191.0, 314, 29, 387528.51846313477, 65.31876373291016, 448.9630432128906, 301.3441045592028
LOSS, 21548.36474609375, -28.2391357421875, 67.6839599609375, 26.08760865144522, 826, 191.0, 344, 15, 259340.90299987793, 66.72393798828125, 437.5790100097656, 313.97203753011854
LOSS, 13715.650001525879, -43.019996643066406, 67.2466049194336, 22.447872342922878, 611, 193.6999969482422, 359, 13, 177365.9897994995, 66.87648010253906, 433.124755859375, 290.28803567839526
LOSS, 14496.841796875, -26.092529296875, 64.7411117553711, 24.16140299479167, 600, 207.0, 359, 6, 193010.51766967773, 110.77548217773438, 428.10321044921875, 321.68419611612956
LOSS, 15132.15234375, -22.7734375, 66.78397369384766, 25.43218881302521, 595, 223.0, 360, 13, 179255.36952209473, 70.78813171386719, 434.33050537109375, 301.26952860856255
LOSS, 19204.598487854004, -34.0869140625, 61.236793518066406, 4.120274294755204, 4661, 209.4382781982422, 89, 13, 750628.0815222263, 1.7773163318634033, 442.61859130859375, 161.0444285608724
WIN , 26341.786407470703, -31.092529296875, 77.0654296875, 28.294077773867564, 931, 191.42718505859375, 337, 18, 293611.88984680176, 109.20933532714844, 465.2850341796875, 315.3725991909793
LOSS, 13408.09228515625, -19.72021484375, 68.3290786743164, 27.53201701264117, 487, 223.0, 367, 14, 132681.59465026855, 37.900917053222656, 468.197509765625, 272.4468062633851
LOSS, 22874.835693359375, -23.5345458984375, 67.2112045288086, 31.508038145123106, 726, 191.0, 351, 20, 227823.86740112305, 77.88411712646484, 455.2640075683594, 313.80697989135405
LOSS, 7555.250709533691, -20.662376403808594, 65.5818862915039, 35.80687540063361, 211, 209.6999969482422, 385, 9, 67953.69676208496, 72.29316711425781, 432.0360107421875, 322.0554348913979
LOSS, 3363.3408203125, -25.20965576171875, 66.77298736572266, 29.764078055862832, 113, 207.0, 392, 2, 37093.43797302246, 112.1207275390625, 436.9488830566406, 328.260513035597
WIN , 23180.0, -41.999755859375, 71.6552734375, 6.285249457700651, 3688, 175.0, 154, 17, 767534.8660354614, 41.00642013549805, 435.2480163574219, 208.11682918532034
LOSS, 22871.0, -18.965835571289062, 63.338233947753906, 29.24680306905371, 782, 223.0, 347, 16, 244086.7389678955, 67.97858428955078, 445.15521240234375, 312.1313797543421
WIN , 27973.482124328613, -24.651870727539062, 87.73519134521484, 25.499983704948598, 1097, 168.03575134277344, 326, 26, 347529.44748306274, 61.28667068481445, 447.8068542480469, 316.79986096906356
WIN , 26303.13641357422, -23.718719482421875, 64.4783706665039, 24.605366149274293, 1069, 188.7271728515625, 328, 23, 321245.1430053711, 44.227054595947266, 472.4288330078125, 300.50995603870075
LOSS, 6761.642822265625, -12.9998779296875, 62.250587463378906, 41.22952940405869, 164, 207.0, 389, 4, 54448.79080200195, 158.46043395996094, 440.2693786621094, 332.00482196342654
LOSS, 5754.494689941406, -16.757362365722656, 63.138648986816406, 27.53346741598759, 209, 207.0, 386, 4, 63961.031188964844, 167.0101318359375, 425.189208984375, 306.0336420524634
LOSS, 10118.313232421875, -16.185134887695312, 65.56998443603516, 38.18231408461085, 265, 223.0, 382, 7, 85241.71477890015, 41.1224250793457, 470.9697265625, 321.6668482222647
LOSS, 15876.87158203125, -18.6700439453125, 67.2725601196289, 35.43944549560547, 448, 223.0, 370, 11, 148154.14987182617, 167.27951049804688, 441.1117858886719, 330.70122739246915
LOSS, 4549.387512207031, -34.0869140625, 65.6697769165039, 27.740167757359945, 164, 196.8853759765625, 389, 0, 52472.80658721924, 103.6373519897461, 452.1435546875, 319.95613772694657
LOSS, 20684.00048828125, -43.1231689453125, 62.216697692871094, 22.704720623799396, 911, 223.0, 339, 13, 280951.62160491943, 69.62315368652344, 459.20806884765625, 308.3991455597359
LOSS, 15476.885986328125, -22.632354736328125, 63.484718322753906, 19.29786282584554, 802, 175.0, 346, 10, 227700.9108467102, 50.728187561035156, 468.22442626953125, 283.91634768916487
LOSS, 24299.276000976562, -21.678466796875, 66.1107406616211, 30.642214377019624, 793, 186.447998046875, 347, 19, 240726.62602233887, 52.46650695800781, 444.5802001953125, 303.56447165490397
WIN , 26283.25050354004, -24.813011169433594, 87.53763580322266, 25.007850146089474, 1051, 148.49899291992188, 329, 17, 312402.8290977478, 44.56105422973633, 470.0725402832031, 297.2434149360112
LOSS, 14924.00048828125, -17.332069396972656, 67.5865707397461, 35.618139590170045, 419, 223.0, 372, 9, 133023.58923339844, 70.24127960205078, 459.2434997558594, 317.4787332539342
LOSS, -4799.825172424316, -27.592529296875, 54.79755401611328, -0.8001042127728482, 5999, 229.9903106689453, 0, 4, 539974.9941978455, 4.6991496086120605, 442.6700134277344, 90.01083417200292
LOSS, 8977.216674804688, -16.820022583007812, 67.1700210571289, 36.64170071348852, 245, 191.0, 383, 6, 82153.96257019043, 153.18832397460938, 448.0567932128906, 335.3222962048589
WIN , 26992.0, -39.999755859375, 77.115478515625, 22.7972972972973, 1184, 191.0, 321, 22, 350084.8597946167, 51.69894027709961, 465.30517578125, 295.6797802319398
LOSS, 7549.9616355896, -43.34996795654297, 65.0439224243164, 22.01154995798717, 343, 89.27838897705078, 377, 5, 90479.94202804565, 59.272605895996094, 456.5398864746094, 263.7899184491127
LOSS, 4837.113830566406, -29.934410095214844, 61.118408203125, 30.614644497255735, 158, 191.0, 389, 7, 43527.66467285156, 84.5904541015625, 419.7561340332031, 275.4915485623517
WIN , 26501.0, -20.966697692871094, 72.40409851074219, 26.160908193484698, 1013, 153.0, 332, 17, 305687.97467803955, 88.05712890625, 444.7986145019531, 301.7650292971763
WIN , 25520.0, -39.00048828125, 71.314697265625, 8.372703412073491, 3048, 175.0, 196, 29, 651852.8626556396, 42.62431335449219, 450.0805358886719, 213.86248774791326
LOSS, 10982.951316833496, -28.381263732910156, 68.18379974365234, 29.6836522076581, 370, 201.8000030517578, 375, 10, 107866.42509460449, 61.22760772705078, 442.68328857421875, 291.5308786340662
WIN , 28211.45249938965, -39.00048828125, 73.37734985351562, 19.389314432570206, 1455, 172.09500122070312, 302, 34, 423989.7610549927, 49.56402587890625, 448.3521728515625, 291.4018976322974
LOSS, 18802.562255859375, -28.87004852294922, 67.7547378540039, 21.43963769197192, 877, 175.0, 341, 18, 276615.4106063843, 93.66441345214844, 447.2142333984375, 315.41095850214856
LOSS, 6046.639587402344, -18.791488647460938, 56.671142578125, 22.148862957517743, 273, 191.0, 381, 2, 89238.47867584229, 125.38904571533203, 460.7994689941406, 326.8808742704846
WIN , 26804.0, -26.846092224121094, 67.0457992553711, 27.129554655870447, 988, 207.0, 334, 29, 300169.40490722656, 61.07111358642578, 464.6240539550781, 303.81518715306333
LOSS, 11341.046630859375, -17.357872009277344, 67.14681243896484, 30.08235180599304, 377, 191.0, 374, 7, 121605.26195526123, 75.1617431640625, 447.562744140625, 322.56037653915445
LOSS, 14203.108642578125, -15.999755859375, 63.36890411376953, 35.776092298685455, 397, 159.0, 373, 5, 135059.99019622803, 126.92407989501953, 481.2726135253906, 340.2014866403729
LOSS, 20834.10179901123, -16.7203369140625, 66.8331069946289, 32.65533197337184, 638, 208.19288635253906, 357, 17, 202159.79413604736, 60.186798095703125, 452.816650390625, 316.8648810909833
WIN , 26532.0, -19.239662170410156, 62.045509338378906, 25.659574468085108, 1034, 191.0, 331, 16, 342446.1995010376, 100.37052917480469, 451.1122741699219, 331.1858795948139
LOSS, 8190.174217224121, -18.77500343322754, 59.1058349609375, 30.446744301948407, 269, 201.8000030517578, 382, 7, 85636.9895439148, 47.247108459472656, 452.0172424316406, 318.3531209810959
LOSS, 10036.860008239746, -35.81298828125, 58.763458251953125, 10.179371205111304, 986, 201.8000030517578, 334, 11, 233127.8207168579, 56.257164001464844, 474.389404296875, 236.43795204549482
LOSS, 17103.293212890625, -18.462913513183594, 60.21296310424805, 25.992846828101253, 658, 207.0, 356, 16, 197119.03353881836, 60.16508483886719, 466.1366271972656, 299.572999299116
LOSS, 12122.29150390625, -26.092529296875, 63.606788635253906, 17.07365000550176, 710, 223.0, 352, 10, 176935.58786773682, 65.44483184814453, 461.5650634765625, 249.20505333484058
LOSS, -9600.000022888184, -32.36968994140625, 60.678245544433594, -1.600266714933853, 5999, 225.0000457763672, 0, 6, 476199.05347526073, -5.559982776641846, 459.40435791015625, 79.37973886902162
LOSS, 13534.385986328125, -20.902420043945312, 66.3170394897461, 33.010697527629574, 410, 175.0, 372, 10, 127269.66921234131, 68.28846740722656, 469.0831604003906, 310.41382734717394
LOSS, 12153.999877929688, -21.34002685546875, 64.4762191772461, 20.883161302284687, 582, 223.0, 361, 11, 153423.5425567627, 39.506072998046875, 454.0539245605469, 263.61433428997026
LOSS, 13853.264404296875, -42.999755859375, 58.63250732421875, 16.221621082314844, 854, 223.0, 343, 15, 211054.40126419067, 44.441261291503906, 462.7505798339844, 247.1363012461249
LOSS, 13779.208740234375, -35.0001220703125, 62.659523010253906, 23.00368737935622, 599, 207.0, 360, 9, 164944.79670715332, 71.16090393066406, 452.95635986328125, 275.36693941094046
LOSS, 20661.0, -36.0, 65.90811920166016, 30.250366032210835, 683, 223.0, 354, 11, 217128.54193878174, 70.85131072998047, 470.4338073730469, 317.90416096454135
LOSS, 4599.657958984375, -18.56298065185547, 55.504302978515625, 22.007932818107058, 209, 207.0, 386, 3, 65354.14506530762, 140.81112670898438, 485.6917724609375, 312.69925868568237
LOSS, 5094.1024169921875, -20.977706909179688, 60.78070831298828, 26.3943130414103, 193, 223.0, 387, 6, 63093.61071777344, 139.68527221679688, 471.9576416015625, 326.90990009209037
LOSS, 7657.0, -28.1610107421875, 68.5246810913086, 20.097112860892388, 381, 191.0, 374, 9, 127183.53671264648, 139.82264709472656, 457.8042907714844, 333.8150569885735
LOSS, 10110.728515625, -16.00006103515625, 64.1747055053711, 30.54600760007553, 331, 207.0, 377, 9, 113322.5740814209, 124.81475830078125, 464.4745178222656, 342.36427214930785
WIN , 25985.74871826172, -24.210060119628906, 79.5731430053711, 18.261242950289333, 1423, 183.5025634765625, 305, 27, 431981.5917892456, 95.09403228759766, 472.51922607421875, 303.57104131359495
LOSS, 8215.000244140625, -26.958084106445312, 64.8500747680664, 25.276923828125, 325, 223.0, 378, 4, 106036.0991973877, 137.79415893554688, 454.09844970703125, 326.26492060734677
LOSS, 12840.395751953125, -43.11225891113281, 65.9310073852539, 3.24006958161825, 3963, 223.0, 135, 18, 870780.1036834717, 73.08427429199219, 491.70556640625, 219.72750534531207
LOSS, 22178.8603515625, -34.0869140625, 65.8919448852539, 24.534137557038164, 904, 191.0, 339, 13, 277619.61430358887, 72.29264831542969, 461.88641357421875, 307.10134325618236
WIN , 26602.0, -40.999755859375, 68.0770034790039, 23.314636283961438, 1141, 191.0, 323, 21, 332631.13285446167, 62.48435592651367, 460.92376708984375, 291.5259709504484
WIN , 26322.0, -19.72021484375, 83.111572265625, 28.517876489707476, 923, 191.0, 338, 24, 306550.7381362915, 77.18181610107422, 469.5653991699219, 332.12431000681636
LOSS, 19821.11181640625, -27.9154052734375, 68.12064361572266, 26.569854981777816, 746, 207.0, 350, 14, 233637.02602386475, 78.42031860351562, 467.1736145019531, 313.18636196228516
LOSS, 7719.5872802734375, -39.9998779296875, 66.17452239990234, 8.654245829902957, 892, 191.0, 340, 6, 174784.8683052063, 35.567440032958984, 477.0903625488281, 195.9471617771371
LOSS, 2942.3602600097656, -20.114662170410156, 52.40184783935547, 14.283302233057114, 206, 191.0, 386, 2, 64538.069107055664, 122.95918273925781, 468.39215087890625, 313.2915976070663
LOSS, 14838.9150390625, -42.999755859375, 66.5709457397461, 15.819738847614605, 938, 223.0, 337, 14, 237876.0753173828, 53.70613098144531, 469.9150085449219, 253.59922741725248
LOSS, 12873.323974609375, -25.418472290039062, 63.274757385253906, 34.981858626655914, 368, 175.0, 375, 4, 125509.8872833252, 92.42169189453125, 466.24127197265625, 341.0594763133837
LOSS, 26125.0869140625, -18.046875, 65.6773910522461, 29.620279947916668, 882, 223.0, 341, 16, 288707.10721588135, 78.64045715332031, 489.9508361816406, 327.33232110644144
LOSS, 15694.0810546875, -39.9998779296875, 63.290626525878906, 13.754672265282647, 1141, 223.0, 323, 13, 251290.62464904785, 45.68665313720703, 476.1676025390625, 220.23718198864842
LOSS, 10401.166748046875, -29.41741943359375, 65.0539321899414, 17.220474748421978, 604, 207.0, 359, 10, 159353.49423217773, 74.17975616455078, 475.4106140136719, 263.83028846387043
LOSS, 10841.0, -18.721778869628906, 69.1863021850586, 33.56346749226006, 323, 223.0, 378, 11, 103175.6840209961, 76.70748901367188, 452.523193359375, 319.42936229410554
LOSS, 21124.000244140625, -37.0, 64.5027847290039, 25.20763752284084, 838, 185.0, 344, 20, 264409.8013648987, 59.853580474853516, 475.83465576171875, 315.524822631144
LOSS, 3984.3152465820312, -20.538314819335938, 55.53076934814453, 23.85817512923372, 167, 207.0, 388, 3, 55138.70300292969, 156.4942626953125, 472.9224853515625, 330.17187426904
LOSS, 6945.3275146484375, -16.00006103515625, 62.18376159667969, 35.800657292002256, 194, 207.0, 387, 6, 70951.80850219727, 227.45555114746094, 454.305419921875, 365.73097166081067
LOSS, 16998.59765625, -36.0001220703125, 63.054115295410156, 24.49365656520173, 694, 223.0, 353, 13, 212202.48667144775, 77.63975524902344, 467.6149597167969, 305.7672718608757
LOSS, 20070.084602355957, -23.169288635253906, 63.205177307128906, 22.103617403475724, 908, 184.83079528808594, 339, 20, 277014.76818084717, 84.9521713256836, 471.1893615722656, 305.08234381150567
LOSS, 13877.054443359375, -21.3397216796875, 65.5656967163086, 19.68376516788564, 705, 175.0, 352, 10, 210862.85638427734, 82.00721740722656, 475.3232116699219, 299.09625019046433
LOSS, 16349.274658203125, -21.463096618652344, 65.4186019897461, 17.155587259394675, 953, 207.0, 336, 19, 274951.04165649414, 79.97587585449219, 470.6668701171875, 288.5110615493118
LOSS, 6889.7838134765625, -16.720489501953125, 61.110740661621094, 32.19525146484375, 214, 191.0, 385, 6, 70185.16333770752, 56.95338439941406, 462.00628662109375, 327.96805297994166
LOSS, 21278.613525390625, -37.0, 67.0311508178711, 22.904858477277315, 929, 223.0, 338, 19, 284708.0871658325, 70.22103881835938, 463.8484191894531, 306.4672628265151
LOSS, 11473.227478027344, -29.56749725341797, 60.7064208984375, 20.89841070678933, 549, 191.8800048828125, 363, 13, 151537.3173942566, 43.39788818359375, 494.786376953125, 276.02425754873695
LOSS, 13193.5048828125, -23.0926513671875, 64.4460220336914, 27.42932408069127, 481, 223.0, 367, 7, 145972.04148864746, 64.9216079711914, 483.6083068847656, 303.4761777310758
LOSS, 19869.645751953125, -20.1611328125, 60.19828796386719, 21.273710655196066, 934, 207.0, 337, 12, 278353.59812927246, 69.11154174804688, 470.718994140625, 298.0231243354095
LOSS, 14754.00048828125, -34.534080505371094, 67.0302505493164, 19.062016134730296, 774, 223.0, 348, 14, 217916.3793106079, 78.6987533569336, 492.7515563964844, 281.5457097036278
LOSS, 16624.850830078125, -22.84002685546875, 63.0133056640625, 25.420261208070528, 654, 207.0, 356, 12, 196422.1156616211, 43.52338409423828, 482.7154541015625, 300.33962639391603
LOSS, 16822.591552734375, -39.999755859375, 66.99454498291016, 12.970386702185332, 1297, 175.0, 313, 12, 276571.3446903229, 28.3407039642334, 467.79473876953125, 213.2392788668642
LOSS, -7949.197494506836, -27.65228271484375, 55.059120178222656, -1.3250870969339617, 5999, 203.39498901367188, 0, 6, 465219.7274684906, -7.745541572570801, 470.4798583984375, 77.54954616910995
LOSS, 18209.266845703125, -38.0, 62.815773010253906, 24.11823423271937, 755, 191.0, 349, 10, 230517.82328033447, 94.70953369140625, 473.36968994140625, 305.3216202388536
LOSS, 14404.804931640625, -32.70745086669922, 62.520973205566406, 14.789327445216248, 974, 223.0, 335, 13, 235059.02409744263, 52.950069427490234, 473.025390625, 241.33370030538256
LOSS, 14549.66455078125, -41.999755859375, 62.963478088378906, 13.57244827498251, 1072, 223.0, 328, 15, 256434.40589141846, 43.21909713745117, 477.7190246582031, 239.21119952557692
LOSS, 14466.139892578125, -21.046295166015625, 64.0965805053711, 31.86374425678001, 454, 207.0, 369, 12, 153075.31871032715, 81.19666290283203, 483.5619812011719, 337.17030552935495
LOSS, 20990.0, -21.34002685546875, 65.8772964477539, 29.81534090909091, 704, 185.0, 353, 21, 223855.95568084717, 71.32220458984375, 464.7431335449219, 317.9772097739306
LOSS, 17941.950927734375, -19.390625, 58.55033874511719, 24.311586622946308, 738, 223.0, 350, 16, 215149.49782562256, 93.77291870117188, 455.7662048339844, 291.53048485856715
LOSS, 14415.605819702148, -16.455223083496094, 65.2287826538086, 35.94914169501783, 401, 201.92312622070312, 373, 8, 131230.88410186768, 60.47773742675781, 462.93438720703125, 327.2590625981737
LOSS, 12043.23876953125, -16.00006103515625, 67.0573959350586, 34.60700795842313, 348, 223.0, 376, 7, 114672.09765625, 151.0017547607422, 454.8430480957031, 329.5175220007184
WIN , 26621.45249938965, -28.43994140625, 63.257720947265625, 22.037626241216596, 1208, 172.09500122070312, 319, 28, 376143.1958694458, 74.25288391113281, 474.4274597167969, 311.37681777272
WIN , 27884.0, -29.443359375, 59.772850036621094, 26.915057915057915, 1036, 207.0, 330, 27, 334172.45166015625, 109.9292984008789, 458.3663330078125, 322.5602815252473
WIN , 26574.0, -26.092529296875, 76.59059143066406, 24.858746492048642, 1069, 207.0, 328, 30, 304613.3191604614, 55.37481689453125, 467.9606628417969, 284.9516549676908
LOSS, 4187.330810546875, -26.092529296875, 58.25175476074219, 26.841864170172276, 156, 191.0, 389, 3, 45102.776695251465, 67.69786834716797, 442.0467834472656, 289.1203634310991
LOSS, 18183.1748046875, -32.41180419921875, 60.16046142578125, 22.147594159180876, 821, 207.0, 345, 12, 250990.4103012085, 71.04454803466797, 463.5000305175781, 305.7130454338715
LOSS, 23052.670654296875, -21.982421875, 64.8692855834961, 25.843801181947168, 892, 207.0, 340, 24, 272360.4827270508, 61.09913635253906, 464.765625, 305.3368640437789
LOSS, 13339.9697265625, -21.98052215576172, 58.837196350097656, 11.23839067107203, 1187, 223.0, 320, 9, 270956.4870185852, 54.522518157958984, 470.7733459472656, 228.26999748827734
LOSS, 15396.439208984375, -41.999755859375, 54.632179260253906, 19.221522108594726, 801, 175.0, 346, 11, 223864.86318969727, 43.27346420288086, 461.64630126953125, 279.48172682858586
WIN , 26023.300003051758, -41.00048828125, 80.9200210571289, 23.852703944135435, 1091, 148.39999389648438, 327, 29, 307492.1255340576, 55.51860427856445, 467.31939697265625, 281.8442947149932
LOSS, 17188.431884765625, -18.462913513183594, 62.066261291503906, 18.642550851155775, 922, 191.0, 338, 13, 254387.29962158203, 60.3995246887207, 461.1566467285156, 275.908134079807
LOSS, 23300.009033203125, -28.751976013183594, 62.342140197753906, 22.73171612995427, 1025, 191.0, 331, 18, 284157.7518119812, 36.87453079223633, 471.0190734863281, 277.22707493851823
LOSS, 8940.561889648438, -17.45916748046875, 64.8213882446289, 25.691269797840338, 348, 207.0, 376, 5, 95982.04111862183, 16.844715118408203, 442.97344970703125, 275.8104629845455
LOSS, 23669.393310546875, -17.661659240722656, 65.4494400024414, 26.12515817941156, 906, 175.0, 339, 21, 280716.10137176514, 64.86419677734375, 468.7520446777344, 309.8411714920145
WIN , 26582.0, -20.1611328125, 70.83272552490234, 30.730635838150288, 865, 191.0, 342, 19, 281369.1261444092, 90.99311828613281, 466.0492858886719, 325.2822267565424
WIN , 26142.802505493164, -39.9998779296875, 67.8938980102539, 27.34602772541126, 956, 169.39498901367188, 336, 16, 305510.40545654297, 56.244693756103516, 466.1980285644531, 319.57155382483575
LOSS, 13054.938110351562, -40.9998779296875, 62.816383361816406, 26.86201257273984, 486, 207.0, 367, 8, 142634.17540359497, 57.69731521606445, 450.47344970703125, 293.4859576205658
LOSS, 20907.75048828125, -30.322265625, 64.42191314697266, 25.65368158071319, 815, 175.5, 345, 18, 237441.8677368164, 89.1454849243164, 465.7303466796875, 291.33971501449867
LOSS, 16174.00048828125, -24.92431640625, 64.8512954711914, 18.76334163373695, 862, 223.0, 342, 10, 226688.95376968384, 45.744449615478516, 453.22735595703125, 262.9802247908165
LOSS, 7661.055908203125, -16.48968505859375, 64.96329498291016, 36.48121861049107, 210, 178.516845703125, 385, 7, 72742.98762512207, 133.25538635253906, 460.4580078125, 346.39517916724793
WIN , 27600.65000152588, -19.48956298828125, 95.4878921508789, 26.112251657072733, 1057, 193.6999969482422, 329, 29, 349660.8452682495, 88.06045532226562, 467.6759948730469, 330.8049624108321
LOSS, 16673.877197265625, -18.408950805664062, 64.60746002197266, 27.560127598786156, 605, 223.0, 359, 13, 198487.89334106445, 128.3833465576172, 475.01153564453125, 328.07916254721397
LOSS, 16334.098876953125, -22.093284606933594, 61.647544860839844, 29.325132633668087, 557, 207.0, 362, 14, 173731.29425811768, 81.13352966308594, 464.1670837402344, 311.9053756878235
LOSS, 21239.88525390625, -28.43994140625, 68.6116714477539, 26.920006658943283, 789, 175.0, 347, 20, 236898.28896331787, 63.246253967285156, 461.24078369140625, 300.2513168102888
LOSS, 14121.986572265625, -39.0, 65.4512710571289, 24.432502720182743, 578, 191.0, 361, 7, 178555.42141723633, 53.903663635253906, 461.90777587890625, 308.91941421667184
LOSS, 14267.166259765625, -39.0, 61.68724060058594, 21.983307025833014, 649, 159.0, 356, 9, 206342.10901641846, 75.36975860595703, 464.5378723144531, 317.9385346940192
LOSS, 11552.077270507812, -34.0869140625, 61.720191955566406, 27.971131405587922, 413, 223.0, 372, 4, 133218.18460845947, 40.863983154296875, 462.64520263671875, 322.562190335253
WIN , 27689.550003051758, -33.000244140625, 65.4637680053711, 21.283282093045162, 1301, 135.89999389648438, 313, 23, 395645.6348876953, 36.40021514892578, 472.6853332519531, 304.10886617040376
WIN , 26922.0, -23.42254638671875, 69.5076675415039, 25.04372093023256, 1075, 191.0, 328, 26, 329290.59494781494, 51.91658401489258, 483.2707824707031, 306.3168325095953
LOSS, 13691.016212463379, -26.092529296875, 68.7260971069336, 26.430533228693783, 518, 193.6999969482422, 365, 14, 162530.49199295044, 51.70484161376953, 464.7141418457031, 313.7654285578194
WIN , 26860.65000152588, -32.41180419921875, 82.5557632446289, 24.264363145009828, 1107, 193.6999969482422, 326, 31, 329744.60737609863, 60.13322448730469, 472.4671630859375, 297.87227405248296
LOSS, 8614.17626953125, -17.662269592285156, 62.283546447753906, 24.0619448869588, 358, 223.0, 376, 9, 104267.64614486694, 59.510189056396484, 465.47491455078125, 291.25040822588534
LOSS, 6763.5745849609375, -19.174789428710938, 69.65840911865234, 19.435559152186602, 348, 207.0, 376, 4, 90348.45069694519, 30.38762092590332, 456.620361328125, 259.62198476133676
WIN , 26705.146942138672, -36.0, 77.5087661743164, 28.349412889743814, 942, 164.70611572265625, 337, 15, 305542.210899353, 68.59223937988281, 472.0103759765625, 324.35478864050214
LOSS, 16009.433837890625, -18.6376953125, 65.1711196899414, 30.494159691220236, 525, 223.0, 364, 11, 170627.72451782227, 72.88626098632812, 471.56976318359375, 325.0051895577567
LOSS, 8022.9844970703125, -19.290512084960938, 56.99211120605469, 20.94774020122797, 383, 186.447998046875, 374, 7, 99950.08115386963, 62.600494384765625, 466.0312194824219, 260.9662693312523
LOSS, 7703.9998779296875, -13.000030517578125, 62.41477966308594, 39.50769168169071, 195, 223.0, 386, 6, 64678.58724975586, 105.97315216064453, 477.6754455566406, 331.6850628192608
LOSS, 22152.142822265625, -21.34033203125, 91.27371978759766, 25.72838887603441, 861, 191.0, 342, 11, 281846.8522796631, 87.89192962646484, 460.0357971191406, 327.3482604874136
WIN , 28320.0, -37.1060791015625, 67.818603515625, 17.28937728937729, 1638, 175.0, 290, 28, 432672.9346675873, 26.589345932006836, 461.8296203613281, 264.1470907616528
LOSS, 16373.650001525879, -18.462913513183594, 69.1750259399414, 28.037071920421024, 584, 177.6999969482422, 361, 9, 184285.1848602295, 60.555694580078125, 469.318359375, 315.5568233908039
LOSS, 19128.851318359375, -20.650169372558594, 63.577491760253906, 27.92533039176551, 685, 175.0, 354, 15, 220070.60313415527, 64.7682113647461, 460.3362121582031, 321.27095348051864
LOSS, 5765.678771972656, -16.13641357421875, 61.343231201171875, 24.74540245481827, 233, 207.0, 384, 5, 79097.7300415039, 133.1505889892578, 454.3547668457031, 339.4752362296305
LOSS, 13864.09912109375, -25.346450805664062, 60.849510192871094, 21.93686569793315, 632, 175.0, 357, 8, 210410.1533126831, 83.26665496826172, 483.9560546875, 332.9274577732328
LOSS, 8787.135467529297, -24.469993591308594, 61.613075256347656, 20.387785307492567, 431, 219.11895751953125, 371, 8, 125456.57563018799, 59.19166564941406, 458.70855712890625, 291.08254206540136
LOSS, 11272.650123596191, -22.096923828125, 68.0473861694336, 35.11729010466103, 321, 193.6999969482422, 378, 11, 106300.12292480469, 113.8775405883789, 464.76654052734375, 331.1530309183947
LOSS, 16612.318359375, -25.20965576171875, 66.6438980102539, 21.80094272883858, 762, 223.0, 349, 9, 247301.21488189697, 73.05335235595703, 462.8714599609375, 324.54227674789627
LOSS, 6251.0, -30.322265625, 63.653175354003906, 16.894594594594594, 370, 223.0, 375, 3, 97529.0345916748, 79.10279846191406, 450.5420837402344, 263.59198538290485
WIN , 27622.0, -34.0869140625, 61.239234924316406, 13.047709022201229, 2117, 191.0, 258, 31, 515324.82486724854, 36.054237365722656, 466.39385986328125, 243.4222129746096
LOSS, 8401.599998474121, -30.322265625, 60.0531005859375, 24.566081866883394, 342, 201.8000030517578, 377, 7, 108354.06007003784, 61.34395217895508, 468.6684875488281, 316.82473704689426
WIN , 27520.0, -30.063838958740234, 81.295166015625, 19.6011396011396, 1404, 175.0, 306, 30, 402154.1304206848, 55.8747673034668, 472.1465148925781, 286.4345658266986
WIN , 26625.74871826172, -20.410202026367188, 72.12890625, 30.499139425271157, 873, 183.5025634765625, 341, 15, 289044.5566253662, 76.47602844238281, 470.5475158691406, 331.0934211058032
LOSS, 15075.481201171875, -41.00048828125, 70.0267562866211, 20.99649192363771, 718, 223.0, 352, 18, 195741.93428611755, 28.04945182800293, 468.1916809082031, 272.6210783929214
LOSS, 896.359977722168, -30.09368896484375, 57.57978057861328, 0.14941823265913784, 5999, 226.88209533691406, 0, 3, 418152.8985776901, 1.4821596145629883, 461.9651794433594, 69.70376705745792
