LOSS, 27233.501953125, -42.999755859375, 53.13285827636719, 7.237178302717247, 3763, 207.0, 149, 26, 12358.615551829338, -16.606000900268555, 45.19457244873047, 3.284245429664985
LOSS, 26318.730224609375, -44.999755859375, 50.18943786621094, 12.235578904978789, 2151, 207.0, 256, 20, 35505.83649349213, -29.594951629638672, 86.9808349609375, 16.506665036490993
WIN , 27704.065948486328, -44.999755859375, 90.9798355102539, 11.252666916525722, 2462, 166.86810302734375, 235, 32, 62529.6490624547, -28.85495948791504, 122.63058471679688, 25.39790782390524
LOSS, 20954.88427734375, -22.3173828125, 53.368751525878906, 24.681842493926677, 849, 223.0, 343, 25, 38030.869821190834, -38.7769775390625, 129.8111114501953, 44.79489967160287
LOSS, 13832.300003051758, -21.95250701904297, 63.199073791503906, 26.000563915510824, 532, 180.39999389648438, 364, 12, 27241.57415187359, -13.967435836791992, 134.9653778076172, 51.2059664508902
LOSS, 15697.0205078125, -19.390625, 53.28392028808594, 23.358661469959078, 672, 223.0, 355, 12, 33135.08980679512, -8.913352012634277, 132.71585083007812, 49.30816935534988
WIN , 27896.246963500977, -19.641807556152344, 83.1755142211914, 30.52105794693761, 914, 182.50607299804688, 339, 24, 54842.18109679222, -12.99676513671875, 140.37734985351562, 60.0023863203416
LOSS, 25912.939697265625, -20.662147521972656, 66.61261749267578, 27.744046785080968, 934, 223.0, 337, 25, 58149.882962465286, -9.941322326660156, 167.27806091308594, 62.258975334545276
LOSS, 17586.868896484375, -18.392189025878906, 65.4000015258789, 26.486248338078877, 664, 185.0, 355, 15, 49988.14329504967, -9.137104988098145, 171.19845581054688, 75.28334833591818
LOSS, 10826.43603515625, -25.198747634887695, 58.39076232910156, 29.74295614053915, 364, 191.0, 375, 5, 30775.127405643463, 5.898525714874268, 174.50433349609375, 84.54705331220731
LOSS, 21219.64599609375, -17.096099853515625, 65.1903305053711, 34.33599675743325, 618, 175.0, 358, 21, 54247.71826791763, 1.3896088600158691, 181.4853057861328, 87.77947939792497
LOSS, 11379.077026367188, -15.567344665527344, 65.0594253540039, 38.57314246226165, 295, 191.0, 380, 7, 30532.728975772858, 6.550388813018799, 182.02369689941406, 103.50077618906053
LOSS, 14655.824462890625, -18.14130401611328, 68.0129165649414, 37.482927015065535, 391, 191.0, 373, 6, 39508.24034881592, 28.990154266357422, 185.11642456054688, 101.04409296372357
LOSS, 15040.394775390625, -20.298446655273438, 65.7411880493164, 32.62558519607511, 461, 191.0, 369, 10, 42833.86921942234, -23.13532829284668, 187.75164794921875, 92.9151176126298
WIN , 26721.0, -20.632164001464844, 63.874122619628906, 34.74772431729519, 769, 153.0, 348, 18, 77229.27834653854, -21.43631935119629, 185.99935913085938, 100.42819030759239
LOSS, 16174.91552734375, -22.012535095214844, 63.842063903808594, 34.12429436148471, 474, 127.0, 368, 9, 53451.29841709137, -6.170758247375488, 212.14100646972656, 112.76645235673284
LOSS, 8230.784790039062, -19.53807830810547, 64.15242767333984, 32.15150308609009, 256, 191.0, 382, 3, 29403.57955622673, -14.691645622253418, 214.38856506347656, 114.85773264151067
WIN , 26984.0, -21.407943725585938, 82.642822265625, 31.303944315545245, 862, 207.0, 342, 28, 100740.87845242023, -1.976061224937439, 223.07815551757812, 116.86876850628798
LOSS, 18770.655517578125, -15.980766296386719, 66.8288345336914, 42.37168288392353, 443, 160.0, 370, 9, 58920.98481833935, 1.1234701871871948, 223.7859344482422, 133.0044804025719
LOSS, -3030.9638900756836, -22.496444702148438, 56.867897033691406, -0.5052448558219176, 5999, 218.2675018310547, 0, 7, 395015.38834929466, -56.8459358215332, 213.46192932128906, 65.84687253697194
LOSS, 9075.998413085938, -15.980766296386719, 66.67745208740234, 32.76533723135717, 277, 191.0, 381, 5, 39487.601163864136, 17.53667640686035, 286.7845458984375, 142.55451683705465
LOSS, 16529.179931640625, -19.01667022705078, 68.42032623291016, 37.99811478538075, 435, 223.0, 370, 13, 74691.74409675598, 16.045988082885742, 294.77569580078125, 171.7051588431172
LOSS, 20519.622802734375, -18.204200744628906, 69.4664535522461, 39.92144514150657, 514, 184.4189453125, 365, 10, 90555.29281902313, -32.621849060058594, 299.5268249511719, 176.17761248837186
LOSS, 20402.629592895508, -14.927978515625, 68.6208267211914, 44.84094416020991, 455, 180.39999389648438, 369, 13, 86383.94698524475, 28.7999210357666, 296.5207214355469, 189.85482853899944
WIN , 26382.0, -19.49017333984375, 70.703125, 36.38896551724138, 725, 191.0, 351, 23, 123834.81822490692, 12.614205360412598, 300.9964904785156, 170.80664582745783
WIN , 27682.065948486328, -18.880462646484375, 81.3173828125, 30.319896986293898, 913, 150.86810302734375, 339, 22, 144403.07755947113, -12.913533210754395, 295.2500915527344, 158.16328319766828
LOSS, 18175.74560546875, -17.02812957763672, 67.61038970947266, 43.902767162968, 414, 207.0, 372, 5, 79967.58680772781, 1.3002433776855469, 304.14306640625, 193.15842224088843
LOSS, 13842.24267578125, -14.966941833496094, 68.1645736694336, 37.21032977360551, 372, 223.0, 375, 9, 66726.26854753494, -3.7662482261657715, 301.3388366699219, 179.37168964391114
LOSS, 13794.05419921875, -17.64635467529297, 68.5124740600586, 33.64403463224085, 410, 223.0, 372, 10, 74067.74501037598, 0.4182138442993164, 321.0350646972656, 180.65303661067313
LOSS, 15666.523193359375, -19.185165405273438, 64.9608383178711, 35.205670097436794, 445, 207.0, 370, 10, 83235.97994041443, 19.343887329101562, 308.8700256347656, 187.04714593351557
LOSS, 24299.02880859375, -23.01598358154297, 67.1584243774414, 40.838703879989495, 595, 191.0, 360, 24, 121239.96449279785, -14.105287551879883, 329.7046813964844, 203.76464620638293
LOSS, 10037.572875976562, -18.95287322998047, 70.00630950927734, 37.73523637585174, 266, 223.0, 382, 3, 52658.51123428345, 25.585613250732422, 330.30657958984375, 197.964327948434
LOSS, 21130.10546875, -18.20404815673828, 68.0922622680664, 39.643725082082554, 533, 191.0, 364, 8, 109173.5297036171, -3.6408839225769043, 326.9434509277344, 204.82838593549172
LOSS, 19940.65048980713, -18.462913513183594, 68.4593734741211, 36.79086806237478, 542, 209.6999969482422, 363, 14, 108067.76255989075, 8.15212631225586, 328.6446838378906, 199.38701579315637
WIN , 26282.0, -16.610824584960938, 84.8046875, 37.17397454031117, 707, 191.0, 352, 16, 144242.8901901245, 18.73550033569336, 347.333740234375, 204.021061089285
LOSS, 21807.688232421875, -33.000244140625, 69.1997299194336, 33.0920913997297, 659, 223.0, 356, 13, 128191.43426513672, -67.92921447753906, 349.9427795410156, 194.52417946151246
LOSS, 22853.02342224121, -36.0001220703125, 72.0604476928711, 35.932426764530206, 636, 180.18362426757812, 357, 14, 136667.18017101288, -126.52703094482422, 359.5436096191406, 214.88550341354227
LOSS, 3864.1181030273438, -15.891891479492188, 62.37617492675781, 36.80112479073661, 105, 207.0, 392, 2, 24298.26526451111, 24.627168655395508, 347.3950500488281, 231.41205013820104
WIN , 25616.40000152588, -23.247657775878906, 71.3072738647461, 36.13032440271633, 709, 162.1999969482422, 352, 14, 152716.78014564514, -27.438331604003906, 356.6040954589844, 215.39743320965465
LOSS, -5381.413688659668, -22.84002685546875, 65.23650360107422, -0.8970517900749572, 5999, 227.82737731933594, 0, 5, 659929.721237421, -28.577085494995117, 358.8280944824219, 110.00662130978847
LOSS, 11354.91748046875, -16.084640502929688, 65.3856430053711, 37.97631264370819, 299, 191.0, 380, 7, 67737.98300552368, 37.54039001464844, 381.3608093261719, 226.54843814556415
WIN , 22965.75, -21.00849151611328, 83.09854888916016, 15.341182364729459, 1497, 143.5, 300, 22, 291079.96682333946, 2.9718945026397705, 405.6429748535156, 194.4421956067732
LOSS, 23115.1513671875, -39.0, 82.88126373291016, 23.161474315819138, 998, 175.0, 333, 18, 208885.81646871567, -70.94782257080078, 404.48992919921875, 209.30442531935438
LOSS, 18828.102294921875, -18.20404815673828, 67.13475799560547, 42.88861570597238, 439, 191.0, 370, 16, 111614.44784545898, 31.020519256591797, 401.50616455078125, 254.24703381653526
LOSS, 19908.234619140625, -17.078628540039062, 67.9735336303711, 37.28133823809106, 534, 207.0, 364, 12, 132663.1877117157, 21.721242904663086, 401.29852294921875, 248.43293578972978
WIN , 27040.0, -18.08837890625, 76.15884399414062, 32.03791469194313, 844, 175.0, 343, 25, 196024.2333126068, 25.302635192871094, 404.9014892578125, 232.25620060735403
LOSS, 7647.164306640625, -17.188751220703125, 65.1341781616211, 50.310291491056745, 152, 175.0, 389, 5, 43708.09212684631, 24.62870979309082, 405.7655334472656, 287.5532376766205
WIN , 26203.13641357422, -19.033584594726562, 66.5889663696289, 35.266670812347535, 743, 188.7271728515625, 350, 25, 182572.69253349304, 9.427282333374023, 410.48284912109375, 245.72367770322077
LOSS, 20674.887451171875, -34.0, 61.69795227050781, 32.765273298212165, 631, 207.0, 357, 16, 152827.1710486412, -104.3874282836914, 414.5888671875, 242.19836933223647
WIN , 25707.300003051758, -19.49017333984375, 71.8892593383789, 31.8553903383541, 807, 180.39999389648438, 346, 15, 193790.06487083435, 18.034252166748047, 414.5180358886719, 240.13638769620118
LOSS, 11473.543334960938, -14.357841491699219, 63.468238830566406, 39.838692135281036, 288, 223.0, 380, 7, 74433.71638298035, 28.1868953704834, 405.9307861328125, 258.45040410757065
WIN , 20731.40355682373, -40.00048828125, 65.9859390258789, 6.952180937901988, 2982, 192.19288635253906, 201, 12, 483431.98980784416, -56.184669494628906, 417.2745056152344, 162.1166967833146
LOSS, 11461.492065429688, -16.757362365722656, 62.60688018798828, 34.41889509138044, 333, 207.0, 377, 5, 86209.04872894287, 28.273448944091797, 412.4053955078125, 258.88603221904765
WIN , 26417.75390625, -17.787338256835938, 68.1639633178711, 38.231192339001446, 691, 159.4921875, 353, 22, 181261.63159751892, 27.055747985839844, 420.3489685058594, 262.31784601666993
LOSS, 13135.41650390625, -16.507919311523438, 64.5988998413086, 36.58890391060237, 359, 223.0, 376, 7, 95358.2208366394, 35.994571685791016, 416.2417907714844, 265.6217850602769
LOSS, 9361.599998474121, -15.141426086425781, 62.67432403564453, 38.68429751435587, 242, 201.8000030517578, 383, 7, 63194.90759277344, 24.90747833251953, 416.6874694824219, 261.13598178832
WIN , 26408.49813079834, -19.49016571044922, 86.41689682006836, 35.40013154262512, 746, 118.00373840332031, 350, 27, 199207.91730594635, 15.54736042022705, 431.7848815917969, 267.03474169697904
LOSS, 15171.665283203125, -16.7203369140625, 64.46097564697266, 31.541923665702964, 481, 223.0, 367, 7, 124059.43022918701, 23.264205932617188, 432.5097351074219, 257.91981336629317
LOSS, 18864.9248046875, -20.844711303710938, 68.82559967041016, 38.343343098958336, 492, 191.0, 367, 8, 135205.26056289673, 27.05142593383789, 431.33544921875, 274.8074401684893
LOSS, -6276.633750915527, -19.858810424804688, 58.482887268066406, -1.0462800051534469, 5999, 218.2675018310547, 0, 6, 867717.5925713778, -2.780904531478882, 414.63946533203125, 144.64370604623733
LOSS, 20534.919921875, -16.92816162109375, 63.151466369628906, 36.80093175963262, 558, 191.0, 362, 13, 151454.7125234604, 4.345763206481934, 447.5669250488281, 271.4242159918645
LOSS, 11571.0, -22.184890747070312, 67.2920913696289, 38.0625, 304, 223.0, 379, 8, 84762.99314689636, 30.66086769104004, 442.8452453613281, 278.8256353516328
LOSS, 20929.4833984375, -36.9998779296875, 83.0548324584961, 19.578562580390553, 1069, 207.0, 328, 17, 269686.7341814041, -104.78978729248047, 452.641845703125, 252.27945199382987
LOSS, 7472.661209106445, -19.884117126464844, 64.31143951416016, 40.612289179926336, 184, 196.39999389648438, 387, 5, 53163.89838409424, 43.46128463745117, 456.7613830566406, 288.93423034833825
WIN , 26896.92911529541, -18.463523864746094, 63.214942932128906, 29.046359735740182, 926, 141.1417694091797, 338, 26, 248170.0995130539, 3.6575241088867188, 449.08056640625, 268.0022672927148
LOSS, 22471.488525390625, -20.21422576904297, 62.979957580566406, 29.763560960782286, 755, 191.0, 349, 13, 198429.4580874443, -4.247702121734619, 448.96783447265625, 262.8204742880057
LOSS, 8324.900428771973, -15.916130065917969, 66.48978424072266, 41.83367049634157, 199, 138.5109100341797, 386, 8, 60721.98462295532, 53.0410041809082, 456.42919921875, 305.1356011203785
LOSS, 24488.30224609375, -18.870094299316406, 66.8575210571289, 35.083527573200215, 698, 223.0, 353, 20, 200423.11701965332, 8.495939254760742, 452.8713073730469, 287.1391361313085
WIN , 27050.65000152588, -15.774574279785156, 94.7725601196289, 33.56160049817107, 806, 193.6999969482422, 346, 27, 230251.4075908661, 21.894990921020508, 469.1986999511719, 285.6717215767569
LOSS, 10381.94140625, -20.197486877441406, 65.1567611694336, 35.92367268598616, 289, 191.0, 380, 8, 82938.64157676697, 23.804452896118164, 464.3497619628906, 286.98491895075074
LOSS, 16682.642578125, -17.35771942138672, 68.6812515258789, 36.031625438714904, 463, 207.0, 369, 12, 138270.42992210388, 6.645635604858398, 479.2140808105469, 298.6402374127514
LOSS, 11473.9287109375, -18.46306610107422, 62.23747253417969, 34.456242375187685, 333, 191.0, 377, 8, 90770.04861164093, 13.040020942687988, 462.8677062988281, 272.5827285634863
LOSS, 21379.503662109375, -17.078628540039062, 66.2315902709961, 34.53877812941741, 619, 191.0, 358, 16, 183081.18230247498, 13.172243118286133, 462.6648254394531, 295.7692767406704
LOSS, 11189.276000976562, -22.7734375, 63.263145446777344, 29.917850269990808, 374, 186.447998046875, 375, 9, 103463.88238334656, 21.040966033935547, 452.13885498046875, 276.6413967469159
LOSS, 8005.45068359375, -18.8228759765625, 62.30597686767578, 24.861648085694874, 322, 223.0, 378, 4, 83325.8322134018, 9.814754486083984, 452.36993408203125, 258.775876439136
LOSS, 20232.812255859375, -18.408065795898438, 68.2265396118164, 37.889161527826545, 534, 207.0, 364, 15, 162789.73404693604, 25.410146713256836, 475.3147277832031, 304.849689226472
LOSS, 13535.650001525879, -17.662269592285156, 62.404701232910156, 37.08397260692021, 365, 193.6999969482422, 375, 10, 108402.16479301453, 17.844770431518555, 469.0954284667969, 296.99223230962883
LOSS, 18279.0, -36.0001220703125, 67.1397933959961, 28.92246835443038, 632, 207.0, 357, 11, 177118.18728613853, -11.47291088104248, 475.7936096191406, 280.2502963388268
WIN , 26474.90951538086, -18.15411376953125, 67.5221939086914, 35.01972158119161, 756, 145.18096923828125, 349, 15, 224922.46944332123, 15.07274341583252, 480.0920104980469, 297.51649397264714
LOSS, 16835.978370666504, -19.946395874023438, 67.9549331665039, 28.87817902344169, 583, 193.6999969482422, 361, 14, 161186.36288571358, 2.91796612739563, 462.2771911621094, 276.477466356284
LOSS, 11739.531127929688, -15.463035583496094, 62.554847717285156, 38.11536080496652, 308, 191.0, 379, 4, 97220.36982345581, 39.40721893310547, 477.1728515625, 315.65055137485655
WIN , 24828.65000152588, -35.99951171875, 83.0548324584961, 17.621469128123405, 1409, 177.6999969482422, 306, 26, 363349.69235134125, -28.61186981201172, 462.20068359375, 257.8777092628398
WIN , 25711.37481689453, -19.858810424804688, 82.6256332397461, 19.360975012721784, 1328, 152.2503662109375, 311, 29, 358419.434381485, 16.560935974121094, 489.8314208984375, 269.89415239569655
LOSS, 10016.119873046875, -20.779693603515625, 64.6022720336914, 42.08453728170956, 238, 191.0, 384, 5, 75765.71700286865, 23.96499252319336, 496.22650146484375, 318.34334875154894
LOSS, 20035.65000152588, -20.243637084960938, 67.4697036743164, 34.96623036915511, 573, 193.6999969482422, 361, 12, 175664.9278049469, 30.246366500854492, 491.9933776855469, 306.57055463341516
WIN , 27159.445991516113, -20.42266845703125, 82.9981460571289, 32.14135620297765, 845, 156.10801696777344, 343, 22, 249687.81617355347, 28.046218872070312, 492.1724548339844, 295.48853985035913
LOSS, 8600.395263671875, -14.794189453125, 66.2285385131836, 37.721031858209976, 228, 137.0, 384, 5, 72179.07427597046, 44.9318962097168, 482.6569519042969, 316.574887175309
WIN , 26971.550003051758, -19.160140991210938, 86.85054016113281, 32.81210462658365, 822, 151.89999389648438, 345, 26, 246918.0943031311, 17.82430076599121, 485.71844482421875, 300.3869760378724
LOSS, 8152.7745361328125, -17.298263549804688, 58.43035888671875, 34.25535519383535, 238, 191.0, 384, 4, 69180.54759597778, 39.40241622924805, 469.19061279296875, 290.6745697309991
WIN , 26263.0, -19.739898681640625, 69.9507827758789, 36.78291316526611, 714, 169.0, 352, 8, 228151.0435218811, 27.407085418701172, 508.3406677246094, 319.5392766412901
LOSS, 9645.884033203125, -18.96485137939453, 62.11578369140625, 33.147367811694586, 291, 223.0, 380, 8, 86141.27192115784, 21.902118682861328, 507.36358642578125, 296.0181165675527
LOSS, 16681.0, -34.999969482421875, 67.5752944946289, 37.317673378076066, 447, 223.0, 370, 14, 144649.9590291977, -13.283467292785645, 500.7532958984375, 323.6016980518964
LOSS, 13277.140380859375, -15.463035583496094, 70.1842269897461, 36.47566038697631, 364, 191.0, 375, 7, 117497.3888053894, 20.196779251098633, 509.6250915527344, 322.7950241906302
WIN , 26444.557502746582, -17.795211791992188, 67.4953384399414, 35.16563497705663, 752, 125.88499450683594, 349, 16, 243901.55247306824, 15.283733367919922, 515.7998046875, 324.33717084184605
LOSS, 8801.167236328125, -18.567543029785156, 68.22286224365234, 28.57521829976664, 308, 223.0, 379, 7, 90740.25166320801, 34.90470886230469, 496.0865173339844, 294.6112066987273
LOSS, 8133.7204513549805, -35.0001220703125, 62.220069885253906, 26.580785788741768, 306, 215.22877502441406, 379, 5, 88365.49532985687, 4.380168914794922, 534.2364501953125, 288.776128528944
LOSS, 23680.65048980713, -21.3397216796875, 68.1236801147461, 39.467750816345216, 600, 209.6999969482422, 359, 20, 200254.59717559814, 25.553016662597656, 509.3562316894531, 333.7576619593302
LOSS, 18579.0, -19.62059783935547, 65.4771957397461, 32.59473684210526, 570, 207.0, 361, 9, 175129.23148918152, 9.778793334960938, 504.8143005371094, 307.2442657704939
LOSS, 23836.786476135254, -17.35832977294922, 69.5921859741211, 42.56569013595581, 560, 193.6999969482422, 362, 16, 193295.51502799988, 13.472742080688477, 521.8799438476562, 345.1705625499998
WIN , 26453.75, -18.870094299316406, 82.08642578125, 39.66079460269865, 667, 127.5, 355, 13, 229576.2258014679, 17.59963607788086, 513.1121826171875, 344.1922425809114
LOSS, 17737.22265625, -15.463035583496094, 66.8373794555664, 38.727560384825324, 458, 207.0, 369, 13, 161104.8627319336, 23.095680236816406, 514.7318725585938, 351.75734220946197
LOSS, 25265.27587890625, -18.785354614257812, 67.6906509399414, 30.886645328736247, 818, 175.0, 345, 20, 253287.80182933807, 1.7580881118774414, 513.2772216796875, 309.6427895224182
WIN , 27091.0, -40.9998779296875, 76.28471374511719, 26.049038461538462, 1040, 153.0, 330, 27, 312124.7650785446, -28.743696212768555, 518.2713623046875, 300.11996642167753
WIN , 26210.114639282227, -18.37482452392578, 79.49330139160156, 36.811958763036834, 712, 154.77072143554688, 352, 15, 232094.91912078857, 14.073463439941406, 516.7763671875, 325.97601000110757
LOSS, 19043.886962890625, -16.876895904541016, 69.0746078491211, 41.76291000633909, 456, 223.0, 369, 11, 160966.1854133606, 29.233440399169922, 523.14990234375, 352.99602064333465
LOSS, 16279.41552734375, -17.966819763183594, 69.92179107666016, 35.85774345229901, 454, 223.0, 369, 8, 153622.279630661, 13.061564445495605, 516.1297607421875, 338.3750652657732
WIN , 26319.300003051758, -18.66943359375, 71.0057601928711, 34.76789960773019, 757, 196.39999389648438, 349, 27, 254422.3592414856, 23.839134216308594, 513.8108520507812, 336.092944836837
LOSS, 19609.276000976562, -18.14130401611328, 67.4410171508789, 31.9369315976817, 614, 186.447998046875, 359, 20, 197018.0865097046, 16.28832244873047, 517.7225952148438, 320.8763623936557
LOSS, 16865.59228515625, -18.6700439453125, 63.091651916503906, 30.553609212239582, 552, 223.0, 363, 15, 167439.79066085815, 22.564918518066406, 518.4862060546875, 303.33295409575754
WIN , 27751.725425720215, -17.66242218017578, 65.71002960205078, 28.788096914647525, 964, 151.5491485595703, 335, 25, 300234.09743499756, 27.47799301147461, 518.2305297851562, 311.44615916493524
LOSS, 12969.217071533203, -16.692562103271484, 66.2441177368164, 34.219570109586286, 379, 206.27777099609375, 374, 18, 125680.84379577637, 31.781211853027344, 524.7413940429688, 331.6117250548189
WIN , 27749.40818786621, -36.24951171875, 75.81866455078125, 11.889206592916114, 2334, 196.18362426757812, 244, 23, 573190.717915535, 8.157034873962402, 510.52490234375, 245.58299825001498
LOSS, 23739.181884765625, -18.881072998046875, 70.6954116821289, 37.68124108692956, 630, 207.0, 357, 11, 218979.4656305313, 10.223576545715332, 526.7229614257812, 347.5864533817957
WIN , 26105.75, -32.99951171875, 70.1058120727539, 34.12516339869281, 765, 143.5, 348, 11, 252398.3101158142, -12.738255500793457, 529.2656860351562, 329.9324315239401
LOSS, 22813.65000152588, -33.000244140625, 64.41938018798828, 27.552717393147198, 828, 177.6999969482422, 344, 16, 268191.0822687149, -22.98875617980957, 537.9848022460938, 323.9022732713948
LOSS, 16327.4521484375, -15.999755859375, 64.9077377319336, 37.27728801013128, 438, 127.0, 370, 12, 152241.09204673767, 25.414533615112305, 534.2197875976562, 347.582401933191
LOSS, 21329.560485839844, -17.72039794921875, 65.0502700805664, 37.952954601138515, 562, 191.8800048828125, 362, 15, 198010.50883483887, 28.398847579956055, 529.9703369140625, 352.3318662541617
LOSS, 17442.98193359375, -18.028961181640625, 64.9458999633789, 27.085375673282222, 644, 207.0, 357, 9, 197813.46803855896, 17.514493942260742, 532.7297973632812, 307.16377024620954
LOSS, 24490.468116760254, -18.41407012939453, 70.4363021850586, 38.02867719993828, 644, 193.6999969482422, 357, 11, 234123.03671073914, 24.403907775878906, 533.62255859375, 363.54508806015394
LOSS, -6312.83683013916, -22.936134338378906, 61.469512939453125, -1.0523148574994432, 5999, 229.2417755126953, 0, 7, 1263961.1351218224, 6.354607582092285, 517.9259643554688, 210.6953050711489
WIN , 25977.408199310303, -19.705642700195312, 70.6246109008789, 43.1518408626417, 602, 100.18360137939453, 359, 12, 227941.1071357727, 32.72765350341797, 537.2891845703125, 378.63971285012076
LOSS, 22579.501708984375, -20.69054412841797, 68.9055404663086, 32.629337729746204, 692, 207.0, 353, 18, 238180.7717704773, 6.3505964279174805, 539.67138671875, 344.1918667203429
LOSS, 15855.4580078125, -37.000030517578125, 64.2317886352539, 35.39164733886719, 448, 223.0, 370, 12, 158078.70915222168, -30.451557159423828, 530.8240966796875, 352.85426150049483
LOSS, 12257.306884765625, -14.182662963867188, 67.8389663696289, 43.77609601702009, 280, 207.0, 381, 4, 107764.00918197632, 53.619529724121094, 557.123291015625, 384.87146136420114
LOSS, 20149.0, -49.751319885253906, 80.50505828857422, 34.325383304940374, 587, 207.0, 360, 17, 201425.42421340942, 28.371112823486328, 532.1903686523438, 343.14382319149814
LOSS, 9921.999877929688, -13.000030517578125, 64.77896881103516, 37.870228541716365, 262, 207.0, 382, 6, 91929.56268692017, 31.42140769958496, 531.529541015625, 350.87619346152735
LOSS, 10990.181594848633, -40.9998779296875, 68.85733795166016, 38.834563939394464, 283, 207.55551147460938, 381, 7, 97706.48488140106, 4.729109764099121, 524.6832885742188, 345.2525967540674
LOSS, 21328.665771484375, -21.767333984375, 65.7640609741211, 36.15028096861759, 590, 175.0, 360, 15, 205853.49633598328, 14.647361755371094, 538.22705078125, 348.90423107793777
LOSS, 24829.29833984375, -18.462913513183594, 65.2403793334961, 30.31660358955281, 819, 223.0, 345, 22, 260118.23154449463, 24.241626739501953, 533.9600830078125, 317.60467832050625
LOSS, 26219.948486328125, -18.46306610107422, 66.8489761352539, 32.530953456982786, 806, 207.0, 346, 14, 270196.412815094, 27.000396728515625, 537.7200317382812, 335.2312814083052
WIN , 26620.53843688965, -19.37458038330078, 67.9585952758789, 34.88930332488814, 763, 153.92312622070312, 349, 17, 261339.0906867981, 37.61967468261719, 532.9409790039062, 342.51519093944705
LOSS, 21745.9609375, -19.156700134277344, 67.54019927978516, 26.13697228064904, 832, 223.0, 344, 20, 264437.99034690857, 22.024320602416992, 527.4061889648438, 317.83412301311125
LOSS, 22011.693603515625, -18.064620971679688, 70.44913482666016, 32.22795549563049, 683, 191.0, 354, 9, 232986.68724250793, 24.01866912841797, 538.4354248046875, 341.1225289055753
LOSS, 20290.11821746826, -17.35832977294922, 67.3439712524414, 39.6291371434927, 512, 213.88465881347656, 365, 12, 189161.5982131958, 30.430484771728516, 534.9517211914062, 369.45624651014805
WIN , 26670.398712158203, -17.66979217529297, 75.3662109375, 35.27830517481244, 756, 154.20257568359375, 349, 15, 272447.10594558716, 24.845802307128906, 538.036376953125, 360.3797697692952
LOSS, 15487.456153869629, -19.819900512695312, 68.25980377197266, 40.756463562814815, 380, 177.6999969482422, 374, 6, 137009.09094810486, 20.659658432006836, 541.3365478515625, 360.55023933711806
LOSS, 22173.88671875, -19.498497009277344, 65.8443374633789, 31.950845416066283, 694, 175.0, 353, 14, 235703.86344909668, 26.763423919677734, 530.6393432617188, 339.6309271600817
LOSS, 4239.0, -19.239662170410156, 56.45805358886719, 28.64189189189189, 148, 207.0, 390, 2, 48194.830421447754, 55.32884979248047, 504.8972473144531, 325.6407460908632
WIN , 26163.40355682373, -19.24011993408203, 68.8967056274414, 37.591097064401914, 696, 208.19288635253906, 353, 19, 247657.1194000244, 15.346698760986328, 545.5452270507812, 355.82919454026495
LOSS, 8001.23876953125, -13.87548828125, 61.74560546875, 39.807158057369406, 201, 207.0, 386, 2, 73206.109375, 83.208984375, 526.1920166015625, 364.20949937810946
LOSS, 19426.6416015625, -16.48968505859375, 62.10258483886719, 33.726808336046005, 576, 207.0, 361, 12, 194984.3311061859, 24.946147918701172, 530.74755859375, 338.5144637260172
WIN , 27482.0, -18.463523864746094, 90.9798355102539, 28.361197110423117, 969, 191.0, 335, 21, 314705.12655830383, 20.053539276123047, 540.8671875, 324.77309242343017
WIN , 26255.33000946045, -22.66351318359375, 84.39640045166016, 36.87546349643321, 712, 144.33998107910156, 352, 15, 252108.4888935089, 24.341726303100586, 539.2259521484375, 354.08495631110804
LOSS, 22470.0, -16.864364624023438, 67.7522964477539, 39.69964664310954, 566, 185.0, 362, 7, 205326.7387008667, 36.89656448364258, 523.3892822265625, 362.768089577503
WIN , 27315.75, -18.562828063964844, 69.111572265625, 32.83143028846154, 832, 143.5, 344, 28, 280592.9896507263, 33.892601013183594, 526.2772827148438, 337.25118948404605
LOSS, 17190.364013671875, -24.701889038085938, 62.478553771972656, 34.65799196304813, 496, 223.0, 366, 9, 165114.61158561707, 25.65212631225586, 518.7589721679688, 332.89236206777633
LOSS, 9129.35791015625, -18.215850830078125, 63.36219024658203, 32.604849679129465, 280, 127.5, 381, 6, 91795.53478240967, 34.823062896728516, 532.6455688476562, 327.8411956514631
LOSS, 21789.44921875, -18.542236328125, 68.8915023803711, 33.52222956730769, 650, 207.0, 356, 18, 224987.57755851746, 31.9411563873291, 533.1746215820312, 346.13473470541146
LOSS, 20813.371337890625, -19.498374938964844, 64.7704086303711, 33.67859439788127, 618, 207.0, 358, 16, 209547.2602710724, 19.702392578125, 535.2801513671875, 339.07323668458315
WIN , 27034.0, -32.0001220703125, 66.7000503540039, 35.15474642392718, 769, 207.0, 348, 12, 267362.3232331276, 6.821866512298584, 535.8037109375, 347.67532279990587
WIN , 26324.0, -21.79743194580078, 68.9018783569336, 38.825958702064895, 678, 207.0, 354, 28, 245508.95075035095, 23.931169509887695, 537.5201416015625, 362.1075969769188
LOSS, 10326.809326171875, -17.662269592285156, 68.8991470336914, 37.146796137308904, 278, 223.0, 381, 7, 100830.48247528076, 41.182952880859375, 537.2681884765625, 362.69957724921136
LOSS, 18501.064453125, -16.85271453857422, 65.8507308959961, 38.225339779183884, 484, 175.0, 367, 15, 173834.66553878784, 32.41473388671875, 519.7998657226562, 359.1625321049336
WIN , 26669.550003051758, -16.185134887695312, 65.1613540649414, 38.37345324180109, 695, 135.89999389648438, 353, 21, 251621.11432266235, 6.6048583984375, 533.8930053710938, 362.0447688095861
WIN , 27615.300003051758, -19.757240295410156, 76.4107437133789, 29.472038423747875, 937, 164.39999389648438, 337, 25, 310533.3059806824, 34.065895080566406, 526.6480712890625, 331.41227959517863
LOSS, 20839.183837890625, -18.512405395507812, 66.1461410522461, 35.80615779706293, 582, 191.0, 361, 11, 211582.90865516663, 26.881120681762695, 531.8419799804688, 363.54451658963336
LOSS, 20767.97412109375, -39.00048828125, 63.531394958496094, 33.60513611827468, 618, 191.0, 358, 14, 214154.9801864624, 15.771749496459961, 538.4269409179688, 346.52909415285177
WIN , 26874.0, -18.517425537109375, 67.5716323852539, 35.78428761651132, 751, 207.0, 349, 11, 270584.979095459, 45.17658615112305, 535.4381103515625, 360.29957269701595
LOSS, 18679.74267578125, -19.49016571044922, 68.0452651977539, 34.46446988151522, 542, 223.0, 363, 8, 187720.5055294037, 7.774501800537109, 529.627685546875, 346.3477961797116
LOSS, 25547.547607421875, -18.361602783203125, 69.5662612915039, 35.881387089075666, 712, 175.0, 352, 11, 256512.9643716812, 15.73073673248291, 539.287841796875, 360.2710173759568
WIN , 26236.0, -16.757362365722656, 84.029541015625, 37.056497175141246, 708, 223.0, 352, 19, 260631.78743743896, 24.597103118896484, 538.6976928710938, 368.12399355570477
WIN , 25930.909519195557, -35.0001220703125, 83.0548324584961, 23.319163236686652, 1112, 113.18096160888672, 325, 26, 355092.537378788, -0.36679792404174805, 532.72216796875, 319.32782138380213
LOSS, 11591.0, -16.931686401367188, 65.58524322509766, 39.96896551724138, 290, 223.0, 380, 9, 107622.02158641815, 5.3113908767700195, 537.156982421875, 371.1104192635109
LOSS, 4876.591064453125, -13.858749389648438, 67.59870147705078, 47.809716318167894, 102, 143.5, 393, 4, 41893.85842895508, 78.37081909179688, 536.7463989257812, 410.7241022446576
LOSS, 12414.832008361816, -18.934402465820312, 66.1293716430664, 39.287443064436125, 316, 181.3357391357422, 378, 9, 117008.4288597107, 31.885940551757812, 529.4573364257812, 370.27983816364144
WIN , 26734.441246032715, -18.360992431640625, 68.1297836303711, 33.71304066334516, 793, 166.1175079345703, 347, 18, 281925.5039405823, 30.72895050048828, 523.38916015625, 355.5176594458793
LOSS, 8508.623607635498, -12.9998779296875, 67.58016204833984, 40.906844267478355, 208, 119.9000015258789, 386, 6, 77069.46907043457, 34.528350830078125, 534.6217041015625, 370.5262936078585
WIN , 27013.707305908203, -19.249427795410156, 66.83362579345703, 34.500264758503455, 783, 167.58538818359375, 347, 29, 283821.01638031006, 25.99531364440918, 531.2654418945312, 362.4789481230014
WIN , 26554.0, -16.7203369140625, 65.2940902709961, 33.74078780177891, 787, 207.0, 347, 24, 281470.87546920776, 20.275074005126953, 530.14501953125, 357.65041355680785
WIN , 26557.75, -18.66943359375, 75.189453125, 37.99391988555079, 699, 159.5, 353, 16, 255554.53211402893, 15.047355651855469, 532.240966796875, 365.60018900433323
LOSS, 6842.905471801758, -13.000030517578125, 67.22830963134766, 33.38002669171589, 205, 180.39999389648438, 386, 3, 71049.53075027466, 41.29409408569336, 518.568359375, 346.5830768306081
LOSS, 11610.320922851562, -15.018783569335938, 59.576416015625, 33.267395194417084, 349, 191.0, 376, 7, 120141.74258041382, 20.761716842651367, 523.5099487304688, 344.2456807461714
WIN , 26170.0, -20.38481903076172, 69.0584487915039, 36.29680998613038, 721, 175.0, 351, 28, 256770.8752975464, 24.68181037902832, 534.1906127929688, 356.13158848480776
WIN , 26365.75, -22.22826385498047, 70.1158676147461, 38.045815295815295, 693, 143.5, 353, 17, 258754.12276268005, 30.210233688354492, 541.0321655273438, 373.38257252911984
WIN , 26989.768089294434, -16.7203369140625, 67.2090835571289, 32.75457292390101, 824, 155.4638214111328, 345, 19, 286689.66898822784, 15.909974098205566, 541.1055297851562, 347.9243555682377
LOSS, 15719.500862121582, -18.046875, 66.7577133178711, 33.87823461664134, 464, 136.83079528808594, 369, 12, 166065.59063720703, 17.009275436401367, 523.0797119140625, 357.8999798215669
LOSS, 10362.329956054688, -16.00006103515625, 68.8460464477539, 38.665410283786144, 268, 223.0, 382, 3, 99543.14177131653, 30.313474655151367, 535.882080078125, 371.4296334750617
LOSS, 18794.967041015625, -19.998336791992188, 67.7693862915039, 33.20665554949757, 566, 175.0, 362, 8, 199303.25778770447, 6.023744583129883, 539.90673828125, 352.1258971514213
LOSS, 20487.65000152588, -33.99951171875, 67.72834014892578, 40.569603963417585, 505, 209.6999969482422, 366, 10, 185547.18886375427, 28.318788528442383, 536.555908203125, 367.42017596783023
LOSS, -4101.532341003418, -24.905197143554688, 60.329246520996094, -0.6837026739462274, 5999, 228.06468200683594, 0, 5, 1330475.136956215, 8.303072929382324, 527.0503540039062, 221.78281996269627
WIN , 26832.65000152588, -17.35832977294922, 68.5207290649414, 34.0084283923015, 789, 209.6999969482422, 347, 20, 279263.83776474, 32.06938171386719, 540.7127685546875, 353.94656243946764
LOSS, 13608.5146484375, -17.357872009277344, 71.1650619506836, 43.064919773536396, 316, 223.0, 378, 6, 117572.69878196716, 18.552812576293945, 536.7803344726562, 372.0655024745796
WIN , 26838.65000152588, -20.966697692871094, 83.28324127197266, 25.756861805687024, 1042, 177.6999969482422, 330, 19, 335819.48511981964, 10.852055549621582, 541.7808837890625, 322.2835749710361
LOSS, 24404.201416015625, -20.33392333984375, 68.8899917602539, 37.37243708425058, 653, 207.0, 356, 23, 238130.5572013855, 37.49710464477539, 540.9819946289062, 364.6716036774663
LOSS, 20599.03076171875, -19.144065856933594, 68.2442398071289, 37.18236599588222, 554, 175.0, 363, 8, 204550.19926261902, 24.607568740844727, 548.6780395507812, 369.22418639461915
WIN , 26376.944374084473, -19.498985290527344, 88.09706115722656, 34.660899308915205, 761, 121.11125183105469, 349, 16, 265892.1136379242, 26.186643600463867, 557.2338256835938, 349.39830964247597
LOSS, 13711.625, -36.0001220703125, 66.8608627319336, 37.15887533875339, 369, 223.0, 375, 8, 134574.1264667511, 26.300500869750977, 540.3938598632812, 364.6995297201927
WIN , 26294.0, -21.271240234375, 66.9271011352539, 30.68144690781797, 857, 207.0, 342, 22, 293918.1887397766, 17.597379684448242, 539.7711181640625, 342.9617138153753
LOSS, 17404.300003051758, -18.19054412841797, 68.2601089477539, 33.46980769817646, 520, 196.39999389648438, 365, 17, 182631.81155014038, 17.229013442993164, 538.5098266601562, 351.21502221180845
LOSS, 25462.564453125, -18.576065063476562, 68.0605239868164, 35.812326938291136, 711, 207.0, 352, 11, 260638.787940979, 23.91442108154297, 542.876220703125, 366.5805737566512
LOSS, 9989.699462890625, -16.275360107421875, 68.34143829345703, 37.41460472992743, 267, 207.0, 382, 6, 98458.44492149353, 23.08564567565918, 537.4822998046875, 368.75822067975105
LOSS, 17077.65000152588, -20.283790588378906, 68.0986557006836, 30.38727758278626, 562, 209.6999969482422, 362, 12, 192755.4399242401, 15.305855751037598, 535.9495849609375, 342.98120982960876
LOSS, 18411.3623046875, -15.999755859375, 67.9924545288086, 32.414370254731516, 568, 175.0, 362, 15, 195169.1483669281, 25.834558486938477, 530.6094970703125, 343.60765557557767
LOSS, 16538.16943359375, -16.22850799560547, 67.5234146118164, 38.55051150021853, 429, 191.0, 371, 12, 159798.32446098328, 16.60771369934082, 532.7196044921875, 372.49026680881883
WIN , 26173.897872924805, -19.185012817382812, 67.5105972290039, 27.697246426375454, 945, 167.20425415039062, 336, 26, 319213.3188228607, 23.764345169067383, 532.8098754882812, 337.791871770223
LOSS, 20917.3857421875, -17.39173126220703, 66.3552017211914, 36.95651191199205, 566, 191.0, 362, 22, 213494.05056762695, 29.493709564208984, 528.4824829101562, 377.19796920075436
WIN , 26485.40818786621, -20.355621337890625, 66.2825698852539, 36.083662381289116, 734, 164.18362426757812, 351, 19, 275668.21859550476, 25.36857032775879, 527.59765625, 375.5697801028675
LOSS, 18199.0, -17.28313446044922, 65.7677230834961, 34.8639846743295, 522, 207.0, 365, 8, 190376.33355140686, 20.798480987548828, 538.9667358398438, 364.70561983028136
WIN , 26575.0, -18.881072998046875, 68.2155532836914, 33.724619289340104, 788, 185.0, 347, 19, 291888.9577178955, 16.27062225341797, 534.6984252929688, 370.4174590328623
LOSS, -1204.0, -19.858810424804688, 61.69795227050781, -0.20070011668611434, 5999, 193.0, 0, 8, 1382475.6910871267, -2.7032344341278076, 525.3858642578125, 230.4510236851353
LOSS, 23619.8544921875, -20.022132873535156, 69.8622817993164, 34.73508013556985, 680, 207.0, 354, 13, 243069.37207603455, 21.35519027709961, 546.4624633789062, 357.4549589353449
WIN , 26448.398712158203, -21.508277893066406, 87.965087890625, 25.603483748459055, 1033, 138.20257568359375, 331, 26, 353603.5357532501, 25.865339279174805, 562.1043090820312, 342.3073918230882
LOSS, 7805.763767242432, -23.01628875732422, 67.84537506103516, 30.022168335547814, 260, 114.20000457763672, 382, 4, 89070.82723379135, 2.002030849456787, 538.8909301757812, 342.5801047453514
LOSS, 22106.47607421875, -35.99951171875, 68.6336441040039, 35.20139502264132, 628, 223.0, 358, 12, 230395.3080406189, 14.394758224487305, 552.9222412109375, 366.8715096188199
LOSS, 22193.559326171875, -20.68370819091797, 65.9688491821289, 34.73170473579323, 639, 207.0, 357, 20, 233704.82702732086, 9.25400447845459, 539.6331787109375, 365.7352535638824
LOSS, 17088.308349609375, -20.297447204589844, 67.6772232055664, 32.9254496138909, 519, 223.0, 365, 7, 186615.4146232605, 32.702491760253906, 544.2222290039062, 359.56727287718786
WIN , 26423.550003051758, -16.352569580078125, 70.59565734863281, 39.5562125794188, 668, 167.89999389648438, 355, 12, 252459.86212921143, 27.092144012451172, 536.1996459960938, 377.93392534313085
WIN , 26271.358390808105, -39.0, 76.18575286865234, 35.35849043177403, 743, 172.28321838378906, 350, 12, 278532.9177207947, 39.515647888183594, 543.1537475585938, 374.87606691896997
WIN , 27088.391960144043, -36.0001220703125, 65.4955062866211, 26.953623840939347, 1005, 178.21607971191406, 332, 29, 339956.3928527832, 15.14199447631836, 535.11669921875, 338.2650675152072
WIN , 26630.944374084473, -19.489707946777344, 77.33534240722656, 35.50792583211263, 750, 153.1112518310547, 349, 20, 277476.0362377167, 26.553430557250977, 539.009033203125, 369.96804831695556
LOSS, 24489.48291015625, -20.21999740600586, 65.8189926147461, 39.62699500025283, 618, 191.0, 358, 18, 241994.85747528076, 29.583858489990234, 549.9534301757812, 391.57743928038957
WIN , 21912.115753173828, -35.543907165527344, 68.0199203491211, 6.729765280458793, 3256, 190.76849365234375, 182, 22, 853140.464351654, 3.3925418853759766, 544.3108520507812, 262.0210271350289
WIN , 26236.65000152588, -18.890396118164062, 70.3917465209961, 29.848293517094287, 879, 161.6999969482422, 341, 23, 309457.21959114075, 16.222307205200195, 553.648681640625, 352.05599498423294
LOSS, 11235.830322265625, -24.903846740722656, 64.2351303100586, 26.375188549919308, 426, 223.0, 371, 9, 144357.88599967957, 31.735807418823242, 543.3815307617188, 338.86827699455296
LOSS, 16521.835205078125, -19.361099243164062, 68.6589584350586, 27.129450254643885, 609, 191.0, 359, 9, 211512.62748527527, 27.31425666809082, 543.1895751953125, 347.31137518107596
LOSS, 20713.20654296875, -23.491554260253906, 65.2574691772461, 25.9239130700485, 799, 207.0, 346, 15, 274729.65700912476, 15.091995239257812, 549.60400390625, 343.8418736034102
LOSS, 13658.650489807129, -19.543609619140625, 68.8109359741211, 32.59821119285711, 419, 193.6999969482422, 372, 13, 145694.0377178192, -11.69990348815918, 531.6201171875, 347.7184671069671
WIN , 27344.753562927246, -21.335845947265625, 67.2249526977539, 30.04917973948049, 910, 205.4928741455078, 339, 28, 319568.8030509949, 7.438285827636719, 537.0054321289062, 351.1745088472471
LOSS, 19977.14501953125, -16.803688049316406, 66.45377349853516, 38.79057285345874, 515, 223.0, 365, 8, 197239.50832748413, 48.3637809753418, 553.9696044921875, 382.9893365582216
LOSS, -2887.0001220703125, -21.445045471191406, 63.400474548339844, -0.48124689482752336, 5999, 205.0, 0, 6, 1369167.8867737055, -20.524477005004883, 530.5271606445312, 228.2326865767137
WIN , 27246.468879699707, -13.00048828125, 82.96875, 35.47717302044233, 768, 82.06224060058594, 348, 16, 278193.18714523315, 32.7744140625, 550.5094604492188, 362.230712428689
LOSS, 21470.399169921875, -18.14191436767578, 90.9798355102539, 14.38070942392624, 1493, 175.0, 300, 17, 472382.570394516, 26.947067260742188, 550.9492797851562, 316.39823871032553
WIN , 26943.79694366455, -19.185623168945312, 90.9798355102539, 22.950423291026024, 1174, 167.40611267089844, 321, 31, 385794.63313293457, 7.708654403686523, 537.1538696289062, 328.6155307776274
LOSS, 8069.5010986328125, -16.978759765625, 67.4592514038086, 48.90606726444129, 165, 207.0, 388, 4, 67528.52751159668, 59.43260192871094, 553.0654296875, 409.26380310058596
LOSS, 23202.10498046875, -17.346771240234375, 67.60350799560547, 35.97225578367248, 645, 200.4189453125, 356, 19, 239063.47500038147, 18.0118350982666, 557.6614379882812, 370.6410465122193
LOSS, 15064.00048828125, -18.360984802246094, 69.10758209228516, 27.640367868405963, 545, 223.0, 363, 10, 182908.94153404236, 30.372745513916016, 543.0967407226562, 335.61273675971074
LOSS, 8052.06787109375, -15.749679565429688, 66.33231353759766, 41.081978934151785, 196, 175.0, 386, 9, 75336.40018463135, 39.81590270996094, 545.7617797851562, 384.3693886970987
LOSS, 22501.912841796875, -20.01897430419922, 68.43802642822266, 28.73807514916587, 783, 175.0, 347, 19, 267237.4917640686, 22.989192962646484, 552.130859375, 341.29947862588585
LOSS, 17149.04931640625, -20.274978637695312, 61.928558349609375, 27.74927073852144, 618, 223.0, 358, 16, 211095.0853881836, 22.957252502441406, 540.165283203125, 341.5778080714945
LOSS, 15488.88427734375, -17.66242218017578, 64.16983795166016, 31.87013225790895, 486, 175.0, 367, 10, 168905.8519306183, 15.489339828491211, 551.7526245117188, 347.5429052070335
LOSS, 12016.300415039062, -13.879661560058594, 70.2834243774414, 39.14104369719564, 307, 207.0, 379, 4, 113809.87878799438, 27.35622787475586, 539.43017578125, 370.71621755047033
LOSS, 17542.69580078125, -18.276832580566406, 67.0284194946289, 30.19396867604346, 581, 191.0, 361, 15, 198530.9188899994, 23.67084503173828, 548.58056640625, 341.7055402581745
WIN , 26586.944374084473, -23.7188720703125, 89.51307678222656, 30.700859554370062, 866, 121.11125183105469, 342, 29, 303314.0668888092, 19.840505599975586, 551.6688842773438, 350.247190402782
WIN , 26335.75, -25.198747634887695, 73.874755859375, 31.20349526066351, 844, 143.5, 343, 27, 288002.61500167847, 16.17251205444336, 546.7508544921875, 341.23532583137256
LOSS, 11943.143188476562, -14.779937744140625, 69.65779876708984, 31.763678692756816, 376, 191.0, 374, 6, 130972.05318832397, 36.54890823364258, 536.5250854492188, 348.329928692351
LOSS, 17816.166381835938, -19.820205688476562, 69.6397933959961, 30.145797600399217, 591, 170.447998046875, 360, 21, 202764.30154037476, 23.922853469848633, 549.6420288085938, 343.0868046368439
WIN , 26289.87331390381, -23.616477966308594, 66.4186782836914, 32.78039066571547, 802, 155.2533721923828, 346, 24, 289208.53778266907, 6.086042404174805, 545.7030029296875, 360.60914935494895
LOSS, 19452.53173828125, -26.607803344726562, 65.9654769897461, 26.04087247427209, 747, 175.0, 350, 10, 249614.22581863403, 15.631738662719727, 537.4955444335938, 334.1555901186533
LOSS, 13028.255859375, -19.390472412109375, 63.275672912597656, 35.69385166952055, 365, 223.0, 375, 6, 133568.3044910431, 24.472457885742188, 544.4450073242188, 365.94056024943313
LOSS, 13368.137252807617, -23.527381896972656, 69.2281265258789, 3.095909507366285, 4318, 215.84707641601562, 112, 12, 1017747.4662485123, -3.6579818725585938, 537.4058227539062, 235.69881108117468
WIN , 26866.0, -23.002235412597656, 65.7393569946289, 31.130938586326767, 863, 223.0, 342, 20, 296261.6387748718, 11.988981246948242, 551.5848999023438, 343.29274481445174
LOSS, 10202.521118164062, -18.20404815673828, 67.3051986694336, 33.783182510477026, 302, 207.0, 379, 5, 105423.98211097717, 27.80506706237793, 547.9595947265625, 349.08603348005687
LOSS, 24905.316162109375, -18.512405395507812, 66.9069595336914, 33.977238966042805, 733, 175.0, 351, 14, 263483.45845222473, 22.70363426208496, 553.59716796875, 359.4590156237718
LOSS, 4819.630920410156, 0, 63.67247772216797, 45.90124686104911, 105, 191.0, 392, 4, 40920.85026168823, 35.23136520385742, 533.8782958984375, 389.72238344464984
LOSS, 23645.65000152588, -19.579147338867188, 67.8395767211914, 37.652308919627195, 628, 193.6999969482422, 358, 21, 235977.58660697937, 19.768535614013672, 551.174072265625, 375.76048822767416
LOSS, 24710.919677734375, -41.00048828125, 63.748390197753906, 29.00342685180091, 852, 191.0, 343, 11, 291052.9857082367, -24.11269187927246, 537.2119140625, 341.6114855730478
LOSS, 13631.743408203125, -16.2904052734375, 70.0435562133789, 39.5122997339221, 345, 223.0, 376, 7, 131175.1833000183, 38.548954010009766, 549.4596557617188, 380.2179226087487
LOSS, 17208.45249938965, -17.27509307861328, 70.43843841552734, 31.749912360497508, 542, 188.09500122070312, 363, 11, 195979.17864513397, 15.047991752624512, 542.5245361328125, 361.5852004522767
LOSS, 19743.085090637207, -20.784912109375, 69.2122573852539, 32.31274155587104, 611, 184.83079528808594, 359, 12, 219031.78615951538, 38.57251739501953, 534.6778564453125, 358.48082841164546
WIN , 26247.300003051758, -18.46306610107422, 70.5342788696289, 37.336130872050866, 703, 180.39999389648438, 353, 17, 259494.40123939514, 20.3878116607666, 547.1121826171875, 369.1243260873331
LOSS, 20519.158935546875, -18.21678924560547, 65.7747573852539, 33.52803747638378, 612, 175.0, 359, 14, 218954.2151412964, 26.123973846435547, 544.0555419921875, 357.76832539427517
WIN , 26176.345001220703, -17.35832977294922, 73.57449340820312, 37.88183068194024, 691, 162.30999755859375, 353, 20, 259142.0291469097, 1.5625102519989014, 551.71875, 375.0246442068158
WIN , 26290.0, -18.15411376953125, 75.701904296875, 37.50356633380884, 701, 175.0, 353, 18, 262921.0401763916, 38.637779235839844, 551.4273071289062, 375.06567785505223
LOSS, 20120.65048980713, -37.00048828125, 67.6796646118164, 28.66189528462554, 702, 209.6999969482422, 353, 12, 242035.26961517334, -21.31678581237793, 548.8823852539062, 344.7795863464008
LOSS, 17307.0, -19.720474243164062, 69.11185455322266, 30.15156794425087, 574, 191.0, 361, 14, 200199.12914466858, 25.512826919555664, 547.775146484375, 348.7789706353111
LOSS, 15833.650001525879, -16.362045288085938, 65.6368179321289, 31.291798421987902, 506, 177.6999969482422, 366, 9, 180144.89598083496, 23.03197479248047, 530.2373046875, 356.0175809897924
WIN , 25813.300003051758, -15.775001525878906, 95.3658218383789, 40.08276397989403, 644, 148.39999389648438, 357, 19, 244127.16337394714, 20.59779167175293, 546.123779296875, 379.0794462328372
LOSS, 5337.931823730469, -17.795211791992188, 65.86775970458984, 20.9330659754136, 255, 175.0, 382, 3, 78878.237865448, 25.439512252807617, 536.1787719726562, 309.32642300175684
LOSS, 21904.861328125, -17.459518432617188, 69.3382797241211, 35.675669915513026, 614, 191.0, 359, 19, 224623.00756454468, 20.201948165893555, 553.385498046875, 365.8355172060988
LOSS, -820.941047668457, -21.445045471191406, 59.88037109375, -0.13684631566402017, 5999, 226.88209533691406, 0, 4, 1251171.5326738358, -0.035004258155822754, 547.6983642578125, 208.5633493371955
LOSS, 19777.955810546875, -16.7203369140625, 67.6363296508789, 42.35108310609609, 467, 191.0, 368, 9, 178172.25966644287, 33.8870849609375, 552.0963134765625, 381.5251812985929
LOSS, 22810.38916015625, -18.449989318847656, 69.4212875366211, 34.19848449798538, 667, 207.0, 355, 14, 234492.78697776794, 11.63778305053711, 550.4642944335938, 351.56339876726827
WIN , 25322.0, -22.498558044433594, 83.09854888916016, 20.806902218570254, 1217, 191.0, 318, 26, 400685.0959529877, 16.139259338378906, 559.67578125, 329.2400131084533
WIN , 26249.0, -17.844223022460938, 85.70610046386719, 36.00685871056241, 729, 137.0, 351, 15, 264867.3239736557, 14.132573127746582, 558.5780639648438, 363.32966251530274
LOSS, 12834.624969482422, -19.10256576538086, 63.881446838378906, 35.95133044672947, 357, 201.74981689453125, 376, 7, 129021.15619277954, 43.12124252319336, 553.0230102539062, 361.40379885932646
WIN , 27072.557498931885, -18.462913513183594, 69.88122940063477, 31.850067645802216, 850, 109.88500213623047, 343, 16, 300926.29725933075, 12.850065231323242, 542.8745727539062, 354.0309379521538
LOSS, 14392.109619140625, -38.0, 68.1279525756836, 32.56133397995617, 442, 223.0, 370, 10, 151172.84432029724, -30.7252140045166, 542.9141235351562, 342.02000977442816
WIN , 26804.0, -18.20465850830078, 86.3818359375, 33.92911392405063, 790, 207.0, 347, 25, 288523.09221076965, 13.60836410522461, 551.2567749023438, 365.21910406426537
LOSS, 19920.084602355957, -20.831172943115234, 62.1749267578125, 31.173841318240935, 639, 184.83079528808594, 357, 15, 222975.54310798645, 17.97343635559082, 557.1109619140625, 348.9445119060821
WIN , 27197.75, -19.244163513183594, 84.10546875, 34.297288776796975, 793, 159.5, 347, 24, 285061.510515213, 22.64583396911621, 544.858642578125, 359.4722705109874
LOSS, 8430.649879455566, -14.490966796875, 61.406471252441406, 41.53029497268752, 203, 209.6999969482422, 386, 3, 75186.63690376282, 21.287202835083008, 547.4251708984375, 370.3775216934129
LOSS, 17534.037841796875, -18.204200744628906, 66.6136703491211, 29.668422744157148, 591, 207.0, 360, 16, 203061.15203285217, 22.270877838134766, 540.169677734375, 343.5890897340984
LOSS, 18272.159423828125, -17.70348358154297, 67.6912612915039, 39.63592065906318, 461, 175.0, 369, 16, 176074.29586791992, 36.13450622558594, 547.3487548828125, 381.9399042688068
LOSS, 11428.856491088867, -18.880615234375, 67.42269134521484, 33.6142837973202, 340, 135.60000610351562, 377, 8, 120639.95879936218, 16.655548095703125, 557.529296875, 354.8234082334182
WIN , 26417.40818786621, -19.48956298828125, 69.3880386352539, 34.30832232190417, 770, 180.18362426757812, 348, 23, 283891.73133182526, 7.637495040893555, 547.5667114257812, 368.69056017120164
WIN , 27379.550003051758, -22.80402374267578, 80.12080383300781, 31.762819029062364, 862, 135.89999389648438, 342, 22, 310547.6656885147, 14.164385795593262, 559.6491088867188, 360.2641133277433
LOSS, 11720.12939453125, -16.232513427734375, 62.014381408691406, 40.275358744093644, 291, 175.0, 380, 3, 112471.95917510986, 50.41998291015625, 542.1360473632812, 386.50157792133973
LOSS, 5549.863586425781, -18.562828063964844, 62.535240173339844, 26.941085370998938, 206, 175.0, 386, 2, 67388.14654350281, 8.383306503295898, 556.5761108398438, 327.12692496846023
LOSS, 20981.61474609375, -18.20404815673828, 69.9166030883789, 41.14042107077206, 510, 207.0, 365, 13, 202720.24176597595, 23.25560188293457, 565.3345947265625, 397.4906701293646
LOSS, 5044.6904296875, -18.2679443359375, 59.859764099121094, 27.871217843577348, 181, 191.0, 387, 1, 60547.02382659912, 36.89799880981445, 534.1082153320312, 334.5139437933653
WIN , 26566.0, -18.408676147460938, 74.20240783691406, 36.84604715672677, 721, 223.0, 351, 25, 271413.8389353752, 6.302405834197998, 554.5006103515625, 376.4408307009365
WIN , 27098.65000152588, -19.703758239746094, 79.2159194946289, 27.262223341575332, 994, 177.6999969482422, 333, 20, 327051.07004737854, 14.11939811706543, 555.4085693359375, 329.0252213756323
WIN , 26982.0, -37.0, 84.642333984375, 30.350956130483688, 889, 191.0, 340, 14, 304244.94000840187, -0.9298105239868164, 552.77294921875, 342.2327784121506
LOSS, 10903.999877929688, -18.297019958496094, 67.55713653564453, 41.14716935067807, 265, 223.0, 382, 6, 99378.7389755249, 37.9763298034668, 547.291748046875, 375.0141093416034
LOSS, 12351.957107543945, -18.71398162841797, 68.0034408569336, 42.446587998432804, 291, 164.39999389648438, 380, 11, 117746.01948165894, 42.2328987121582, 556.49365234375, 404.62549650054615
WIN , 26582.909507751465, -18.20465850830078, 66.4549789428711, 33.99349041911952, 782, 129.1809844970703, 347, 19, 281499.549911499, 14.79576301574707, 547.7642211914062, 359.97384899168674
LOSS, 7111.6495361328125, -12.9998779296875, 66.9310531616211, 37.827923064536236, 188, 207.0, 387, 4, 71356.65954971313, 39.637813568115234, 547.9537353515625, 379.5566997325167
WIN , 26574.0, -18.2713623046875, 67.22905731201172, 34.02560819462228, 781, 207.0, 347, 24, 287094.27344703674, 20.7404842376709, 546.411376953125, 367.598301468677
LOSS, 19872.272399902344, -20.000381469726562, 66.8526382446289, 32.36526449495496, 614, 186.4561767578125, 359, 16, 215589.3189716339, 10.573807716369629, 556.2059936523438, 351.12266933490866
WIN , 26715.897872924805, -19.370487213134766, 70.2418441772461, 33.81759224420861, 790, 183.20425415039062, 347, 15, 280926.6826045513, 2.792057752609253, 555.7291259765625, 355.6033957019637
LOSS, 21106.234130859375, -17.844223022460938, 69.9608383178711, 36.834614539021594, 573, 175.0, 361, 15, 212058.952375412, 27.794702529907227, 558.80126953125, 370.0854317197417
LOSS, 16524.167724609375, -35.99951171875, 64.0050277709961, 30.828671128002565, 536, 223.0, 364, 11, 188180.81182396412, -12.272407531738281, 554.225341796875, 351.0836041491868
WIN , 26540.907524108887, -16.00006103515625, 81.13984680175781, 30.09173188674477, 882, 133.18495178222656, 341, 15, 300533.99899482727, 16.907127380371094, 553.0150146484375, 340.74149545898786
LOSS, 24811.36474609375, -33.99951171875, 69.6468276977539, 33.21467837495817, 747, 175.0, 350, 14, 268520.80006217957, 18.191707611083984, 561.4769897460938, 359.46559579943715
LOSS, 16510.46923828125, -18.567543029785156, 63.06098175048828, 30.688604532121282, 538, 191.0, 364, 12, 187898.5357017517, 20.530424118041992, 545.419921875, 349.2537838322522
WIN , 27067.2059173584, -21.14118194580078, 67.3961410522461, 32.65042933336357, 829, 140.58816528320312, 344, 29, 296483.9868736267, 22.35893440246582, 562.6293334960938, 357.64051492596707
WIN , 26859.25049972534, -18.53424835205078, 80.26224899291992, 34.56788996103648, 777, 116.4990005493164, 348, 25, 282271.2688713074, 21.03455352783203, 554.5333862304688, 363.2834863208589
LOSS, 15371.0, -17.5869140625, 64.1323013305664, 31.75826446280992, 484, 223.0, 367, 6, 165901.3254852295, 31.869842529296875, 554.9086303710938, 342.7713336471684
LOSS, 16132.25341796875, -21.34002685546875, 65.1253433227539, 35.61203845026214, 453, 175.0, 369, 10, 164290.35633277893, 3.1248779296875, 546.67431640625, 362.6718682842802
LOSS, -935.437255859375, -22.329872131347656, 57.02247619628906, -0.1559321980095641, 5999, 227.2142333984375, 0, 6, 1209481.8393187523, -5.561849117279053, 541.4655151367188, 201.61390887127058
