LOSS, -512.0, -512.0, 0.0, -0.08534755792632105, 5999, 234.5133819580078, 0, 1, 1521.8944163918495, 0.50270676612854, 1.641434669494629, 0.25369135129052334
LOSS, -512.0, -512.0, 0.0, -0.08534755792632105, 5999, 180.1741485595703, 0, 3, 12792.670731246471, 0.41914093494415283, 57.754852294921875, 2.1324671997410354
LOSS, -288.0, -512.0, 48.0, -0.048008001333555594, 5999, 161.62350463867188, 0, 5, 26592.52738726139, 1.2282214164733887, 56.62541198730469, 4.4328267023272865
LOSS, -502.0, -512.0, 10.0, -0.08368061343557259, 5999, 203.39498901367188, 0, 6, 69269.82821536064, 3.189610481262207, 106.42965698242188, 11.546895851868753
WIN , 2726.0, -42.0, 1024.0, 0.47024322925651196, 5797, 177.6999969482422, 13, 32, 122781.20665025711, 6.83890438079834, 105.80526733398438, 21.18012879942334
LOSS, 50.0, -554.0, 32.0, 0.05186721991701245, 964, 223.0, 335, 9, 29569.517738342285, 9.831924438476562, 89.13094329833984, 30.673773587491997
LOSS, -352.0, -554.0, 32.0, -1.3283018867924528, 265, 223.0, 382, 8, 9031.412868499756, 12.461467742919922, 102.35693359375, 34.08080327735757
LOSS, 420.0, -554.0, 48.0, 0.3488372093023256, 1204, 180.8853759765625, 319, 18, 41764.90282535553, 10.462470054626465, 171.09715270996094, 34.68845749614247
LOSS, 178.0, -554.0, 32.0, 0.2398921832884097, 742, 223.0, 350, 10, 34841.797300338745, 16.952796936035156, 204.28997802734375, 46.95660013522742
WIN , 2362.0, 0.0, 1024.0, 1.137217140105922, 2077, 175.42718505859375, 261, 32, 98285.69556427002, 5.714031219482422, 352.6655578613281, 47.32098967947521
LOSS, -60.0, -554.0, 48.0, -0.053811659192825115, 1115, 223.0, 325, 27, 62253.30635070801, 14.115148544311523, 447.9196472167969, 55.83256174951391
LOSS, 952.0, -512.0, 80.0, 0.15869311551925322, 5999, 215.88465881347656, 0, 26, 402186.8069820404, 11.682950019836426, 616.558349609375, 67.04230821504258
LOSS, 644.0, -554.0, 48.0, 0.24430955993930198, 2636, 223.0, 224, 28, 224678.2827243805, 27.575408935546875, 598.4708862304688, 85.23455338557682
WIN , 2516.0, 0.0, 1024.0, 1.15096065873742, 2186, 191.0, 254, 35, 208148.5076637268, 34.81440353393555, 804.9903564453125, 95.21889646099122
LOSS, 488.0, -554.0, 48.0, 0.36941710825132473, 1321, 191.0, 311, 9, 128076.99333953857, 41.3284912109375, 823.995849609375, 96.95457482175516
LOSS, -382.0, -554.0, 32.0, -1.668122270742358, 229, 223.0, 384, 3, 28691.75005340576, 50.321475982666016, 746.6861572265625, 125.29148494937014
LOSS, 158.0, -554.0, 58.0, 0.2, 790, 207.0, 347, 6, 100038.88301467896, 42.295372009277344, 745.793701171875, 126.63149748693539
WIN , 2404.0, -42.0, 1024.0, 1.3651334469051675, 1761, 196.1680908203125, 282, 17, 207356.2859840393, 46.30609893798828, 938.2162475585938, 117.74916864511034
WIN , 2294.0, -42.0, 1024.0, 1.3352735739231665, 1718, 219.11895751953125, 285, 26, 210293.1608390808, 35.11677169799805, 734.6026000976562, 122.40579792728802
LOSS, 490.0, -554.0, 48.0, 0.359501100513573, 1363, 201.8000030517578, 309, 21, 176309.5690612793, 47.01527786254883, 823.7686157226562, 129.35404920123207
WIN , 2846.0, -42.0, 1024.0, 2.0155807365439093, 1412, 214.1175079345703, 305, 25, 185952.1538734436, 47.491851806640625, 880.9498291015625, 131.69415996702804
LOSS, 252.0, -512.0, 48.0, 0.042007001166861145, 5999, 209.3353271484375, 0, 16, 721015.1628799438, 44.65687561035156, 687.5991821289062, 120.18922535088245
LOSS, -22.0, -554.0, 48.0, -0.029451137884872823, 747, 223.0, 350, 9, 110838.99855041504, 51.12164306640625, 800.4951171875, 148.3788467877042
LOSS, 604.0, -554.0, 58.0, 0.3685173886516168, 1639, 186.447998046875, 290, 23, 258571.70375061035, 61.378150939941406, 935.5040893554688, 157.7618692804212
LOSS, -314.0, -538.0, 48.0, -1.0716723549488054, 293, 175.0, 380, 7, 58017.0369720459, 92.88516998291016, 852.0525512695312, 198.0103650923068
LOSS, 120.0, -512.0, 32.0, 0.020003333888981498, 5999, 231.30760192871094, 0, 16, 857529.3271484375, 38.39531326293945, 854.5877075195312, 142.94537875453202
WIN , 2014.0, -42.0, 1024.0, 0.9363086936308693, 2151, 199.5025634765625, 256, 32, 371616.2008705139, 49.213111877441406, 866.6427001953125, 172.76438906114083
LOSS, 762.0, -554.0, 48.0, 0.7514792899408284, 1014, 207.0, 332, 23, 207061.62113189697, 93.17987823486328, 721.0455322265625, 204.20278218135797
WIN , 2218.0, 0.0, 1024.0, 1.4055766793409379, 1578, 157.1417694091797, 294, 35, 307251.835975647, 53.78827667236328, 894.9744262695312, 194.70965524438972
WIN , 2168.0, -42.0, 1024.0, 1.45503355704698, 1490, 207.0, 300, 27, 293806.4865989685, 47.89384841918945, 939.3641967773438, 197.1855614758178
LOSS, -206.0, -554.0, 32.0, -0.10916799152093269, 1887, 207.0, 274, 25, 338793.2101211548, 66.7581558227539, 739.8444213867188, 179.54065189250386
WIN , 2982.0, 0.0, 1024.0, 1.0325484764542936, 2888, 187.25335693359375, 207, 27, 533707.0005187988, 31.47189712524414, 776.9716796875, 184.8015929774234
LOSS, -164.0, -554.0, 48.0, -0.46458923512747874, 353, 223.0, 376, 2, 74154.6573600769, 61.89339828491211, 689.0717163085938, 210.06985087840482
WIN , 2740.0, 0.0, 1024.0, 1.5684029765311964, 1747, 191.0, 283, 39, 352454.1149673462, 53.18809509277344, 935.230712890625, 201.74820547644316
LOSS, 256.0, -554.0, 32.0, 0.6632124352331606, 386, 223.0, 374, 5, 85417.88952636719, 121.07556915283203, 875.2432861328125, 221.28986923929324
LOSS, 204.0, -554.0, 48.0, 0.2463768115942029, 828, 180.1680908203125, 344, 18, 190307.35387420654, 71.52298736572266, 782.6048583984375, 229.83979936498375
LOSS, 622.0, -554.0, 48.0, 0.5166112956810631, 1204, 223.0, 319, 16, 271442.1940727234, 44.84010696411133, 816.6642456054688, 225.4503273029264
WIN , 2174.0, -42.0, 1024.0, 1.702427564604542, 1277, 180.8853759765625, 314, 25, 293503.4540710449, 72.6363754272461, 774.5773315429688, 229.8382569076311
WIN , 2640.0, 0.0, 1024.0, 0.9472551130247578, 2787, 196.39999389648438, 214, 32, 578635.0792045593, 61.53078842163086, 893.3758544921875, 207.61933233030476
WIN , 2278.0, -42.0, 1024.0, 1.8370967741935484, 1240, 155.2533721923828, 317, 21, 304735.5139694214, 87.60504150390625, 1047.109619140625, 245.75444674953337
LOSS, 786.0, -554.0, 48.0, 0.8891402714932126, 884, 207.0, 341, 15, 221156.24514007568, 88.39031219482422, 710.574462890625, 250.1767478960132
WIN , 2908.0, 0.0, 1024.0, 1.7785932721712538, 1635, 169.39498901367188, 290, 32, 390667.76289367676, 80.98379516601562, 816.4440307617188, 238.94052776371666
WIN , 3008.0, 0.0, 1024.0, 1.4023310023310023, 2145, 177.6999969482422, 256, 33, 502200.5565223694, 46.395992279052734, 933.5296630859375, 234.12613357686217
LOSS, 224.0, -554.0, 58.0, 0.21212121212121213, 1056, 191.0, 329, 16, 263769.24962615967, 85.46810913085938, 814.31396484375, 249.78148638840878
LOSS, 252.0, -554.0, 48.0, 0.230980751604033, 1091, 207.0, 327, 10, 272597.34551239014, 118.09471893310547, 716.3942260742188, 249.86007837982598
LOSS, 590.0, -512.0, 48.0, 0.09834972495415903, 5999, 236.22303771972656, 0, 21, 1287422.187828064, 53.522979736328125, 906.0430297851562, 214.6061323267318
WIN , 2112.0, -42.0, 1024.0, 1.7073565076798707, 1237, 208.19288635253906, 317, 33, 337988.28143310547, 96.87117767333984, 879.1162719726562, 273.2322404471346
LOSS, 666.0, -554.0, 32.0, 0.604355716878403, 1102, 175.0, 326, 26, 301724.46572875977, 97.62321472167969, 711.61083984375, 273.7971558337203
WIN , 2078.0, -42.0, 1024.0, 1.0053217223028543, 2067, 172.09500122070312, 262, 30, 519407.4278335571, 64.49400329589844, 829.8731689453125, 251.28564481546064
WIN , 2042.0, -42.0, 1024.0, 1.783406113537118, 1145, 207.0, 323, 28, 329281.3229866028, 61.353023529052734, 801.6873168945312, 287.58194147301555
LOSS, -272.0, -554.0, 48.0, -0.6031042128603105, 451, 201.8000030517578, 369, 7, 124024.60190200806, 57.15963363647461, 743.3572998046875, 274.9991172993527
WIN , 2996.0, 0.0, 1024.0, 1.4158790170132325, 2116, 192.19288635253906, 258, 32, 534271.5941581726, 63.86448287963867, 751.33935546875, 252.4913015870381
LOSS, 902.0, -554.0, 32.0, 0.8445692883895131, 1068, 207.0, 328, 25, 318913.0176925659, 82.81935119628906, 814.9620971679688, 298.60769446869466
LOSS, 674.0, -554.0, 48.0, 0.5741056218057922, 1174, 207.0, 321, 19, 325772.27336883545, 75.7274398803711, 907.5391845703125, 277.48915959866736
WIN , 3144.0, -42.0, 1024.0, 3.0086124401913876, 1045, 167.5025634765625, 330, 23, 324326.10131073, 72.32252502441406, 829.1401977539062, 310.3599055605072
LOSS, 248.0, -554.0, 32.0, 0.35127478753541075, 706, 207.0, 352, 10, 197542.1639175415, 95.43421173095703, 763.49462890625, 279.80476475572453
LOSS, 380.0, -554.0, 48.0, 0.4947916666666667, 768, 207.0, 348, 15, 217568.89395141602, 106.01215362548828, 729.3969116210938, 283.29283066590625
WIN , 2358.0, -42.0, 1024.0, 1.5301752109020117, 1541, 207.0, 297, 32, 433475.7682495117, 54.78912353515625, 860.4404296875, 281.2951124266786
LOSS, -336.0, -554.0, 32.0, -0.8057553956834532, 417, 223.0, 372, 9, 122152.05499267578, 155.8877716064453, 805.8892211914062, 292.93058751241193
LOSS, -262.0, -512.0, 32.0, -0.043673945657609604, 5999, 203.39498901367188, 0, 6, 1427345.4400863647, 56.09703826904297, 675.8001098632812, 237.93056177468992
LOSS, 1082.0, -554.0, 48.0, 0.944153577661431, 1146, 207.0, 323, 22, 349046.18228149414, 141.9544219970703, 840.2105102539062, 304.57782048996
WIN , 2910.0, 0.0, 1024.0, 1.1443177349587101, 2543, 177.6999969482422, 230, 35, 704193.2255897522, 48.14162826538086, 910.5809936523438, 276.91436318904925
WIN , 2818.0, 0.0, 1024.0, 1.845448592010478, 1527, 180.1680908203125, 298, 30, 460900.49307250977, 118.91168212890625, 842.745849609375, 301.83398367551393
LOSS, -98.0, -554.0, 32.0, -0.16666666666666666, 588, 207.0, 360, 12, 184082.94541931152, 63.58252716064453, 737.642578125, 313.0662337063121
LOSS, 164.0, -554.0, 32.0, 0.250381679389313, 655, 191.0, 356, 14, 199301.71627044678, 110.33090209960938, 784.2696533203125, 304.2774294205294
WIN , 2248.0, -42.0, 1024.0, 1.3301775147928994, 1690, 114.062255859375, 287, 18, 498035.3447494507, 91.74365997314453, 895.4446411132812, 294.69547026594716
LOSS, -8.0, -554.0, 48.0, -0.021739130434782608, 368, 223.0, 375, 13, 124406.86476135254, 101.8319091796875, 861.9545288085938, 338.0621325036754
WIN , 2202.0, -42.0, 1024.0, 1.755980861244019, 1254, 181.3357391357422, 316, 21, 397577.56859588623, 34.668487548828125, 822.2991943359375, 317.0475028675329
LOSS, 610.0, -554.0, 48.0, 0.5272255834053586, 1157, 197.3357391357422, 322, 23, 342515.60944366455, 69.6513442993164, 873.6963500976562, 296.0376918268492
LOSS, -336.0, -554.0, 32.0, -0.8096385542168675, 415, 223.0, 372, 10, 124607.4734954834, 145.91015625, 655.029296875, 300.25897227827323
LOSS, -262.0, -554.0, 32.0, -0.24531835205992508, 1068, 223.0, 328, 17, 310464.99979400635, 95.4908218383789, 801.1405029296875, 290.6975653501932
WIN , 3180.0, -42.0, 1024.0, 0.8610885458976442, 3693, 207.0, 153, 31, 1029873.0261764526, 20.931846618652344, 780.4076538085938, 278.87165615392706
LOSS, 524.0, -554.0, 32.0, 0.6201183431952663, 845, 191.0, 343, 10, 266463.68724823, 34.718666076660156, 949.316162109375, 315.34164171388164
LOSS, 940.0, -554.0, 48.0, 0.7807308970099668, 1204, 191.0, 319, 20, 382671.03774642944, 63.292293548583984, 884.2222290039062, 317.8330878292603
LOSS, 76.0, -554.0, 48.0, 0.16379310344827586, 464, 223.0, 369, 5, 144098.05044555664, 178.7144775390625, 734.5374145507812, 310.5561432016307
LOSS, 832.0, -554.0, 58.0, 0.6769731489015459, 1229, 191.0, 318, 27, 387252.671875, 132.3687286376953, 871.0091552734375, 315.09574603336046
LOSS, 126.0, -554.0, 48.0, 0.19534883720930232, 645, 193.6999969482422, 356, 12, 210743.46395874023, 131.88717651367188, 1020.244384765625, 326.7340526492097
WIN , 2438.0, 0.0, 1024.0, 2.0521885521885523, 1188, 207.0, 320, 28, 384493.7640838623, 104.16062927246094, 903.8446044921875, 323.64794956554067
LOSS, 708.0, -554.0, 48.0, 0.5865782932891467, 1207, 195.72488403320312, 319, 24, 381711.9300842285, 157.26515197753906, 1003.7042846679688, 316.24849219902944
LOSS, -230.0, -512.0, 32.0, -0.038339723287214536, 5999, 199.3357391357422, 0, 5, 1624381.5484085083, 114.62210845947266, 729.2518920898438, 270.77538729930126
WIN , 2856.0, 0.0, 1024.0, 2.8333333333333335, 1008, 223.0, 332, 29, 327277.78146362305, 144.05999755859375, 851.730224609375, 324.6803387535943
WIN , 2972.0, -42.0, 1024.0, 1.791440626883665, 1659, 172.7271728515625, 289, 32, 515041.2204208374, 106.11316680908203, 902.6163940429688, 310.4528152024336
WIN , 2956.0, 0.0, 1024.0, 1.0721799056945955, 2757, 191.0, 216, 36, 816062.579750061, 117.37084197998047, 948.2015380859375, 295.99658315199895
LOSS, -120.0, -554.0, 32.0, -0.16901408450704225, 710, 207.0, 352, 13, 227918.92054748535, 116.24949645996094, 900.6090698242188, 321.01256415138783
LOSS, 636.0, -554.0, 48.0, 0.5431255337318531, 1171, 207.0, 321, 24, 384053.9725494385, 128.97116088867188, 880.5591430664062, 327.97094154520795
LOSS, 110.0, -554.0, 32.0, 0.16897081413210446, 651, 223.0, 356, 12, 213918.50508117676, 188.43026733398438, 998.9577026367188, 328.599854195356
LOSS, 4.0, -554.0, 48.0, 0.011461318051575931, 349, 223.0, 376, 9, 119876.55744934082, 204.64393615722656, 923.9091186523438, 343.4858379637273
LOSS, 614.0, -554.0, 48.0, 0.5256849315068494, 1168, 186.447998046875, 322, 20, 375395.5783843994, 173.01487731933594, 942.521728515625, 321.40032395924607
LOSS, 562.0, -554.0, 48.0, 0.4129316678912564, 1361, 207.0, 309, 14, 435676.6528778076, 86.15859985351562, 913.8355102539062, 320.115101306251
LOSS, 236.0, -554.0, 48.0, 0.3224043715846995, 732, 175.0, 351, 12, 236721.4669342041, 183.96791076660156, 885.5938720703125, 323.38998215055204
LOSS, -212.0, -554.0, 32.0, -0.3581081081081081, 592, 201.8000030517578, 360, 18, 191880.30921936035, 112.763916015625, 808.092041015625, 324.1221439516222
WIN , 3024.0, -42.0, 1024.0, 0.7712318286151492, 3921, 180.8853759765625, 138, 33, 1177491.1249847412, 82.47370910644531, 849.0712280273438, 300.30378091934233
LOSS, 426.0, -554.0, 48.0, 0.5510996119016818, 773, 159.0, 348, 6, 252427.54733276367, 156.88363647460938, 858.8246459960938, 326.55568865816775
LOSS, 464.0, -554.0, 48.0, 0.350188679245283, 1325, 223.0, 311, 19, 424760.7797164917, 126.39250946044922, 821.6148071289062, 320.5741733709371
WIN , 3318.0, 0.0, 1024.0, 2.155945419103314, 1539, 164.8853759765625, 297, 30, 494389.89558410645, 102.2066650390625, 897.8013916015625, 321.24099778044604
LOSS, 284.0, -554.0, 42.0, 0.22611464968152867, 1256, 175.0, 316, 16, 390091.38888549805, 184.095947265625, 841.6031494140625, 310.58231599163855
LOSS, 716.0, -554.0, 48.0, 0.6336283185840708, 1130, 223.0, 324, 24, 378846.8737487793, 106.45333862304688, 970.8436279296875, 335.2627201316631
LOSS, 84.0, -554.0, 32.0, 0.08615384615384615, 975, 223.0, 334, 11, 306019.5132446289, 182.07000732421875, 943.166015625, 313.8661674303886
LOSS, 674.0, -554.0, 48.0, 0.45850340136054424, 1470, 207.0, 301, 19, 456966.4745025635, 176.69447326660156, 870.8109741210938, 310.86154728065543
LOSS, -222.0, -554.0, 48.0, -0.42610364683301344, 521, 191.0, 365, 8, 174316.39781188965, 159.73098754882812, 895.7044677734375, 334.5804180650473
WIN , 2816.0, -42.0, 1024.0, 1.9943342776203965, 1412, 223.0, 305, 35, 460983.2097015381, 138.4313201904297, 906.909912109375, 326.4753609784264
WIN , 2924.0, -42.0, 1024.0, 0.546439917772379, 5351, 137.1112518310547, 43, 32, 1550207.0244312286, -55.07624816894531, 1022.7085571289062, 289.7041720110687
WIN , 2982.0, -42.0, 1024.0, 0.951803383338653, 3133, 130.06224060058594, 191, 30, 956528.9344787598, 128.46388244628906, 927.1727905273438, 305.3076713944334
LOSS, 494.0, -554.0, 48.0, 0.3678332092330603, 1343, 223.0, 310, 17, 433464.75427246094, 172.74468994140625, 1045.726806640625, 322.7585661001198
LOSS, -178.0, -554.0, 32.0, -0.30220713073005095, 589, 185.8000030517578, 360, 9, 190922.8660736084, 187.17527770996094, 921.4446411132812, 324.14748060035384
WIN , 2424.0, -42.0, 1024.0, 0.7274909963985594, 3332, 127.5, 177, 26, 973169.795835495, -93.62310028076172, 891.3226928710938, 292.0677658569913
WIN , 2110.0, -42.0, 1024.0, 1.6907051282051282, 1248, 223.0, 316, 29, 409139.04985809326, 92.50228881835938, 905.8146362304688, 327.83577712988244
LOSS, 364.0, -554.0, 32.0, 0.35443037974683544, 1027, 223.0, 331, 10, 324353.99547576904, 70.70629119873047, 974.3945922851562, 315.8266752441763
LOSS, 356.0, -554.0, 48.0, 0.4258373205741627, 836, 223.0, 344, 10, 267204.2785549164, 26.61663246154785, 976.5115966796875, 319.6223427690387
LOSS, 392.0, -554.0, 32.0, 0.3163841807909605, 1239, 207.0, 317, 20, 399224.56076049805, 53.86729431152344, 994.96826171875, 322.2151418567377
WIN , 1726.0, 0.0, 1024.0, 1.21293042867182, 1423, 196.85018920898438, 305, 36, 458022.12299346924, 44.92235565185547, 925.60986328125, 321.8707821457971
WIN , 2762.0, -42.0, 1024.0, 1.5891829689298043, 1738, 192.19288635253906, 284, 18, 555772.3364105225, 112.95392608642578, 999.1320190429688, 319.77694845254456
WIN , 2618.0, -42.0, 1024.0, 2.059795436664044, 1271, 149.3357391357422, 315, 27, 423382.43017578125, 143.6001434326172, 904.8271484375, 333.1097011611182
WIN , 2642.0, 0.0, 1024.0, 1.4382144801306478, 1837, 177.6999969482422, 277, 35, 570218.5020828247, 65.32076263427734, 1032.946044921875, 310.407458945468
LOSS, 1342.0, -554.0, 80.0, 0.5120183136207554, 2621, 175.0, 225, 23, 780884.9111042023, 24.363794326782227, 1046.925048828125, 297.93396074177883
LOSS, -208.0, -554.0, 32.0, -0.30014430014430016, 693, 201.8000030517578, 353, 10, 222293.94343566895, 148.18026733398438, 1003.564208984375, 320.7704811481514
LOSS, 62.0, -554.0, 32.0, 0.055705300988319856, 1113, 209.6999969482422, 325, 7, 334099.3104400635, 126.88911437988281, 864.5911865234375, 300.1790749686105
WIN , 2334.0, -42.0, 1024.0, 1.1646706586826348, 2004, 199.5518341064453, 266, 26, 623032.0653839111, 126.13343811035156, 1041.1319580078125, 310.89424420354845
LOSS, 174.0, -554.0, 32.0, 0.19269102990033224, 903, 223.0, 339, 14, 286317.33282089233, 29.969463348388672, 1015.42333984375, 317.07345827341345
LOSS, -168.0, -512.0, 48.0, -0.028004667444574097, 5999, 230.87095642089844, 0, 7, 1696520.967124939, 34.34992218017578, 721.6189575195312, 282.8006279588163
LOSS, 246.0, -554.0, 32.0, 0.42634315424610053, 577, 191.0, 361, 10, 193342.7967224121, 134.94247436523438, 942.7587280273438, 335.0828366073
LOSS, 220.0, -554.0, 48.0, 0.11752136752136752, 1872, 191.0, 275, 15, 556707.1414489746, 66.47068786621094, 981.6148681640625, 297.3862935090676
LOSS, 330.0, -554.0, 48.0, 0.205607476635514, 1605, 223.0, 292, 19, 491472.3963317871, 118.18789672851562, 1024.7569580078125, 306.2133310478424
LOSS, -90.0, -554.0, 32.0, -0.12838801711840228, 701, 207.0, 353, 12, 239014.47144317627, 119.15743255615234, 955.7459716796875, 340.96215612435986
LOSS, -384.0, -554.0, 48.0, -1.471264367816092, 261, 201.8000030517578, 382, 7, 88638.92805480957, 140.1656036376953, 799.7550659179688, 339.61275116785276
LOSS, -54.0, -554.0, 48.0, -0.10305343511450382, 524, 175.0, 365, 11, 176204.09884643555, 95.32228088378906, 1019.2838134765625, 336.26736421075486
LOSS, -20.0, -554.0, 48.0, -0.049019607843137254, 408, 223.0, 372, 12, 144771.01765441895, 140.9710693359375, 1104.672607421875, 354.83092562357587
LOSS, -432.0, -554.0, 32.0, -1.815126050420168, 238, 207.0, 384, 3, 84130.90962219238, 233.21095275878906, 810.7999267578125, 353.491216899968
WIN , 2302.0, -42.0, 1024.0, 1.5224867724867726, 1512, 207.0, 299, 23, 496873.4225654602, 25.267383575439453, 1124.9339599609375, 328.6199884692197
WIN , 2228.0, -42.0, 1024.0, 1.7379095163806553, 1282, 207.0, 314, 23, 437422.87620544434, 78.72537231445312, 954.9217529296875, 341.2034915799098
WIN , 1808.0, 0.0, 1024.0, 1.1264797507788162, 1605, 207.0, 292, 36, 537429.1233062744, 69.28294372558594, 1003.1538696289062, 334.84680579830183
LOSS, 986.0, -554.0, 48.0, 0.90625, 1088, 223.0, 327, 24, 364042.1153717041, 86.68370056152344, 1185.2822265625, 334.59753251075745
WIN , 2490.0, -42.0, 1024.0, 1.751054852320675, 1422, 156.7271728515625, 305, 30, 478600.69065856934, 188.73353576660156, 1005.7672729492188, 336.5686994786001
WIN , 2544.0, -42.0, 1024.0, 1.8171428571428572, 1400, 165.3357391357422, 306, 31, 469934.767868042, 91.8314208984375, 1005.7423095703125, 335.6676913343157
WIN , 3238.0, 0.0, 1024.0, 2.3446777697320784, 1381, 172.7271728515625, 307, 33, 464808.50983428955, 64.16905975341797, 1046.1162109375, 336.573866643222
LOSS, 480.0, -554.0, 48.0, 0.5095541401273885, 942, 207.0, 337, 16, 319087.7984313965, 76.019775390625, 1018.5934448242188, 338.7343932392744
LOSS, 568.0, -554.0, 32.0, 0.46029173419773095, 1234, 201.39498901367188, 317, 23, 412030.38694000244, 108.65747833251953, 966.892578125, 333.89820659643635
LOSS, 284.0, -554.0, 32.0, 0.33930704898446834, 837, 191.0, 344, 15, 293053.62940979004, 94.09706115722656, 1045.3604736328125, 350.1238105254361
LOSS, 78.0, -554.0, 48.0, 0.13242784380305603, 589, 223.0, 360, 8, 207942.78954315186, 49.59532928466797, 1058.4193115234375, 353.0437853024649
LOSS, 352.0, -554.0, 48.0, 0.06840264282938205, 5146, 223.0, 56, 16, 1510042.570590973, -18.288497924804688, 1003.2444458007812, 293.4400642423189
WIN , 2874.0, -42.0, 1024.0, 1.8282442748091603, 1572, 199.5025634765625, 295, 30, 531779.9945602417, 91.4253158569336, 896.1678466796875, 338.2824392876856
LOSS, 140.0, -554.0, 32.0, 0.13282732447817835, 1054, 191.0, 329, 18, 337051.82233428955, 87.37712860107422, 1122.0452880859375, 319.7835126511286
WIN , 2844.0, -42.0, 1024.0, 2.726749760306807, 1043, 160.19288635253906, 330, 22, 365398.52854156494, 117.71538543701172, 948.9779663085938, 350.3341596755177
LOSS, 326.0, -554.0, 32.0, 0.31436837029893927, 1037, 196.1680908203125, 330, 20, 344092.2272605896, 63.36111068725586, 884.2960815429688, 331.81506968234294
WIN , 2610.0, -42.0, 1024.0, 2.088, 1250, 164.8853759765625, 316, 27, 423619.4828338623, 140.8269805908203, 983.85986328125, 338.89558626708987
WIN , 2432.0, 0.0, 1024.0, 1.4305882352941177, 1700, 153.39498901367188, 286, 29, 544398.5605659485, 23.559894561767578, 871.278076171875, 320.2344473917344
LOSS, 16.0, -554.0, 48.0, 0.034261241970021415, 467, 207.0, 368, 13, 165284.4810180664, 14.108383178710938, 953.0598754882812, 353.9282248780865
LOSS, 638.0, -554.0, 48.0, 0.5434412265758092, 1174, 207.0, 321, 26, 390406.3227996826, 102.24784851074219, 850.0165405273438, 332.543716183716
LOSS, 610.0, -554.0, 48.0, 0.5446428571428571, 1120, 175.0, 325, 21, 372064.02712249756, 75.69625854492188, 1003.9529418945312, 332.20002421651566
LOSS, 4.0, -554.0, 42.0, 0.005148005148005148, 777, 175.0, 348, 11, 259633.07737731934, 139.95420837402344, 1114.314208984375, 334.1481047327147
LOSS, -262.0, -554.0, 32.0, -0.42810457516339867, 612, 207.0, 359, 18, 206542.60704040527, 101.11756134033203, 844.59765625, 337.4879200006622
LOSS, -394.0, -554.0, 32.0, -1.308970099667774, 301, 207.0, 379, 4, 97756.80841827393, 34.466041564941406, 881.7557983398438, 324.7734498945978
LOSS, 672.0, -554.0, 32.0, 0.5843478260869566, 1150, 191.0, 323, 25, 379206.8196411133, 114.30851745605469, 918.8763427734375, 329.7450605574898
LOSS, 52.0, -554.0, 32.0, 0.0654911838790932, 794, 186.447998046875, 347, 14, 258467.08988952637, 194.4290313720703, 806.0394897460938, 325.52530212786695
LOSS, 806.0, -554.0, 48.0, 0.6526315789473685, 1235, 223.0, 317, 11, 385440.49504089355, 48.744140625, 928.5037841796875, 312.09756683473165
WIN , 2596.0, -42.0, 1024.0, 1.8450604122245913, 1407, 191.0, 306, 28, 469002.07915496826, 54.09712219238281, 857.4459838867188, 333.33481105541455
WIN , 2538.0, 0.0, 1024.0, 1.648051948051948, 1540, 143.38015747070312, 297, 34, 500155.4569244385, 76.37139892578125, 909.1139526367188, 324.77627073015486
WIN , 2320.0, -42.0, 1024.0, 1.681159420289855, 1380, 188.7271728515625, 307, 27, 454694.8183364868, 107.11905670166016, 826.1607666015625, 329.48899879455564
LOSS, 40.0, -554.0, 32.0, 0.07207207207207207, 555, 223.0, 362, 9, 185482.43174743652, 195.17970275878906, 757.2958984375, 334.20257972511087
LOSS, -18.0, -512.0, 32.0, -0.0030005000833472247, 5999, 130.3399658203125, 0, 17, 1685961.6342878342, -4.290838241577148, 902.443115234375, 281.0404457889372
LOSS, 404.0, -554.0, 32.0, 0.6352201257861635, 636, 184.83079528808594, 357, 15, 213632.05963897705, 120.7522201538086, 954.63671875, 335.8994648411589
LOSS, 16.0, -554.0, 48.0, 0.028985507246376812, 552, 223.0, 363, 11, 178478.64924621582, 144.6040802001953, 817.337158203125, 323.3308863156084
WIN , 2904.0, 0.0, 1024.0, 1.0711914422722242, 2711, 177.6999969482422, 219, 39, 818586.2655258179, 37.68535614013672, 817.1077880859375, 301.9499319534555
LOSS, 546.0, -554.0, 48.0, 0.4519867549668874, 1208, 223.0, 319, 31, 389030.28342437744, 30.034927368164062, 1007.4451293945312, 322.044936609584
WIN , 2694.0, 0.0, 1024.0, 2.1938110749185666, 1228, 191.0, 318, 30, 417766.4952163696, 38.22529602050781, 894.6873779296875, 340.2007290035583
LOSS, 766.0, -554.0, 48.0, 0.5029546946815495, 1523, 191.0, 298, 26, 484048.1434249878, 84.28221130371094, 777.9608764648438, 317.825438887057
LOSS, 306.0, -554.0, 48.0, 0.2321699544764795, 1318, 223.0, 312, 24, 417841.37802124023, 88.86314392089844, 915.7859497070312, 317.0268422012445
LOSS, 536.0, -554.0, 32.0, 0.3494132985658409, 1534, 207.0, 297, 19, 479042.67559814453, 45.071044921875, 846.7517700195312, 312.2833608853615
WIN , 2260.0, -42.0, 1024.0, 1.3452380952380953, 1680, 188.7271728515625, 287, 26, 533126.073310852, 39.54582214355469, 949.5228271484375, 317.3369483993167
WIN , 2162.0, 0.0, 1024.0, 1.7897350993377483, 1208, 203.11895751953125, 319, 31, 398639.9642543793, 25.67659568786621, 1039.2762451171875, 329.9999704092544
LOSS, -380.0, -554.0, 48.0, -0.7063197026022305, 538, 223.0, 364, 6, 171074.40670204163, 7.725149154663086, 823.5386962890625, 317.9821685911554
WIN , 2960.0, -42.0, 1024.0, 2.713107241063245, 1091, 169.0, 327, 22, 369385.9985046387, 110.13336181640625, 911.9207763671875, 338.5756173278081
WIN , 2670.0, 0.0, 1024.0, 2.021196063588191, 1321, 175.0, 311, 34, 425707.59610939026, 25.564966201782227, 981.1325073242188, 322.26161703965954
LOSS, 636.0, -554.0, 48.0, 0.4728624535315985, 1345, 207.0, 310, 24, 422306.9002752304, 1.958479881286621, 981.9263305664062, 313.9828254834427
WIN , 2966.0, -42.0, 1024.0, 2.2572298325722984, 1314, 187.11895751953125, 312, 27, 433337.01246643066, 139.7686767578125, 919.34521484375, 329.78463658023645
LOSS, 564.0, -538.0, 48.0, 0.41623616236162364, 1355, 191.0, 309, 27, 419781.7899398804, -20.652938842773438, 952.743408203125, 309.80205899622166
WIN , 2388.0, -42.0, 1024.0, 1.6734407848633497, 1427, 156.7271728515625, 304, 29, 463662.1342315674, 72.0242691040039, 806.05224609375, 324.92090695975287
LOSS, 636.0, -554.0, 48.0, 0.43472317156527684, 1463, 207.0, 302, 28, 465912.79375076294, 11.216236114501953, 885.2257080078125, 318.46397385561374
WIN , 2482.0, -42.0, 1024.0, 1.6579826319305278, 1497, 197.3357391357422, 300, 27, 486804.8014907837, 35.96595764160156, 971.9208984375, 325.1869081434761
LOSS, -152.0, -512.0, 48.0, -0.025337556259376563, 5999, 231.90701293945312, 0, 8, 1611271.5908594131, -7.784170150756836, 694.0081787109375, 268.5900301482602
LOSS, 450.0, -554.0, 32.0, 0.5369928400954654, 838, 184.03575134277344, 344, 17, 264569.62393188477, 130.52952575683594, 810.0821533203125, 315.7155416848267
WIN , 3006.0, -42.0, 1024.0, 0.5804209306815987, 5179, 177.6999969482422, 54, 33, 1482740.5318107605, 45.412200927734375, 903.2651977539062, 286.2986159124851
LOSS, 656.0, -554.0, 48.0, 0.39518072289156625, 1660, 223.0, 289, 21, 478759.71212005615, 42.79267120361328, 873.1318969726562, 288.4094651325639
LOSS, -608.0, -554.0, 10.0, -2.0965517241379312, 290, 201.8000030517578, 380, 10, 90166.08228302002, 126.84252166748047, 797.1408081054688, 310.91752511386215
LOSS, 88.0, -554.0, 48.0, 0.13902053712480253, 633, 191.0, 357, 10, 205431.7402191162, 93.15032958984375, 867.439453125, 324.5367144061868
LOSS, -98.0, -554.0, 48.0, -0.22477064220183487, 436, 175.0, 370, 10, 140498.95086669922, 182.34503173828125, 894.4517211914062, 322.24530015297984
LOSS, -308.0, -554.0, 48.0, -1.6041666666666667, 192, 223.0, 387, 5, 65570.83460235596, 106.34626007080078, 776.6367797851562, 341.51476355393726
LOSS, 624.0, -554.0, 74.0, 0.39821314613911934, 1567, 197.3357391357422, 295, 19, 475539.3541870117, 51.292259216308594, 950.2689819335938, 303.47118965348545
LOSS, 142.0, -554.0, 48.0, 0.2294022617124394, 619, 223.0, 358, 7, 201650.77626037598, 114.863525390625, 878.962158203125, 325.76862077605165
WIN , 2268.0, 0.0, 1024.0, 1.393120393120393, 1628, 167.58538818359375, 291, 32, 524491.1434249878, 81.49259185791016, 915.2669677734375, 322.16900701780577
LOSS, -116.0, -554.0, 32.0, -0.16201117318435754, 716, 201.8000030517578, 352, 24, 233172.8091583252, 138.55789184570312, 886.1522827148438, 325.6603479864877
LOSS, 856.0, -554.0, 48.0, 0.900105152471083, 951, 209.6999969482422, 336, 18, 298563.6838989258, -41.295623779296875, 851.5703125, 313.9470913763678
LOSS, 522.0, -554.0, 48.0, 0.4660714285714286, 1120, 186.4561767578125, 325, 14, 351456.70541381836, -27.477279663085938, 942.728759765625, 313.8006298337664
LOSS, -114.0, -554.0, 32.0, -0.16402877697841728, 695, 199.40611267089844, 353, 6, 216245.2710800171, -48.37981414794922, 936.4992065429688, 311.14427493527637
LOSS, 1078.0, -554.0, 32.0, 0.808095952023988, 1334, 175.0, 311, 17, 409985.6922445297, 13.85837459564209, 888.2147827148438, 307.33560138270593
LOSS, 322.0, -554.0, 32.0, 0.30813397129186604, 1045, 191.0, 330, 16, 325401.90911102295, 127.3512954711914, 871.9853515625, 311.3893867091129
WIN , 2460.0, -42.0, 1024.0, 1.3509060955518946, 1821, 175.0, 278, 30, 558733.0679044724, 12.68320369720459, 1028.107177734375, 306.8276045603912
LOSS, 818.0, -554.0, 48.0, 0.5173940543959519, 1581, 191.0, 294, 21, 501616.7712535858, -100.59103393554688, 976.8103637695312, 317.27816018569627
LOSS, 194.0, -554.0, 58.0, 0.1842355175688509, 1053, 223.0, 329, 14, 323471.0235366821, 106.15731811523438, 1070.207763671875, 307.1899558752917
LOSS, 98.0, -554.0, 32.0, 0.03453136011275546, 2838, 223.0, 210, 17, 805064.3391342163, 75.33326721191406, 960.9223022460938, 283.67312865899095
WIN , 2832.0, 0.0, 1024.0, 1.8165490699166131, 1559, 216.6861114501953, 296, 35, 490681.1180858612, 29.08905029296875, 931.3421020507812, 314.74093526995586
WIN , 2924.0, 0.0, 1024.0, 1.411878319652342, 2071, 180.279052734375, 261, 35, 626246.4875106812, 46.091880798339844, 1034.6390380859375, 302.38845365073934
LOSS, 8.0, -554.0, 32.0, 0.018223234624145785, 439, 223.0, 370, 10, 141138.6238708496, 118.12698364257812, 908.1170654296875, 321.50028216594444
LOSS, -608.0, -554.0, 10.0, -1.8095238095238095, 336, 223.0, 377, 14, 115337.1159362793, 150.89659118652344, 903.2041625976562, 343.26522600083126
WIN , 2748.0, 0.0, 1024.0, 1.731568998109641, 1587, 177.6999969482422, 294, 31, 509009.94034576416, 87.07196044921875, 1042.5743408203125, 320.73720248630383
WIN , 2438.0, -42.0, 1024.0, 1.0086884567645842, 2417, 175.0, 238, 22, 720561.8823108673, 26.895448684692383, 1033.1407470703125, 298.1224171745417
LOSS, 30.0, -554.0, 48.0, 0.0635593220338983, 472, 223.0, 368, 12, 157548.48491096497, -17.62984848022461, 878.9822387695312, 333.78916294695966
LOSS, 558.0, -554.0, 48.0, 0.34940513462742645, 1597, 207.0, 293, 22, 492879.0113067627, 66.6204833984375, 972.12060546875, 308.6280596786241
LOSS, 662.0, -554.0, 48.0, 0.4282018111254851, 1546, 175.0, 296, 17, 480622.155380249, 136.25831604003906, 951.7117919921875, 310.8810836870951
LOSS, 362.0, -554.0, 32.0, 0.2748671222475323, 1317, 175.0, 312, 22, 409575.5392379761, 28.665145874023438, 848.6444091796875, 310.9912978268611
LOSS, -190.0, -554.0, 48.0, -0.25165562913907286, 755, 223.0, 349, 25, 238396.1199836731, 14.592594146728516, 934.6295166015625, 315.7564503095008
WIN , 3086.0, -42.0, 1024.0, 1.1605866867243324, 2659, 207.0, 222, 31, 796975.4853439331, 5.5562744140625, 1010.5189208984375, 299.7275236344239
LOSS, -228.0, -554.0, 32.0, -0.44271844660194176, 515, 191.0, 365, 3, 158039.0943222046, 119.9827651977539, 954.091552734375, 306.872027810106
LOSS, -46.0, -554.0, 32.0, -0.07628524046434494, 603, 201.8000030517578, 359, 12, 193934.85995483398, 151.28732299804688, 849.9345703125, 321.61668317551243
WIN , 3166.0, -42.0, 1024.0, 1.5688800792864221, 2018, 191.0, 265, 26, 615178.7707672119, -72.07270050048828, 1043.0201416015625, 304.84577342280073
WIN , 2626.0, -42.0, 1024.0, 1.551092734790313, 1693, 177.6999969482422, 287, 24, 529849.8037528992, 19.078716278076172, 1006.5384521484375, 312.9650347034254
LOSS, 8.0, -554.0, 48.0, 0.012461059190031152, 642, 191.0, 357, 7, 197438.68571472168, 62.10576629638672, 1009.9298706054688, 307.5368936366381
WIN , 2350.0, 0.0, 1024.0, 1.2580299785867237, 1868, 203.11895751953125, 275, 32, 574797.7239341736, 16.949260711669922, 991.963623046875, 307.7075609925983
WIN , 2638.0, 0.0, 1024.0, 1.1023819473464271, 2393, 223.0, 240, 34, 718927.3857898712, -56.31761169433594, 1058.6455078125, 300.42932962384924
LOSS, 490.0, -554.0, 48.0, 0.45244690674053556, 1083, 223.0, 327, 17, 349790.11637306213, 21.42704200744629, 950.594970703125, 322.9825635947019
WIN , 2848.0, 0.0, 1024.0, 2.2009273570324575, 1294, 201.39498901367188, 313, 35, 415878.7850828171, -73.69918823242188, 1000.76611328125, 321.39009666369174
LOSS, 1212.0, -554.0, 48.0, 0.6655683690280065, 1821, 191.0, 278, 29, 551064.6417322159, 5.804085731506348, 976.1692504882812, 302.616497381777
WIN , 3084.0, 0.0, 1024.0, 1.335643135556518, 2309, 147.94898986816406, 246, 36, 695262.5843486786, -26.329084396362305, 968.87548828125, 301.10982431731424
LOSS, -96.0, -554.0, 32.0, -0.14055636896046853, 683, 207.0, 354, 13, 215952.50436401367, -32.887428283691406, 937.4961547851562, 316.18229043047387
WIN , 2640.0, 0.0, 1024.0, 1.7221135029354206, 1533, 189.4928741455078, 297, 30, 485374.8022842407, 47.226280212402344, 1060.7664794921875, 316.617614014508
WIN , 2444.0, -42.0, 1024.0, 1.2343434343434343, 1980, 175.0, 267, 28, 593702.5741519928, 7.617372512817383, 941.406005859375, 299.8497849252489
WIN , 2046.0, -42.0, 1024.0, 1.50330639235856, 1361, 209.6999969482422, 309, 32, 434266.0892944336, 44.654441833496094, 968.2847900390625, 319.0786842721775
LOSS, 656.0, -554.0, 32.0, 0.45523941707147814, 1441, 223.0, 303, 19, 427873.2547454834, 119.19412231445312, 879.60107421875, 296.9280046811127
LOSS, -500.0, -554.0, 32.0, -2.525252525252525, 198, 201.8000030517578, 386, 4, 65790.31037902832, -34.84367370605469, 856.268798828125, 332.27429484357737
WIN , 2248.0, -42.0, 1024.0, 1.51278600269179, 1486, 207.0, 300, 26, 473919.93699645996, -82.82350158691406, 1125.3914794921875, 318.92324158577384
LOSS, -318.0, -554.0, 48.0, -0.7775061124694377, 409, 201.8000030517578, 372, 11, 135751.96058654785, 78.86796569824219, 982.02001953125, 331.9118840746891
WIN , 3042.0, -42.0, 1024.0, 1.4234908750584931, 2137, 188.7271728515625, 257, 24, 638540.9119348526, -7.912559509277344, 1082.1903076171875, 298.80248569717014
WIN , 2692.0, -42.0, 1024.0, 1.7027197975964579, 1581, 175.0, 294, 26, 484933.1664199829, 74.08943939208984, 908.9501342773438, 306.7255954585597
WIN , 2476.0, -42.0, 1024.0, 1.8574643660915229, 1333, 191.0, 311, 29, 425476.5275936127, 13.567684173583984, 1047.8284912109375, 319.1871924933328
LOSS, 1432.0, -554.0, 48.0, 1.3835748792270532, 1035, 223.0, 330, 19, 338876.1805496216, 31.91199493408203, 1057.5467529296875, 327.41659956485177
LOSS, 254.0, -554.0, 32.0, 0.26078028747433263, 974, 191.0, 335, 18, 303466.55487823486, 127.81978607177734, 992.502685546875, 311.56730480311586
LOSS, 676.0, -554.0, 48.0, 0.4482758620689655, 1508, 223.0, 299, 27, 468019.86811065674, 72.65983581542969, 1083.0406494140625, 310.35800272589967
LOSS, -234.0, -554.0, 32.0, -0.6256684491978609, 374, 212.37606811523438, 375, 9, 119354.9986114502, 149.589599609375, 999.6217651367188, 319.13101233008075
WIN , 2466.0, 0.0, 1024.0, 1.8389261744966443, 1341, 219.11895751953125, 310, 29, 416995.15740966797, 59.631675720214844, 1045.596923828125, 310.95835750161666
LOSS, -214.0, -512.0, 32.0, -0.035672612102017005, 5999, 203.39498901367188, 0, 7, 1550719.1578464508, -81.12870025634766, 880.2068481445312, 258.49627568702294
WIN , 2868.0, -42.0, 1024.0, 2.0980248719824433, 1367, 223.0, 308, 31, 438753.68169403076, 49.245086669921875, 998.0654296875, 320.9609961185302
LOSS, 148.0, -554.0, 48.0, 0.2787193973634652, 531, 207.0, 364, 14, 170484.50756835938, 55.96592712402344, 1011.5638427734375, 321.0631027652719
LOSS, 180.0, -554.0, 48.0, 0.3711340206185567, 485, 207.0, 367, 11, 160689.75253677368, -39.1208381652832, 927.354736328125, 331.31907739540964
WIN , 2270.0, -42.0, 1024.0, 1.9302721088435375, 1176, 161.6999969482422, 321, 32, 393264.2003211975, 36.06037139892578, 1098.58642578125, 334.4083336064605
LOSS, 708.0, -554.0, 48.0, 0.8, 885, 207.0, 340, 28, 302508.95667266846, 53.33319854736328, 1055.6580810546875, 341.81803013860844
LOSS, 490.0, -554.0, 48.0, 0.3543022415039769, 1383, 191.0, 307, 15, 439102.5586929321, -42.97138214111328, 1014.1747436523438, 317.5000424388519
LOSS, 264.0, -554.0, 48.0, 0.29931972789115646, 882, 223.0, 341, 23, 300656.20401000977, 84.90419006347656, 1063.3961181640625, 340.88004989797025
LOSS, 652.0, -554.0, 32.0, 0.6342412451361867, 1028, 223.0, 331, 17, 324494.9852962494, 19.272245407104492, 1099.2904052734375, 315.65660048273287
WIN , 2236.0, -42.0, 1024.0, 1.8003220611916264, 1242, 207.0, 317, 32, 394436.48501586914, 44.51963806152344, 927.399658203125, 317.5817109628576
WIN , 2328.0, -42.0, 1024.0, 1.7231680236861584, 1351, 207.0, 309, 25, 435802.2631378174, 32.54576110839844, 985.2744750976562, 322.57754488365464
LOSS, -420.0, -554.0, 16.0, -0.8879492600422833, 473, 188.7271728515625, 368, 1, 140795.07624053955, 124.5716323852539, 770.2392578125, 297.6640089651999
LOSS, 698.0, -554.0, 48.0, 0.8481166464155528, 823, 223.0, 345, 9, 258255.78896331787, -90.98808288574219, 1022.8170166015625, 313.79804248276776
LOSS, 816.0, -554.0, 48.0, 0.7077189939288812, 1153, 223.0, 323, 20, 372720.62211608887, 96.06352233886719, 1015.6905517578125, 323.26159767223663
WIN , 2522.0, -42.0, 1024.0, 2.189236111111111, 1152, 191.0, 323, 22, 374385.1438446045, 116.47135925292969, 1021.7882690429688, 324.9871040317747
WIN , 3354.0, 0.0, 1024.0, 2.0832298136645964, 1610, 167.5025634765625, 292, 28, 498507.746969223, 12.55845832824707, 1084.2154541015625, 309.63214097467267
LOSS, 170.0, -554.0, 48.0, 0.17616580310880828, 965, 191.0, 335, 19, 296207.00312042236, -46.22822952270508, 1059.478515625, 306.95026230095584
LOSS, 84.0, -554.0, 48.0, 0.12962962962962962, 648, 207.0, 356, 7, 205286.0943965912, -122.11502838134766, 1011.1520385742188, 316.7995283898012
LOSS, 122.0, -554.0, 32.0, 0.1548223350253807, 788, 207.0, 347, 9, 246868.22954845428, -178.17539978027344, 895.9163208007812, 313.28455526453587
WIN , 2470.0, 0.0, 1024.0, 1.6871584699453552, 1464, 223.0, 302, 31, 455792.30494117737, 25.271291732788086, 1069.07421875, 311.33354162648726
LOSS, 134.0, -554.0, 48.0, 0.11394557823129252, 1176, 191.0, 321, 12, 357529.95899772644, -27.83681869506836, 1047.58349609375, 304.0220739776585
WIN , 2720.0, -42.0, 1024.0, 2.2895622895622894, 1188, 196.39999389648438, 320, 26, 379813.18701171875, 15.665655136108398, 947.650146484375, 319.70806987518415
WIN , 2952.0, -42.0, 1024.0, 2.165810711665444, 1363, 154.0166473388672, 309, 34, 432451.928194046, -42.61627960205078, 1069.015625, 317.2794777652575
LOSS, -32.0, -554.0, 32.0, -0.08421052631578947, 380, 181.41397094726562, 374, 3, 121124.69326782227, 137.226806640625, 943.5170288085938, 318.7491928100586
LOSS, 284.0, -554.0, 32.0, 0.31910112359550563, 890, 191.0, 340, 15, 291111.60189819336, 148.44384765625, 1051.6812744140625, 327.09168752605996
WIN , 2656.0, -42.0, 1024.0, 2.3400881057268723, 1135, 177.6999969482422, 324, 30, 373118.79733181, -12.337547302246094, 939.472900390625, 328.7390284861762
WIN , 2400.0, -42.0, 1024.0, 0.7056748015289621, 3401, 175.0, 173, 21, 972965.3596754074, -55.145912170410156, 983.7500610351562, 286.08214045145763
LOSS, 4.0, -554.0, 48.0, 0.0091324200913242, 438, 223.0, 370, 9, 142125.83617019653, 17.466724395751953, 1034.62939453125, 324.4882104342387
WIN , 2286.0, -42.0, 1024.0, 1.7544128933231005, 1303, 164.8955078125, 313, 24, 416872.2238006592, -46.52937316894531, 1102.996826171875, 319.9326353036525
LOSS, 508.0, -554.0, 48.0, 0.40934730056406127, 1241, 175.0, 317, 26, 382162.40493392944, 30.308879852294922, 1033.72314453125, 307.9471433794758
LOSS, -66.0, -554.0, 32.0, -0.14102564102564102, 468, 207.0, 368, 9, 148985.22319030762, 41.204437255859375, 901.3646240234375, 318.3444939963838
LOSS, -160.0, -554.0, 32.0, -0.25477707006369427, 628, 223.0, 358, 18, 197636.257730484, -18.493528366088867, 994.1041259765625, 314.70741676828663
LOSS, 208.0, -554.0, 48.0, 0.4781609195402299, 435, 191.0, 370, 6, 142502.9673728943, 24.991893768310547, 899.6754760742188, 327.5930284434351
LOSS, 434.0, -554.0, 48.0, 0.49206349206349204, 882, 159.0, 341, 10, 274619.68399715424, -60.39278030395508, 1080.0745849609375, 311.3601859378166
LOSS, -458.0, -554.0, 32.0, -2.1203703703703702, 216, 196.39999389648438, 385, 2, 67375.97103881836, 167.04612731933594, 908.49365234375, 311.9257918463813
WIN , 3322.0, 0.0, 1024.0, 2.1755075311067453, 1527, 164.8853759765625, 298, 31, 474363.2469005585, -126.55390930175781, 1089.8193359375, 310.6504563854345
WIN , 2770.0, 0.0, 1024.0, 1.3401064344460571, 2067, 177.6999969482422, 262, 36, 616170.2699990273, 2.6583542823791504, 1117.3133544921875, 298.0988243826934
LOSS, 32.0, -554.0, 48.0, 0.02768166089965398, 1156, 223.0, 322, 13, 333339.2589263916, 79.1300048828125, 1043.5579833984375, 288.35576031694774
LOSS, 192.0, -554.0, 48.0, 0.15070643642072212, 1274, 207.0, 315, 13, 375093.5579943657, -6.895599365234375, 950.2230834960938, 294.42194505052254
WIN , 2488.0, -42.0, 1024.0, 0.7188673793701242, 3461, 186.20257568359375, 169, 27, 970821.80585289, -158.92108154296875, 1041.058837890625, 280.50326664342384
LOSS, 518.0, -554.0, 48.0, 0.12251655629139073, 4228, 223.0, 118, 24, 1191177.060948372, -86.71248626708984, 1126.8221435546875, 281.73535027161114
LOSS, 844.0, -554.0, 48.0, 0.9667812142038946, 873, 207.0, 341, 16, 275639.677526474, 11.381612777709961, 1122.8045654296875, 315.738462229638
LOSS, -12.0, -554.0, 32.0, -0.022099447513812154, 543, 223.0, 363, 10, 161253.4149608612, -10.491464614868164, 804.9597778320312, 296.9676150292103
WIN , 2906.0, -42.0, 1024.0, 1.2158995815899583, 2390, 173.4928741455078, 240, 32, 688525.5940332413, -98.43651580810547, 1133.2991943359375, 288.08602260805077
LOSS, -156.0, -554.0, 48.0, -0.37681159420289856, 414, 209.6999969482422, 372, 10, 135271.940700531, 7.465984344482422, 960.7095947265625, 326.74381811722463
WIN , 2552.0, -42.0, 1024.0, 1.73487423521414, 1471, 189.4928741455078, 301, 29, 457054.6136741638, -83.5303955078125, 1126.4873046875, 310.7101384596627
LOSS, 30.0, -554.0, 48.0, 0.03592814371257485, 835, 223.0, 344, 13, 258435.1092453003, 82.1414566040039, 971.0113525390625, 309.503124844671
LOSS, -12.0, -554.0, 32.0, -0.016129032258064516, 744, 191.0, 350, 19, 235524.0565109253, -125.99085235595703, 1093.4610595703125, 316.564592084577
LOSS, 666.0, -554.0, 48.0, 0.6076642335766423, 1096, 175.0, 326, 18, 339122.4888267517, -149.60812377929688, 979.3307495117188, 309.41832922148876
LOSS, 612.0, -554.0, 48.0, 0.4101876675603217, 1492, 186.447998046875, 300, 15, 452466.64949798584, -126.77171325683594, 1078.6143798828125, 303.2618294222425
WIN , 2214.0, -42.0, 1024.0, 1.595100864553314, 1388, 200.6861114501953, 307, 29, 439411.9313774109, -122.43074798583984, 1112.029052734375, 316.5792012805554
LOSS, -24.0, -554.0, 32.0, -0.017790956263899184, 1349, 223.0, 310, 29, 404162.0525379181, -155.1000518798828, 1086.520751953125, 299.60122500957607
LOSS, -574.0, -554.0, 32.0, -3.4166666666666665, 168, 223.0, 388, 2, 51423.673278808594, 134.12869262695312, 890.87109375, 306.0932933262416
WIN , 2686.0, 0.0, 1024.0, 1.3160215580597747, 2041, 175.0, 263, 36, 614794.8375549316, -154.56044006347656, 1065.9688720703125, 301.2223603894814
LOSS, -176.0, -554.0, 32.0, -0.17670682730923695, 996, 223.0, 333, 10, 284538.93408584595, -26.738384246826172, 1033.8154296875, 285.681660728761
WIN , 3246.0, -42.0, 1024.0, 1.1907556859867938, 2726, 191.0, 218, 26, 777190.6257772446, -143.28919982910156, 1032.699462890625, 285.1029441589305
LOSS, 266.0, -554.0, 48.0, 0.13796680497925312, 1928, 138.447998046875, 271, 17, 550290.9697647095, -95.64111328125, 984.2905883789062, 285.42062747132235
WIN , 2418.0, -42.0, 1024.0, 1.2534992223950234, 1929, 175.0, 271, 29, 572228.4194259644, -79.8702621459961, 1113.906494140625, 296.6451111591313
LOSS, -68.0, -554.0, 32.0, -0.06766169154228856, 1005, 223.0, 332, 7, 288570.659576416, -113.05309295654297, 1125.7208251953125, 287.13498465315024
LOSS, 66.0, -554.0, 32.0, 0.03475513428120063, 1899, 191.0, 273, 10, 532267.0621156693, -161.58827209472656, 1050.3568115234375, 280.2880790498522
LOSS, 0.0, -554.0, 48.0, 0.0, 666, 191.0, 355, 10, 206839.27452468872, -104.07657623291016, 1087.4105224609375, 310.5694812683014
