LOSS, -512.0, -512.0, 0.0, -0.08534755792632105, 5999, 234.4189453125, 0, 1, 1091.8695109337568, 0.23953522741794586, 1.0966402292251587, 0.18200858658672392
LOSS, -224.0, -512.0, 32.0, -0.03733955659276546, 5999, 216.8940887451172, 0, 6, 22752.49207150936, 0.30795586109161377, 34.46502685546875, 3.79271413094005
LOSS, -224.0, -512.0, 48.0, -0.03733955659276546, 5999, 225.49822998046875, 0, 6, 58806.67100691795, 2.4452223777770996, 62.55862808227539, 9.802745625423896
LOSS, -578.0, -554.0, 10.0, -0.3997233748271093, 1446, 223.0, 303, 9, 23365.994878292084, 3.952495574951172, 95.14790344238281, 16.159055932428828
LOSS, -34.0, -512.0, 32.0, -0.005667611268544757, 5999, 184.8940887451172, 0, 13, 103653.59264349937, -4.850004196166992, 84.71940612792969, 17.27847852033662
LOSS, 102.0, -512.0, 42.0, 0.017002833805634273, 5999, 232.8940887451172, 0, 15, 134050.80278205872, 4.54783296585083, 103.0854263305664, 22.345524717796085
LOSS, -50.0, -554.0, 32.0, -0.13736263736263737, 364, 223.0, 375, 11, 15439.036344528198, 7.105801582336426, 111.49795532226562, 42.414935012440104
LOSS, 632.0, -512.0, 48.0, 0.10535089181530255, 5999, 198.8853759765625, 0, 25, 184417.57383918762, 8.351998329162598, 114.24445343017578, 30.74138587084308
LOSS, -432.0, -554.0, 32.0, -1.8305084745762712, 236, 207.0, 384, 6, 12749.454696655273, 15.99485969543457, 122.05696105957031, 54.02311312142065
LOSS, 478.0, -554.0, 32.0, 0.1354491357325021, 3529, 201.8000030517578, 164, 24, 142974.1148633957, 7.416452407836914, 144.55043029785156, 40.514059184867016
LOSS, -374.0, -554.0, 32.0, -0.23522012578616353, 1590, 201.8000030517578, 293, 12, 66591.65877819061, 13.432021141052246, 146.5274658203125, 41.88154640137775
LOSS, 792.0, -554.0, 48.0, 0.15523324186593493, 5102, 201.39498901367188, 59, 25, 213581.90277576447, 15.342131614685059, 167.9259033203125, 41.86238784315258
LOSS, 598.0, -554.0, 32.0, 0.5599250936329588, 1068, 207.0, 328, 22, 71158.1321849823, 19.540935516357422, 150.02139282226562, 66.62746459268006
LOSS, -40.0, -554.0, 48.0, -0.016481252575195716, 2427, 201.8000030517578, 238, 10, 115569.21138000488, 16.231765747070312, 147.71575927734375, 47.61813406675108
WIN , 3236.0, -42.0, 1024.0, 1.4864492420762516, 2177, 191.0, 254, 30, 140636.20219802856, 20.59548568725586, 161.6704559326172, 64.60091970511188
LOSS, 208.0, -554.0, 32.0, 0.06386245010746085, 3257, 175.0, 182, 17, 184368.71459197998, 20.905868530273438, 189.76771545410156, 56.606912677918324
LOSS, 532.0, -512.0, 48.0, 0.08868144690781797, 5999, 229.84796142578125, 0, 26, 370630.41996717453, 2.240334987640381, 359.9979248046875, 61.78203366680689
LOSS, 112.0, -554.0, 32.0, 0.03825136612021858, 2928, 223.0, 204, 14, 214291.35925674438, 20.337430953979492, 418.2089538574219, 73.18693963686626
LOSS, 170.0, -512.0, 48.0, 0.028338056342723787, 5999, 154.75401306152344, 0, 20, 446645.2371940613, 22.921859741210938, 388.9605712890625, 74.45328174596787
LOSS, -358.0, -512.0, 32.0, -0.0596766127687948, 5999, 229.9903106689453, 0, 5, 455234.0728187561, 16.145639419555664, 323.1009216308594, 75.8849929686208
LOSS, 1244.0, -554.0, 48.0, 0.21131306268048242, 5887, 191.0, 7, 28, 554707.1240577698, 30.76657485961914, 654.6039428710938, 94.22577272936466
LOSS, -544.0, -512.0, 10.0, -0.09068178029671611, 5999, 201.5025634765625, 0, 2, 559054.3493556976, 23.85123634338379, 618.966064453125, 93.1912567687444
LOSS, -512.0, -512.0, 0.0, -0.08534755792632105, 5999, 198.8853759765625, 0, 2, 611975.2885379791, 18.70196533203125, 425.6877136230469, 102.01288357025823
LOSS, 282.0, -512.0, 42.0, 0.047007834639106516, 5999, 185.5025634765625, 0, 26, 699307.1341362, 29.004669189453125, 637.6541748046875, 116.57061745894315
LOSS, -224.0, -554.0, 48.0, -0.11795681937862032, 1899, 185.8000030517578, 273, 11, 231002.41938781738, 33.94940948486328, 477.2340393066406, 121.64424401675481
LOSS, 38.0, -554.0, 32.0, 0.0086996336996337, 4368, 223.0, 108, 19, 561370.2633857727, 39.586402893066406, 533.9970703125, 128.51883319271354
LOSS, -32.0, -554.0, 48.0, -0.0935672514619883, 342, 138.20257568359375, 377, 12, 58894.668113708496, 80.28468322753906, 442.161865234375, 172.20663191142836
LOSS, 554.0, -554.0, 58.0, 0.46437552388935455, 1193, 175.0, 320, 14, 183597.1788368225, 43.963951110839844, 567.408203125, 153.89537203421835
LOSS, 566.0, -554.0, 48.0, 0.3092896174863388, 1830, 185.39498901367188, 277, 29, 267315.61951065063, 56.62510681152344, 722.6304931640625, 146.07410902221346
LOSS, -314.0, -554.0, 32.0, -0.7008928571428571, 448, 207.0, 370, 9, 69573.22286987305, 83.0408935546875, 598.135986328125, 155.2973724773952
LOSS, -282.0, -554.0, 32.0, -0.43788819875776397, 644, 207.0, 357, 11, 102023.17115783691, 81.06702423095703, 849.6461791992188, 158.42107322645484
LOSS, 1458.0, -512.0, 80.0, 0.24304050675112518, 5999, 211.8193359375, 0, 30, 795850.0014953613, 43.240875244140625, 616.0266723632812, 132.66377754548446
LOSS, 722.0, -554.0, 48.0, 0.41327990841442475, 1747, 223.0, 283, 23, 261979.28526687622, 50.15057373046875, 471.2522888183594, 149.95952219054163
LOSS, 50.0, -554.0, 32.0, 0.02960331557134399, 1689, 191.8800048828125, 287, 19, 243378.95385551453, 26.468774795532227, 531.9854736328125, 144.09647948816726
LOSS, 1094.0, -554.0, 48.0, 1.0529355149181905, 1039, 191.0, 330, 14, 174284.16917419434, 72.58154296875, 530.87841796875, 167.7422224968184
LOSS, 202.0, -554.0, 32.0, 0.1860036832412523, 1086, 175.0, 327, 16, 174065.9783630371, 72.16243743896484, 513.6822509765625, 160.28174803226253
LOSS, 44.0, -554.0, 32.0, 0.08029197080291971, 548, 223.0, 363, 10, 92425.10361480713, 90.36041259765625, 598.2092895507812, 168.6589482022028
LOSS, 600.0, -554.0, 48.0, 0.22488755622188905, 2668, 207.0, 222, 23, 388550.86851501465, 31.35989761352539, 515.6764526367188, 145.63375881372363
LOSS, 238.0, -512.0, 48.0, 0.039673278879813305, 5999, 203.39498901367188, 0, 18, 848715.2334327698, 39.01476287841797, 604.4293212890625, 141.47611825850473
LOSS, -188.0, -512.0, 32.0, -0.03133855642607101, 5999, 227.82737731933594, 0, 6, 833279.2911872864, 34.15901184082031, 526.2212524414062, 138.9030323699427
LOSS, 200.0, -554.0, 48.0, 0.411522633744856, 486, 191.0, 367, 7, 86112.77016448975, 87.25174713134766, 567.4404907226562, 177.18676988578136
LOSS, 1050.0, -554.0, 48.0, 0.38989974006684, 2693, 169.8000030517578, 220, 30, 425580.54580307007, 53.54400634765625, 395.2142333984375, 158.03213732011514
LOSS, 904.0, -554.0, 32.0, 0.25718349928876244, 3515, 184.4189453125, 165, 22, 536152.0411548615, 5.373178482055664, 487.69012451171875, 152.5325863882963
LOSS, 510.0, -554.0, 48.0, 0.3622159090909091, 1408, 209.6999969482422, 306, 23, 235758.69222259521, 61.85762023925781, 471.3564758300781, 167.44225299900228
WIN , 2636.0, -42.0, 1024.0, 1.1131756756756757, 2368, 191.0, 242, 30, 385960.86250305176, 54.048309326171875, 593.7164306640625, 162.99022909757252
LOSS, -154.0, -554.0, 48.0, -0.22481751824817517, 685, 207.0, 354, 8, 115360.13304138184, 63.82933807373047, 284.4669494628906, 168.40895334508298
LOSS, 330.0, -554.0, 48.0, 0.2391304347826087, 1380, 223.0, 307, 21, 235303.30373382568, 68.51500701904297, 494.3017578125, 170.5096403868302
LOSS, 558.0, -554.0, 58.0, 0.48186528497409326, 1158, 175.0, 322, 19, 202046.65447998047, 93.8847885131836, 636.585205078125, 174.47897623487088
LOSS, 566.0, -554.0, 58.0, 0.6987654320987654, 810, 223.0, 345, 12, 147823.0835494995, 52.70250701904297, 632.5773315429688, 182.4976340117278
WIN , 2236.0, 0.0, 1024.0, 1.61794500723589, 1382, 193.6999969482422, 307, 30, 250223.25869369507, 43.016788482666016, 413.3480224609375, 181.0587978970297
LOSS, -414.0, -554.0, 32.0, -1.0981432360742707, 377, 207.0, 374, 5, 67557.44800186157, 60.56289291381836, 662.726806640625, 179.19747480599887
LOSS, 1414.0, -512.0, 64.0, 0.23570595099183198, 5999, 211.8193359375, 0, 31, 965199.8053970337, 66.9791259765625, 442.3980712890625, 160.89344980780692
LOSS, 478.0, -554.0, 32.0, 0.3861066235864297, 1238, 207.0, 317, 20, 221056.95651245117, 81.46438598632812, 342.3207092285156, 178.5597387014953
LOSS, -82.0, -554.0, 48.0, -0.05946337926033358, 1379, 223.0, 308, 17, 237411.5768508911, 75.96300506591797, 340.23687744140625, 172.16212969607767
WIN , 3308.0, -42.0, 1024.0, 1.4332755632582321, 2308, 180.1680908203125, 246, 28, 403164.32121276855, 85.53723907470703, 765.7205200195312, 174.68124835908517
LOSS, 266.0, -554.0, 42.0, 0.27853403141361255, 955, 207.0, 336, 12, 175977.1054840088, 96.34130859375, 372.79278564453125, 184.26922040210346
LOSS, 108.0, -554.0, 32.0, 0.18947368421052632, 570, 207.0, 361, 9, 111429.72751617432, 96.90086364746094, 386.13604736328125, 195.490750028376
WIN , 2384.0, 0.0, 1024.0, 0.9411764705882353, 2533, 181.3357391357422, 231, 31, 446483.3249282837, 59.65995788574219, 448.76495361328125, 176.26661070994223
LOSS, 174.0, -512.0, 32.0, 0.02900483413902317, 5999, 231.0708770751953, 0, 20, 994824.8172225952, 68.67259216308594, 527.6741943359375, 165.8317748329047
LOSS, -224.0, -512.0, 32.0, -0.03733955659276546, 5999, 231.90701293945312, 0, 5, 983229.2563858032, 64.35626983642578, 371.2256164550781, 163.8988592075018
LOSS, -6.0, -554.0, 42.0, -0.013245033112582781, 453, 207.0, 369, 6, 89371.30499267578, 70.81891632080078, 331.3036193847656, 197.28764899045427
LOSS, 264.0, -512.0, 32.0, 0.044007334555759295, 5999, 206.7271728515625, 0, 19, 1048329.9700164795, 33.47140121459961, 523.4874267578125, 174.75078680054668
LOSS, 266.0, -512.0, 32.0, 0.044340723453908985, 5999, 185.58538818359375, 0, 18, 1069567.5131809711, 2.475816011428833, 435.3511657714844, 178.29096735805487
LOSS, 556.0, -554.0, 48.0, 0.31394692264257484, 1771, 185.0, 281, 31, 353684.1666793823, 31.656700134277344, 476.9894714355469, 199.70873330286975
LOSS, 748.0, -554.0, 48.0, 0.5736196319018405, 1304, 207.0, 313, 25, 265640.1523423195, 7.422239780426025, 413.8222351074219, 203.71177326864992
LOSS, 20.0, -554.0, 32.0, 0.023391812865497075, 855, 223.0, 342, 8, 172538.70304870605, 44.650489807128906, 366.4029846191406, 201.79965268854508
WIN , 2086.0, 0.0, 1024.0, 1.5911517925247902, 1311, 223.0, 312, 38, 273587.0565338135, 86.21044921875, 469.0964660644531, 208.6857792019935
WIN , 2230.0, 0.0, 1024.0, 1.2409571508069004, 1797, 207.0, 280, 33, 359210.1262702942, 49.311527252197266, 423.3230285644531, 199.8943384920947
LOSS, 670.0, -554.0, 48.0, 0.23700035373187125, 2827, 207.0, 211, 31, 544810.5817661285, 7.511814117431641, 471.1559753417969, 192.71686656035675
WIN , 2180.0, -42.0, 1024.0, 1.5660919540229885, 1392, 207.0, 307, 24, 297285.4178085327, 27.469924926757812, 527.6567993164062, 213.56711049463556
LOSS, -238.0, -554.0, 32.0, -0.49377593360995853, 482, 207.0, 367, 12, 106136.94220733643, 47.59077453613281, 372.0668029785156, 220.20112491148637
WIN , 2810.0, -42.0, 1024.0, 0.9649725274725275, 2912, 196.1680908203125, 205, 31, 575031.2674627304, -0.5537633895874023, 551.298095703125, 197.46952866165194
LOSS, 626.0, -554.0, 48.0, 0.8098318240620958, 773, 223.0, 348, 21, 174007.8886795044, 109.38380432128906, 479.74639892578125, 225.10722985705613
LOSS, -178.0, -554.0, 32.0, -0.23328964613368283, 763, 191.0, 349, 10, 159131.27700042725, 98.56121826171875, 577.247802734375, 208.559996068712
WIN , 3108.0, -42.0, 1024.0, 1.9872122762148337, 1564, 154.20257568359375, 295, 23, 327888.26916503906, 56.927391052246094, 433.62188720703125, 209.64723092393803
LOSS, 226.0, -554.0, 48.0, 0.10939012584704744, 2066, 185.8000030517578, 262, 15, 405550.0368614197, -20.498865127563477, 647.4583740234375, 196.29721048471427
LOSS, 24.0, -554.0, 32.0, 0.028503562945368172, 842, 188.09500122070312, 343, 9, 168907.30493927002, -27.73602294921875, 402.2452087402344, 200.60249992787413
LOSS, -128.0, -554.0, 42.0, -0.30403800475059384, 421, 223.0, 371, 9, 96179.27313232422, 119.9671859741211, 410.49224853515625, 228.4543304805801
LOSS, 82.0, -512.0, 48.0, 0.013668944824137356, 5999, 210.19288635253906, 0, 19, 1140134.9602117538, -2.54750919342041, 473.6103820800781, 190.05416906346954
LOSS, -188.0, -512.0, 48.0, -0.03133855642607101, 5999, 231.90701293945312, 0, 6, 1145871.3613033295, 5.229719161987305, 460.09075927734375, 191.0103952831021
LOSS, 406.0, -554.0, 42.0, 0.6096096096096096, 666, 223.0, 355, 14, 158549.11337280273, 63.189048767089844, 602.1048583984375, 238.06173179099508
LOSS, 128.0, -554.0, 32.0, 0.16842105263157894, 760, 207.0, 349, 12, 166399.37842178345, 43.47451400756836, 482.4414367675781, 218.94655055497822
LOSS, 166.0, -512.0, 48.0, 0.027671278546424403, 5999, 218.4189453125, 0, 18, 1227820.2429656982, 53.157249450683594, 531.5045166015625, 204.6708189641104
LOSS, -560.0, -554.0, 16.0, -1.4933333333333334, 375, 207.0, 374, 6, 89976.87017059326, 106.7624740600586, 486.7151794433594, 239.93832045491536
LOSS, 20.0, -554.0, 48.0, 0.029455081001472753, 679, 164.8853759765625, 354, 8, 160480.2667274475, 57.91682052612305, 672.8887939453125, 236.34796277974596
LOSS, 706.0, -554.0, 48.0, 0.36075625958099133, 1957, 191.0, 269, 21, 449250.27086257935, 53.093135833740234, 595.2382202148438, 229.5606902721407
WIN , 1912.0, -42.0, 1024.0, 0.991701244813278, 1928, 223.0, 271, 30, 447980.7803955078, 74.52796173095703, 612.8236694335938, 232.35517655368662
LOSS, 674.0, -554.0, 48.0, 0.6105072463768116, 1104, 175.0, 326, 20, 270859.58464050293, 121.53306579589844, 684.616943359375, 245.34382666712222
LOSS, 486.0, -554.0, 48.0, 0.4263157894736842, 1140, 209.6999969482422, 323, 18, 271531.72240448, 47.06854248046875, 715.9051513671875, 238.1857214074386
WIN , 2298.0, -42.0, 1024.0, 1.755538579067991, 1309, 207.0, 312, 22, 321932.31508255005, 49.23111343383789, 598.56640625, 245.93759746566084
LOSS, -262.0, -554.0, 48.0, -0.5038461538461538, 520, 207.0, 365, 9, 124516.25241088867, 106.02723693847656, 527.9235229492188, 239.45433155940128
LOSS, 870.0, -554.0, 48.0, 1.0419161676646707, 835, 191.0, 344, 22, 214960.52675628662, 120.15348815917969, 731.1259155273438, 257.4377565943552
LOSS, 642.0, -554.0, 48.0, 0.5496575342465754, 1168, 191.0, 322, 25, 288193.99728393555, 138.31349182128906, 701.2138671875, 246.74143603076675
LOSS, 416.0, -554.0, 32.0, 0.22510822510822512, 1848, 223.0, 276, 23, 424942.219329834, 111.32899475097656, 611.300537109375, 229.9470883819448
LOSS, 1000.0, -554.0, 48.0, 0.6821282401091405, 1466, 175.0, 302, 19, 341502.11557006836, 128.8956756591797, 569.0255737304688, 232.94823708735905
LOSS, 274.0, -554.0, 42.0, 0.26346153846153847, 1040, 191.0, 330, 14, 249218.15950012207, 97.498291015625, 697.734130859375, 239.6328456731943
LOSS, 138.0, -538.0, 32.0, 0.16178194607268465, 853, 193.6999969482422, 343, 9, 208808.59686279297, 112.33831787109375, 677.8894653320312, 244.79319679108204
WIN , 2178.0, -42.0, 1024.0, 1.375, 1584, 183.5025634765625, 294, 26, 383173.3352622986, 43.814395904541016, 704.5702514648438, 241.902358120138
LOSS, 182.0, -512.0, 48.0, 0.030338389731621937, 5999, 232.8940887451172, 0, 19, 1307845.3944244385, 51.48779296875, 684.602783203125, 218.0105674986562
LOSS, -332.0, -512.0, 32.0, -0.055342557092848806, 5999, 232.8940887451172, 0, 7, 1296341.0857944489, -24.818099975585938, 668.2264404296875, 216.09286310959308
LOSS, 346.0, -554.0, 32.0, 0.5795644891122278, 597, 223.0, 360, 13, 161847.17036437988, 152.6153564453125, 660.903076171875, 271.1007878800333
LOSS, 194.0, -554.0, 48.0, 0.39271255060728744, 494, 207.0, 367, 10, 126892.37712097168, 46.17578125, 662.3622436523438, 256.8671601639103
LOSS, 202.0, -512.0, 32.0, 0.033672278713118856, 5999, 180.30999755859375, 0, 18, 1329697.1477427483, 0.8500003814697266, 664.6771850585938, 221.65313347937126
WIN , 2286.0, 0.0, 1024.0, 1.2735376044568245, 1795, 150.86810302734375, 280, 38, 434674.86922359467, 0.21546077728271484, 759.5072631835938, 242.15870151732292
WIN , 2702.0, 0.0, 1024.0, 1.4029075804776738, 1926, 152.03575134277344, 271, 38, 475209.63346862793, 5.888433456420898, 744.1090087890625, 246.7339737635659
WIN , 2298.0, -42.0, 1024.0, 0.8814729574223246, 2607, 175.0, 226, 23, 614072.9051322937, 19.27513885498047, 806.005126953125, 235.5477196518196
LOSS, 314.0, -554.0, 48.0, 0.3685446009389671, 852, 223.0, 343, 21, 225876.7418937683, 24.433685302734375, 902.7835693359375, 265.11354682367175
LOSS, 390.0, -554.0, 32.0, 0.49555273189326554, 787, 223.0, 347, 14, 210384.28337860107, 50.49260711669922, 709.1321411132812, 267.3243753222377
LOSS, 644.0, -554.0, 48.0, 0.4809559372666169, 1339, 207.0, 310, 23, 331921.2713661194, 31.875438690185547, 618.8765869140625, 247.88743193884943
LOSS, 442.0, -554.0, 48.0, 0.32571849668386144, 1357, 207.0, 309, 25, 344897.4504814148, 34.77408218383789, 685.3739624023438, 254.16171737760854
WIN , 1770.0, -42.0, 1024.0, 1.1055590256089944, 1601, 183.5025634765625, 293, 35, 405865.4221496582, 53.165443420410156, 776.87744140625, 253.50744668935553
WIN , 3034.0, 0.0, 1024.0, 0.8383531362254767, 3619, 175.42718505859375, 158, 31, 864212.5591850281, 16.497987747192383, 785.4287719726562, 238.79871765267424
LOSS, 596.0, -554.0, 32.0, 0.6056910569105691, 984, 223.0, 334, 21, 264027.1128311157, 60.669105529785156, 800.4099731445312, 268.32023661698753
LOSS, -136.0, -554.0, 48.0, -0.2950108459869848, 461, 154.20257568359375, 369, 7, 127158.34411621094, 53.290382385253906, 681.16015625, 275.8315490590259
WIN , 3208.0, 0.0, 1024.0, 1.4144620811287478, 2268, 191.0, 248, 29, 559191.0941524506, 22.67641258239746, 924.1895141601562, 246.55691982030447
LOSS, 222.0, -554.0, 48.0, 0.2534246575342466, 876, 175.8800048828125, 341, 24, 230061.6335105896, 44.12147521972656, 616.9622192382812, 262.6274355143717
WIN , 2630.0, 0.0, 1024.0, 1.8088033012379643, 1454, 138.01663208007812, 303, 32, 378808.0044631958, 70.48350524902344, 845.781494140625, 260.52820114387606
LOSS, 612.0, -554.0, 48.0, 0.4346590909090909, 1408, 191.0, 306, 25, 366439.08586120605, 47.68408203125, 934.388671875, 260.2550325718793
LOSS, 154.0, -512.0, 32.0, 0.025670945157526253, 5999, 237.66876220703125, 0, 19, 1389174.0007638931, -4.093386650085449, 843.92724609375, 231.5675947264366
LOSS, -194.0, -512.0, 32.0, -0.03233872312052009, 5999, 214.1680908203125, 0, 7, 1394878.246670723, -19.877025604248047, 778.2258911132812, 232.51846085526304
LOSS, 1248.0, -554.0, 48.0, 1.0928196147110332, 1142, 207.0, 323, 26, 302833.16889190674, 80.91168212890625, 827.2175903320312, 265.17790621007595
WIN , 2932.0, -42.0, 1024.0, 1.299645390070922, 2256, 167.5025634765625, 249, 30, 563477.6569519043, 18.767520904541016, 913.250732421875, 249.7684649609505
WIN , 2956.0, -42.0, 1024.0, 0.7366060304011961, 4013, 191.0, 132, 34, 976918.3766345978, -10.207515716552734, 840.400634765625, 243.43841929593765
LOSS, 240.0, -554.0, 48.0, 0.2663706992230855, 901, 207.0, 339, 23, 250358.5939025879, 112.01959228515625, 904.5904541015625, 277.8674738097535
WIN , 2572.0, -42.0, 1024.0, 2.1344398340248962, 1205, 191.0, 319, 31, 331746.75214767456, 19.343303680419922, 878.4760131835938, 275.3085080063689
LOSS, -458.0, -554.0, 32.0, -1.463258785942492, 313, 223.0, 379, 7, 83177.29885864258, 134.86790466308594, 702.4017944335938, 265.74216887745234
WIN , 2050.0, -42.0, 1024.0, 1.7521367521367521, 1170, 199.5025634765625, 321, 25, 318606.8871765137, 67.29710388183594, 810.3836059570312, 272.313578783345
LOSS, -500.0, -554.0, 32.0, -3.1055900621118013, 161, 223.0, 389, 2, 46076.34307861328, 135.79888916015625, 671.063720703125, 286.18846632679055
WIN , 2310.0, 0.0, 1024.0, 1.5703602991162475, 1471, 180.8853759765625, 301, 34, 386863.3742790222, 21.653270721435547, 783.6325073242188, 262.99345634195936
WIN , 2280.0, -42.0, 1024.0, 1.7404580152671756, 1310, 190.27777099609375, 312, 25, 360208.9027252197, 40.71080780029297, 832.3341064453125, 274.9686280345189
LOSS, -258.0, -554.0, 32.0, -0.4479166666666667, 576, 201.8000030517578, 361, 10, 150569.88441562653, 13.491974830627441, 698.1869506835938, 261.4060493326849
LOSS, 724.0, -554.0, 48.0, 1.0357653791130186, 699, 169.8000030517578, 353, 16, 193970.05248260498, 97.67169952392578, 888.2428588867188, 277.4964985444993
WIN , 2696.0, -42.0, 1024.0, 2.0270676691729324, 1330, 175.0, 311, 29, 361326.72949409485, 30.22532844543457, 792.8998413085938, 271.67423270232695
LOSS, -416.0, -554.0, 32.0, -1.4101694915254237, 295, 223.0, 380, 3, 77189.34924316406, 65.72874450683594, 844.5639038085938, 261.65881099377646
LOSS, 1660.0, -554.0, 48.0, 1.0800260247234874, 1537, 191.0, 297, 29, 413655.8192214966, 63.75092315673828, 853.2384033203125, 269.131957853934
LOSS, 182.0, -554.0, 32.0, 0.24795640326975477, 734, 136.83079528808594, 351, 15, 206005.3899383545, 133.68939208984375, 765.7797241210938, 280.66129419394343
LOSS, 188.0, -554.0, 48.0, 0.21052631578947367, 893, 193.6999969482422, 340, 13, 235875.05700302124, 50.20599365234375, 925.7055053710938, 264.13780179509655
WIN , 2236.0, -42.0, 1024.0, 1.7186779400461183, 1301, 183.5025634765625, 313, 27, 356919.080116272, 90.35887908935547, 952.1473999023438, 274.34210616162335
LOSS, 160.0, -512.0, 48.0, 0.026671111851975328, 5999, 237.66876220703125, 0, 22, 1431147.2829151154, 16.736133575439453, 794.8928833007812, 238.56430787049763
WIN , 2468.0, -42.0, 1024.0, 1.8120411160058738, 1362, 175.0, 309, 25, 367832.38388729095, -5.859007835388184, 928.010009765625, 270.0678295795088
WIN , 2626.0, 0.0, 1024.0, 2.0215550423402617, 1299, 221.4928741455078, 313, 35, 360064.02015686035, 59.02984619140625, 933.3385620117188, 277.1855428459279
LOSS, 1132.0, -554.0, 48.0, 0.38165879973027644, 2966, 207.0, 202, 26, 736095.5928688049, 23.364288330078125, 814.58203125, 248.17788026594906
WIN , 3150.0, 0.0, 1024.0, 0.911194677466011, 3457, 162.1741485595703, 169, 36, 859958.2685317993, -0.9816780090332031, 907.4517822265625, 248.75853877113084
WIN , 2386.0, -42.0, 1024.0, 1.7239884393063585, 1384, 156.7271728515625, 307, 27, 381313.7558441162, 68.19029235839844, 998.3936767578125, 275.5157195405464
LOSS, 558.0, -554.0, 48.0, 0.6105032822757112, 914, 223.0, 339, 16, 254168.93770980835, 42.25813674926758, 990.956298828125, 278.08417692539206
LOSS, -12.0, -554.0, 48.0, -0.017673048600883652, 679, 223.0, 354, 10, 190841.67596435547, 104.26710510253906, 838.00830078125, 281.0628511993453
WIN , 2048.0, -42.0, 1024.0, 1.6331738437001595, 1254, 209.6999969482422, 316, 33, 354495.8159561157, 82.95884704589844, 883.015380859375, 282.6920382425165
LOSS, 524.0, -554.0, 48.0, 0.5077519379844961, 1032, 207.0, 331, 19, 291150.3088378906, 35.12572479248047, 939.3843383789062, 282.12239228477773
WIN , 2226.0, 0.0, 1024.0, 1.677467972871138, 1327, 183.5025634765625, 311, 32, 367775.928855896, 45.946868896484375, 918.2542114257812, 277.14840154928106
WIN , 2184.0, -42.0, 982.0, 1.7388535031847134, 1256, 207.0, 316, 29, 354546.3198223114, 27.336530685424805, 939.3515014648438, 282.2821017693562
LOSS, -14.0, -554.0, 32.0, -0.011914893617021277, 1175, 223.0, 321, 34, 327751.46503829956, 41.39303207397461, 895.7054443359375, 278.93741705387197
WIN , 2798.0, -42.0, 1024.0, 1.5631284916201118, 1790, 205.4928741455078, 280, 26, 483469.2572784424, 93.12525939941406, 922.721435546875, 270.09455713879464
LOSS, 704.0, -554.0, 48.0, 0.7118301314459049, 989, 207.0, 334, 22, 270398.15953063965, 140.76231384277344, 815.2041015625, 273.40562136566194
WIN , 2566.0, 0.0, 1024.0, 2.082792207792208, 1232, 177.6999969482422, 317, 35, 343680.7536468506, 121.24227905273438, 873.6316528320312, 278.9616506873787
WIN , 3280.0, 0.0, 1024.0, 2.117495158166559, 1549, 164.39999389648438, 296, 28, 415678.4473800659, 109.29288482666016, 983.4273071289062, 268.35277429313487
LOSS, 318.0, -554.0, 48.0, 0.40717029449423814, 781, 153.8000030517578, 347, 18, 217296.79261779785, 142.60704040527344, 929.3765869140625, 278.2289278076797
WIN , 2516.0, -42.0, 1024.0, 1.8974358974358974, 1326, 153.39498901367188, 311, 33, 364840.59970092773, 107.66239929199219, 900.0538330078125, 275.14374034760766
LOSS, 394.0, -554.0, 32.0, 0.3608058608058608, 1092, 207.0, 327, 22, 307569.6193084717, 68.25790405273438, 861.9349365234375, 281.6571605388935
LOSS, -8.0, -554.0, 48.0, -0.013937282229965157, 574, 223.0, 361, 10, 161811.0087738037, 157.88165283203125, 850.978271484375, 281.9007121494838
WIN , 2376.0, -42.0, 1024.0, 1.8347490347490347, 1295, 173.4928741455078, 313, 33, 363403.9529724121, 139.4699249267578, 971.9407958984375, 280.6208131061097
LOSS, 836.0, -554.0, 48.0, 0.9881796690307328, 846, 207.0, 343, 13, 239844.94743347168, 141.42758178710938, 1031.3284912109375, 283.50466599701144
LOSS, 64.0, -554.0, 32.0, 0.1792717086834734, 357, 223.0, 376, 13, 103713.97657775879, 144.32977294921875, 849.1777954101562, 290.5153405539462
LOSS, 1058.0, -554.0, 48.0, 0.5580168776371308, 1896, 191.0, 273, 27, 499925.27782821655, 62.1356086730957, 908.3703002929688, 263.67366974062054
LOSS, 616.0, -554.0, 58.0, 0.5417766051011433, 1137, 191.8800048828125, 324, 18, 318619.33337402344, 138.56153869628906, 827.4860229492188, 280.22808564118156
LOSS, -474.0, -554.0, 32.0, -1.5906040268456376, 298, 175.0, 380, 6, 87483.26541137695, 157.93907165527344, 850.3858032226562, 293.56800473616426
LOSS, 190.0, -512.0, 48.0, 0.031671945324220706, 5999, 193.42718505859375, 0, 17, 1505653.2570037842, -0.7537364959716797, 983.352294921875, 250.98404017399304
WIN , 1996.0, -42.0, 1024.0, 0.9513822688274547, 2098, 209.6999969482422, 260, 29, 568148.9135894775, 29.916656494140625, 961.747802734375, 270.80501124379293
WIN , 2250.0, 0.0, 1024.0, 0.39907768712309327, 5638, 207.0, 24, 34, 1446648.6640892029, 38.09577560424805, 903.29833984375, 256.58897908641416
LOSS, 692.0, -512.0, 48.0, 0.1153525587597933, 5999, 223.4928741455078, 0, 32, 1543035.3626785278, 34.15487289428711, 930.3509521484375, 257.2154296847021
WIN , 2192.0, 0.0, 1024.0, 1.3760200878844946, 1593, 193.6999969482422, 293, 36, 465493.7644062042, -5.559659957885742, 980.9832153320312, 292.21203038682
LOSS, -400.0, -554.0, 32.0, -0.2808988764044944, 1424, 223.0, 305, 6, 379025.2979888916, -32.884315490722656, 882.1375122070312, 266.16945083489577
WIN , 2768.0, -42.0, 1024.0, 0.5723738626964433, 4836, 175.42718505859375, 77, 32, 1277730.6190071106, -16.12135124206543, 941.3225708007812, 264.21228680874907
LOSS, 546.0, -554.0, 48.0, 0.5594262295081968, 976, 223.0, 334, 15, 279668.64025878906, 159.0680389404297, 926.802001953125, 286.5457379700708
LOSS, 586.0, -554.0, 48.0, 0.23125493291239146, 2534, 209.6999969482422, 231, 23, 677058.0213088989, 50.96282958984375, 848.3350219726562, 267.1894322450272
LOSS, 792.0, -554.0, 48.0, 0.5589273112208892, 1417, 223.0, 305, 10, 390704.71183395386, -16.579151153564453, 860.4873657226562, 275.72668442763154
LOSS, -300.0, -554.0, 32.0, -0.30181086519114686, 994, 197.3357391357422, 333, 6, 265464.908826828, 4.050649642944336, 708.6615600585938, 267.0673127030463
LOSS, 290.0, -554.0, 32.0, 0.15247108307045215, 1902, 207.0, 273, 16, 511616.33149051666, -33.27336120605469, 890.3965454101562, 268.9886075134157
LOSS, 154.0, -554.0, 32.0, 0.07758186397984887, 1985, 175.0, 267, 21, 540167.1581802368, 46.05620574951172, 890.443359375, 272.124512937147
WIN , 2580.0, 0.0, 1024.0, 0.7178631051752922, 3594, 199.5025634765625, 160, 28, 956169.3704032898, 32.71077346801758, 980.3289794921875, 266.0460129113216
LOSS, -208.0, -512.0, 32.0, -0.03467244540756793, 5999, 199.3357391357422, 0, 6, 1539677.9865236282, -26.986774444580078, 904.3567504882812, 256.6557737162241
WIN , 2828.0, -42.0, 1024.0, 1.5798882681564246, 1790, 199.5025634765625, 280, 29, 516387.5787258148, -8.168291091918945, 985.2584228515625, 288.4846808524105
WIN , 2950.0, -42.0, 1024.0, 1.4114832535885167, 2090, 191.0, 260, 32, 578080.0454864502, 18.74024200439453, 893.4843139648438, 276.59332319925846
WIN , 3020.0, 0.0, 1024.0, 1.3309828118113707, 2269, 164.39999389648438, 248, 36, 622482.9782238007, 15.682306289672852, 965.1700439453125, 274.3424320069637
LOSS, 576.0, -554.0, 48.0, 0.41799709724238027, 1378, 185.0, 308, 26, 388191.74462127686, 81.427978515625, 818.3262939453125, 281.70663615477275
LOSS, 570.0, -554.0, 48.0, 0.4178885630498534, 1364, 191.0, 309, 16, 390498.70916748047, 68.27923583984375, 902.6307373046875, 286.289376222493
LOSS, 72.0, -512.0, 32.0, 0.012002000333388899, 5999, 198.8853759765625, 0, 20, 1555519.4045028687, 51.91905212402344, 961.96923828125, 259.2964501588379
LOSS, -298.0, -554.0, 32.0, -1.3070175438596492, 228, 223.0, 384, 5, 66140.43131637573, 47.540401458740234, 622.1507568359375, 290.0896110367357
WIN , 2264.0, 0.0, 1024.0, 0.8366592756836659, 2706, 188.7271728515625, 219, 31, 746574.4096908569, -47.49916458129883, 933.3087158203125, 275.8959385405975
LOSS, 558.0, -554.0, 48.0, 0.23048327137546468, 2421, 207.0, 238, 26, 669065.8143692017, 73.1204833984375, 967.8485717773438, 276.35927896290855
WIN , 2214.0, -42.0, 1024.0, 1.268041237113402, 1746, 205.4928741455078, 283, 35, 499786.5942401886, -27.203336715698242, 1003.3935546875, 286.2466175487907
LOSS, -282.0, -554.0, 32.0, -0.25405405405405407, 1110, 223.0, 325, 9, 303394.9368362427, 49.356903076171875, 716.6240234375, 273.32877192454293
LOSS, 320.0, -554.0, 48.0, 0.47058823529411764, 680, 191.0, 354, 11, 197751.18852233887, 83.03468322753906, 876.6353149414062, 290.8105713563807
LOSS, 1034.0, -554.0, 48.0, 0.7297106563161609, 1417, 223.0, 305, 25, 410416.68687438965, 118.84475708007812, 969.2731323242188, 289.6377465592023
WIN , 2648.0, -42.0, 1024.0, 1.9484915378955114, 1359, 172.1080322265625, 309, 24, 405055.0796813965, 171.36282348632812, 963.5731811523438, 298.05377459999744
WIN , 3424.0, 0.0, 1024.0, 0.9542920847268673, 3588, 167.5025634765625, 160, 29, 973949.1387786865, 58.48822784423828, 832.8568115234375, 271.44624826607765
LOSS, 960.0, -554.0, 58.0, 0.40816326530612246, 2352, 201.8000030517578, 243, 30, 647428.0879440308, 46.42906951904297, 965.9406127929688, 275.2670441938906
LOSS, 772.0, -554.0, 48.0, 0.19494949494949496, 3960, 223.0, 135, 31, 1062622.7523822784, -11.186315536499023, 924.2594604492188, 268.33907888441377
LOSS, 172.0, -554.0, 32.0, 0.09523809523809523, 1806, 207.0, 279, 17, 489926.39942741394, 22.53046989440918, 951.6748657226562, 271.2770760949136
LOSS, 150.0, -554.0, 42.0, 0.08635578583765112, 1737, 223.0, 284, 17, 475641.1512145996, 130.7556610107422, 812.5912475585938, 273.8291025990786
LOSS, -178.0, -512.0, 32.0, -0.029671611935322553, 5999, 210.5500030517578, 0, 6, 1536481.8129138947, -4.818901062011719, 777.0144653320312, 256.122989317202
WIN , 2764.0, 0.0, 1024.0, 1.168710359408034, 2365, 196.8853759765625, 242, 32, 644074.2901945114, 14.220480918884277, 906.1160888671875, 272.3358520907025
LOSS, 346.0, -512.0, 48.0, 0.05767627937989665, 5999, 228.11077880859375, 0, 16, 1515326.3657751083, 12.253523826599121, 928.2057495117188, 252.59649371146998
LOSS, 46.0, -554.0, 32.0, 0.014626391096979332, 3145, 186.447998046875, 190, 9, 794106.5366783142, 53.181087493896484, 742.8648681640625, 252.49810387227797
LOSS, -524.0, -554.0, 16.0, -0.4957426679280984, 1057, 207.0, 329, 7, 277298.98850250244, 44.70386505126953, 919.020751953125, 262.3453060572398
LOSS, -214.0, -554.0, 58.0, -0.49195402298850577, 435, 175.0, 370, 6, 127001.40596008301, 169.27435302734375, 886.0520629882812, 291.9572550806506
LOSS, 100.0, -512.0, 32.0, 0.01666944490748458, 5999, 156.20257568359375, 0, 17, 1497084.2380371094, 29.044240951538086, 886.53369140625, 249.55563227823126
WIN , 2074.0, -42.0, 1024.0, 0.7154191100379441, 2899, 198.86810302734375, 206, 36, 764975.0357208252, 15.9189453125, 939.4424438476562, 263.8754866232581
LOSS, 578.0, -554.0, 32.0, 0.38227513227513227, 1512, 201.39498901367188, 299, 18, 416989.1804046631, 101.90385437011719, 903.7587890625, 275.786494976629
LOSS, 540.0, -554.0, 48.0, 0.13939081053175012, 3874, 223.0, 141, 10, 994127.5000267029, 22.901782989501953, 991.8233032226562, 256.61525555671216
WIN , 2262.0, 0.0, 1024.0, 1.0116279069767442, 2236, 207.0, 250, 35, 598429.1161661148, -6.368553161621094, 918.393798828125, 267.6337728828778
LOSS, -262.0, -554.0, 32.0, -0.23905109489051096, 1096, 223.0, 326, 16, 293700.6064376831, 19.397300720214844, 1054.1993408203125, 267.97500587379847
LOSS, 772.0, -538.0, 58.0, 0.1552382867484416, 4973, 201.39498901367188, 68, 12, 1241084.7061958313, -21.780729293823242, 976.8092041015625, 249.5645900253029
WIN , 2736.0, 0.0, 1024.0, 1.2725581395348837, 2150, 156.7271728515625, 256, 34, 567427.2323799133, 50.3488655090332, 934.1596069335938, 263.91964296740156
LOSS, -140.0, -554.0, 32.0, -0.03487792725460887, 4014, 191.0, 132, 8, 965670.4080257416, 8.903118133544922, 836.5185546875, 240.57558745035914
LOSS, 712.0, -512.0, 80.0, 0.11868644774129021, 5999, 232.8940887451172, 0, 12, 1442269.3343000412, -11.01735782623291, 741.6259765625, 240.41829209869
WIN , 2700.0, -42.0, 1024.0, 1.1015911872705018, 2451, 153.0, 236, 27, 616220.2910327911, 19.86939811706543, 850.2752075195312, 251.41586741443948
WIN , 2602.0, -42.0, 1024.0, 0.43945279513595675, 5921, 175.0, 5, 35, 1458454.0666046143, 8.201455116271973, 881.35791015625, 246.31887630545756
WIN , 2406.0, 0.0, 1024.0, 1.1589595375722543, 2076, 205.4928741455078, 261, 28, 535341.7145690918, 78.32530212402344, 852.1113891601562, 257.87173148800184
LOSS, 168.0, -512.0, 32.0, 0.028004667444574097, 5999, 203.39498901367188, 0, 20, 1445490.946685791, 39.60647201538086, 792.3977661132812, 240.95531700046524
LOSS, 18.0, -554.0, 32.0, 0.018442622950819672, 976, 191.0, 334, 10, 256617.72218322754, 92.20611572265625, 885.5096435546875, 262.9279940401922
WIN , 2864.0, -42.0, 1024.0, 1.4406438631790746, 1988, 206.27777099609375, 267, 21, 507420.94561576843, -38.88556671142578, 1037.8271484375, 255.24192435400826
LOSS, 182.0, -554.0, 32.0, 0.14478918058870327, 1257, 223.0, 316, 12, 312650.5636444092, 101.57516479492188, 910.3685913085938, 248.72757648719903
LOSS, 296.0, -512.0, 32.0, 0.049341556926154356, 5999, 227.61077880859375, 0, 22, 1399539.2852516174, -0.6766319274902344, 1047.44970703125, 233.29543011362185
LOSS, 602.0, -554.0, 48.0, 0.34107648725212464, 1765, 223.0, 282, 22, 436792.77283096313, 31.824710845947266, 869.6787109375, 247.47465882774117
LOSS, 624.0, -554.0, 48.0, 0.33033350979354154, 1889, 201.8000030517578, 274, 24, 467378.0606994629, 52.85939025878906, 945.1153564453125, 247.42088972973156
LOSS, 84.0, -512.0, 48.0, 0.014002333722287048, 5999, 216.95126342773438, 0, 16, 1399388.4591350555, -48.99939727783203, 894.244384765625, 233.27028823721545
LOSS, -4.0, -554.0, 32.0, -0.002828854314002829, 1414, 223.0, 305, 13, 350019.3163433075, -27.84642219543457, 918.1731567382812, 247.53841325552156
LOSS, 626.0, -554.0, 48.0, 0.26115978306216103, 2397, 175.0, 240, 21, 577858.5966835022, 30.75314712524414, 803.7789306640625, 241.07575998477355
LOSS, 598.0, -554.0, 48.0, 0.5446265938069217, 1098, 223.0, 326, 15, 271851.6111240387, 31.17292594909668, 921.4728393554688, 247.5879882732593
WIN , 2252.0, 0.0, 1024.0, 1.0868725868725868, 2072, 207.0, 261, 33, 517844.2159957886, 64.95362091064453, 966.2496337890625, 249.92481466978214
LOSS, -46.0, -554.0, 48.0, -0.0257847533632287, 1784, 175.0, 281, 17, 452844.36392974854, 76.71774291992188, 995.4248657226562, 253.83652686645098
LOSS, 812.0, -554.0, 48.0, 0.6612377850162866, 1228, 181.3357391357422, 318, 16, 311250.5745410919, -55.053627014160156, 845.0360717773438, 253.46137991945596
LOSS, 762.0, -554.0, 48.0, 0.5934579439252337, 1284, 223.0, 314, 16, 320295.3590927124, 59.1949462890625, 890.7616577148438, 249.45121424666075
LOSS, -62.0, -554.0, 32.0, -0.040735873850197106, 1522, 191.0, 298, 11, 361440.36768341064, 21.236976623535156, 796.21142578125, 237.47724552129478
LOSS, 468.0, -512.0, 80.0, 0.07801300216702783, 5999, 186.03575134277344, 0, 12, 1356961.2754135132, -52.350975036621094, 833.1983032226562, 226.1979122209557
LOSS, 294.0, -554.0, 32.0, 0.20445062586926285, 1438, 138.447998046875, 304, 15, 343105.71090888977, -34.24574279785156, 988.1229248046875, 238.59924263483293
WIN , 2556.0, 0.0, 1024.0, 0.5372005044136192, 4758, 151.5025634765625, 82, 36, 1120293.5045719147, -15.577217102050781, 917.4932861328125, 235.45470882133557
LOSS, 60.0, -554.0, 48.0, 0.04405286343612335, 1362, 207.0, 309, 17, 320800.7957801819, 0.5532417297363281, 931.4635009765625, 235.5365607784008
LOSS, -542.0, -554.0, 16.0, -2.5209302325581397, 215, 223.0, 385, 1, 53604.39512634277, 85.77503967285156, 641.48583984375, 249.32276802950128
LOSS, -220.0, -512.0, 32.0, -0.03667277879646608, 5999, 233.1259002685547, 0, 6, 1361624.9095859528, -15.32829475402832, 719.8455200195312, 226.97531415001714
LOSS, 1342.0, -554.0, 48.0, 0.7389867841409692, 1816, 191.0, 278, 26, 447710.2830257416, -26.7740535736084, 1042.064208984375, 246.53649946351408
LOSS, 344.0, -512.0, 48.0, 0.057342890481746955, 5999, 199.3357391357422, 0, 21, 1340769.5397548676, -58.82976531982422, 852.1593627929688, 223.49883976577223
LOSS, 268.0, -512.0, 32.0, 0.044674112352058676, 5999, 190.09500122070312, 0, 18, 1335666.5688285828, -52.956573486328125, 971.9814453125, 222.64820283857023
LOSS, -208.0, -554.0, 48.0, -0.3165905631659056, 657, 207.0, 356, 8, 164282.31198310852, -14.277326583862305, 906.5950317382812, 250.0491811006218
WIN , 2614.0, 0.0, 1024.0, 1.06346623270952, 2458, 177.6999969482422, 236, 30, 581173.9013404846, -65.78134155273438, 971.9830932617188, 236.4417824818896
LOSS, -150.0, -554.0, 32.0, -0.2304147465437788, 651, 207.0, 356, 9, 158383.30278015137, -7.536067962646484, 882.942138671875, 243.29232377903435
LOSS, 14.0, -554.0, 48.0, 0.014989293361884369, 934, 207.0, 337, 11, 221721.69718647003, -13.848379135131836, 868.1995849609375, 237.3893974159208
LOSS, 710.0, -512.0, 48.0, 0.11835305884314053, 5999, 188.20257568359375, 0, 30, 1358058.5583295822, -147.9886016845703, 855.2178955078125, 226.38082319212907
LOSS, 372.0, -554.0, 48.0, 0.12761578044596913, 2915, 223.0, 205, 17, 674652.0578870773, -82.50142669677734, 697.2996826171875, 231.44152929230782
WIN , 2162.0, 0.0, 1024.0, 0.6010564359188212, 3597, 170.20257568359375, 160, 34, 841706.2237930298, -66.24015808105469, 925.1260375976562, 234.0022862921962
LOSS, -118.0, -554.0, 32.0, -0.06472846955567746, 1823, 207.0, 278, 26, 431466.59854125977, -23.978483200073242, 794.3184814453125, 236.6794287116071
LOSS, 732.0, -554.0, 48.0, 0.48031496062992124, 1524, 223.0, 298, 15, 367139.79122161865, -104.28170776367188, 783.2468872070312, 240.9053748173351
WIN , 2738.0, 0.0, 1024.0, 1.1134607564050427, 2459, 173.4928741455078, 236, 34, 576651.4853992462, -84.0665283203125, 1013.1691284179688, 234.50650077236529
WIN , 2678.0, -42.0, 1024.0, 0.6474854932301741, 4136, 167.5025634765625, 124, 37, 948896.721704483, -141.46145629882812, 935.8359375, 229.4237721722638
LOSS, 1512.0, -512.0, 80.0, 0.25204200700116686, 5999, 230.70347595214844, 0, 28, 1325659.6062259674, -74.46315002441406, 957.6823120117188, 220.98009772061468
WIN , 2754.0, -42.0, 1024.0, 0.8603561387066542, 3201, 177.6999969482422, 186, 35, 726673.940530777, -86.46368408203125, 913.3990478515625, 227.01466433326365
LOSS, 144.0, -554.0, 48.0, 0.024456521739130436, 5888, 207.0, 7, 14, 1291541.9553909302, -127.81004333496094, 726.9898681640625, 219.35155492373136
LOSS, 396.0, -512.0, 32.0, 0.06601100183363894, 5999, 207.4928741455078, 0, 31, 1355366.07406044, -115.53291320800781, 882.7993774414062, 225.93200101024172
LOSS, 196.0, -512.0, 48.0, 0.03267211201866978, 5999, 209.3353271484375, 0, 20, 1331442.1622152328, -126.8439712524414, 826.0112915039062, 221.94401770548973
LOSS, -214.0, -512.0, 32.0, -0.035672612102017005, 5999, 233.1259002685547, 0, 6, 1323378.3906297684, -96.6397705078125, 904.63330078125, 220.59983174358533
LOSS, 930.0, -554.0, 48.0, 0.3234782608695652, 2875, 207.0, 208, 20, 648926.9932403564, -83.85496520996094, 966.8746337890625, 225.71373677925442
LOSS, 298.0, -512.0, 32.0, 0.049674945824304054, 5999, 204.3062744140625, 0, 17, 1323992.0254306793, -148.1454620361328, 954.96337890625, 220.70212125865632
LOSS, 56.0, -554.0, 32.0, 0.03130240357741755, 1789, 223.0, 280, 12, 400210.4591293335, -128.9068603515625, 816.1743774414062, 223.70623763517804
LOSS, -58.0, -554.0, 48.0, -0.03741935483870968, 1550, 223.0, 296, 12, 364093.4075202942, -88.65079498291016, 878.2683715820312, 234.8989725937382
LOSS, 598.0, -554.0, 48.0, 0.14546339090245683, 4111, 184.03575134277344, 125, 25, 926065.5319948196, -101.59367370605469, 958.080078125, 225.2652717087861
LOSS, -448.0, -554.0, 32.0, -0.896, 500, 223.0, 366, 8, 116716.51826381683, 15.992453575134277, 983.1739501953125, 233.43303652763367
LOSS, -308.0, -554.0, 48.0, -0.8579387186629527, 359, 223.0, 376, 6, 83615.23584747314, 68.30998229980469, 907.9649658203125, 232.911520466499
LOSS, 720.0, -512.0, 32.0, 0.12002000333388899, 5999, 206.7271728515625, 0, 31, 1312191.6533298492, -95.5234146118164, 1007.0794067382812, 218.7350647324303
LOSS, 610.0, -512.0, 32.0, 0.10168361393565595, 5999, 230.70347595214844, 0, 31, 1331853.6961984634, -62.12889099121094, 985.3890380859375, 222.01261813609992
WIN , 2280.0, 0.0, 1024.0, 0.5241379310344828, 4350, 181.3357391357422, 109, 35, 975459.6514148712, -11.899877548217773, 901.6837768554688, 224.24359802640717
LOSS, -180.0, -554.0, 32.0, -0.039147455415398, 4598, 223.0, 93, 10, 1024779.3328199387, -97.13716125488281, 794.995849609375, 222.87501801216587
LOSS, -150.0, -554.0, 48.0, -0.17584994138335286, 853, 191.0, 343, 6, 198522.72511291504, 23.060775756835938, 709.0204467773438, 232.73473049579724
WIN , 2684.0, -42.0, 1024.0, 0.8725617685305592, 3076, 148.39999389648438, 194, 33, 710223.5388612747, -91.96894836425781, 773.0758666992188, 230.89191770522586
LOSS, -44.0, -512.0, 32.0, -0.0073345557592932155, 5999, 201.5025634765625, 0, 22, 1365338.8039979935, -70.8447036743164, 719.3916625976562, 227.5943997329544
WIN , 3452.0, -42.0, 1024.0, 0.5818304399123546, 5933, 191.0, 4, 27, 1379878.5949497223, -50.53200149536133, 996.7860107421875, 232.5768742541248
LOSS, 796.0, -512.0, 48.0, 0.13268878146357727, 5999, 189.0, 0, 26, 1408631.6476373672, -103.26966857910156, 929.6328125, 234.81107645230327
LOSS, -36.0, -512.0, 32.0, -0.006001000166694449, 5999, 148.30999755859375, 0, 9, 1398926.14208889, -89.19878387451172, 801.148681640625, 233.19322255190698
LOSS, 320.0, -554.0, 32.0, 0.1046777886817141, 3057, 175.0, 196, 25, 726790.1012639999, -77.55998229980469, 997.6360473632812, 237.74618948773306
LOSS, 254.0, -512.0, 32.0, 0.042340390065010836, 5999, 201.5025634765625, 0, 20, 1427212.5495882034, -146.10183715820312, 1036.09228515625, 237.90840966631163
LOSS, -48.0, -554.0, 48.0, -0.015089594467148696, 3181, 207.0, 187, 16, 764426.8617744446, -122.23377227783203, 1031.516845703125, 240.31023633273958
LOSS, 434.0, -554.0, 48.0, 0.5058275058275058, 858, 186.447998046875, 342, 16, 207763.67055511475, -142.88858032226562, 903.9024658203125, 242.14880018078642
LOSS, 368.0, -512.0, 32.0, 0.061343557259543255, 5999, 229.63409423828125, 0, 20, 1404569.3462438583, -69.33397674560547, 945.5111083984375, 234.1339133595363
LOSS, 620.0, -554.0, 48.0, 0.2509105625252934, 2471, 223.0, 235, 22, 584046.8290262222, -29.111108779907227, 928.9407348632812, 236.36051356787627
LOSS, 528.0, -512.0, 32.0, 0.08801466911151859, 5999, 134.8853759765625, 0, 34, 1407542.8842172623, -146.70712280273438, 956.9364624023438, 234.62958563381602
WIN , 2758.0, -42.0, 1024.0, 0.862144420131291, 3199, 191.0, 186, 36, 760251.2089004517, -135.8582000732422, 1015.4392700195312, 237.65276927178857
LOSS, 204.0, -512.0, 32.0, 0.034005667611268546, 5999, 202.4189453125, 0, 19, 1389462.3590269089, -132.130126953125, 873.4730224609375, 231.61566244822617
LOSS, 56.0, -554.0, 48.0, 0.045344129554655874, 1235, 223.0, 317, 14, 300264.2100944519, -111.24554443359375, 1005.6319580078125, 243.12891505623637
LOSS, 180.0, -554.0, 48.0, 0.09641135511515801, 1867, 207.0, 275, 13, 442775.0514411926, -144.2337646484375, 1029.17236328125, 237.1585706701621
LOSS, 532.0, -554.0, 48.0, 0.13693693693693693, 3885, 223.0, 140, 15, 918386.7186660767, -141.62744140625, 962.4573974609375, 236.3929777776259
WIN , 2268.0, -42.0, 1024.0, 0.5863495346432265, 3868, 175.42718505859375, 142, 32, 909528.374250412, -111.81726837158203, 1053.6572265625, 235.14177203992037
LOSS, -132.0, -554.0, 32.0, -0.04249839021249195, 3106, 223.0, 192, 22, 726984.4424004555, -107.53497314453125, 990.8810424804688, 234.05809478443513
LOSS, 452.0, -512.0, 32.0, 0.07534589098183031, 5999, 151.3357391357422, 0, 19, 1371553.2381534576, -72.32166290283203, 1000.4697875976562, 228.6303114108114
LOSS, 872.0, -554.0, 48.0, 0.2502870264064294, 3484, 223.0, 167, 26, 812785.5224552155, -28.552318572998047, 1082.5872802734375, 233.290907708156
LOSS, 46.0, -512.0, 32.0, 0.007667944657442907, 5999, 183.88465881347656, 0, 12, 1349546.209766388, -122.13589477539062, 963.3906860351562, 224.96186193805434
LOSS, 724.0, -512.0, 80.0, 0.12068678113018837, 5999, 200.86810302734375, 0, 12, 1327856.1189956665, -100.87152099609375, 917.34716796875, 221.34624420664554
WIN , 2802.0, 0.0, 1024.0, 0.6930497155577542, 4043, 165.3357391357422, 130, 41, 929409.9722862244, -79.63575744628906, 970.1141357421875, 229.88126942523482
LOSS, -140.0, -512.0, 32.0, -0.023337222870478413, 5999, 233.40611267089844, 0, 9, 1316051.1447134018, -66.59376525878906, 908.7938842773438, 219.37842052232068
LOSS, 358.0, -512.0, 48.0, 0.0596766127687948, 5999, 182.8853759765625, 0, 29, 1333443.7712392807, -76.56068420410156, 945.43359375, 222.27767481901662
LOSS, 94.0, -554.0, 48.0, 0.02183000464468184, 4306, 223.0, 112, 13, 950837.0430717468, -66.63285064697266, 884.7594604492188, 220.81677730416786
LOSS, -210.0, -512.0, 42.0, -0.03500583430571762, 5999, 205.0, 0, 7, 1302373.0363063812, -82.31417846679688, 746.5101318359375, 217.09835577702637
