LOSS, -512.0, -512.0, 0.0, -0.08534755792632105, 5999, 210.19288635253906, 0, 2, 984.7710932791233, 0.3307460844516754, 0.8943403363227844, 0.16415587485899705
LOSS, -502.0, -512.0, 10.0, -0.08368061343557259, 5999, 170.03575134277344, 0, 3, 9884.989755749702, 0.5916069746017456, 17.6854305267334, 1.6477729214451913
LOSS, 332.0, -512.0, 32.0, 0.055342557092848806, 5999, 200.86810302734375, 0, 14, 43572.20430392027, 0.9992607235908508, 88.39608764648438, 7.263244591418615
LOSS, -588.0, -554.0, 10.0, -1.137330754352031, 517, 191.0, 365, 7, 6685.846123218536, 4.367486000061035, 46.894325256347656, 12.93200410680568
WIN , 2788.0, -42.0, 1024.0, 1.2765567765567765, 2184, 158.48617553710938, 254, 30, 39908.29067277908, 4.463083267211914, 69.61246490478516, 18.27302686482559
LOSS, 190.0, -554.0, 32.0, 0.16006739679865206, 1187, 223.0, 320, 16, 35983.661410331726, 8.843864440917969, 190.18707275390625, 30.31479478545217
LOSS, 70.0, -554.0, 42.0, 0.13806706114398423, 507, 223.0, 366, 13, 22023.561798095703, 7.442293167114258, 176.13323974609375, 43.43897790551421
LOSS, 90.0, -554.0, 32.0, 0.14492753623188406, 621, 223.0, 358, 9, 24468.74571609497, 9.988923072814941, 171.81643676757812, 39.402167014645684
LOSS, -70.0, -554.0, 48.0, -0.2127659574468085, 329, 207.0, 378, 6, 15477.256171226501, 10.938053131103516, 263.6319580078125, 47.04333182743618
LOSS, 102.0, -554.0, 48.0, 0.14804063860667635, 689, 207.0, 354, 10, 29595.537274360657, 7.73792839050293, 375.8524475097656, 42.95433566670632
LOSS, -404.0, -554.0, 32.0, -1.243076923076923, 325, 188.08596801757812, 378, 3, 17795.973105430603, 10.512946128845215, 241.2167510986328, 54.75684032440186
LOSS, 428.0, -554.0, 48.0, 0.6359583952451708, 673, 191.0, 355, 6, 34031.33191204071, 12.209264755249023, 241.54884338378906, 50.56661502532052
LOSS, 446.0, -554.0, 48.0, 0.8305400372439479, 537, 175.0, 364, 6, 30414.020252227783, 13.182008743286133, 335.3849792480469, 56.636909222025665
LOSS, -36.0, -554.0, 48.0, -0.06605504587155964, 545, 186.447998046875, 363, 9, 30553.544441223145, 9.008337020874023, 365.0909729003906, 56.061549433436966
LOSS, 1046.0, -554.0, 48.0, 0.9613970588235294, 1088, 223.0, 327, 17, 58820.873173713684, 6.600652694702148, 779.958740234375, 54.0633025493692
LOSS, 162.0, -554.0, 32.0, 0.22784810126582278, 711, 138.4561767578125, 352, 13, 39244.14178943634, 14.753402709960938, 262.428466796875, 55.19569871931975
WIN , 2464.0, -42.0, 1024.0, 1.958664546899841, 1258, 161.6999969482422, 316, 30, 77679.16332435608, 18.020227432250977, 852.1209106445312, 61.748142547182894
LOSS, -388.0, -554.0, 32.0, -2.086021505376344, 186, 223.0, 387, 4, 15475.048402786255, 21.93494415283203, 415.1040344238281, 83.19918496121642
WIN , 2294.0, -42.0, 1024.0, 2.2757936507936507, 1008, 223.0, 332, 19, 71446.18932533264, 17.115203857421875, 281.7930908203125, 70.87915607671889
LOSS, -224.0, -512.0, 32.0, -0.03733955659276546, 5999, 231.90701293945312, 0, 5, 336144.34493637085, 16.873287200927734, 342.5136413574219, 56.03339638879327
LOSS, 1014.0, -554.0, 48.0, 1.21875, 832, 175.0, 344, 18, 88377.85040664673, 35.37195587158203, 356.62646484375, 106.22337789260425
LOSS, 994.0, -512.0, 48.0, 0.16569428238039674, 5999, 214.1680908203125, 0, 23, 492703.11528110504, 11.571489334106445, 733.4506225585938, 82.13087435924405
LOSS, 60.0, -554.0, 32.0, 0.12219959266802444, 491, 223.0, 367, 11, 55545.52294921875, 34.536903381347656, 480.5424499511719, 113.12733798211558
WIN , 2302.0, -42.0, 1024.0, 1.5596205962059622, 1476, 161.6999969482422, 301, 31, 173147.87894058228, 35.821929931640625, 650.8090209960938, 117.3088610708552
LOSS, 446.0, -554.0, 48.0, 0.3484375, 1280, 223.0, 314, 9, 147866.44526290894, 37.429054260253906, 740.7318115234375, 115.5206603616476
LOSS, 176.0, -512.0, 32.0, 0.029338223037172862, 5999, 233.40611267089844, 0, 23, 645649.2101249695, 34.608238220214844, 855.3499145507812, 107.62613937739114
LOSS, 8.0, -554.0, 42.0, 0.019851116625310174, 403, 223.0, 373, 13, 68423.12091445923, 46.997589111328125, 734.5520629882812, 169.78441914257874
LOSS, 642.0, -554.0, 48.0, 0.3658119658119658, 1755, 207.0, 282, 24, 240941.51488494873, 47.20978546142578, 822.4822387695312, 137.28861247005625
LOSS, 540.0, -554.0, 48.0, 0.3935860058309038, 1372, 196.39999389648438, 308, 22, 192065.5488319397, 55.817481994628906, 860.2061157226562, 139.98946707867324
WIN , 2226.0, -42.0, 1024.0, 0.919454770755886, 2421, 181.3357391357422, 238, 28, 353209.5603790283, 52.41869354248047, 738.7330932617188, 145.89407698431572
LOSS, -332.0, -554.0, 48.0, -0.14854586129753916, 2235, 207.0, 250, 22, 321108.24462509155, 37.81591033935547, 792.2105712890625, 143.67259267341905
LOSS, 314.0, -554.0, 48.0, 0.5056360708534622, 621, 191.0, 358, 10, 111817.72802734375, 67.28134155273438, 733.095458984375, 180.0607536672202
LOSS, 486.0, -554.0, 48.0, 0.4297082228116711, 1131, 191.0, 324, 6, 177586.8282470703, 66.44513702392578, 751.2203979492188, 157.01753160660505
LOSS, -32.0, -554.0, 32.0, -0.0463768115942029, 690, 223.0, 353, 14, 118902.69872283936, 76.04908752441406, 795.0230712890625, 172.32275177223096
WIN , 3252.0, -42.0, 1024.0, 1.2894528152260112, 2522, 169.39498901367188, 231, 27, 399290.15522003174, 36.54417419433594, 765.7642822265625, 158.32282126091664
LOSS, 236.0, -554.0, 32.0, 0.10810810810810811, 2183, 185.8000030517578, 254, 19, 341032.4482269287, 31.46481704711914, 773.008056640625, 156.2219185647864
LOSS, 750.0, -554.0, 48.0, 0.36855036855036855, 2035, 223.0, 264, 29, 367854.0162963867, 64.9651107788086, 841.3008422851562, 180.7636443716888
LOSS, -214.0, -554.0, 32.0, -0.4841628959276018, 442, 209.6999969482422, 370, 7, 87553.5906829834, 63.767303466796875, 814.5535888671875, 198.08504679408009
LOSS, 8.0, -554.0, 48.0, 0.01616161616161616, 495, 223.0, 366, 9, 108670.71198272705, 73.23274993896484, 876.5112915039062, 219.53679188429706
LOSS, -278.0, -512.0, 32.0, -0.046341056842807135, 5999, 231.90701293945312, 0, 4, 953749.4814910889, 62.38493347167969, 763.408935546875, 158.9847443725769
WIN , 2828.0, 0.0, 1024.0, 1.670407560543414, 1693, 223.0, 287, 31, 351724.17318725586, 99.68672943115234, 850.0747680664062, 207.75202196530174
LOSS, 284.0, -512.0, 48.0, 0.047341223537256207, 5999, 198.96058654785156, 0, 21, 1071074.1624984741, 76.81945037841797, 891.1559448242188, 178.542117435985
LOSS, 100.0, -554.0, 48.0, 0.09233610341643583, 1083, 207.0, 327, 14, 219242.86978149414, 102.99140930175781, 730.4815063476562, 202.44032297460217
LOSS, -596.0, -554.0, 16.0, -1.3244444444444445, 450, 223.0, 369, 3, 103210.4135055542, 95.26124572753906, 643.121337890625, 229.3564744567871
LOSS, -234.0, -554.0, 48.0, -0.34718100890207715, 674, 185.8000030517578, 355, 6, 144967.5396270752, 103.17706298828125, 657.8609619140625, 215.0853703665804
LOSS, 24.0, -554.0, 42.0, 0.043875685557586835, 547, 223.0, 363, 13, 128271.94682312012, 108.07415008544922, 678.4619140625, 234.50081686127993
LOSS, 80.0, -554.0, 48.0, 0.03216726980297547, 2487, 191.0, 234, 15, 493793.9448547363, 89.58283996582031, 948.7453002929688, 198.5500381402237
LOSS, 576.0, -554.0, 48.0, 0.28332513526807673, 2033, 207.0, 264, 23, 425342.6889228821, 59.1073112487793, 863.9577026367188, 209.21922721243584
LOSS, 566.0, -554.0, 48.0, 0.18193506910961105, 3111, 223.0, 192, 29, 655276.7932434082, 86.12165832519531, 934.64306640625, 210.6322061213141
LOSS, 284.0, -554.0, 32.0, 0.34382566585956414, 826, 207.0, 344, 12, 204911.02156066895, 94.33936309814453, 828.6234741210938, 248.07629728894545
LOSS, -274.0, -554.0, 32.0, -0.3370233702337023, 813, 191.8800048828125, 345, 10, 185897.60929870605, 95.93230438232422, 892.8900756835938, 228.65634600086847
LOSS, -218.0, -554.0, 48.0, -0.4386317907444668, 497, 191.0, 366, 4, 114265.47775268555, 129.30111694335938, 629.617431640625, 229.91041801345182
WIN , 2636.0, 0.0, 1024.0, 1.6495619524405507, 1598, 150.86810302734375, 293, 30, 390462.9179382324, 125.8458251953125, 956.2906494140625, 244.34475465471365
LOSS, -72.0, -554.0, 48.0, -0.0414985590778098, 1735, 223.0, 284, 13, 378029.00985717773, 85.35353088378906, 861.4174194335938, 217.88415553727825
LOSS, 1164.0, -554.0, 42.0, 0.4876413908671973, 2387, 223.0, 240, 22, 534964.9305877686, 90.1817398071289, 708.07666015625, 224.11601616580165
LOSS, 278.0, -554.0, 42.0, 0.35145385587863465, 791, 191.0, 347, 17, 208829.6774597168, 136.0637664794922, 803.5076904296875, 264.00717757233474
LOSS, 28.0, -554.0, 32.0, 0.040229885057471264, 696, 223.0, 353, 9, 164756.0436553955, 101.86805725097656, 672.4649658203125, 236.7184535278671
LOSS, 224.0, -554.0, 48.0, 0.2127255460588794, 1053, 191.0, 329, 17, 277013.2568588257, 90.41242218017578, 723.09716796875, 263.0705193341175
WIN , 2512.0, 0.0, 1024.0, 1.7968526466380543, 1398, 197.3357391357422, 306, 31, 362983.6442184448, 104.31021118164062, 891.3577270507812, 259.6449529459548
LOSS, -226.0, -512.0, 48.0, -0.037672945490915155, 5999, 210.5500030517578, 0, 4, 1218081.4237670898, 65.97991180419922, 780.777099609375, 203.04741186315883
LOSS, 462.0, -554.0, 48.0, 0.7536704730831973, 613, 175.0, 359, 11, 169849.53915405273, 119.44355773925781, 735.821044921875, 277.079182959303
LOSS, 562.0, -554.0, 32.0, 0.16437554840596666, 3419, 223.0, 172, 21, 794589.4277954102, 94.82142639160156, 956.6240844726562, 232.40404439760462
LOSS, -12.0, -554.0, 32.0, -0.029411764705882353, 408, 223.0, 372, 10, 111787.13339233398, 87.65776062011719, 815.1558227539062, 273.9880720400343
WIN , 2374.0, -42.0, 1024.0, 2.1640838650866, 1097, 127.59538269042969, 326, 32, 303300.4414215088, 93.31878662109375, 907.4337158203125, 276.4817150606279
WIN , 2546.0, -42.0, 1024.0, 2.4457252641690683, 1041, 164.8853759765625, 330, 26, 295932.201171875, 143.88272094726562, 859.9266357421875, 284.27685030919787
LOSS, 56.0, -512.0, 32.0, 0.009334889148191364, 5999, 232.06307983398438, 0, 17, 1351798.040840149, 82.37127685546875, 1013.6382446289062, 225.33722967830454
LOSS, -64.0, -554.0, 48.0, -0.128, 500, 223.0, 366, 17, 148659.99644470215, 123.63441467285156, 964.8604125976562, 297.3199928894043
LOSS, 522.0, -554.0, 48.0, 0.5072886297376094, 1029, 207.0, 331, 19, 282435.8147583008, 131.92922973632812, 774.2456665039062, 274.4760104551028
LOSS, -426.0, -554.0, 48.0, -1.356687898089172, 314, 207.0, 379, 4, 87982.19679260254, 136.06964111328125, 770.3349609375, 280.19807895733294
LOSS, 338.0, -554.0, 48.0, 0.3407258064516129, 992, 207.0, 333, 19, 275968.7458343506, 75.25390625, 893.4318237304688, 278.1943002362405
WIN , 1818.0, 0.0, 1024.0, 1.1455576559546314, 1587, 207.0, 294, 38, 420391.2054595947, 134.8614501953125, 769.9022827148438, 264.8967898296123
LOSS, 1430.0, -512.0, 48.0, 0.2383730621770295, 5999, 213.71749877929688, 0, 19, 1369503.9392929077, 104.15777587890625, 917.3279418945312, 228.28870466626233
LOSS, 706.0, -554.0, 48.0, 0.838479809976247, 842, 223.0, 343, 20, 246466.1040649414, 85.97450256347656, 780.2678833007812, 292.7150879631133
WIN , 2594.0, -42.0, 1024.0, 1.962178517397882, 1322, 167.5025634765625, 311, 23, 372585.30877685547, 138.03501892089844, 792.8118286132812, 281.8345754741721
LOSS, 1118.0, -554.0, 32.0, 1.2547699214365882, 891, 223.0, 340, 18, 259633.48881530762, 85.70977783203125, 717.9796752929688, 291.3956103426573
LOSS, 510.0, -554.0, 48.0, 0.5855338691159586, 871, 207.0, 341, 19, 258347.25672912598, 99.42507934570312, 843.9807739257812, 296.60993883940984
LOSS, 10.0, -554.0, 32.0, 0.021321961620469083, 469, 223.0, 368, 11, 137632.74835205078, 145.15846252441406, 683.5009765625, 293.46001780821064
LOSS, -50.0, -554.0, 48.0, -0.08880994671403197, 563, 223.0, 362, 9, 157035.62535095215, 60.04656982421875, 718.8463745117188, 278.926510392455
LOSS, -108.0, -554.0, 48.0, -0.2748091603053435, 393, 223.0, 373, 10, 119484.49836730957, 120.56193542480469, 697.9059448242188, 304.0318024613475
LOSS, -172.0, -512.0, 32.0, -0.028671445240873478, 5999, 205.0, 0, 7, 1340792.3281173706, 36.30039978027344, 730.0689697265625, 223.502638459305
LOSS, 816.0, -554.0, 32.0, 1.3783783783783783, 592, 207.0, 360, 15, 190500.36569976807, 83.44916534423828, 723.6407470703125, 321.79115827663526
LOSS, 482.0, -554.0, 32.0, 0.36850152905198774, 1308, 223.0, 312, 18, 355614.57135772705, 110.07994079589844, 778.9996337890625, 271.87658360682497
LOSS, 244.0, -554.0, 48.0, 0.3407821229050279, 716, 223.0, 352, 17, 198856.16731262207, 92.5281982421875, 877.26904296875, 277.73207725226547
LOSS, 254.0, -554.0, 48.0, 0.25, 1016, 185.39498901367188, 332, 22, 296421.75942993164, 137.08641052246094, 835.552490234375, 291.7537002263107
LOSS, 588.0, -554.0, 48.0, 0.4891846921797005, 1202, 207.0, 319, 24, 341648.1095123291, 121.57011413574219, 832.6648559570312, 284.233036199941
LOSS, 76.0, -512.0, 32.0, 0.012668778129688281, 5999, 234.4189453125, 0, 21, 1454289.3841514587, 55.39445877075195, 704.25927734375, 242.4219676865242
LOSS, -320.0, -554.0, 32.0, -1.2260536398467432, 261, 207.0, 382, 3, 80553.59487915039, 105.11715698242188, 846.7852172851562, 308.6344631385073
LOSS, 438.0, -554.0, 32.0, 0.6257142857142857, 700, 223.0, 353, 14, 207647.72625732422, 180.31137084960938, 917.8390502929688, 296.6396089390346
WIN , 2350.0, 0.0, 1024.0, 1.6030013642564802, 1466, 193.6999969482422, 302, 36, 414346.84676361084, 65.2162857055664, 893.5054321289062, 282.6376853776336
LOSS, 88.0, -554.0, 32.0, 0.13496932515337423, 652, 175.0, 356, 9, 189865.41120910645, 161.57237243652344, 839.9242553710938, 291.20461841887493
LOSS, -558.0, -554.0, 32.0, -0.7870239774330042, 709, 207.0, 352, 1, 182429.3127975464, 120.45743560791016, 615.9857788085938, 257.3050956241839
LOSS, 68.0, -554.0, 48.0, 0.1592505854800937, 427, 223.0, 371, 8, 127393.98430252075, 49.962833404541016, 667.8357543945312, 298.3465674532102
LOSS, 260.0, -554.0, 48.0, 0.4024767801857585, 646, 207.0, 356, 7, 185797.9610595703, 130.52357482910156, 860.6613159179688, 287.61294281667233
LOSS, 556.0, -554.0, 48.0, 0.48013816925734026, 1158, 207.0, 322, 21, 328806.3766479492, 33.36542892456055, 806.1989135742188, 283.94333043864356
WIN , 3360.0, 0.0, 1024.0, 1.265536723163842, 2655, 177.6999969482422, 222, 29, 702058.2085952759, 83.94517517089844, 806.286865234375, 264.42870380236377
LOSS, 386.0, -554.0, 48.0, 0.4317673378076063, 894, 191.0, 340, 16, 264685.90229797363, 142.5133819580078, 881.0208129882812, 296.0692419440421
LOSS, 146.0, -554.0, 32.0, 0.1795817958179582, 813, 207.0, 345, 15, 224214.99383544922, 170.42201232910156, 911.98193359375, 275.78720028960544
LOSS, -44.0, -554.0, 42.0, -0.0784313725490196, 561, 223.0, 362, 9, 159750.4504852295, 177.9010467529297, 798.6317749023438, 284.7601612927442
LOSS, 136.0, -554.0, 48.0, 0.17413572343149808, 781, 223.0, 347, 13, 218438.38292694092, 54.693817138671875, 787.3590087890625, 279.69063114845187
WIN , 2366.0, -42.0, 1024.0, 1.425301204819277, 1660, 161.6999969482422, 289, 34, 460008.85078430176, 128.70272827148438, 711.494140625, 277.1137655327119
LOSS, 1002.0, -554.0, 42.0, 0.8978494623655914, 1116, 191.0, 325, 22, 322278.29570007324, 168.2065887451172, 883.0879516601562, 288.7798348566965
LOSS, -12.0, -554.0, 48.0, -0.027586206896551724, 435, 186.447998046875, 370, 10, 122720.94409179688, 96.17765808105469, 750.1332397460938, 282.11711285470545
LOSS, 1094.0, -554.0, 48.0, 0.623006833712984, 1756, 207.0, 282, 23, 486963.01601696014, -0.9399747848510742, 791.6331787109375, 277.31379044246023
LOSS, -326.0, -554.0, 32.0, -0.8402061855670103, 388, 207.0, 374, 6, 119304.54398345947, 123.79959869384766, 741.5054931640625, 307.4859381016997
LOSS, 16.0, -554.0, 48.0, 0.013710368466152529, 1167, 191.0, 322, 9, 325565.84019470215, -21.32422637939453, 988.4923095703125, 278.97672681636857
LOSS, -140.0, -554.0, 32.0, -0.3684210526315789, 380, 175.0, 374, 9, 121355.38302612305, 78.7785873413086, 901.4161987304688, 319.35627112137644
LOSS, -356.0, -554.0, 48.0, -1.78, 200, 170.99456787109375, 386, 7, 63995.98371887207, 201.3141326904297, 694.2178955078125, 319.97991859436036
WIN , 2312.0, -42.0, 1024.0, 1.3449680046538686, 1719, 193.6999969482422, 285, 28, 501563.13790130615, 39.95088195800781, 895.953369140625, 291.7761127988983
LOSS, 526.0, -554.0, 48.0, 0.413197172034564, 1273, 223.0, 315, 23, 364343.9605875015, -4.804862022399902, 899.5303344726562, 286.20892426355186
LOSS, 264.0, -554.0, 32.0, 0.25263157894736843, 1045, 175.0, 330, 12, 305747.5072517395, 29.491107940673828, 937.5281982421875, 292.5813466523823
LOSS, -384.0, -554.0, 48.0, -0.9142857142857143, 420, 223.0, 371, 4, 126632.2914352417, 69.21893310546875, 925.84814453125, 301.50545579819453
WIN , 2970.0, -42.0, 1024.0, 1.8378712871287128, 1616, 207.0, 292, 37, 468735.3982448578, 9.527475357055664, 955.0787353515625, 290.0590335673625
WIN , 2664.0, -42.0, 1024.0, 2.310494362532524, 1153, 161.6999969482422, 323, 31, 345069.28501319885, 19.996553421020508, 916.81982421875, 299.27951865845523
LOSS, -100.0, -554.0, 48.0, -0.1893939393939394, 528, 223.0, 364, 9, 155666.3000946045, 140.69277954101562, 861.0597534179688, 294.8225380579631
LOSS, 474.0, -554.0, 48.0, 0.6388140161725068, 742, 191.0, 350, 10, 213134.63863754272, 29.490093231201172, 762.2891235351562, 287.2434482985751
LOSS, 220.0, -554.0, 32.0, 0.2012808783165599, 1093, 191.0, 327, 13, 307164.9324874878, 66.91288757324219, 835.3490600585938, 281.02921545058354
WIN , 2404.0, 0.0, 1024.0, 1.4658536585365853, 1640, 175.0, 290, 33, 467526.5831184387, 36.6816291809082, 987.7823486328125, 285.0771848283163
LOSS, 86.0, -554.0, 32.0, 0.06620477290223249, 1299, 207.0, 313, 17, 368193.73306274414, 130.00071716308594, 894.7354125976562, 283.4439823423742
WIN , 2520.0, -42.0, 1024.0, 1.344, 1875, 223.0, 274, 31, 532375.887512207, 138.40963745117188, 944.1082153320312, 283.93380667317706
LOSS, -382.0, -554.0, 32.0, -1.2733333333333334, 300, 191.0, 379, 1, 87928.00453186035, 168.3587188720703, 845.8566284179688, 293.0933484395345
WIN , 2916.0, -42.0, 1024.0, 1.6963350785340314, 1719, 209.6999969482422, 285, 29, 486685.80572509766, 58.06354522705078, 966.7310180664062, 283.1214692990679
LOSS, -2.0, -554.0, 48.0, -0.003389830508474576, 590, 223.0, 360, 15, 170527.20128631592, 93.70327758789062, 854.59765625, 289.02915472256933
LOSS, -2.0, -554.0, 32.0, -0.0051813471502590676, 386, 223.0, 374, 10, 114322.33792877197, 101.64918518066406, 919.6026000976562, 296.1718599190984
LOSS, -110.0, -554.0, 48.0, -0.16176470588235295, 680, 207.0, 354, 13, 200543.30937194824, 163.36813354492188, 1099.792724609375, 294.91663142933567
WIN , 2630.0, 0.0, 1024.0, 1.866572036905607, 1409, 180.1680908203125, 306, 31, 422920.1763458252, 69.29324340820312, 953.4010620117188, 300.15626426247354
LOSS, 116.0, -554.0, 48.0, 0.1514360313315927, 766, 223.0, 348, 9, 234437.8899383545, 155.82574462890625, 939.1531372070312, 306.05468660359594
LOSS, -2.0, -554.0, 48.0, -0.005, 400, 223.0, 373, 6, 129112.03684997559, 197.57049560546875, 785.2477416992188, 322.78009212493896
LOSS, 606.0, -554.0, 48.0, 0.6171079429735234, 982, 175.0, 334, 21, 304322.3657531738, 153.30601501464844, 1050.6829833984375, 309.90057612339496
LOSS, 630.0, -554.0, 48.0, 0.38650306748466257, 1630, 207.0, 291, 26, 476604.2694091797, 125.6185302734375, 988.8526611328125, 292.3952573062452
WIN , 2162.0, -42.0, 1024.0, 1.6838006230529594, 1284, 207.0, 314, 24, 407595.6442565918, 149.15359497070312, 941.6782836914062, 317.44209054251695
LOSS, -400.0, -554.0, 32.0, -0.5471956224350205, 731, 223.0, 351, 4, 212690.01153564453, 117.68707275390625, 887.215576171875, 290.95760811989675
LOSS, 754.0, -554.0, 48.0, 0.7670396744659207, 983, 223.0, 334, 14, 298753.55632019043, 70.09695434570312, 989.7627563476562, 303.92019971535143
WIN , 2624.0, -42.0, 1024.0, 2.244653550042772, 1169, 175.0, 322, 25, 367197.6935272217, 140.97598266601562, 880.7012939453125, 314.11265485647704
LOSS, 120.0, -554.0, 32.0, 0.10989010989010989, 1092, 207.0, 327, 23, 321581.09272003174, 86.48220825195312, 906.9994506835938, 294.4881801465492
LOSS, 1548.0, -554.0, 48.0, 0.6861702127659575, 2256, 191.0, 249, 25, 667796.2134552002, -7.850250244140625, 1047.8072509765625, 296.0089598648937
LOSS, -372.0, -554.0, 32.0, -0.8104575163398693, 459, 223.0, 369, 6, 140816.75798034668, 112.46369934082031, 859.2332763671875, 306.79032239726945
LOSS, 36.0, -554.0, 48.0, 0.07058823529411765, 510, 191.0, 365, 9, 153475.4592437744, 106.72567749023438, 951.3961791992188, 300.93227302700865
LOSS, 38.0, -554.0, 48.0, 0.045454545454545456, 836, 207.0, 344, 16, 261955.50129699707, 158.30645751953125, 1013.37890625, 313.343901072963
LOSS, 540.0, -554.0, 48.0, 0.5630865484880083, 959, 223.0, 336, 12, 298472.4552154541, 134.99246215820312, 956.62109375, 311.23300856668834
LOSS, -242.0, -512.0, 32.0, -0.040340056676112686, 5999, 228.06468200683594, 0, 6, 1574114.6844558716, 30.513866424560547, 887.8244018554688, 262.3961801059963
LOSS, 876.0, -554.0, 48.0, 1.0441001191895114, 839, 207.0, 344, 21, 273855.69161987305, 174.96839904785156, 809.8768920898438, 326.4072605719583
LOSS, 302.0, -512.0, 32.0, 0.050341723620603435, 5999, 178.5500030517578, 0, 21, 1624396.8889541626, 71.98527526855469, 894.520751953125, 270.7779444831076
LOSS, -40.0, -554.0, 42.0, -0.08016032064128256, 499, 184.83079528808594, 366, 7, 152679.97157287598, 146.04635620117188, 1123.367919921875, 305.97188691959116
LOSS, -628.0, -554.0, 10.0, -3.6300578034682083, 173, 223.0, 388, 3, 57851.8240814209, 76.52616882324219, 840.5460815429688, 334.4036074070572
LOSS, 52.0, -554.0, 48.0, 0.08813559322033898, 590, 169.39498901367188, 360, 11, 188713.31387329102, 151.33033752441406, 885.758056640625, 319.8530743615102
WIN , 2354.0, -42.0, 1024.0, 0.9530364372469635, 2470, 153.39498901367188, 235, 25, 728225.6632156372, 97.24020385742188, 977.1127319335938, 294.8282037310272
LOSS, -38.0, -554.0, 48.0, -0.13523131672597866, 281, 175.0, 381, 10, 99122.09356689453, 226.9610595703125, 916.4273071289062, 352.7476639391264
LOSS, 602.0, -554.0, 48.0, 0.5408805031446541, 1113, 197.3357391357422, 325, 19, 348726.7276382446, 76.7200698852539, 1008.9893798828125, 313.32140848000415
WIN , 2228.0, -42.0, 1024.0, 1.9390774586597042, 1149, 196.27906799316406, 323, 30, 369643.2151298523, 51.118709564208984, 994.6239013671875, 321.7086293558332
LOSS, 306.0, -554.0, 48.0, 0.2670157068062827, 1146, 223.0, 323, 18, 366450.27699279785, 104.06501770019531, 965.944580078125, 319.7646396097712
LOSS, -278.0, -554.0, 32.0, -0.5091575091575091, 546, 207.0, 363, 5, 173428.52487945557, 119.9778823852539, 1050.8150634765625, 317.6346609513838
LOSS, 462.0, -554.0, 32.0, 0.45742574257425744, 1010, 223.0, 332, 11, 322248.653427124, 64.73698425292969, 941.5767822265625, 319.0580727001228
LOSS, 692.0, -554.0, 48.0, 0.9177718832891246, 754, 223.0, 349, 16, 252265.22930908203, 97.06271362304688, 1015.79541015625, 334.56926964069237
LOSS, -458.0, -554.0, 32.0, -1.453968253968254, 315, 223.0, 378, 2, 98572.05543518066, 189.62538146972656, 794.943603515625, 312.92716011168466
LOSS, 92.0, -554.0, 48.0, 0.2658959537572254, 346, 223.0, 376, 2, 119615.2328338623, 197.49530029296875, 929.025146484375, 345.708765415787
LOSS, -330.0, -554.0, 32.0, -1.1036789297658862, 299, 185.0, 380, 5, 103526.90951538086, 206.60946655273438, 931.759765625, 346.24384453304634
LOSS, 12.0, -554.0, 32.0, 0.02414486921529175, 497, 191.0, 366, 10, 152706.9771118164, 159.01768493652344, 966.1492309570312, 307.25749921894646
LOSS, 78.0, -554.0, 48.0, 0.08590308370044053, 908, 207.0, 339, 13, 295557.27015686035, 123.93077087402344, 942.602783203125, 325.5036014943396
LOSS, 66.0, -554.0, 48.0, 0.09217877094972067, 716, 223.0, 352, 12, 238877.65306854248, 88.43849182128906, 970.0418701171875, 333.62800707897
LOSS, -330.0, -554.0, 32.0, -1.434782608695652, 230, 191.0, 384, 3, 75178.04209899902, 208.94505310058594, 1026.8359375, 326.86105260434357
LOSS, 822.0, -554.0, 48.0, 0.7597042513863216, 1082, 207.0, 327, 20, 344087.5152282715, 161.3258056640625, 1007.4470825195312, 318.01064253999215
LOSS, 236.0, -512.0, 48.0, 0.03933988998166361, 5999, 231.6291961669922, 0, 18, 1649317.7354927063, 61.346797943115234, 856.77685546875, 274.93211126732893
LOSS, 1148.0, -554.0, 48.0, 0.46012024048096195, 2495, 175.0, 233, 28, 726576.1181335449, 135.49020385742188, 1050.889404296875, 291.2128729994168
LOSS, -472.0, -554.0, 32.0, -1.91869918699187, 246, 207.0, 383, 11, 84662.24082946777, 150.29190063476562, 977.1302490234375, 344.15545052629176
WIN , 2510.0, -42.0, 1024.0, 1.757703081232493, 1428, 180.1680908203125, 304, 25, 444507.5810699463, 154.1462860107422, 1015.2590942382812, 311.27981867643297
LOSS, -102.0, -554.0, 42.0, -0.2802197802197802, 364, 175.0, 375, 10, 119228.57531738281, 212.57785034179688, 761.06396484375, 327.551031091711
WIN , 2068.0, -42.0, 1024.0, 2.0721442885771544, 998, 204.7271728515625, 333, 28, 323697.6744232178, 92.13648986816406, 1072.4171142578125, 324.3463671575328
LOSS, 568.0, -554.0, 48.0, 0.514959202175884, 1103, 186.447998046875, 326, 22, 347072.1950378418, 137.5428466796875, 943.69677734375, 314.6620081938729
LOSS, 574.0, -554.0, 48.0, 0.3844608171466845, 1493, 186.447998046875, 300, 22, 440886.5953063965, 170.187255859375, 989.0940551757812, 295.30247508800835
LOSS, -172.0, -554.0, 42.0, -0.39631336405529954, 434, 191.0, 371, 12, 135446.92959594727, 120.72793579101562, 654.6318359375, 312.0896995298324
LOSS, -92.0, -554.0, 32.0, -0.07215686274509804, 1275, 175.0, 314, 27, 387330.6117706299, 158.89346313476562, 1013.5790405273438, 303.78871511421954
LOSS, -410.0, -554.0, 48.0, -0.5189873417721519, 790, 191.0, 347, 3, 221045.12367248535, 109.87480163574219, 744.63134765625, 279.80395401580427
WIN , 2610.0, 0.0, 1024.0, 1.8125, 1440, 175.0, 303, 32, 454464.81396484375, 122.014404296875, 1088.177001953125, 315.6005652533637
LOSS, -66.0, -554.0, 48.0, -0.08138101109741061, 811, 201.8000030517578, 345, 12, 246767.64923095703, 162.81141662597656, 945.59521484375, 304.2757697052491
LOSS, 978.0, -554.0, 32.0, 0.297535746881655, 3287, 175.0, 180, 19, 916651.9715805054, 82.89044952392578, 931.3696899414062, 278.8719110375739
LOSS, 208.0, -554.0, 48.0, 0.15182481751824817, 1370, 175.8800048828125, 308, 17, 398824.4274368286, 104.73162078857422, 789.253662109375, 291.1127207568092
LOSS, 80.0, -554.0, 48.0, 0.07476635514018691, 1070, 207.0, 328, 10, 309882.394241333, 189.85572814941406, 708.3223876953125, 289.60971424423644
WIN , 2238.0, -42.0, 1024.0, 1.1453428863868986, 1954, 193.6999969482422, 269, 27, 588912.3170013428, 141.6683807373047, 974.0362548828125, 301.3880844428571
LOSS, 20.0, -554.0, 48.0, 0.029455081001472753, 679, 223.0, 354, 7, 219834.7747039795, 139.50433349609375, 943.7904052734375, 323.76255479231145
LOSS, -388.0, -554.0, 32.0, -0.8603104212860311, 451, 207.0, 369, 4, 138234.1764984131, 136.48309326171875, 908.5475463867188, 306.5059345862818
LOSS, 446.0, -554.0, 48.0, 0.6426512968299711, 694, 223.0, 353, 16, 216689.74043273926, 176.59315490722656, 793.3272094726562, 312.2330553785868
LOSS, 236.0, -554.0, 48.0, 0.1225974025974026, 1925, 223.0, 271, 15, 546623.5731048584, 158.7181396484375, 1018.4104614257812, 283.9602977168096
LOSS, 136.0, -554.0, 48.0, 0.3097949886104784, 439, 223.0, 370, 7, 139223.09197998047, 177.12765502929688, 1009.657470703125, 317.1368837812767
LOSS, -628.0, -554.0, 10.0, -5.557522123893805, 113, 151.5025634765625, 392, 2, 37411.71943664551, 187.6722412109375, 713.4431762695312, 331.07716315615494
LOSS, -308.0, -554.0, 48.0, -0.39036755386565275, 789, 170.447998046875, 347, 6, 232928.54913330078, 171.96041870117188, 706.3375854492188, 295.2199608787082
LOSS, 34.0, -554.0, 48.0, 0.034623217922606926, 982, 223.0, 334, 15, 296914.6661376953, 132.8540802001953, 987.7567749023438, 302.35709382657365
LOSS, -54.0, -554.0, 48.0, -0.15743440233236153, 343, 223.0, 377, 7, 113597.69696044922, 157.76736450195312, 1097.6097412109375, 331.1886208759452
LOSS, 584.0, -554.0, 48.0, 0.3057591623036649, 1910, 201.39498901367188, 272, 23, 545568.8712768555, 63.802886962890625, 977.692138671875, 285.63815250097144
LOSS, 602.0, -554.0, 32.0, 0.14765759136620063, 4077, 223.0, 128, 23, 1144416.2646255493, 41.14684295654297, 955.1329345703125, 280.70057999155
LOSS, 20.0, -554.0, 48.0, 0.04158004158004158, 481, 169.8000030517578, 367, 8, 157473.38327026367, 181.6661834716797, 1020.2618408203125, 327.38749120636936
LOSS, -542.0, -554.0, 32.0, -0.12149742210266756, 4461, 207.0, 102, 1, 1214979.5102081299, 86.82621002197266, 767.0424194335938, 272.35586420267424
LOSS, 660.0, -554.0, 48.0, 0.4981132075471698, 1325, 223.0, 311, 18, 391154.53146362305, 87.92191314697266, 1074.10888671875, 295.210967142357
LOSS, 710.0, -554.0, 48.0, 0.5174927113702624, 1372, 223.0, 308, 25, 417877.2721710205, 113.26451110839844, 914.5277099609375, 304.57527126167673
WIN , 2550.0, -42.0, 1024.0, 0.6024096385542169, 4233, 191.0, 117, 34, 1204433.6051330566, 42.70880126953125, 1094.7479248046875, 284.5342795022577
LOSS, 490.0, -512.0, 48.0, 0.08168028004667445, 5999, 206.7271728515625, 0, 12, 1623886.4077720642, 38.086246490478516, 850.6055297851562, 270.69285010369464
LOSS, 242.0, -554.0, 42.0, 0.12630480167014613, 1916, 149.3357391357422, 272, 13, 545778.0281562805, 50.08920669555664, 908.8043212890625, 284.85283306695226
LOSS, 64.0, -554.0, 32.0, 0.07970112079701121, 803, 207.0, 346, 12, 244857.27765655518, 95.85404205322266, 924.86865234375, 304.928116633319
LOSS, -76.0, -554.0, 48.0, -0.06133979015334948, 1239, 207.0, 317, 11, 357325.24907684326, 84.36023712158203, 983.0101318359375, 288.39810256403814
WIN , 2360.0, -42.0, 1024.0, 0.5183395563364814, 4553, 223.0, 96, 26, 1249445.7918243408, 70.47139739990234, 915.5166015625, 274.4225327969121
LOSS, -188.0, -512.0, 32.0, -0.03133855642607101, 5999, 229.9903106689453, 0, 6, 1576242.4577007294, 9.126501083374023, 817.830322265625, 262.75086809480405
LOSS, 744.0, -554.0, 48.0, 0.5462555066079295, 1362, 223.0, 309, 18, 389186.6839828491, 11.861839294433594, 699.1189575195312, 285.74646401090246
LOSS, 114.0, -554.0, 48.0, 0.04362801377726751, 2613, 207.0, 225, 16, 704916.2562484741, 85.29779052734375, 638.8316040039062, 269.7727731528795
LOSS, 1096.0, -512.0, 48.0, 0.18269711618603102, 5999, 201.5025634765625, 0, 27, 1600878.5905513763, 1.510915756225586, 979.7213134765625, 266.85757468767736
LOSS, -608.0, -554.0, 10.0, -1.8881987577639752, 322, 223.0, 378, 7, 98000.07011413574, 114.487060546875, 852.3040161132812, 304.34804383271967
LOSS, 700.0, -554.0, 48.0, 0.24805102763997164, 2822, 207.0, 211, 27, 786105.2302474976, 44.474449157714844, 870.5869750976562, 278.5631574229261
LOSS, -442.0, -554.0, 32.0, -0.4994350282485876, 885, 223.0, 340, 7, 247586.62349700928, 41.433494567871094, 682.07666015625, 279.75889660679013
LOSS, -288.0, -554.0, 32.0, -0.9504950495049505, 303, 207.0, 379, 11, 92934.63134765625, 189.93064880371094, 631.866455078125, 306.7149549427599
LOSS, -308.0, -554.0, 48.0, -0.9777777777777777, 315, 191.0, 378, 6, 96281.73387145996, 152.943359375, 772.7356567382812, 305.6562980046348
LOSS, 612.0, -554.0, 48.0, 0.21864951768488747, 2799, 208.4476318359375, 213, 20, 754639.0385990143, 16.622827529907227, 707.93896484375, 269.6102317252641
WIN , 2224.0, 0.0, 1024.0, 0.6721063765488063, 3309, 185.39498901367188, 179, 33, 903938.8947906494, 61.107704162597656, 985.9415893554688, 273.1758521579478
LOSS, -10.0, -554.0, 32.0, -0.0026082420448617634, 3834, 175.0, 144, 26, 1020650.246134758, 7.66220760345459, 916.8938598632812, 266.2102885067183
LOSS, -430.0, -554.0, 32.0, -0.40681173131504256, 1057, 207.0, 329, 3, 282393.57205963135, 100.74952697753906, 788.2462158203125, 267.1651580507392
LOSS, 468.0, -554.0, 48.0, 0.9212598425196851, 508, 175.0, 366, 6, 151858.91899108887, 158.16610717773438, 770.4589233398438, 298.93487990371824
LOSS, -76.0, -554.0, 48.0, -0.032299192520186995, 2353, 223.0, 243, 9, 614389.2640533447, 16.81928253173828, 927.7360229492188, 261.108909499934
LOSS, 452.0, -512.0, 58.0, 0.07534589098183031, 5999, 185.58538818359375, 0, 5, 1528682.0334854126, 37.827301025390625, 716.35009765625, 254.82280938246583
LOSS, -366.0, -554.0, 32.0, -1.464, 250, 223.0, 383, 3, 65871.55863952637, 180.84823608398438, 963.62451171875, 263.4862345581055
LOSS, 46.0, -554.0, 48.0, 0.06182795698924731, 744, 191.0, 350, 6, 204414.5753479004, 129.47215270996094, 675.62841796875, 274.7507733170704
LOSS, -26.0, -554.0, 32.0, -0.01904761904761905, 1365, 223.0, 308, 6, 357811.803314209, 51.996368408203125, 860.2906494140625, 262.13318924117874
WIN , 2576.0, -42.0, 1024.0, 0.8510075982821275, 3027, 186.20257568359375, 198, 23, 793366.7343826294, 59.49689483642578, 895.5634765625, 262.0967077577236
LOSS, -420.0, -554.0, 32.0, -1.4482758620689655, 290, 191.0, 380, 1, 80744.1414642334, 155.8623046875, 554.3228149414062, 278.42807401459794
LOSS, 1146.0, -554.0, 48.0, 0.9241935483870968, 1240, 207.0, 317, 23, 340966.57944488525, 67.19775390625, 803.143310546875, 274.97304793942357
LOSS, -32.0, -554.0, 48.0, -0.037383177570093455, 856, 175.5953826904297, 342, 9, 225215.48185634613, 14.064040184020996, 835.427734375, 263.1021984303109
LOSS, 40.0, -554.0, 48.0, 0.02493765586034913, 1604, 223.0, 293, 9, 407595.1471672058, 20.58565902709961, 996.9453735351562, 254.11168776010337
LOSS, 304.0, -554.0, 58.0, 0.33591160220994476, 905, 183.5025634765625, 339, 12, 255901.53060531616, 30.081607818603516, 864.8429565429688, 282.764122215819
LOSS, -166.0, -554.0, 48.0, -0.25736434108527134, 645, 169.39498901367188, 356, 8, 172531.29860687256, 37.82792663574219, 705.6929321289062, 267.4903854370117
LOSS, 442.0, -554.0, 48.0, 0.21784130113356334, 2029, 191.0, 264, 16, 530568.404378891, 16.931381225585938, 935.5247192382812, 261.4925600684529
LOSS, 20.0, -554.0, 48.0, 0.07782101167315175, 257, 136.03575134277344, 382, 9, 78881.19934082031, -16.195640563964844, 886.6827392578125, 306.9307367347094
LOSS, 620.0, -554.0, 48.0, 0.48857368006304175, 1269, 175.0, 315, 15, 337970.54478263855, -14.408021926879883, 867.7866821289062, 266.3282464796206
LOSS, 584.0, -554.0, 48.0, 0.4367988032909499, 1337, 207.0, 310, 28, 366660.16327667236, 47.15242004394531, 899.2847290039062, 274.24095981800474
WIN , 2224.0, 0.0, 1024.0, 1.825944170771757, 1218, 180.8853759765625, 318, 30, 342060.0262680054, 70.56813049316406, 1081.2552490234375, 280.8374599901522
LOSS, -206.0, -554.0, 32.0, -0.36395759717314485, 566, 209.6999969482422, 362, 23, 161627.5381011963, 77.09557342529297, 756.3787841796875, 285.56102138020543
WIN , 2988.0, 0.0, 1024.0, 0.7033898305084746, 4248, 180.8853759765625, 116, 31, 1083721.867969513, 43.02706527709961, 1082.478271484375, 255.1134340794522
WIN , 2688.0, 0.0, 1024.0, 1.9955456570155903, 1347, 156.7271728515625, 310, 38, 365978.38135528564, 53.22004699707031, 896.1702880859375, 271.6988725725951
LOSS, -40.0, -554.0, 32.0, -0.08333333333333333, 480, 223.0, 367, 13, 130148.71547698975, 91.3293228149414, 621.5733642578125, 271.14315724372864
LOSS, 1124.0, -554.0, 58.0, 0.8815686274509804, 1275, 223.0, 314, 16, 333591.6752281189, 52.1093864440918, 770.7896728515625, 261.64052959068147
LOSS, 582.0, -554.0, 58.0, 0.448727833461835, 1297, 191.0, 313, 23, 338701.0384864807, 47.86772537231445, 743.3549194335938, 261.14189551771835
LOSS, -352.0, -554.0, 48.0, -2.3466666666666667, 150, 191.0, 389, 3, 41168.10252380371, 209.1234893798828, 496.2862548828125, 274.45401682535805
LOSS, 60.0, -554.0, 48.0, 0.05853658536585366, 1025, 207.0, 331, 11, 269664.36458206177, 44.38995361328125, 679.408203125, 263.08718495810905
LOSS, 88.0, -554.0, 48.0, 0.14991482112436116, 587, 223.0, 360, 11, 157966.8807067871, 117.52633666992188, 959.9999389648438, 269.1088257355828
LOSS, -204.0, -512.0, 32.0, -0.034005667611268546, 5999, 199.3357391357422, 0, 6, 1454807.244178772, 52.930564880371094, 718.9396362304688, 242.50829207847508
LOSS, -30.0, -554.0, 48.0, -0.08522727272727272, 352, 191.0, 376, 4, 96206.11893463135, 59.01520538330078, 517.7196044921875, 273.31283788247543
LOSS, 286.0, -554.0, 48.0, 0.19930313588850174, 1435, 223.0, 304, 17, 357021.4455795288, 47.90168762207031, 789.7254638671875, 248.79543245960195
WIN , 2896.0, 0.0, 1024.0, 0.5044417348893921, 5741, 169.39498901367188, 17, 36, 1381736.0158596039, 9.286996841430664, 980.9287719726562, 240.67863017934226
LOSS, 590.0, -554.0, 48.0, 0.7682291666666666, 768, 184.03575134277344, 348, 19, 213585.82542419434, 102.84333801269531, 779.7837524414062, 278.1065435210864
LOSS, -188.0, -554.0, 42.0, -0.2568306010928962, 732, 185.8000030517578, 351, 11, 187595.1343307495, 60.271766662597656, 717.654052734375, 256.27750591632446
LOSS, -114.0, -554.0, 48.0, -0.26146788990825687, 436, 223.0, 370, 12, 122560.53821182251, 45.75481033325195, 715.5128784179688, 281.10215186197826
LOSS, -362.0, -554.0, 32.0, -1.8854166666666667, 192, 207.0, 387, 6, 51247.2098236084, 189.65509033203125, 563.669921875, 266.9125511646271
WIN , 2310.0, 0.0, 1024.0, 1.5692934782608696, 1472, 181.3357391357422, 301, 30, 378556.3292942047, 15.254457473754883, 668.6155395507812, 257.17141935747605
LOSS, 590.0, -554.0, 48.0, 0.43478260869565216, 1357, 191.8800048828125, 309, 15, 338805.00543785095, 8.114713668823242, 991.9798583984375, 249.67207475154822
LOSS, 252.0, -554.0, 48.0, 0.2909930715935335, 866, 207.0, 342, 16, 223298.46153068542, -39.910823822021484, 727.0717163085938, 257.85041747192315
LOSS, -202.0, -554.0, 32.0, -0.4122448979591837, 490, 191.0, 367, 17, 127351.50904273987, 25.500566482543945, 747.8983154296875, 259.9010388627344
LOSS, -478.0, -554.0, 32.0, -2.8452380952380953, 168, 191.0, 388, 2, 45218.04399108887, 72.26580047607422, 458.6772155761719, 269.15502375648134
LOSS, 452.0, -554.0, 48.0, 0.34216502649507946, 1321, 175.0, 311, 11, 327678.0370388031, 7.011528015136719, 621.950927734375, 248.05301819742854
LOSS, 896.0, -554.0, 48.0, 0.5161290322580645, 1736, 191.0, 284, 28, 437230.6556568146, -14.110923767089844, 710.5704956054688, 251.8609767608379
LOSS, 1106.0, -554.0, 48.0, 0.4099332839140104, 2698, 223.0, 220, 10, 649125.6381587982, -43.874629974365234, 761.8192749023438, 240.5951216303922
LOSS, -126.0, -554.0, 48.0, -0.16112531969309463, 782, 201.8000030517578, 347, 9, 193549.48749923706, -80.78617858886719, 696.1224975585938, 247.50573849007296
LOSS, 664.0, -554.0, 48.0, 0.5359160613397902, 1239, 197.3357391357422, 317, 25, 309174.1982383728, -90.39884948730469, 604.4171752929688, 249.53526895752447
WIN , 2270.0, 0.0, 1024.0, 1.1154791154791155, 2035, 183.5025634765625, 264, 35, 500430.5484895706, 11.167683601379395, 1075.6649169921875, 245.91181743959245
LOSS, -516.0, -554.0, 32.0, -1.2740740740740741, 405, 207.0, 372, 2, 98034.52025604248, 44.27369689941406, 768.0283813476562, 242.0605438420802
LOSS, -262.0, -512.0, 32.0, -0.043673945657609604, 5999, 218.2675018310547, 0, 4, 1385542.5712003708, -73.91851806640625, 674.7008056640625, 230.96225557599112
LOSS, 870.0, -554.0, 58.0, 1.288888888888889, 675, 207.0, 354, 11, 176280.15557289124, -140.10345458984375, 675.5671997070312, 261.15578603391293
WIN , 2890.0, -42.0, 1024.0, 0.6900668576886342, 4188, 191.0, 120, 27, 989154.4635725021, -38.588844299316406, 779.9649658203125, 236.18778977375888
LOSS, 132.0, -554.0, 48.0, 0.15770609318996415, 837, 223.0, 344, 13, 207464.63543701172, 29.06531524658203, 643.154296875, 247.86694795341901
LOSS, 2.0, -554.0, 58.0, 0.0031201248049922, 641, 207.0, 357, 14, 166109.29345703125, -29.506023406982422, 865.8193359375, 259.14086342750585
LOSS, 742.0, -554.0, 48.0, 0.4891232696110745, 1517, 207.0, 298, 28, 371085.01423835754, -42.26230239868164, 754.984619140625, 244.61767583279996
WIN , 2374.0, -42.0, 1024.0, 0.45098784194528874, 5264, 175.0, 49, 21, 1220402.3954019547, -35.0728874206543, 887.161376953125, 231.8393608286388
WIN , 1942.0, -42.0, 1024.0, 0.829205807002562, 2342, 223.0, 243, 21, 574539.2081365585, -63.23554229736328, 820.9197387695312, 245.31990099767657
LOSS, 308.0, -554.0, 48.0, 0.3835616438356164, 803, 223.0, 346, 13, 201340.58303165436, -60.67517852783203, 676.1436767578125, 250.73547077416484
LOSS, 354.0, -554.0, 48.0, 0.34536585365853656, 1025, 223.0, 331, 14, 251270.1038017273, 14.025386810302734, 729.6312255859375, 245.141564684612
LOSS, 408.0, -554.0, 48.0, 0.45383759733036705, 899, 207.0, 340, 20, 234546.80013275146, -40.74483108520508, 690.6610107421875, 260.8974417494455
LOSS, -400.0, -554.0, 32.0, -0.5738880918220947, 697, 223.0, 353, 5, 173844.81874847412, -38.55596160888672, 772.4691162109375, 249.4186782617993
LOSS, 848.0, -554.0, 48.0, 0.6794871794871795, 1248, 223.0, 316, 19, 307630.82193756104, -53.33968734741211, 692.1963500976562, 246.49905603971237
LOSS, 388.0, -554.0, 48.0, 0.6198083067092651, 626, 164.39999389648438, 358, 9, 158953.76104927063, -98.7354965209961, 630.7786254882812, 253.91974608509685
LOSS, -60.0, -554.0, 48.0, -0.04555808656036447, 1317, 172.7271728515625, 312, 7, 307726.72186756134, -113.11772918701172, 617.0581665039062, 233.65734386299266
WIN , 3238.0, 0.0, 1024.0, 0.8972014408423385, 3609, 154.20257568359375, 159, 32, 860774.6313781738, -165.49993896484375, 739.5609130859375, 238.50779478475306
LOSS, 262.0, -554.0, 48.0, 0.26173826173826176, 1001, 191.0, 333, 16, 245589.00702667236, -66.94227600097656, 729.386474609375, 245.34366336330905
LOSS, 36.0, -554.0, 48.0, 0.03296703296703297, 1092, 197.3357391357422, 327, 14, 266324.0161848068, 6.557452201843262, 586.79296875, 243.88646170769854
LOSS, 104.0, -554.0, 42.0, 0.15592203898050974, 667, 207.0, 355, 13, 167789.75324249268, 43.16828155517578, 633.47412109375, 251.55885043851976
WIN , 2390.0, 0.0, 1024.0, 0.6482234879305668, 3687, 223.0, 154, 28, 880406.9750823975, -100.74655151367188, 736.7053833007812, 238.7868117934357
LOSS, -304.0, -512.0, 32.0, -0.050675112518753125, 5999, 218.2675018310547, 0, 5, 1403814.5100784302, -150.0200958251953, 687.46044921875, 234.0080863607985
LOSS, 874.0, -554.0, 48.0, 0.7463706233988044, 1171, 207.0, 321, 18, 289583.30936050415, -44.46699905395508, 709.2308959960938, 247.29573813877383
LOSS, 286.0, -512.0, 32.0, 0.047674612435405904, 5999, 199.3357391357422, 0, 21, 1376196.134355545, -112.86957550048828, 819.5179443359375, 229.40425643533007
LOSS, 1186.0, -554.0, 48.0, 0.22568981921979067, 5255, 191.0, 49, 26, 1237217.5825519562, -69.15972900390625, 917.6098022460938, 235.43626689856444
LOSS, -178.0, -554.0, 48.0, -0.37473684210526315, 475, 207.0, 368, 15, 125764.25608062744, 50.20708465576172, 854.0039672851562, 264.7668549065841
LOSS, -202.0, -554.0, 32.0, -0.38996138996138996, 518, 185.8000030517578, 365, 6, 132953.57259368896, 67.14685821533203, 648.794921875, 256.6671285592451
LOSS, 518.0, -554.0, 48.0, 0.11175836030204962, 4635, 191.0, 90, 17, 1069990.688899994, -83.52044677734375, 671.008056640625, 230.85020256742047
LOSS, 28.0, -554.0, 48.0, 0.03431372549019608, 816, 191.0, 345, 14, 202681.92594909668, -44.14278793334961, 650.6350708007812, 248.3847131729126
WIN , 2268.0, 0.0, 1024.0, 0.7577681256264618, 2993, 207.0, 200, 36, 706182.779045105, -145.3848876953125, 764.068603515625, 235.94479754263446
LOSS, 668.0, -554.0, 48.0, 0.45879120879120877, 1456, 186.447998046875, 302, 19, 357833.45060157776, -62.561344146728516, 621.7282104492188, 245.7647325560287
LOSS, 336.0, -554.0, 48.0, 0.24888888888888888, 1350, 207.0, 309, 15, 333927.6616783142, -85.92750549316406, 989.8967895507812, 247.35382346541795
LOSS, -292.0, -554.0, 48.0, -0.30072090628218334, 971, 209.6999969482422, 335, 16, 234962.1952934265, 56.97586441040039, 639.2061767578125, 241.97960380373482
LOSS, 288.0, -554.0, 48.0, 0.3380281690140845, 852, 191.0, 343, 10, 209389.36414909363, 3.1758174896240234, 704.5347900390625, 245.76216449424135
LOSS, 494.0, -554.0, 48.0, 0.5129802699896158, 963, 159.0, 335, 9, 237424.33719444275, -96.32415008544922, 669.9727783203125, 246.5465599111555
LOSS, -98.0, -554.0, 48.0, -0.16225165562913907, 604, 223.0, 359, 8, 150766.31615447998, 0.8612594604492188, 618.3800659179688, 249.61310621602647
LOSS, 452.0, -512.0, 32.0, 0.07534589098183031, 5999, 201.5025634765625, 0, 11, 1360352.280491829, -108.26903533935547, 904.1942138671875, 226.76317394429554
LOSS, 222.0, -554.0, 58.0, 0.1167806417674908, 1901, 191.0, 273, 13, 449295.7609653473, -60.93854522705078, 865.5153198242188, 236.347059950209
LOSS, 50.0, -554.0, 48.0, 0.028328611898016998, 1765, 191.0, 282, 8, 411980.0889005661, 3.1636619567871094, 895.0955810546875, 233.41648096349354
LOSS, -2.0, -554.0, 42.0, -0.0019723865877712033, 1014, 207.0, 332, 7, 244456.89749908447, -35.06367492675781, 799.3429565429688, 241.081752957677
LOSS, 76.0, -554.0, 48.0, 0.1317157712305026, 577, 191.8800048828125, 361, 10, 141987.35132408142, -112.13607788085938, 795.9829711914062, 246.07859848194354
LOSS, 176.0, -554.0, 48.0, 0.21542227662178703, 817, 209.6999969482422, 345, 15, 210566.38010406494, 41.82347869873047, 795.3518676757812, 257.7311873978763
