WIN , 34344.49167633057, -31.648056030273438, 78.99131774902344, 7.8002479392074875, 4403, 186.0166473388672, 106, 35, 19257.108025610447, 0.6890313029289246, 65.26114654541016, 4.373633437567669
LOSS, 15149.00048828125, -26.135055541992188, 52.162086486816406, 15.862827736420156, 955, 223.0, 336, 19, 14657.693948745728, 17.561094284057617, 72.4635238647461, 15.348370626958877
LOSS, 10114.932800292969, -20.662376403808594, 47.341575622558594, 15.730844168418303, 643, 191.8800048828125, 357, 9, 10331.169545173645, 13.361499786376953, 65.25301361083984, 16.067137706335373
LOSS, 16109.025634765625, -41.999755859375, 51.624977111816406, 14.069018021629367, 1145, 207.0, 323, 15, 22854.352352142334, 8.235663414001465, 69.91559600830078, 19.96013305863959
WIN , 31422.0, -28.321392059326172, 77.218017578125, 18.300524170064065, 1717, 191.0, 285, 30, 51208.57640457153, 3.15096378326416, 96.84088897705078, 29.824447527414986
WIN , 27820.0, -44.999755859375, 86.705322265625, 5.217554388597149, 5332, 175.0, 44, 29, 221731.28176951408, 2.811379909515381, 132.21372985839844, 41.58501158468006
LOSS, 15047.88720703125, -19.383636474609375, 58.202125549316406, 25.591644909917093, 588, 223.0, 360, 16, 36682.01795196533, 27.115304946899414, 120.75121307373047, 62.384384272049886
LOSS, 25709.143310546875, -38.0, 61.76078796386719, 12.83531867725755, 2003, 223.0, 266, 26, 136033.7272758484, 32.410011291503906, 146.61282348632812, 67.9149911511974
WIN , 28894.0, -38.00048828125, 71.209716796875, 21.01381818181818, 1375, 207.0, 308, 29, 109232.39627456665, 16.400800704956055, 150.30368041992188, 79.44174274513938
LOSS, 15812.76123046875, -23.881591796875, 56.587135314941406, 24.215560842984303, 653, 175.0, 356, 9, 52599.401165008545, 46.61521911621094, 149.1788787841797, 80.55038463247863
LOSS, 25687.092529296875, -19.720443725585938, 57.696754455566406, 24.93892478572512, 1030, 223.0, 331, 28, 81921.1678571701, 10.004822731018066, 146.078369140625, 79.535114424437
WIN , 21540.65000152588, -45.249755859375, 88.3772964477539, 3.754688862040418, 5737, 193.6999969482422, 17, 17, 479272.2458534241, 23.837629318237305, 190.00967407226562, 83.54056926153461
WIN , 28981.940521240234, -25.38421630859375, 72.2591323852539, 22.466620559100956, 1290, 171.11895751953125, 313, 25, 158176.25909423828, 43.26463317871094, 202.89598083496094, 122.61725511181263
WIN , 29525.75, -40.999755859375, 88.74658203125, 25.786681222707422, 1145, 143.5, 323, 27, 139343.28803634644, 38.772735595703125, 194.53176879882812, 121.69719479156893
LOSS, 19588.57080078125, -39.999755859375, 60.024635314941406, 15.534156067233347, 1261, 223.0, 315, 16, 164182.53429603577, 28.443910598754883, 232.61949157714844, 130.20026510391418
LOSS, 19599.72695159912, -21.3397216796875, 61.137001037597656, 20.98471836359649, 934, 185.8000030517578, 337, 14, 122901.68694114685, 9.96385383605957, 230.6405487060547, 131.58638858795166
LOSS, 24079.47137451172, -35.99951171875, 63.339454650878906, 15.405931781517415, 1563, 191.8800048828125, 295, 20, 204484.26984024048, 36.17471694946289, 222.00328063964844, 130.82806771608475
LOSS, 25210.806640625, -40.00048828125, 59.038917541503906, 16.931367790883144, 1489, 207.0, 300, 17, 214058.18478393555, 40.648311614990234, 246.8769989013672, 143.75969428068203
LOSS, 22485.256103515625, -36.9998779296875, 68.0772933959961, 19.535409299318527, 1151, 207.0, 323, 17, 159602.02763175964, 29.76053810119629, 235.24276733398438, 138.66379464097275
LOSS, 13183.791381835938, -33.000244140625, 53.39789581298828, 22.769933301961895, 579, 191.0, 361, 7, 87490.70595550537, 32.846561431884766, 230.5337677001953, 151.1065733255706
LOSS, 12537.087890625, -20.662452697753906, 62.811805725097656, 19.437345566860465, 645, 191.0, 356, 12, 92558.13647842407, 50.46024703979492, 240.9332733154297, 143.50098678825438
LOSS, 23586.545166015625, -34.99951171875, 83.28324127197266, 24.72384189309814, 954, 207.0, 336, 20, 153705.1376991272, 43.28462600708008, 263.4010314941406, 161.11649653996562
WIN , 27892.0, -19.72252655029297, 90.9798355102539, 22.713355048859935, 1228, 191.0, 318, 25, 200112.30019378662, 26.81737518310547, 261.3439636230469, 162.957899180608
LOSS, 4503.9998779296875, -12.9998779296875, 55.5645751953125, 35.46456596795029, 127, 223.0, 391, 2, 20098.163177490234, 54.92193603515625, 258.3317565917969, 158.25325336606483
WIN , 27421.13641357422, -23.533935546875, 60.087791442871094, 17.782838141098715, 1542, 172.7271728515625, 297, 31, 237714.51441383362, 28.600231170654297, 295.4073181152344, 154.1598666756379
LOSS, 12827.364135742188, -39.999755859375, 56.90825653076172, 26.948243982651654, 476, 223.0, 368, 9, 77193.71154403687, 40.61764907836914, 259.3779296875, 162.17166290764047
WIN , 27726.802505493164, -19.72021484375, 92.80240631103516, 21.866563490136564, 1268, 201.39498901367188, 315, 24, 212454.72567367554, 32.006534576416016, 285.1707458496094, 167.55104548397125
WIN , 28163.0, -25.060791015625, 90.64628601074219, 24.362456747404845, 1156, 169.0, 322, 34, 207107.9415283203, 44.332759857177734, 289.2500915527344, 179.15911896913522
LOSS, 24528.882080078125, -25.060791015625, 59.401161193847656, 23.010208330279667, 1066, 223.0, 328, 24, 188365.87129592896, 32.86697769165039, 273.9739074707031, 176.70344399242867
WIN , 27944.0, -21.462791442871094, 59.27058410644531, 26.66412213740458, 1048, 207.0, 330, 22, 196159.01486968994, 55.103851318359375, 303.2611999511719, 187.17463250924612
WIN , 28321.45249938965, -19.687217712402344, 76.11538696289062, 27.985624999396887, 1012, 172.09500122070312, 332, 38, 191826.2811908722, 24.137182235717773, 306.65594482421875, 189.55166125580257
LOSS, 15861.961723327637, -26.536865234375, 57.507835388183594, 21.14928229777018, 750, 181.88465881347656, 349, 13, 141355.61532211304, 33.83687210083008, 290.9572448730469, 188.4741537628174
LOSS, 15261.817138671875, -15.584587097167969, 55.342323303222656, 29.406198725764693, 519, 159.0, 365, 5, 104184.53084564209, 46.797935485839844, 309.95916748046875, 200.74090721703678
LOSS, 21673.615478515625, -19.58001708984375, 62.78876495361328, 23.948746385100137, 905, 207.0, 339, 23, 176191.6491241455, 40.63723373413086, 296.72808837890625, 194.68690510955304
LOSS, 25847.750732421875, -23.9520263671875, 64.6980972290039, 18.151510345801878, 1424, 191.0, 305, 26, 288382.2728538513, 46.65704345703125, 330.73651123046875, 202.5156410490529
LOSS, 20516.18994140625, -19.506088256835938, 56.225830078125, 28.73415958180147, 714, 207.0, 352, 20, 150645.41065979004, 73.02085876464844, 313.1389465332031, 210.98797011175074
WIN , 27643.300003051758, -20.09375, 91.5401382446289, 25.107447777522033, 1101, 148.39999389648438, 326, 31, 217247.7255706787, 26.539783477783203, 319.7895202636719, 197.31855183531218
LOSS, 25585.1669921875, -23.30927276611328, 64.5784683227539, 21.867664095886752, 1170, 207.0, 321, 20, 236551.56280517578, 32.16489791870117, 314.28131103515625, 202.18082291040665
LOSS, 6533.9998779296875, -20.662452697753906, 65.47660064697266, 18.457626773812677, 354, 223.0, 376, 8, 69567.43379592896, 50.37283706665039, 299.4587097167969, 196.51817456477107
LOSS, -14162.495155334473, -23.37957763671875, 57.16651153564453, -2.360809327443653, 5999, 229.9903106689453, 0, 6, 866388.6991497278, -66.63970947265625, 333.57977294921875, 144.4221868894362
LOSS, 23789.237060546875, -24.892494201660156, 65.4036636352539, 23.029271113791747, 1033, 175.0, 331, 10, 218306.0616645813, 27.382343292236328, 340.4632873535156, 211.3321022890429
LOSS, 11951.0, -19.247482299804688, 62.514854431152344, 29.00728155339806, 412, 223.0, 372, 8, 86674.92629146576, -13.17003345489502, 330.9893798828125, 210.37603468802368
LOSS, 12063.999877929688, -21.463096618652344, 58.161521911621094, 22.979047386532738, 525, 223.0, 364, 10, 113652.07502365112, -27.41876983642578, 332.9298400878906, 216.48014290219263
LOSS, 13725.268310546875, -17.662269592285156, 62.853294372558594, 24.909742850357304, 551, 207.0, 363, 11, 123210.14970970154, 17.024120330810547, 337.8404235839844, 223.61188695045652
LOSS, 7937.452392578125, -23.42864990234375, 63.040061950683594, 28.04753495610645, 283, 175.0, 381, 5, 64098.6252784729, 36.009002685546875, 357.7861328125, 226.49690911121166
LOSS, 22411.0, -27.71728515625, 59.760047912597656, 20.522893772893774, 1092, 223.0, 327, 15, 226807.36822605133, -4.967059135437012, 349.9726867675781, 207.69905515206165
LOSS, 22176.67626953125, -25.2093505859375, 62.68042755126953, 25.25817342771213, 878, 223.0, 341, 22, 185102.46372652054, -11.244575500488281, 348.8321228027344, 210.82285162473866
WIN , 26917.300003051758, -33.0001220703125, 92.0137710571289, 14.987360803480934, 1796, 180.39999389648438, 280, 33, 386467.94322013855, 23.648469924926758, 350.6160888671875, 215.1825964477386
WIN , 26961.45249938965, -23.4228515625, 87.85000610351562, 17.974301666259766, 1500, 172.09500122070312, 299, 31, 337266.3632774353, 53.426368713378906, 350.32415771484375, 224.84424218495687
LOSS, 11282.902709960938, -20.726104736328125, 57.794700622558594, 24.79758837354052, 455, 191.0, 369, 8, 108581.09847259521, 38.55824279785156, 345.64825439453125, 238.63977686284662
LOSS, 5347.887939453125, -37.000030517578125, 54.9407958984375, 13.607857352298028, 393, 207.0, 373, 1, 86515.36832046509, 53.584598541259766, 351.4639892578125, 220.140886311616
LOSS, 16514.282669067383, -39.25, 59.342872619628906, 2.7528392513864617, 5999, 207.77499389648438, 0, 31, 913974.0409851074, 3.7441864013671875, 358.8990173339844, 152.35439923072303
LOSS, 14413.347900390625, -18.61236572265625, 62.82653045654297, 22.27719922780622, 647, 159.0, 356, 10, 151855.7216129303, 26.65852165222168, 369.3431396484375, 234.70745226109784
LOSS, 21343.737548828125, -37.0, 66.0041732788086, 19.873126209337173, 1074, 207.0, 328, 21, 245671.76286506653, 13.544755935668945, 363.0950012207031, 228.744658161142
LOSS, 15635.859619140625, -36.9998779296875, 55.701210021972656, 22.693555325312953, 689, 223.0, 354, 8, 167147.3737411499, 29.026565551757812, 363.62982177734375, 242.59415637322192
LOSS, 21099.054931640625, -39.0, 62.938148498535156, 18.459365644479988, 1143, 207.0, 323, 19, 269823.7056045532, -19.901630401611328, 375.37103271484375, 236.06623412471848
WIN , 26539.13641357422, -38.0, 60.4150390625, 18.702703603646384, 1419, 156.7271728515625, 305, 23, 314669.8998012543, 24.043813705444336, 375.0494689941406, 221.75468625881203
WIN , 28295.940521240234, -30.322265625, 62.972023010253906, 22.123487506833648, 1279, 203.11895751953125, 314, 33, 307703.56185150146, 24.767772674560547, 381.99664306640625, 240.58136188545853
WIN , 27247.74871826172, -27.754432678222656, 68.9306640625, 21.024497467794536, 1296, 199.5025634765625, 313, 20, 332782.62137794495, 18.888010025024414, 402.4734802246094, 256.7767140261921
LOSS, -7197.783645629883, -26.491432189941406, 50.04084777832031, -1.1998305793682085, 5999, 231.90701293945312, 0, 6, 800170.0741304159, -14.6325044631958, 380.1238708496094, 133.3839096733482
LOSS, 5937.8116455078125, -14.662391662597656, 57.861328125, 32.80558920170062, 181, 207.0, 387, 2, 47035.179458618164, 90.02296447753906, 383.5351867675781, 259.86286993711695
LOSS, 16126.9423828125, -35.0001220703125, 65.45767974853516, 21.85222545096545, 738, 223.0, 350, 15, 175602.86014175415, 32.69822311401367, 397.8534240722656, 237.94425493462623
LOSS, 14204.52783203125, -36.9998779296875, 64.5241470336914, 19.51171405498798, 728, 223.0, 351, 16, 170149.63654899597, 25.352914810180664, 383.4964904785156, 233.7220282266428
LOSS, 21185.60206604004, -23.95263671875, 66.1092300415039, 21.86336642522192, 969, 185.39498901367188, 335, 9, 227223.56807756424, -24.057323455810547, 401.0718078613281, 234.49284631327578
LOSS, 19962.649169921875, -26.092529296875, 68.0541000366211, 23.878766949667316, 836, 223.0, 344, 14, 202404.3670539856, 43.72793960571289, 398.75537109375, 242.11048690668133
LOSS, 11204.386962890625, -20.530136108398438, 58.48113250732422, 22.275123186661283, 503, 207.0, 366, 7, 128766.33942508698, 7.2997541427612305, 393.35247802734375, 255.9966986582246
LOSS, 7291.3309326171875, -18.339996337890625, 50.530616760253906, 28.706027293768454, 254, 207.0, 383, 6, 61957.314917087555, -8.918252944946289, 400.6766662597656, 243.92643668144706
LOSS, 23919.853759765625, -23.1146240234375, 67.8246078491211, 24.787413222555053, 965, 223.0, 335, 22, 248270.28636169434, 66.68482971191406, 391.90386962890625, 257.2749081468335
LOSS, 9818.329956054688, -23.280242919921875, 68.39330291748047, 22.063662822594804, 445, 191.0, 370, 6, 112745.39382171631, 27.21533203125, 397.0351257324219, 253.36043555441867
WIN , 28424.0, -21.043487548828125, 70.7177734375, 26.56448598130841, 1070, 207.0, 328, 16, 286737.33416748047, 77.89360809326172, 400.2521057128906, 267.9788169789537
WIN , 27470.753562927246, -17.28478240966797, 82.31026458740234, 30.831373246831927, 891, 173.4928741455078, 340, 34, 224609.71167182922, 13.674070358276367, 400.7184143066406, 252.0872184869015
LOSS, 16045.995063781738, -42.25048828125, 61.576454162597656, 2.674778307014792, 5999, 213.00987243652344, 0, 29, 852760.5400791168, 9.31032943725586, 399.2917175292969, 142.15044842125636
LOSS, 14662.19775390625, -29.60174560546875, 64.3025894165039, 19.091403325398762, 768, 191.0, 348, 5, 191527.07527017593, -27.07828140258789, 406.15234375, 249.3842125913749
LOSS, 5054.445541381836, -36.0001220703125, 56.518470764160156, 23.1855300063387, 218, 188.09500122070312, 385, 2, 54686.96615982056, 11.81473445892334, 397.7369079589844, 250.8576429349567
WIN , 27382.0, -30.672607421875, 56.8056640625, 15.549119818285066, 1761, 191.0, 282, 24, 439472.92719841003, 25.91901206970215, 418.40496826171875, 249.55873208314028
LOSS, 16466.65048980713, -23.45489501953125, 59.48382568359375, 20.05682154665911, 821, 177.6999969482422, 345, 11, 209801.27554512024, 11.662027359008789, 406.14361572265625, 255.54357557261906
WIN , 27840.0, -21.34033203125, 87.974853515625, 23.63327674023769, 1178, 175.0, 321, 23, 312925.7864074707, 49.92535400390625, 413.1172180175781, 265.6415843866475
LOSS, 11878.869873046875, -36.1639404296875, 56.743995666503906, 20.767255022809223, 572, 223.0, 361, 7, 152048.14940232038, 0.7823674082756042, 410.7720642089844, 265.8184430110496
WIN , 27356.802505493164, -48.37158203125, 79.08536529541016, 12.078058501321486, 2265, 201.39498901367188, 248, 30, 563300.4659404755, 26.276948928833008, 425.0101013183594, 248.69777745716357
LOSS, 25327.860107421875, -26.803367614746094, 62.932960510253906, 17.218123798383328, 1471, 175.0, 301, 20, 378617.40655612946, 7.483902931213379, 424.2611389160156, 257.38776788316073
LOSS, 9568.609497070312, -18.2713623046875, 54.09680938720703, 25.653108571234082, 373, 191.0, 375, 4, 98305.70499420166, 66.87230682373047, 400.8353576660156, 263.5541688852591
WIN , 27332.065948486328, -47.58374786376953, 83.0548324584961, 19.247933766539667, 1420, 150.86810302734375, 305, 19, 382209.03572273254, -9.190423011779785, 415.939453125, 269.16129276248773
LOSS, 15229.348388671875, -40.999755859375, 64.83480072021484, 16.499835740706256, 923, 223.0, 338, 19, 222326.5799446106, 16.835044860839844, 417.7987365722656, 240.87386776230835
LOSS, 21614.2007522583, -43.86157989501953, 56.802589416503906, 14.295106317631152, 1512, 199.40611267089844, 299, 20, 373342.88760638237, -24.909578323364258, 410.39581298828125, 246.91989921057035
WIN , 28372.0, -19.72021484375, 74.6456069946289, 27.072519083969464, 1048, 191.0, 330, 26, 288994.80415153503, 21.717947006225586, 412.88983154296875, 275.7584009079533
LOSS, 21951.5322265625, -35.99951171875, 60.181495666503906, 17.589368771284054, 1248, 223.0, 316, 17, 320527.5791015625, 32.842464447021484, 417.4306335449219, 256.83299607496997
LOSS, 21658.4853515625, -21.114845275878906, 61.723243713378906, 26.445037059294872, 819, 223.0, 345, 25, 228179.27025985718, 33.137691497802734, 428.15869140625, 278.6071675944532
LOSS, 13485.014892578125, -35.0, 66.41837310791016, 12.405717472472976, 1087, 223.0, 327, 12, 272402.8562049866, 59.373538970947266, 413.92572021484375, 250.60060368444027
LOSS, 20458.699996948242, -22.674911499023438, 65.6154556274414, 21.95139484651099, 932, 167.60000610351562, 337, 19, 248462.0581817627, 57.05220031738281, 426.56109619140625, 266.5901911821488
LOSS, 21875.64794921875, -22.415077209472656, 61.79271697998047, 23.14883380869709, 945, 207.0, 336, 18, 259050.8458557129, 44.545127868652344, 416.5155029296875, 274.1278792123946
LOSS, 12460.09130859375, -23.87421417236328, 55.38383483886719, 34.61136474609375, 360, 207.0, 375, 7, 98554.403049469, -25.19731330871582, 430.3655700683594, 273.7622306929694
LOSS, 16297.1181640625, -28.211822509765625, 62.257911682128906, 25.868441530257936, 630, 223.0, 357, 14, 172341.91119766235, 37.581539154052734, 424.47314453125, 273.55858920263864
LOSS, 14470.2021484375, -18.462913513183594, 59.25715255737305, 31.802642084478023, 455, 159.0, 369, 9, 132434.65120697021, 87.18736267089844, 432.57391357421875, 291.0651674878466
LOSS, 12061.599998474121, -28.033050537109375, 57.033302307128906, 20.512925167472996, 588, 201.8000030517578, 360, 10, 166296.13441467285, 73.66171264648438, 415.3201599121094, 282.8165551269947
LOSS, 12461.548950195312, -22.952674865722656, 59.782936096191406, 20.164318689636428, 618, 191.0, 358, 6, 161827.6927280426, 30.543699264526367, 410.7803955078125, 261.857107974179
LOSS, 19245.08583831787, -27.9461669921875, 62.742530822753906, 23.29913539747926, 826, 185.8000030517578, 344, 18, 221475.23570728302, -3.551812171936035, 415.2529602050781, 268.12982531148066
LOSS, 12215.521240234375, -21.463096618652344, 61.207176208496094, 30.847275859177714, 396, 175.0, 373, 7, 116309.08773040771, 86.159912109375, 409.7132873535156, 293.7098175010296
LOSS, 19927.080078125, -27.216629028320312, 57.53370666503906, 19.90717290521978, 1001, 175.0, 333, 10, 270357.487475276, 0.2652367353439331, 409.2148742675781, 270.0874000752008
WIN , 28116.753562927246, -32.20289611816406, 84.08394622802734, 16.6568445278005, 1688, 221.4928741455078, 287, 30, 470796.7395629883, 70.62478637695312, 427.0023193359375, 278.908021068121
LOSS, -4963.453506469727, -32.1820068359375, 56.71943664550781, -0.8273801477695827, 5999, 231.90701293945312, 0, 6, 772816.4083709717, -9.61133861541748, 420.8031311035156, 128.82420542940017
LOSS, 19099.91259765625, -19.64874267578125, 62.212745666503906, 26.41758312262275, 723, 191.0, 351, 18, 204585.48957061768, 68.78671264648438, 436.50390625, 282.9674821170369
LOSS, 12289.660278320312, -41.9998779296875, 63.828025817871094, 19.353795713890257, 635, 223.0, 357, 14, 161727.85753774643, -4.6399006843566895, 417.1011047363281, 254.68953942952194
LOSS, 9351.0, -22.583709716796875, 61.415611267089844, 22.264285714285716, 420, 223.0, 371, 11, 99886.33249092102, 9.93989372253418, 417.7024841308594, 237.82460116885957
LOSS, 24104.20166015625, -17.662269592285156, 60.368896484375, 29.905957394734802, 806, 175.0, 346, 21, 228409.84886169434, -25.525043487548828, 426.4337158203125, 283.38690925768526
WIN , 27432.0, -17.662269592285156, 64.9617691040039, 28.87578947368421, 950, 191.0, 336, 29, 280554.993019104, 83.00555419921875, 437.0682373046875, 295.3210452832674
LOSS, 19479.551803588867, -40.999755859375, 62.23258972167969, 16.179029737200057, 1204, 181.41397094726562, 319, 17, 316669.58362579346, 27.85123062133789, 432.9923400878906, 263.01460434036
LOSS, 9277.828071594238, -13.907707214355469, 57.558624267578125, 31.557238338755912, 294, 136.03575134277344, 380, 9, 85493.03338050842, 14.022804260253906, 437.0810546875, 290.792630545947
LOSS, 24780.715576171875, -20.9500732421875, 65.44499969482422, 28.256232127904077, 877, 223.0, 341, 25, 255830.6824645996, 70.3064956665039, 421.47998046875, 291.7111544636256
LOSS, 22220.74871826172, -18.463523864746094, 64.50003814697266, 21.10232546843468, 1053, 183.5025634765625, 329, 19, 287957.06186676025, 58.71710205078125, 433.3951721191406, 273.4634965496299
WIN , 27414.0, -41.00048828125, 81.30443572998047, 25.035616438356165, 1095, 207.0, 326, 25, 309729.0046272278, 42.49626159667969, 429.4504699707031, 282.8575384723541
LOSS, 13771.4775390625, -17.35771942138672, 59.65106201171875, 28.047815761838084, 491, 191.0, 367, 18, 133352.74934577942, -26.036489486694336, 432.3310241699219, 271.59419418692346
LOSS, 17910.65048980713, -17.662879943847656, 56.637794494628906, 18.833491577084256, 951, 209.6999969482422, 336, 16, 268094.345954895, 55.75236129760742, 427.3418273925781, 281.9078296055678
LOSS, 13600.122680664062, -21.136463165283203, 68.3684310913086, 28.813819238695046, 472, 175.0, 368, 6, 144180.3918056488, 25.769643783569336, 427.30120849609375, 305.46693179162884
LOSS, 21598.7216796875, -26.092529296875, 64.94498443603516, 21.25858433040108, 1016, 207.0, 332, 23, 286591.2741088867, 60.00773239135742, 423.9177551269531, 282.07802569772315
LOSS, 12859.999877929688, -18.617881774902344, 64.9697036743164, 26.625258546438275, 483, 191.0, 367, 7, 139747.33824157715, 54.75450897216797, 414.8609619140625, 289.33196323307897
LOSS, 18469.59999847412, -20.332557678222656, 62.31254577636719, 29.59871794627263, 624, 185.8000030517578, 358, 9, 182770.2883834839, 66.8833236694336, 424.8981628417969, 292.9011031786601
LOSS, 22430.946922302246, -28.2073974609375, 61.750099182128906, 23.812045565076694, 942, 201.8000030517578, 337, 22, 271286.06897735596, 40.37551498413086, 424.740966796875, 287.98945751311675
LOSS, 13109.3173828125, -21.3397216796875, 56.311866760253906, 26.808420005751532, 489, 207.0, 367, 8, 141953.6770992279, 27.866941452026367, 433.5983581542969, 290.2938181988301
WIN , 26588.557502746582, -43.999755859375, 64.95565032958984, 15.038776868069334, 1768, 157.88499450683594, 282, 29, 452260.6773452759, 55.880210876464844, 430.18609619140625, 255.8035505346583
LOSS, -9829.197494506836, -22.546836853027344, 54.94682693481445, -1.6384726611946718, 5999, 203.39498901367188, 0, 7, 784226.5446853638, -9.715261459350586, 415.2017822265625, 130.72621181619667
LOSS, 12007.40283203125, -21.98082733154297, 60.23017883300781, 18.674032398182348, 643, 191.0, 357, 12, 186179.90818023682, 69.51628112792969, 426.2886047363281, 289.5488463145207
LOSS, 12211.0, -19.72021484375, 57.861549377441406, 26.43073593073593, 462, 223.0, 369, 6, 130013.9662475586, 34.511688232421875, 428.241943359375, 281.4155113583519
WIN , 25041.707305908203, -40.00048828125, 85.63655853271484, 9.988714521702514, 2507, 151.58538818359375, 232, 24, 625888.3155860901, 30.30954360961914, 429.2268981933594, 249.65628862628245
LOSS, 22764.300003051758, -22.3905029296875, 83.54682159423828, 24.425214595549097, 932, 196.39999389648438, 337, 26, 264411.7183036804, 39.7818489074707, 447.4011535644531, 283.7035604116743
LOSS, 20142.5966796875, -40.00048828125, 62.829490661621094, 23.66932629810517, 851, 223.0, 343, 16, 247165.51013946533, 76.63325500488281, 440.3944396972656, 290.4412575081849
LOSS, 16487.839599609375, -38.00048828125, 63.170997619628906, 19.74591568815494, 835, 223.0, 344, 12, 246662.1952972412, 30.858108520507812, 433.99713134765625, 295.4038267032829
LOSS, 19741.04150390625, -26.092529296875, 61.718650817871094, 28.44530476067183, 694, 223.0, 353, 16, 203722.65483260155, 3.325853109359741, 427.7532043457031, 293.5484939951031
LOSS, 17595.761962890625, -29.184104919433594, 60.927345275878906, 19.146639785517547, 919, 223.0, 338, 14, 275662.30503845215, 73.44528198242188, 443.91192626953125, 299.9589826316128
WIN , 27174.0, -38.0, 61.792823791503906, 22.777870913663033, 1193, 207.0, 320, 21, 358195.13343048096, 79.01870727539062, 434.97869873046875, 300.2473876198499
WIN , 27274.0, -18.575912475585938, 81.67752838134766, 28.61909758656873, 953, 207.0, 336, 18, 292915.26413726807, 33.93351745605469, 442.3730773925781, 307.36124253648273
LOSS, 7531.7568359375, -18.34014892578125, 62.566444396972656, 36.38529872433575, 207, 223.0, 386, 1, 61719.66701507568, 77.9662094116211, 424.955810546875, 298.1626425849067
LOSS, 15450.281982421875, -20.662452697753906, 62.433372497558594, 29.206582197394848, 529, 175.0, 364, 10, 161574.76876068115, 70.64911651611328, 450.56072998046875, 305.4343454833292
WIN , 27202.065948486328, -39.00048828125, 61.919776916503906, 25.4462731042903, 1069, 150.86810302734375, 328, 28, 325044.5460586548, 83.09646606445312, 433.6289367675781, 304.06412166384916
LOSS, 15316.93408203125, -18.463523864746094, 60.14196014404297, 27.49898398928411, 557, 191.0, 362, 13, 163655.80551338196, -39.154937744140625, 447.81414794921875, 293.8165269540071
LOSS, 24565.65234375, -34.0, 66.2270278930664, 13.685600191504179, 1795, 191.0, 280, 18, 488122.4447212219, 37.96367645263672, 444.0763854980469, 271.93450959399553
LOSS, 15505.74462890625, -25.0601806640625, 64.20951080322266, 19.095744616879617, 812, 175.0, 345, 12, 221993.05393981934, 62.551025390625, 435.25787353515625, 273.3904605170189
LOSS, 18644.529052734375, -17.662269592285156, 61.292335510253906, 30.267092618075285, 616, 223.0, 358, 18, 191010.8270187378, 78.06616973876953, 434.3605651855469, 310.08251139405485
LOSS, 17590.683349609375, -19.52875328063965, 61.628639221191406, 27.83335973039458, 632, 207.0, 357, 9, 191391.1211128235, 25.957347869873047, 434.62066650390625, 302.834052393708
WIN , 26776.802505493164, -26.326904296875, 80.59659576416016, 24.320438242954737, 1101, 201.39498901367188, 326, 27, 340279.1555366516, 58.472145080566406, 456.0406494140625, 309.06371983347105
LOSS, 11325.3525390625, -19.390625, 63.224098205566406, 18.970439763923785, 597, 207.0, 360, 7, 160372.9620037079, 15.294610977172852, 440.3803405761719, 268.6314271418893
WIN , 26576.0, -25.911544799804688, 66.8672866821289, 25.024482109227872, 1062, 223.0, 329, 31, 325007.8552246094, 79.39073181152344, 442.0921630859375, 306.0337619817414
LOSS, 24270.277099609375, -34.0869140625, 84.01729583740234, 16.277851844137743, 1491, 175.0, 300, 25, 442306.5548095703, 45.888343811035156, 462.0902099609375, 296.6509421928708
LOSS, 23816.9052734375, -18.97405242919922, 83.57366943359375, 24.88704835259927, 957, 207.0, 336, 15, 294202.8221683502, 30.367639541625977, 458.1301574707031, 307.42196673808803
LOSS, 14315.365966796875, -21.3397216796875, 59.513450622558594, 25.65477771827397, 558, 207.0, 362, 14, 169246.81545257568, 59.60917663574219, 444.9994201660156, 303.3097051121428
LOSS, 16813.789306640625, -20.941650390625, 62.614356994628906, 27.075345099260264, 621, 223.0, 358, 10, 192565.39239501953, 84.78728485107422, 450.4710693359375, 310.0891987037352
WIN , 27528.398712158203, -22.418594360351562, 65.111083984375, 18.638049229626407, 1477, 138.20257568359375, 301, 22, 430986.1925163269, 57.42563247680664, 444.6468505859375, 291.7983700178246
LOSS, 7350.6668701171875, -15.15362548828125, 60.61759948730469, 35.682848884064015, 206, 207.0, 386, 7, 64624.442222595215, 103.24600982666016, 433.13079833984375, 313.71088457570494
WIN , 27974.802505493164, -24.157180786132812, 81.96134185791016, 24.15786054014954, 1158, 185.39498901367188, 322, 28, 347901.0469970703, 34.66583251953125, 439.6627502441406, 300.432683071736
WIN , 27007.05731201172, -23.881591796875, 64.94319915771484, 22.600047959842442, 1195, 180.8853759765625, 320, 32, 359952.3253955841, 28.9116153717041, 444.4424743652344, 301.2153350590662
WIN , 27134.0, -23.428955078125, 66.2630386352539, 22.975444538526673, 1181, 207.0, 321, 25, 356971.369102478, 76.54131317138672, 443.8626403808594, 302.26195520954957
LOSS, 22896.4072265625, -23.412208557128906, 64.1478500366211, 27.096339913091715, 845, 207.0, 343, 26, 259983.10793304443, 38.537445068359375, 443.3731689453125, 307.67231708052594
LOSS, 23051.8984375, -38.530029296875, 63.196632385253906, 11.851875803341903, 1945, 223.0, 270, 19, 458609.92488861084, 21.2589111328125, 455.2915954589844, 235.7891644671521
WIN , 27349.0, -19.337074279785156, 67.13554382324219, 30.625979843225085, 893, 137.0, 340, 22, 297363.2886199951, 87.62234497070312, 436.24517822265625, 332.9936042777101
LOSS, 10102.831665039062, -16.13641357421875, 64.2555923461914, 30.707695030513868, 329, 223.0, 378, 5, 106704.19610595703, 72.99919128417969, 439.3122863769531, 324.32886354394236
WIN , 28132.0, -22.04345703125, 75.13427734375, 20.38550724637681, 1380, 191.0, 307, 23, 427356.38510894775, 77.87593078613281, 444.5690612792969, 309.67853993402014
LOSS, 15688.16943359375, -21.80657958984375, 61.911842346191406, 22.033945833699086, 712, 191.0, 352, 12, 208779.50273132324, 75.42000579833984, 433.03729248046875, 293.2296386675888
LOSS, 8799.992919921875, -20.662452697753906, 58.47777557373047, 7.822215928819444, 1125, 223.0, 324, 5, 284693.58531951904, 27.458805084228516, 441.87255859375, 253.06096472846139
LOSS, 25173.073486328125, -21.8851318359375, 58.465187072753906, 26.694669656763654, 943, 207.0, 337, 16, 294644.1565246582, 85.24691009521484, 456.5187072753906, 312.45403661151454
WIN , 27206.753562927246, -39.999755859375, 66.88057708740234, 19.44728632089153, 1399, 221.4928741455078, 306, 28, 442703.2836074829, 64.81270599365234, 453.3545837402344, 316.44266162078833
LOSS, 10888.243774414062, -33.20770263671875, 62.012550354003906, 16.083077953344258, 677, 207.0, 354, 9, 166543.7114200592, 12.023791313171387, 443.13531494140625, 246.00252794691167
LOSS, 21075.885498046875, -20.332557678222656, 63.653175354003906, 28.442490550670545, 741, 191.0, 350, 16, 241573.75064849854, 117.36681365966797, 454.0456237792969, 326.0104597145729
LOSS, 7984.168907165527, -18.204200744628906, 64.1478500366211, 24.642496627054097, 324, 118.00373840332031, 378, 6, 95907.98463535309, -6.252089500427246, 427.3714294433594, 296.0122982572626
LOSS, 22190.8505859375, -33.864532470703125, 61.032615661621094, 15.671504651085804, 1416, 207.0, 305, 19, 415006.9901199341, 53.79705047607422, 438.82373046875, 293.0840325705749
LOSS, 22213.490966796875, -22.735107421875, 64.1457290649414, 27.59439871651786, 805, 207.0, 346, 23, 256287.78984069824, 58.798919677734375, 432.6181335449219, 318.36992526794813
LOSS, 20188.31201171875, -32.755653381347656, 63.128883361816406, 30.634767847828147, 659, 223.0, 356, 13, 212537.1109161377, 85.7367935180664, 434.94891357421875, 322.514584091256
LOSS, 20722.941162109375, -44.999755859375, 66.1812515258789, 7.435572716939137, 2787, 191.0, 214, 18, 726134.4896094799, -7.474274635314941, 445.61468505859375, 260.5434121311374
LOSS, 15729.89794921875, -20.237037658691406, 60.320068359375, 30.903532316736246, 509, 191.0, 366, 8, 158865.02487182617, 49.616546630859375, 444.4705810546875, 312.11203314700623
LOSS, 18160.0, -18.523574829101562, 60.204383850097656, 29.337641357027465, 619, 185.0, 358, 11, 201219.3500289917, 72.6404800415039, 430.904541015625, 325.07164786589937
WIN , 26634.0, -21.34033203125, 75.902099609375, 24.059620596205963, 1107, 207.0, 326, 22, 344367.06799697876, 61.915889739990234, 439.832275390625, 311.08136223755986
WIN , 28367.300003051758, -18.462913513183594, 82.4996109008789, 25.765031792054277, 1101, 180.39999389648438, 326, 29, 345851.4200973511, 56.39216613769531, 443.44256591796875, 314.12481389405184
LOSS, 8590.893798828125, -18.46306610107422, 57.341529846191406, 28.828502680631292, 298, 223.0, 380, 4, 90474.00964355469, 77.3996353149414, 431.00848388671875, 303.6040592065593
LOSS, 11915.983154296875, -21.34002685546875, 66.9817123413086, 28.99265974281478, 411, 191.0, 372, 7, 136321.60919189453, 72.14715576171875, 433.1216125488281, 331.68274742553416
LOSS, 13038.027954101562, -17.662269592285156, 61.035377502441406, 28.655006492530905, 455, 175.0, 369, 7, 146059.15784454346, 76.171875, 437.1077575683594, 321.00913811987573
LOSS, 22529.0, -25.060791015625, 65.1534194946289, 28.846350832266324, 781, 207.0, 347, 14, 248894.67334747314, 65.66995239257812, 443.7763671875, 318.68716177653414
WIN , 27088.256912231445, -33.000244140625, 76.69758605957031, 26.35044446715121, 1028, 158.48617553710938, 331, 26, 332173.63163757324, 72.67219543457031, 436.4222412109375, 323.12610081476
LOSS, 20100.74560546875, -25.0601806640625, 60.612403869628906, 20.616149338942307, 975, 207.0, 334, 15, 303567.7593460083, 43.911582946777344, 433.2623596191406, 311.351548047188
WIN , 25609.707305908203, -19.39031982421875, 79.87972259521484, 17.996983349197613, 1423, 135.58538818359375, 305, 30, 402263.0619659424, 79.69365692138672, 436.8213806152344, 282.6866211988351
LOSS, 5762.227745056152, -25.20965576171875, 60.758277893066406, 22.957082649626106, 251, 201.8000030517578, 383, 5, 73022.73348999023, 115.55583953857422, 431.8000793457031, 290.92722505972205
WIN , 27396.0, -25.418777465820312, 66.7040023803711, 27.396, 1000, 223.0, 333, 22, 328450.88874816895, 70.37824249267578, 444.307373046875, 328.45088874816895
LOSS, -13201.532341003418, -24.019882202148438, 66.79053497314453, -2.2006221605273244, 5999, 228.06468200683594, 0, 4, 883304.0097777843, -0.9941613674163818, 442.3996276855469, 147.24187527550998
LOSS, 25193.842895507812, -22.772216796875, 69.4148941040039, 29.025164626161075, 868, 154.447998046875, 342, 20, 268512.98432922363, 75.99781036376953, 434.2690734863281, 309.34675613965857
LOSS, 15421.6494140625, -38.9998779296875, 83.0548324584961, 17.726033809267243, 870, 223.0, 341, 13, 251781.74395370483, -22.800853729248047, 426.2447204589844, 289.40430339506304
LOSS, 16542.195068359375, -20.795394897460938, 83.8654556274414, 24.043888180754905, 688, 223.0, 354, 17, 202674.16943740845, 39.404850006103516, 446.73297119140625, 294.5845486008844
LOSS, 8443.190063476562, -10.812690734863281, 62.850563049316406, 40.205666968936015, 210, 207.0, 385, 6, 67941.2167892456, 93.44754791259766, 431.8398132324219, 323.5296037583124
LOSS, 13109.362281799316, -23.9520263671875, 61.53205108642578, 29.794005185907537, 440, 177.6999969482422, 370, 10, 134962.89096069336, 117.59523010253906, 438.48052978515625, 306.7338430924849
LOSS, 22167.88623046875, -38.0, 63.783775329589844, 17.13128765878574, 1294, 191.0, 313, 17, 352716.77571868896, 13.27706527709961, 449.3585205078125, 272.57865202371636
LOSS, 11402.80126953125, -16.931686401367188, 62.825233459472656, 30.32659912109375, 376, 207.0, 374, 8, 119857.70375442505, 62.14717483520508, 450.2275390625, 318.77048870857726
LOSS, 18845.792236328125, -32.0001220703125, 69.25748443603516, 21.103910678978863, 893, 175.0, 340, 16, 257751.26640319824, 74.73762512207031, 444.6795654296875, 288.63523673370463
LOSS, 21728.3701171875, -39.0, 63.680320739746094, 19.24567769458592, 1129, 207.0, 324, 25, 352026.90704345703, 93.39117431640625, 430.52337646484375, 311.8041692147538
LOSS, 23413.925437927246, -19.23950958251953, 67.9561538696289, 25.843184810074224, 906, 201.8000030517578, 339, 13, 279443.13147735596, 77.69915008544922, 446.0694274902344, 308.4361274584503
LOSS, 19670.12109375, -21.3397216796875, 61.413795471191406, 29.184155925445104, 674, 223.0, 355, 21, 203326.13552379608, 7.205500602722168, 438.9338073730469, 301.670824219282
WIN , 24374.0, -43.87060546875, 85.87442016601562, 10.905592841163312, 2235, 207.0, 250, 19, 514094.46559906006, -26.348360061645508, 435.557861328125, 230.01989512262196
LOSS, 17916.51611328125, -25.2093505859375, 66.4070816040039, 18.643617183435225, 961, 175.0, 335, 12, 265622.12216186523, 31.089096069335938, 432.76129150390625, 276.4017920518889
LOSS, 24972.574951171875, -26.092605590820312, 65.8617172241211, 30.087439700207078, 830, 191.0, 344, 13, 257702.7020702362, 13.058980941772461, 443.340087890625, 310.48518321715204
LOSS, 15533.175247192383, -25.600296020507812, 65.0237045288086, 26.5979028205349, 584, 166.64999389648438, 361, 8, 182453.36824798584, 80.5361328125, 441.4601745605469, 312.4201511095648
LOSS, 17989.248657226562, -21.5848388671875, 64.5110092163086, 24.441913936449133, 736, 170.447998046875, 350, 20, 212035.78831481934, 64.39241790771484, 431.51715087890625, 288.09210368861324
LOSS, 8999.559814453125, -32.99993896484375, 59.609901428222656, 24.52196134728372, 367, 191.0, 375, 7, 108739.65692901611, 90.58991241455078, 438.61175537109375, 296.2933431308341
WIN , 27671.40355682373, -38.009620666503906, 66.94283294677734, 20.650301161808756, 1340, 192.19288635253906, 310, 24, 392159.3728027344, 74.93782043457031, 436.1712646484375, 292.65624836024955
WIN , 26576.0, -26.9580078125, 81.46654510498047, 24.977443609022558, 1064, 223.0, 329, 24, 311286.5359802246, 63.215309143066406, 437.7622985839844, 292.56253381600055
LOSS, 16255.253662109375, -33.99951171875, 64.21186065673828, 23.355249514524964, 696, 207.0, 353, 11, 203077.4891090393, 24.608978271484375, 438.6485595703125, 291.7780015934473
LOSS, 14191.260986328125, -21.34033203125, 63.1649169921875, 25.43236735901098, 558, 185.0, 362, 11, 179679.61597442627, 76.98609161376953, 434.737060546875, 322.0064802409073
LOSS, 12388.000122070312, -18.580078125, 64.0642318725586, 23.7318010001347, 522, 223.0, 365, 13, 157554.96605682373, 84.56291198730469, 437.1575012207031, 301.8294368904669
LOSS, 10856.592163085938, -20.0787353515625, 58.266517639160156, 25.665702513205527, 423, 207.0, 371, 11, 124019.03643035889, 71.32057189941406, 433.41455078125, 293.18921141928814
LOSS, 11670.475402832031, -29.22906494140625, 59.493629455566406, 27.140640471702397, 430, 191.8800048828125, 371, 18, 133886.24771118164, 59.40447235107422, 431.7250671386719, 311.3633667701899
LOSS, 16698.2314453125, -19.954002380371094, 63.297950744628906, 21.030518193088792, 794, 223.0, 347, 16, 239681.21481323242, 58.00746154785156, 440.71063232421875, 301.8655098403431
WIN , 25350.0, -34.0, 71.036376953125, 9.141723764875586, 2773, 175.0, 215, 18, 745867.4728927612, 58.51689529418945, 442.70574951171875, 268.9749271160336
LOSS, 11117.685150146484, -15.608627319335938, 61.906044006347656, 35.0715619878438, 317, 209.45513916015625, 378, 12, 99198.63303375244, 91.9320297241211, 442.99627685546875, 312.9294417468531
LOSS, 16230.705810546875, -19.387657165527344, 67.4132308959961, 21.272222556417923, 763, 223.0, 349, 12, 240901.46336364746, 101.70816040039062, 448.63037109375, 315.7293097819757
LOSS, 25144.568115234375, -21.519554138183594, 58.88056945800781, 21.88387129263218, 1149, 223.0, 323, 22, 352446.38858032227, 64.83573913574219, 439.6818542480469, 306.741852550324
LOSS, 15807.896484375, -20.844253540039062, 65.5650863647461, 27.114745256217837, 583, 207.0, 361, 11, 175821.86988830566, 62.37379455566406, 438.74749755859375, 301.58125195249687
LOSS, 4543.6495361328125, -13.660507202148438, 48.659873962402344, 31.55312177870009, 144, 223.0, 390, 2, 44169.619201660156, 140.01893615722656, 423.3916931152344, 306.73346667819555
LOSS, 17829.254638671875, -19.71845245361328, 63.861915588378906, 28.12185274238466, 634, 191.0, 357, 14, 205733.62915420532, 63.027828216552734, 443.4754943847656, 324.50099235679073
LOSS, 19898.85400390625, -32.4114990234375, 62.69689178466797, 23.465629721587558, 848, 223.0, 343, 21, 262169.50745391846, 83.36671447753906, 432.380126953125, 309.1621550164133
WIN , 27242.0, -34.0869140625, 70.1412124633789, 29.707742639040347, 917, 191.0, 338, 15, 287668.4843673706, 47.39996337890625, 453.3183898925781, 313.7060898226506
WIN , 28092.0, -39.0869140625, 79.183349609375, 22.691437802907917, 1238, 191.0, 317, 29, 401911.2980194092, 108.55863952636719, 440.0292053222656, 324.64563652617863
WIN , 25307.415954589844, -30.746337890625, 65.5721206665039, 13.958861530386015, 1813, 180.1680908203125, 279, 32, 511320.21478271484, 81.41141510009766, 442.5311584472656, 282.02990335505507
LOSS, 8324.6806640625, -18.00836944580078, 67.0369644165039, 32.391753556663424, 257, 191.0, 382, 7, 82702.8459739685, 32.77481460571289, 438.75738525390625, 321.80095709715374
LOSS, 22619.277587890625, -34.0001220703125, 64.6797866821289, 26.8956927323313, 841, 223.0, 343, 14, 263095.70906829834, 96.54863739013672, 451.1213073730469, 312.8367527565973
WIN , 27119.05731201172, -23.27484893798828, 65.13541412353516, 24.365729840082405, 1113, 196.8853759765625, 325, 32, 347655.1905975342, 70.9212646484375, 445.50634765625, 312.35866181269915
LOSS, -11400.2347946167, -26.491432189941406, 55.63817596435547, -1.9003558584125186, 5999, 227.82737731933594, 0, 6, 968165.0832471848, 5.716012954711914, 435.55303955078125, 161.3877451653917
LOSS, 15879.0, -19.373779296875, 64.4716567993164, 29.514869888475836, 538, 207.0, 364, 13, 172531.14582061768, 96.0531997680664, 435.3065185546875, 320.6898621201072
LOSS, 13720.815673828125, -40.9998779296875, 59.645896911621094, 18.466777488328567, 743, 223.0, 350, 17, 221840.74607086182, 96.12654876708984, 443.0643310546875, 298.5743554116579
LOSS, 14974.00048828125, -19.362228393554688, 68.7480697631836, 27.627307173950644, 542, 223.0, 363, 13, 177872.99139404297, 92.79340362548828, 447.4241638183594, 328.17895091151837
LOSS, 8450.71142578125, -25.2862548828125, 82.57850646972656, 21.179727884163533, 399, 207.0, 373, 9, 108125.8021697998, 44.002838134765625, 438.757080078125, 270.9919853879694
LOSS, 9886.277740478516, -22.04345703125, 63.401405334472656, 31.484960956937947, 314, 164.19500732421875, 379, 9, 99069.728515625, 122.30023193359375, 438.9646301269531, 315.508689540207
LOSS, 14312.329345703125, -19.794219970703125, 64.0660629272461, 29.03109400751141, 493, 223.0, 367, 11, 163923.77925491333, 49.440006256103516, 465.6014099121094, 332.5025948375524
LOSS, 7251.4700927734375, -17.22991943359375, 51.683570861816406, 24.749044685233574, 293, 207.0, 380, 4, 96954.1131362915, 117.94715118408203, 443.05633544921875, 330.9014100214727
LOSS, 12655.46533203125, -19.156700134277344, 61.32713317871094, 24.384326265956165, 519, 223.0, 365, 9, 178561.23287963867, 131.4659881591797, 444.6391296386719, 344.04861826519976
WIN , 26950.65000152588, -21.34002685546875, 79.3453140258789, 23.435347827413807, 1150, 193.6999969482422, 323, 20, 360244.53855895996, 73.45553588867188, 459.8321228027344, 313.2561204860521
WIN , 27042.361114501953, -25.2099609375, 76.31354522705078, 22.039414111248536, 1227, 190.27777099609375, 318, 29, 405562.6195297241, 81.42098236083984, 452.9365234375, 330.5318822573139
LOSS, 13677.650634765625, -26.328582763671875, 57.78956604003906, 30.193489259968267, 453, 191.0, 369, 9, 139855.04139709473, 99.51646423339844, 444.9326171875, 308.7307757110259
LOSS, 10314.453369140625, -12.9998779296875, 67.8166732788086, 38.34369282208411, 269, 223.0, 382, 8, 93730.49921417236, 102.33844757080078, 457.98101806640625, 348.4405175248043
WIN , 27197.45249938965, -36.132568359375, 88.02090454101562, 23.08782045788595, 1178, 140.09500122070312, 321, 30, 375114.87825012207, 66.8659896850586, 445.5696716308594, 318.4336827250612
LOSS, 10554.696899414062, -21.34002685546875, 57.442848205566406, 22.12724716858294, 477, 223.0, 368, 7, 147311.94397735596, 87.02640533447266, 463.0926208496094, 308.8300712313542
WIN , 27292.53843688965, -18.710800170898438, 70.998046875, 31.04953178258208, 879, 169.92312622070312, 341, 19, 303889.20391845703, 103.77268981933594, 453.0616149902344, 345.7215061643425
LOSS, 15519.030029296875, -22.17169189453125, 64.2031021118164, 33.16032057542067, 468, 191.0, 368, 10, 156185.1265258789, 70.4696273803711, 448.7999572753906, 333.7289028330746
WIN , 27421.940521240234, -20.662147521972656, 81.7598648071289, 22.62536346636983, 1212, 171.11895751953125, 319, 28, 376300.5060195923, 72.6940689086914, 448.38250732421875, 310.4789653626999
LOSS, 19878.03466796875, -20.332557678222656, 60.697242736816406, 25.13025874585177, 791, 175.0, 347, 13, 260142.62224578857, 81.06317138671875, 477.7245178222656, 328.87815707432185
LOSS, 21657.65000152588, -20.662452697753906, 62.448951721191406, 29.91388121757718, 724, 209.6999969482422, 351, 14, 251323.4606552124, 88.76325988769531, 446.4266357421875, 347.1318517337188
LOSS, -5669.77685546875, -33.097267150878906, 57.23700714111328, -0.9451203292996749, 5999, 227.2142333984375, 0, 3, 1005402.9304876328, 8.8624267578125, 439.2913818359375, 167.59508759587143
WIN , 26927.74871826172, -20.332252502441406, 73.477783203125, 26.348090722369587, 1022, 199.5025634765625, 331, 21, 329804.1216812134, 77.29729461669922, 458.55853271484375, 322.7046200403262
LOSS, 11961.0, -18.2713623046875, 62.45277404785156, 23.87425149700599, 501, 223.0, 366, 12, 149109.288772583, 77.3564224243164, 447.7188720703125, 297.6233308833992
LOSS, 24959.6142578125, -20.6636962890625, 66.5270004272461, 21.856054516473293, 1142, 175.0, 323, 28, 351140.83293151855, 71.33902740478516, 459.25994873046875, 307.4788379435364
LOSS, 23022.525505065918, -32.9345703125, 64.4115219116211, 24.67580439985629, 933, 179.94898986816406, 337, 18, 293954.4111557007, 54.15711212158203, 459.9002685546875, 315.06367755166207
LOSS, 8365.090942382812, -22.39202117919922, 60.475006103515625, 36.2125149020901, 231, 175.0, 384, 3, 78706.21473693848, 143.61297607421875, 443.80938720703125, 340.71954431575097
LOSS, 18849.0849609375, -35.99951171875, 57.08160400390625, 27.04316350206241, 697, 191.0, 353, 12, 225994.95175933838, 39.45506286621094, 452.479248046875, 324.2395290664826
LOSS, 8932.806762695312, -16.794227600097656, 60.814720153808594, 34.489601400368, 259, 127.0, 382, 4, 86328.08904266357, 68.85445404052734, 449.3663635253906, 333.3130851068092
LOSS, 12174.060913085938, -23.281822204589844, 67.7718276977539, 34.68393422531606, 351, 223.0, 376, 8, 122227.98363494873, 121.10607147216797, 444.5886535644531, 348.2278736038425
LOSS, 14846.595703125, -27.082679748535156, 60.67511749267578, 22.59755814783105, 657, 223.0, 356, 15, 228872.71012878418, 132.43869018554688, 453.8609924316406, 348.36028938932145
LOSS, 22365.29638671875, -26.092529296875, 66.6048355102539, 32.50769823650981, 688, 207.0, 354, 11, 236619.1028060913, 104.29076385498047, 451.2664489746094, 343.92311454373737
LOSS, 4213.656555175781, -17.96697235107422, 54.44005584716797, 21.608495154747597, 195, 223.0, 386, 3, 58072.45568847656, 135.76844787597656, 454.60369873046875, 297.80746506911055
LOSS, 17047.65000152588, -28.704833984375, 63.034202575683594, 33.36135029652814, 511, 209.6999969482422, 365, 13, 173332.6610031128, 110.65047454833984, 450.22845458984375, 339.20285910589587
WIN , 26823.05731201172, -18.20404815673828, 78.32088470458984, 31.081178808820066, 863, 148.8853759765625, 342, 20, 281663.85205459595, 63.72165298461914, 452.2054748535156, 326.3775805962873
LOSS, 24047.43251800537, -21.575790405273438, 69.6993179321289, 23.056023507195945, 1043, 201.8000030517578, 330, 27, 327092.2117767334, 71.19921112060547, 458.6195068359375, 313.60710620971565
WIN , 27342.246963500977, -31.746826171875, 65.4091567993164, 16.930183878328776, 1615, 150.50607299804688, 292, 29, 468417.1740837097, 38.97636032104492, 463.9734191894531, 290.0415938598822
LOSS, 8322.329956054688, -28.7469482421875, 60.16351318359375, 20.005600855900692, 416, 223.0, 372, 4, 123988.63804626465, 74.72929382324219, 447.6619567871094, 298.04961068813617
LOSS, 8889.094116210938, -18.2713623046875, 54.920570373535156, 30.132522427833685, 295, 191.0, 380, 6, 94254.14251708984, 101.97659301757812, 454.3966064453125, 319.5055678545418
LOSS, 25066.139892578125, -22.13616943359375, 66.6780776977539, 26.029221072251428, 963, 207.0, 335, 19, 301817.5573196411, 70.69744873046875, 455.20416259765625, 313.4138705292223
WIN , 27630.53271484375, -34.0869140625, 71.65254974365234, 18.310492190088635, 1509, 173.9345703125, 299, 27, 464972.75552749634, 39.072879791259766, 462.0668029785156, 308.1330387856172
LOSS, 12657.24365234375, -17.31848907470703, 65.1717300415039, 38.47186520469225, 329, 175.0, 378, 2, 110830.31123352051, 81.13716125488281, 447.3814697265625, 336.8702469103967
LOSS, 8675.858032226562, -16.00006103515625, 64.53841400146484, 33.24083537251556, 261, 191.0, 382, 5, 89936.22311401367, 138.0707244873047, 455.7208557128906, 344.58323032189145
LOSS, 15585.736328125, -20.1611328125, 66.70308685302734, 28.286272827813068, 551, 223.0, 363, 11, 183228.4496536255, 89.55860137939453, 458.20465087890625, 332.5380211499555
LOSS, 23012.25439453125, -39.0, 62.670799255371094, 21.89557982353116, 1051, 207.0, 329, 20, 325425.8222427368, 32.45490264892578, 455.1428527832031, 309.6344645506535
LOSS, 14921.149658203125, -17.662269592285156, 60.739967346191406, 28.805308220469353, 518, 207.0, 365, 13, 171702.2412261963, 65.11469268798828, 454.8580017089844, 331.4715081586801
WIN , 27262.0, -34.0869140625, 64.1014633178711, 23.04480135249366, 1183, 191.0, 321, 15, 378982.7789993286, 86.75541687011719, 469.0411682128906, 320.35737869765734
WIN , 27129.81280517578, -23.27880859375, 62.948524475097656, 17.743500853613984, 1529, 135.3743896484375, 298, 28, 462231.544090271, 49.963172912597656, 461.6760559082031, 302.30970836512165
LOSS, 8930.603881835938, -16.7203369140625, 58.749916076660156, 27.64892842673665, 323, 223.0, 378, 6, 104491.22021484375, 5.7766876220703125, 442.5521545410156, 323.5022297673181
LOSS, 17506.071243286133, -27.08984375, 56.049705505371094, 18.703067567613388, 936, 196.39999389648438, 337, 11, 322941.81980133057, 97.68115997314453, 455.31329345703125, 345.0233117535583
LOSS, 5827.639221191406, -16.00006103515625, 65.89202117919922, 33.30079554966518, 175, 207.0, 388, 3, 58647.34768676758, 131.39381408691406, 439.0583801269531, 335.1277010672433
LOSS, 22356.728271484375, -27.47674560546875, 64.39566802978516, 20.586305959009554, 1086, 207.0, 327, 16, 338912.04721069336, 78.49029541015625, 448.4033508300781, 312.0737082971394
LOSS, 10166.75390625, -18.37646484375, 64.0792007446289, 27.11134375, 375, 207.0, 374, 5, 115493.90816497803, 101.26998901367188, 448.59442138671875, 307.9837551066081
LOSS, 19737.081787109375, -19.72021484375, 62.981788635253906, 33.396077473958336, 591, 191.0, 360, 19, 200687.70706939697, 123.542724609375, 452.74432373046875, 339.57310840845514
LOSS, 10127.21044921875, -25.198747634887695, 61.409912109375, 30.781794678476444, 329, 207.0, 378, 5, 117871.83563232422, 138.42103576660156, 453.4205627441406, 358.2730566332043
WIN , 26725.300003051758, -33.99951171875, 73.3931655883789, 27.60878099488818, 968, 164.39999389648438, 335, 18, 310258.82165527344, 85.16515350341797, 450.23504638671875, 320.5153116273486
WIN , 27122.753562927246, -21.742637634277344, 68.7801284790039, 26.669374201501718, 1017, 189.4928741455078, 332, 22, 347672.0550765991, 94.16584777832031, 456.77783203125, 341.8604278039323
LOSS, 10968.650123596191, -23.06396484375, 57.878639221191406, 21.4650687350219, 511, 161.6999969482422, 365, 6, 160683.301071167, 73.63014221191406, 455.55120849609375, 314.44873008056163
LOSS, 10444.673370361328, -40.9998779296875, 60.724708557128906, 28.22884694692251, 370, 186.20257568359375, 375, 7, 117928.84013366699, 50.172607421875, 448.2058410644531, 318.72659495585674
LOSS, 4259.435096740723, -17.743633270263672, 58.20526123046875, 33.01887671892033, 129, 193.6999969482422, 391, 2, 44083.312438964844, 184.35459899902344, 440.52655029296875, 341.73110417802206
WIN , 27889.300003051758, -39.999755859375, 72.8060073852539, 23.595008462818747, 1182, 196.39999389648438, 321, 30, 390533.61837005615, 68.99021911621094, 453.3453063964844, 330.4006923604536
LOSS, 25362.85243988037, -19.148849487304688, 66.7146987915039, 29.979731016407058, 846, 201.8000030517578, 343, 15, 287105.1918106079, 89.57418060302734, 465.39599609375, 339.3678390196311
LOSS, 13942.329345703125, -30.322265625, 64.3550796508789, 27.125154369072227, 514, 223.0, 365, 12, 170293.25788879395, 85.93482971191406, 457.4075012207031, 331.3098402505719
WIN , 25972.0, -39.999755859375, 67.7428207397461, 18.18767507002801, 1428, 191.0, 304, 23, 463614.5616760254, 48.22758865356445, 449.86810302734375, 324.6600571960962
LOSS, 7936.974033355713, -23.280548095703125, 66.22640228271484, 30.52682320521428, 260, 110.06194305419922, 382, 6, 84551.2472076416, 94.64623260498047, 453.5542907714844, 325.1971046447754
LOSS, 5330.679840087891, -13.94073486328125, 62.730628967285156, 37.01861000061035, 144, 139.75970458984375, 390, 7, 48282.28876495361, 95.1003646850586, 447.8105773925781, 335.29367197884454
LOSS, 20503.414894104004, -37.00048828125, 66.8587417602539, 34.4595208304269, 595, 193.6999969482422, 360, 9, 206817.79781341553, 113.39324188232422, 453.88409423828125, 347.5929375015387
WIN , 26513.68825149536, -39.0, 84.1191291809082, 13.145110684925811, 2017, 127.62349700927734, 265, 19, 530151.272392273, 67.78702545166016, 466.91387939453125, 262.84148358565835
LOSS, 4898.9656982421875, -13.000030517578125, 64.3657455444336, 34.020595126681854, 144, 223.0, 390, 5, 50201.13124847412, 101.7756118774414, 445.4346008300781, 348.6189670032925
LOSS, 24989.291748046875, -20.662147521972656, 63.033348083496094, 14.36166192416487, 1740, 207.0, 283, 28, 496967.43756866455, 74.8264389038086, 448.83856201171875, 285.6134698670486
LOSS, 16675.000244140625, -38.0, 63.899757385253906, 15.896091748465802, 1049, 223.0, 330, 16, 316275.12435150146, 76.4076156616211, 445.5657653808594, 301.50154847616915
WIN , 27005.74871826172, -18.463523864746094, 87.60986328125, 28.82150343464431, 937, 183.5025634765625, 337, 24, 306092.2911148071, 97.43223571777344, 454.5587158203125, 326.67266927940994
LOSS, 9016.404052734375, -15.999984741210938, 58.968116760253906, 29.75710908493193, 303, 223.0, 379, 10, 100734.1332244873, 112.20478057861328, 456.34063720703125, 332.45588522933105
LOSS, 11767.388793945312, -21.3397216796875, 60.23646545410156, 27.30252620404945, 431, 191.0, 371, 7, 149031.7727432251, 94.77442932128906, 446.29534912109375, 345.7813752743042
LOSS, 15192.264892578125, -23.690406799316406, 64.8439712524414, 24.03839381737045, 632, 191.0, 357, 12, 204534.5368270874, 97.87100982666016, 444.2889099121094, 323.6305962453915
LOSS, 11361.599998474121, -17.643035888671875, 62.973175048828125, 28.54673366450784, 398, 201.8000030517578, 373, 6, 131832.836479187, 78.52839660644531, 436.4906311035156, 331.23828261102267
LOSS, 13332.991577148438, -18.37646484375, 67.68355560302734, 25.251877987023555, 528, 223.0, 364, 3, 179611.63498687744, 103.19722747802734, 446.60968017578125, 340.1735511115103
LOSS, 20020.79443359375, -26.31591796875, 64.5418472290039, 27.09173806981563, 739, 207.0, 350, 14, 232053.72819519043, 82.62483215332031, 453.8291015625, 314.01045763895866
LOSS, 21478.25, -18.462913513183594, 65.7015151977539, 28.82986577181208, 745, 188.5, 350, 16, 236930.85108947754, 64.53980255126953, 464.07122802734375, 318.02798803956716
LOSS, 7707.650001525879, -21.34002685546875, 56.03522491455078, 23.007910452316057, 335, 209.6999969482422, 377, 8, 110060.69618225098, 165.76007080078125, 456.5549011230469, 328.5393915888089
LOSS, 19909.636978149414, -41.163330078125, 65.0777359008789, 9.286211277121929, 2144, 201.39498901367188, 257, 17, 580856.769317627, 67.26374053955078, 470.6644287109375, 270.9220006145648
LOSS, 18537.65000152588, -16.363616943359375, 65.66703033447266, 31.526615648853536, 588, 209.6999969482422, 360, 10, 205439.56105041504, 95.07859802246094, 455.0955810546875, 349.3870085891412
