LOSS, 25737.68603515625, -34.207763671875, 45.072853088378906, 6.5307500723563185, 3941, 191.0, 137, 27, 11716.000970482826, -3.334890604019165, 35.95901107788086, 2.9728497768289333
LOSS, 11001.653686523438, -28.14971923828125, 40.209556579589844, 15.050141842029326, 731, 223.0, 351, 9, 7933.692324876785, 2.6986074447631836, 61.05392074584961, 10.853204274797244
LOSS, 24877.78857421875, -44.999755859375, 82.88126373291016, 6.687577573714718, 3720, 191.0, 151, 23, 56144.93091881275, -5.945807933807373, 87.05570220947266, 15.092723365272246
LOSS, 26813.183471679688, -25.037025451660156, 52.378746032714844, 13.366492259062655, 2006, 186.447998046875, 266, 25, 63648.346591591835, -0.3311046361923218, 100.1927719116211, 31.72898633678556
LOSS, 24228.05908203125, -24.801193237304688, 53.440162658691406, 20.122972659494394, 1204, 175.0, 319, 13, 45000.16305446625, 10.48078727722168, 101.55086517333984, 37.37555070968958
LOSS, 15339.912582397461, -46.56787872314453, 54.417335510253906, 2.55707827677904, 5999, 225.17483520507812, 0, 22, 288716.78295755386, -2.915825366973877, 146.01992797851562, 48.127485073771275
LOSS, 15283.894287109375, -21.462791442871094, 57.86308288574219, 24.069124861589568, 635, 223.0, 357, 15, 45813.19430541992, 15.220561981201172, 161.3520050048828, 72.14676268570066
LOSS, 27440.3623046875, -18.721778869628906, 59.635841369628906, 24.69879595381413, 1111, 207.0, 325, 28, 91256.04642295837, 20.36741065979004, 161.33067321777344, 82.13865564622716
LOSS, 15349.02734375, -42.999755859375, 55.864158630371094, 22.472953651171302, 683, 223.0, 354, 10, 55048.96143054962, 14.365666389465332, 157.92662048339844, 80.59877222628056
WIN , 28334.0, -21.721656799316406, 75.14892578125, 21.981380915438326, 1289, 207.0, 314, 31, 128127.50480031967, -2.569042682647705, 189.15887451171875, 99.40070193973598
LOSS, 12878.645904541016, -18.473037719726562, 57.083961486816406, 21.572271196886124, 597, 190.27777099609375, 360, 16, 55107.1981716156, 31.059717178344727, 169.4617462158203, 92.30686460907135
LOSS, 14817.692138671875, -18.462913513183594, 60.423194885253906, 23.37175416194302, 634, 191.0, 357, 11, 63588.95506095886, 25.30133819580078, 180.82769775390625, 100.29803637375215
LOSS, 18076.999267578125, -19.72052001953125, 59.084388732910156, 20.49546402219742, 882, 207.0, 341, 12, 93005.40375137329, 29.847698211669922, 181.0118865966797, 105.4483035729856
LOSS, 23279.99365234375, -36.0001220703125, 58.970558166503906, 19.004076450892857, 1225, 207.0, 318, 13, 124190.34848690033, 9.353938102722168, 193.43357849121094, 101.37987631583701
LOSS, 12388.323852539062, -36.9998779296875, 60.060035705566406, 18.770187655362214, 660, 191.0, 355, 8, 76841.90419483185, 4.60137939453125, 201.4860382080078, 116.42712756792704
LOSS, 19624.11474609375, -40.9998779296875, 61.639930725097656, 16.687172403140945, 1176, 207.0, 321, 15, 136390.32897758484, 28.794221878051758, 215.6856689453125, 115.97817089930683
LOSS, 13658.573364257812, -15.721900939941406, 59.389259338378906, 30.97182168765944, 441, 207.0, 370, 6, 55593.18503189087, -11.130878448486328, 201.86529541015625, 126.0616440632446
LOSS, 12494.996704101562, -43.019996643066406, 54.925758361816406, 19.462611688631718, 642, 207.0, 357, 5, 75632.85480690002, 26.90370750427246, 210.4609832763672, 117.80818505747668
LOSS, 5057.3880615234375, -14.662391662597656, 60.822975158691406, 31.026920622843175, 163, 207.0, 389, 2, 20536.535972595215, 43.37805938720703, 209.499755859375, 125.99101823678046
WIN , 28250.0, -17.078632354736328, 87.68716430664062, 28.05362462760675, 1007, 175.0, 332, 24, 138984.52490997314, 36.192039489746094, 224.4823455810547, 138.01839613701404
LOSS, 23786.093505859375, -18.462913513183594, 59.345314025878906, 22.126598610101745, 1075, 207.0, 328, 17, 156464.77999305725, 29.57328987121582, 223.1842041015625, 145.54863255168115
WIN , 27442.0, -39.0, 63.682472229003906, 20.07461594732992, 1367, 191.0, 308, 31, 182462.39308738708, 18.755834579467773, 241.33689880371094, 133.47651286568185
LOSS, 8283.454833984375, -15.818756103515625, 60.15203094482422, 26.130772346953865, 317, 223.0, 378, 5, 43906.905267715454, 15.845277786254883, 218.76950073242188, 138.5075875953169
LOSS, 18020.300003051758, -18.863868713378906, 74.12738037109375, 25.965850148489565, 694, 164.39999389648438, 353, 16, 97054.80532741547, 10.969313621520996, 238.19090270996094, 139.84842266198194
LOSS, 6276.3370361328125, -15.999984741210938, 60.369178771972656, 34.11052737028702, 184, 207.0, 387, 4, 30219.072088241577, 20.42787742614746, 234.26329040527344, 164.23408743609554
WIN , 26960.0, -40.9998779296875, 80.7686538696289, 13.215686274509803, 2040, 175.0, 263, 21, 279129.12876689434, -0.30404961109161377, 252.51351928710938, 136.82800429749722
LOSS, 8637.844512939453, -17.598594665527344, 63.15009307861328, 35.546685238433966, 243, 135.58538818359375, 383, 4, 37336.17416381836, 70.73540496826172, 229.59400939941406, 153.64680725851176
WIN , 26694.0, -34.0001220703125, 74.908447265625, 15.674691720493247, 1703, 207.0, 286, 34, 260574.56303977966, 6.000073432922363, 259.6243896484375, 153.00913860233686
LOSS, 17875.684280395508, -17.35771942138672, 60.186378479003906, 22.976457943953093, 778, 196.39999389648438, 348, 15, 134449.65098571777, 49.068477630615234, 272.18157958984375, 172.81446142123107
WIN , 28146.83213043213, -21.2371826171875, 79.43441009521484, 22.827925491023624, 1233, 181.3357391357422, 317, 29, 212422.97786331177, 46.3629264831543, 274.41619873046875, 172.28140945929584
LOSS, 10284.776878356934, -25.06048583984375, 59.00390625, 26.37122276501778, 390, 201.8000030517578, 373, 15, 68379.5587387085, 50.08111572265625, 274.186279296875, 175.33220189412435
WIN , 27544.753562927246, -36.24951171875, 61.187644958496094, 13.690235369248134, 2012, 205.4928741455078, 265, 30, 319325.70039749146, 26.400108337402344, 286.71014404296875, 158.71058667867368
LOSS, 16708.3046875, -24.58770751953125, 59.84961700439453, 29.210322880244757, 572, 223.0, 361, 8, 107099.11918258667, 52.55349349975586, 279.2927551269531, 187.2362223471795
LOSS, 11174.787841796875, -18.20404815673828, 61.26945495605469, 23.82683974796775, 469, 223.0, 368, 7, 82858.01861572266, 45.17870330810547, 266.7953186035156, 176.66954928725514
WIN , 28332.753562927246, -39.0, 63.048789978027344, 23.769088559502723, 1192, 189.4928741455078, 320, 30, 222375.70294380188, 21.57488250732422, 287.1669616699219, 186.55679777164588
LOSS, 17928.087829589844, -20.662452697753906, 65.0761947631836, 21.91697778678465, 818, 175.8800048828125, 345, 17, 149484.3596458435, 26.366710662841797, 277.02166748046875, 182.74371594846394
LOSS, 16482.992919921875, -39.0, 57.085792541503906, 22.095164772013238, 746, 207.0, 350, 17, 141792.13971328735, 40.9515266418457, 286.93121337890625, 190.0698923770608
LOSS, 22358.9296875, -38.0, 62.040931701660156, 14.758369430693069, 1515, 223.0, 298, 24, 270526.38090133667, 37.428253173828125, 298.9242858886719, 178.56526792167438
LOSS, 12797.007690429688, -38.0, 65.55242156982422, 17.131201727482846, 747, 223.0, 350, 13, 130312.28956985474, 10.240852355957031, 290.6549987792969, 174.4475094643303
LOSS, 18981.0, -25.88066864013672, 59.71312713623047, 23.935687263556115, 793, 223.0, 347, 9, 159360.5034980774, 50.06100845336914, 296.5440979003906, 200.9590208046373
LOSS, 10401.0, -17.66242218017578, 62.761131286621094, 31.613981762917934, 329, 223.0, 378, 7, 65485.44005203247, 40.03529739379883, 291.3819885253906, 199.043890735661
LOSS, 11663.999877929688, -39.0, 56.617027282714844, 22.30210301707397, 523, 223.0, 365, 9, 94924.34382247925, 47.63325500488281, 315.8860168457031, 181.49970138141347
LOSS, 10855.04248046875, -18.46306610107422, 59.722511291503906, 27.069931372740026, 401, 207.0, 373, 8, 78684.43264007568, 49.34846878051758, 320.88238525390625, 196.22053027450295
LOSS, 11871.0, -19.13629150390625, 64.50064849853516, 29.095588235294116, 408, 223.0, 372, 7, 81396.68121147156, 21.583189010620117, 317.7583312988281, 199.5016696359597
LOSS, 20418.220458984375, -18.999977111816406, 65.4250259399414, 30.56619829189278, 668, 223.0, 355, 13, 142545.20525741577, 10.664718627929688, 304.8069152832031, 213.39102583445475
WIN , 25563.300003051758, -39.0, 66.8697280883789, 9.858580795623508, 2593, 148.39999389648438, 227, 25, 467486.7162885666, -2.3524656295776367, 310.8394470214844, 180.2879738868363
WIN , 28070.412925720215, -40.999755859375, 63.26499938964844, 21.659269232808807, 1296, 194.1741485595703, 313, 31, 263922.2547531128, 11.650796890258789, 323.0329895019531, 203.6437150872784
LOSS, 19364.5849609375, -28.932235717773438, 62.638832092285156, 24.08530467778296, 804, 175.0, 346, 20, 175690.64821624756, 26.178974151611328, 319.9639587402344, 218.52070673662632
LOSS, 22890.697021484375, -23.7188720703125, 59.833885192871094, 24.98984390991744, 916, 175.0, 338, 17, 193964.18983840942, 29.577373504638672, 332.2367858886719, 211.75129895022863
LOSS, 14494.794921875, -18.166793823242188, 60.493675231933594, 30.7093112751589, 472, 175.0, 368, 8, 108105.92785644531, 50.653968811035156, 333.6129455566406, 229.03798274670618
LOSS, 19481.0, -23.533935546875, 65.8919448852539, 22.366245694603904, 871, 223.0, 341, 24, 183881.1993918419, 5.041471004486084, 348.9266357421875, 211.11503948546715
LOSS, 22018.81982421875, -27.297279357910156, 57.71269989013672, 16.51824442927138, 1333, 223.0, 311, 16, 267861.39200019836, 17.499868392944336, 350.2796325683594, 200.94628057029135
LOSS, 14690.109375, -44.48535919189453, 61.01165008544922, 21.5082128477306, 683, 159.0, 354, 11, 157021.71419143677, 49.72771072387695, 338.04937744140625, 229.90002077809189
WIN , 27691.0, -34.0, 89.97611999511719, 24.07913043478261, 1150, 153.0, 323, 27, 259413.822930336, 11.160534858703613, 348.9864501953125, 225.57723733072694
LOSS, 14933.52587890625, -38.9998779296875, 61.739402770996094, 9.25823055108881, 1613, 191.0, 292, 15, 291934.482506752, 10.624674797058105, 361.3421325683594, 180.98851984299566
LOSS, 13959.7177734375, -19.23950958251953, 61.447906494140625, 17.23421947337963, 810, 207.0, 345, 11, 183161.95029449463, 38.069454193115234, 338.6481018066406, 226.1258645611045
LOSS, 10564.488159179688, -27.362060546875, 57.083961486816406, 18.120905933412843, 583, 223.0, 361, 8, 143486.9806060791, 78.93769073486328, 344.704345703125, 246.11832007903791
LOSS, 17382.04638671875, -20.002357482910156, 63.176490783691406, 25.010138685926258, 695, 191.0, 353, 12, 156479.7990989685, 50.240291595458984, 348.4852294921875, 225.15079007045827
LOSS, 11857.153564453125, -36.9998779296875, 65.7649917602539, 13.42825998239312, 883, 223.0, 341, 8, 181036.66422462463, 19.869836807250977, 371.7880554199219, 205.02453479572438
LOSS, -10670.963890075684, -25.936317443847656, 55.39115905761719, -1.7787904467537397, 5999, 218.2675018310547, 0, 6, 842484.7070388794, 17.83880615234375, 346.2105407714844, 140.43752409382887
LOSS, 23262.408447265625, -17.9522705078125, 62.809669494628906, 25.904686466888222, 898, 175.0, 340, 20, 225284.19721889496, 14.69986629486084, 376.098876953125, 250.8732708450946
LOSS, 11481.0, -39.0, 59.893104553222656, 9.527800829875519, 1205, 223.0, 319, 15, 243470.82150650024, 18.076290130615234, 386.10198974609375, 202.0504742792533
WIN , 27628.65000152588, -41.999755859375, 74.3038101196289, 17.905800389841787, 1543, 177.6999969482422, 297, 30, 354385.97028923035, 29.650537490844727, 384.9681701660156, 229.67334432224908
LOSS, 14182.533935546875, -18.766845703125, 58.336082458496094, 33.68772906305671, 421, 207.0, 371, 8, 110198.6861114502, 70.56966400146484, 385.1974182128906, 261.75459883954915
LOSS, 24472.802993774414, -18.462913513183594, 62.296043395996094, 26.775495616821022, 914, 185.39498901367188, 339, 21, 238920.0182571411, 62.103675842285156, 383.7119140625, 261.4004576117518
WIN , 26623.68825149536, -39.0, 63.793556213378906, 10.76139379607735, 2474, 127.62349700927734, 235, 24, 504116.7177608013, -3.689157724380493, 371.58441162109375, 203.76585196475398
LOSS, 10086.773315429688, -13.000030517578125, 57.659584045410156, 34.543744230923586, 292, 223.0, 380, 8, 76973.172996521, 123.21256256103516, 396.123779296875, 263.60675683740067
LOSS, 20242.276489257812, -35.0001220703125, 60.42320251464844, 23.73068756067739, 853, 186.447998046875, 343, 15, 216646.98746871948, 45.73445510864258, 375.4144287109375, 253.9824003150287
LOSS, 4353.9998779296875, -17.779939651489258, 55.440589904785156, 24.738635670055043, 176, 223.0, 388, 3, 47112.602363586426, 115.37967681884766, 371.48992919921875, 267.6852407021956
WIN , 27750.65000152588, -36.0001220703125, 80.6612319946289, 23.319873950862082, 1190, 193.6999969482422, 320, 26, 309148.6414871216, 48.38163757324219, 388.3874206542969, 259.7887743589257
LOSS, 21511.2353515625, -38.0, 61.925575256347656, 24.197115131116423, 889, 175.0, 340, 24, 225536.9850654602, 60.983699798583984, 395.097412109375, 253.69739602413972
WIN , 25314.0, -44.999755859375, 65.0521011352539, 14.358479863868405, 1763, 207.0, 282, 26, 413663.8306007385, 47.32537078857422, 399.6459655761719, 234.63631911556354
LOSS, 19100.438232421875, -35.0001220703125, 63.068458557128906, 20.298021500979676, 941, 175.0, 337, 16, 249473.05070114136, 59.83806228637695, 397.4410095214844, 265.11482539972513
WIN , 26723.74871826172, -32.672119140625, 83.079833984375, 24.0321481279332, 1112, 167.5025634765625, 325, 29, 282732.91845703125, 49.34490966796875, 400.2550354003906, 254.2562216340209
LOSS, 12827.0, -17.902565002441406, 64.4225082397461, 23.492673992673993, 546, 191.0, 363, 12, 147371.78157424927, 57.251914978027344, 402.55828857421875, 269.9116878649254
WIN , 24602.246963500977, -28.2080078125, 61.688743591308594, 5.289668235540954, 4651, 150.50607299804688, 89, 34, 857320.4908657074, 11.121849060058594, 392.9958801269531, 184.33035709862554
LOSS, 10784.300003051758, -18.880462646484375, 65.71173858642578, 23.142274684660425, 466, 196.39999389648438, 368, 7, 124485.8784866333, 66.19068145751953, 386.5221252441406, 267.1370782974964
LOSS, 18008.77294921875, -22.363372802734375, 65.9172592163086, 28.007422938131803, 643, 207.0, 357, 17, 158628.59506225586, 68.79613494873047, 404.25634765625, 246.70076992574784
LOSS, 7948.5927734375, -16.93963623046875, 67.8072280883789, 29.548672020213754, 269, 223.0, 382, 5, 74080.62115478516, 77.53140258789062, 399.7707824707031, 275.3926436980861
LOSS, -7084.330139160156, -27.281295776367188, 58.181678771972656, -1.180918509611628, 5999, 205.0, 0, 5, 700701.5130386353, 18.1016788482666, 374.88153076171875, 116.80305268188619
LOSS, 6751.0721435546875, -17.66242218017578, 59.42649841308594, 22.807676160657728, 296, 207.0, 380, 4, 79747.8508605957, 105.35333251953125, 402.6744079589844, 269.4184150695801
LOSS, 12192.7431640625, -36.0001220703125, 60.75347137451172, 22.918690158012218, 532, 223.0, 364, 12, 134335.49933624268, 50.02996826171875, 407.4091796875, 252.51033709820052
LOSS, 7965.07247543335, -18.462913513183594, 61.219993591308594, 28.046029843075175, 284, 108.18268585205078, 381, 6, 73024.44118118286, 58.05821990966797, 420.5679931640625, 257.1283140182495
LOSS, 7737.367408752441, -17.35771942138672, 61.53924560546875, 34.69671483745489, 223, 209.6999969482422, 385, 4, 58554.23140716553, 64.94905090332031, 399.03265380859375, 262.575028731684
LOSS, 21047.698974609375, -21.34002685546875, 66.5499038696289, 23.490735462733678, 896, 175.0, 340, 21, 241947.069316864, 57.336936950683594, 396.0015563964844, 270.03021129114285
WIN , 27317.40355682373, -33.737098693847656, 61.347129821777344, 21.358407784850453, 1279, 160.19288635253906, 314, 27, 341707.2764663696, 39.88927459716797, 407.4471740722656, 267.1675343755822
LOSS, 5466.680969238281, -22.933731079101562, 61.013404846191406, 28.178767882671554, 194, 207.0, 387, 8, 59507.12155151367, 117.09317016601562, 397.6399230957031, 306.73773995625606
WIN , 26354.0, -34.732421875, 77.510986328125, 18.03832991101985, 1461, 207.0, 302, 27, 387290.8101501465, 39.61785888671875, 404.7158203125, 265.08611235465196
LOSS, 17221.0, -21.533409118652344, 64.33402252197266, 16.261567516525023, 1059, 223.0, 329, 17, 266049.2206249237, 29.94599723815918, 397.3774719238281, 251.22683722844542
LOSS, 11057.882568359375, -16.143577575683594, 61.649070739746094, 29.805613391804247, 371, 191.0, 375, 5, 110103.73377227783, 76.16207885742188, 407.6791076660156, 296.77556272851166
LOSS, 6408.6697998046875, -20.42266845703125, 57.67249298095703, 15.36851270936376, 417, 207.0, 372, 2, 114642.63952636719, 91.76063537597656, 385.0458984375, 274.92239694572464
LOSS, 13841.593208312988, -36.24951171875, 60.524513244628906, 2.307316754177861, 5999, 213.00987243652344, 0, 30, 948854.5355262756, 24.243362426757812, 417.7471008300781, 158.16878405172122
WIN , 27615.786407470703, -45.00006103515625, 63.405662536621094, 21.710523905244262, 1272, 143.42718505859375, 315, 35, 362972.2574958801, 55.71974182128906, 407.0690612792969, 285.35554834581774
LOSS, 6731.0, -32.99993896484375, 59.96894073486328, 21.712903225806453, 310, 223.0, 379, 2, 77132.79532623291, 72.2481460571289, 393.6355285644531, 248.8154687942997
LOSS, 20344.00048828125, -20.02489471435547, 66.3976058959961, 26.250323210685483, 775, 223.0, 348, 20, 213402.7965965271, 38.511207580566406, 403.1026306152344, 275.35844722132526
WIN , 27282.0, -21.34002685546875, 66.5486831665039, 17.681140635126376, 1543, 191.0, 297, 27, 390987.77641677856, 39.74814987182617, 410.97625732421875, 253.394540775618
WIN , 27870.0, -21.974227905273438, 83.824462890625, 24.598411297440425, 1133, 175.0, 324, 29, 316663.2286262512, 52.932491302490234, 431.6630859375, 279.4909343567972
WIN , 25994.468879699707, -34.0869140625, 72.979736328125, 20.11955795642392, 1292, 146.06224060058594, 313, 25, 334178.89692878723, 27.55495262145996, 422.3251647949219, 258.6523970037053
LOSS, 13355.232788085938, -20.716552734375, 64.5647201538086, 23.80611905184659, 561, 223.0, 362, 11, 161120.3519897461, 73.6759033203125, 429.9541931152344, 287.20205345765794
LOSS, -5676.825294494629, -31.87286376953125, 60.972991943359375, -0.9462952649599314, 5999, 229.9903106689453, 0, 7, 563498.724032402, 12.811380386352539, 400.114013671875, 93.93210935695983
LOSS, 19385.5185546875, -23.9776611328125, 64.0914077758789, 29.371997810132576, 660, 207.0, 355, 6, 196290.11724853516, 79.11769104003906, 419.6540832519531, 297.4092685583866
LOSS, 15372.787109375, -23.16131591796875, 58.80638122558594, 24.247298279771293, 634, 223.0, 357, 16, 177688.23097991943, 53.10893249511719, 427.78460693359375, 280.2653485487688
LOSS, 14414.7890625, -33.00001525878906, 67.8209457397461, 16.998572007665093, 848, 223.0, 343, 12, 191328.78956604004, 40.62858200073242, 412.4198303222656, 225.6235726014623
LOSS, 2940.8953857421875, -13.753593444824219, 61.51435089111328, 26.49455302470439, 111, 175.0, 392, 2, 28605.88422393799, 80.6286849975586, 441.40789794921875, 257.710668684126
LOSS, 22790.10107421875, -15.612831115722656, 69.4591293334961, 37.29967442588993, 611, 207.0, 359, 16, 186481.5944442749, 83.43778228759766, 411.9231262207031, 305.2071922164892
WIN , 27770.0, -20.662147521972656, 64.31884765625, 21.08580106302202, 1317, 175.0, 312, 18, 343976.10012054443, 42.08555603027344, 422.61138916015625, 261.1815490664726
LOSS, 5719.1716384887695, -13.000030517578125, 59.375526428222656, 36.19728885119474, 158, 179.56382751464844, 389, 7, 49385.791358947754, 84.38118743896484, 409.38055419921875, 312.56829974017563
LOSS, 6020.08642578125, -16.00006103515625, 61.18644714355469, 33.44492458767361, 180, 207.0, 387, 2, 58269.367332458496, 98.05448150634766, 422.7301025390625, 323.7187074025472
WIN , 27164.0, -39.0, 75.474853515625, 21.18876755070203, 1282, 207.0, 314, 29, 347838.13945770264, 42.78240966796875, 414.1545715332031, 271.3246017610785
LOSS, 24271.0, -27.879638671875, 60.503150939941406, 20.63860544217687, 1176, 223.0, 321, 20, 334182.7481880188, 61.791194915771484, 427.9749755859375, 284.16900356124046
LOSS, 22634.565185546875, -39.0, 70.4521713256836, 23.382815274325285, 968, 207.0, 335, 22, 275831.1096153259, 41.72623825073242, 425.78277587890625, 284.94949340426234
LOSS, 19777.789794921875, -21.790939331054688, 62.673561096191406, 21.335264072191883, 927, 191.0, 338, 22, 277572.1514701843, 57.37272262573242, 426.3760681152344, 299.4305841102312
LOSS, 18681.03271484375, -16.156822204589844, 67.62015533447266, 31.8788954178221, 586, 175.0, 360, 10, 184922.1517944336, 86.74073791503906, 420.161376953125, 315.5668119358935
LOSS, 22244.49560546875, -37.0, 69.1917953491211, 28.702574974798388, 775, 207.0, 348, 15, 236905.03522491455, 65.44806671142578, 421.5735778808594, 305.68391641924455
WIN , 27937.2059173584, -26.536865234375, 79.94142150878906, 25.963946019849814, 1076, 140.58816528320312, 328, 27, 330237.0060997009, 59.35564422607422, 433.3268737792969, 306.9117157060418
WIN , 26845.250003814697, -30.322265625, 70.84746170043945, 12.359691530301426, 2172, 124.49999237060547, 255, 33, 549177.3418502808, 37.805015563964844, 420.1942138671875, 252.84408004156572
LOSS, 10225.043579101562, -37.06878662109375, 58.42200469970703, 20.009870017811277, 511, 223.0, 365, 7, 148492.4914855957, 69.63224792480469, 418.278076171875, 290.5919598543947
WIN , 26957.300003051758, -28.43994140625, 95.5672378540039, 18.877661066562855, 1428, 180.39999389648438, 304, 27, 375539.41693878174, 47.12071228027344, 421.38067626953125, 262.9827849711357
WIN , 26405.0, -35.99951171875, 79.90165710449219, 27.362694300518136, 965, 185.0, 335, 25, 277383.3549194336, 67.84724426269531, 430.38250732421875, 287.44389110822135
LOSS, -578.4250793457031, -27.343910217285156, 62.32947540283203, -0.09642024993260595, 5999, 201.89715576171875, 0, 3, 466057.32518965006, -1.2458853721618652, 415.14727783203125, 77.68916905978497
LOSS, 22952.00048828125, -20.160995483398438, 64.93254852294922, 29.46341526095154, 779, 207.0, 348, 14, 235239.16622161865, 84.67547607421875, 431.7881774902344, 301.97582313429865
LOSS, 14437.14013671875, -44.00006103515625, 63.267417907714844, 15.245132140146515, 947, 223.0, 336, 20, 232664.12782287598, 42.68784713745117, 432.036376953125, 245.68545704633155
LOSS, 14214.02734375, -22.831192016601562, 67.4352035522461, 22.96288746970921, 619, 223.0, 358, 14, 155519.9489440918, 50.5479850769043, 418.6093444824219, 251.2438593604068
LOSS, 5298.1806640625, 0, 62.714134216308594, 40.13773230350379, 132, 154.447998046875, 391, 4, 38629.17727661133, 91.05842590332031, 431.2481689453125, 292.64528239857066
LOSS, 16667.138427734375, -31.90216064453125, 65.9944839477539, 17.9024043262453, 931, 207.0, 337, 10, 246770.2593460083, 53.64267349243164, 423.82958984375, 265.0593548292248
LOSS, 22349.14599609375, -39.0, 60.75981140136719, 26.797537165580035, 834, 191.0, 344, 12, 236517.6973953247, 52.82555389404297, 422.6815490722656, 283.59436138528145
LOSS, 9486.22705078125, -13.720458984375, 63.776451110839844, 36.62635926942568, 259, 223.0, 382, 10, 85137.54211425781, 85.58116149902344, 435.3266906738281, 328.71637881952825
LOSS, 11942.14990234375, -16.00006103515625, 59.715797424316406, 31.262172519224478, 382, 223.0, 374, 7, 115638.36025238037, 73.16320037841797, 419.6849365234375, 302.71822055596954
WIN , 26574.0, -21.3397216796875, 64.6447525024414, 19.93548387096774, 1333, 207.0, 311, 30, 360465.35265159607, 31.775083541870117, 430.52325439453125, 270.4166186433579
LOSS, 22650.81396484375, -26.092529296875, 63.192359924316406, 27.860779784555657, 813, 207.0, 345, 14, 255647.23850250244, 60.71027374267578, 430.80938720703125, 314.4492478505565
LOSS, 10235.487937927246, -16.720489501953125, 60.255126953125, 23.91469144375525, 428, 201.8000030517578, 371, 10, 125172.08441925049, 74.9807357788086, 443.36669921875, 292.4581411664731
LOSS, 10182.7431640625, -20.649703979492188, 60.74790954589844, 38.13761484667603, 267, 223.0, 382, 10, 89151.96469116211, 166.82696533203125, 432.4251403808594, 333.9024894800079
LOSS, 18095.050537109375, -37.0, 59.569091796875, 21.960012787754096, 824, 191.0, 345, 17, 233682.00441360474, 52.205413818359375, 431.6310119628906, 283.5946655504912
LOSS, 11509.350852966309, -39.999755859375, 61.810203552246094, 18.15355024127178, 634, 201.8000030517578, 357, 7, 173393.44257736206, 35.09967803955078, 446.2175598144531, 273.4912343491515
WIN , 27232.802505493164, -35.0, 83.17472076416016, 21.76882694284026, 1251, 169.39498901367188, 316, 24, 371435.3678703308, 48.7874870300293, 433.940673828125, 296.91076568371767
LOSS, 22548.72705078125, -18.721778869628906, 66.2667007446289, 28.83468932324968, 782, 223.0, 347, 20, 233738.63117980957, 45.90247344970703, 431.5478210449219, 298.898505345025
LOSS, 12726.362060546875, -30.44158935546875, 64.7713394165039, 12.120344819568452, 1050, 207.0, 329, 10, 263082.1873855591, 60.17627716064453, 439.66656494140625, 250.55446417672295
WIN , 27784.40000152588, -30.650634765625, 75.2572250366211, 24.69724444580078, 1125, 146.1999969482422, 324, 21, 326701.96837615967, 70.85250854492188, 429.91156005859375, 290.40174966769746
WIN , 27033.40355682373, -39.0, 64.14742279052734, 22.434359798193967, 1205, 208.19288635253906, 319, 26, 340258.7911453247, 41.56946563720703, 444.3125915527344, 282.3724407845018
LOSS, -1782.1208877563477, -29.33441162109375, 53.2537841796875, -0.2970696595693195, 5999, 229.2417755126953, 0, 3, 387451.4966279268, -16.74808692932129, 419.89752197265625, 64.58601377361674
LOSS, 23172.86865234375, -21.34033203125, 64.8543472290039, 30.01666923878724, 772, 175.0, 348, 20, 240478.34156036377, 67.46218872070312, 435.8479309082031, 311.5004424357044
LOSS, 14542.993408203125, -39.0, 65.6520767211914, 24.52444082327677, 593, 223.0, 360, 17, 173763.04229736328, 50.470497131347656, 439.846435546875, 293.02368009673404
LOSS, 9977.272094726562, -22.708656311035156, 60.80665588378906, 9.029205515589648, 1105, 207.0, 326, 15, 228447.07026290894, 37.23847579956055, 438.0957336425781, 206.73943010218002
LOSS, 5604.038597106934, -19.299514770507812, 56.14112854003906, 32.77215553863704, 171, 169.8000030517578, 388, 7, 51048.88621902466, 58.2426643371582, 445.1983337402344, 298.53149835686935
LOSS, 10144.559997558594, -17.662269592285156, 66.7824478149414, 27.343827486680844, 371, 175.8800048828125, 375, 10, 111644.49293518066, 90.48527526855469, 441.5848693847656, 300.9285523859317
WIN , 26640.0, -43.350196838378906, 62.06122589111328, 15.275229357798166, 1744, 175.0, 283, 26, 420101.2506942749, 40.879722595214844, 437.1907043457031, 240.88374466414845
LOSS, 21881.0, -20.662147521972656, 64.9754867553711, 25.532088681446908, 857, 223.0, 342, 19, 249549.8149356842, 28.129228591918945, 462.9390869140625, 291.18998242203526
LOSS, 17024.160400390625, -33.000244140625, 67.25089263916016, 22.459314512388687, 758, 223.0, 349, 18, 221852.7502593994, 49.827720642089844, 437.12469482421875, 292.68172857440555
LOSS, 11791.912475585938, -15.999755859375, 67.54293060302734, 35.84167925710011, 329, 223.0, 378, 8, 109246.57053375244, 111.79629516601562, 434.96728515625, 332.0564453913448
WIN , 27336.345001220703, -21.34033203125, 79.29348754882812, 22.49904938372074, 1215, 162.30999755859375, 318, 23, 369738.7872848511, 56.56772994995117, 438.7478942871094, 304.31175908218194
LOSS, 7614.8287353515625, -17.557701110839844, 58.232032775878906, 27.589959186056387, 276, 223.0, 381, 2, 79976.43058013916, 65.80924987792969, 441.76751708984375, 289.76967601499695
LOSS, 7091.349853515625, -18.46306610107422, 61.879478454589844, 19.011661805671917, 373, 207.0, 375, 6, 112993.70707702637, 43.52758026123047, 435.492431640625, 302.9321905550305
LOSS, 17827.16552734375, -40.9998779296875, 68.7578353881836, 26.063107496116594, 684, 175.0, 354, 15, 199186.56594848633, 64.3838882446289, 467.54937744140625, 291.20842974924904
WIN , 26271.0, -20.133766174316406, 62.656471252441406, 27.712025316455698, 948, 153.0, 336, 19, 285792.68113708496, 55.98686981201172, 449.6297302246094, 301.4690729294145
WIN , 27785.33000946045, -39.0, 58.776466369628906, 18.388702852058536, 1511, 144.33998107910156, 299, 20, 450872.4041557312, 39.22196578979492, 459.4980773925781, 298.39338461663215
LOSS, 23780.385498046875, -19.157005310058594, 63.275978088378906, 24.142523348270938, 985, 207.0, 334, 28, 302963.68086242676, 40.45022201538086, 454.6470642089844, 307.577340977083
WIN , 27671.940521240234, -24.108604431152344, 77.0015640258789, 27.979717412780822, 989, 171.11895751953125, 334, 28, 310220.26779937744, 46.65401077270508, 448.41357421875, 313.6706448932027
LOSS, 5783.8720703125, -18.562828063964844, 61.439605712890625, 27.80707726111779, 208, 127.5, 386, 3, 59923.552101135254, 67.99141693115234, 448.7536315917969, 288.0940004862272
LOSS, 13447.089111328125, -41.9998779296875, 64.0941390991211, 31.418432503103094, 428, 191.0, 371, 7, 124031.50573348999, 53.289676666259766, 444.4101867675781, 289.79323769507005
LOSS, -7590.963890075684, -28.278610229492188, 53.29376220703125, -1.2653715436032145, 5999, 218.2675018310547, 0, 7, 347701.2896257341, -13.070096969604492, 438.0262451171875, 57.95987491677514
LOSS, 22373.42529296875, -42.00048828125, 66.0533676147461, 30.564788651596654, 732, 175.0, 351, 19, 233616.47345733643, 73.69554138183594, 437.4853820800781, 319.1481877832465
LOSS, 13691.88623046875, -37.000030517578125, 63.496925354003906, 20.466197653914424, 669, 223.0, 355, 12, 196784.05647277832, 63.30223846435547, 438.0209655761719, 294.14657170818884
WIN , 25307.074905395508, -40.9998779296875, 83.76410675048828, 19.18656171750986, 1319, 180.85018920898438, 312, 15, 390852.3870315552, 53.13868713378906, 450.1759338378906, 296.3247816766908
LOSS, 20245.300491333008, -37.0, 69.1417465209961, 19.15354824156387, 1057, 180.39999389648438, 329, 17, 271550.99771499634, 40.42080307006836, 435.768798828125, 256.9072826064298
LOSS, 17292.38134765625, -19.095245361328125, 65.9789047241211, 35.65439453125, 485, 207.0, 367, 10, 160065.67784118652, 94.87425231933594, 440.83447265625, 330.0323254457454
LOSS, 10625.172729492188, -19.13629150390625, 61.129676818847656, 32.295357840401785, 329, 175.0, 378, 10, 103608.0641822815, 58.99150466918945, 443.6401062011719, 314.91812821362157
LOSS, 11703.204711914062, -15.262458801269531, 64.22660064697266, 32.69051595506721, 358, 207.0, 376, 10, 118679.24342346191, 147.91683959960938, 440.5937805175781, 331.506266545983
LOSS, 14512.939697265625, -20.078506469726562, 60.899269104003906, 21.31121835134453, 681, 223.0, 354, 15, 209355.91609954834, 69.2689437866211, 446.06451416015625, 307.42425271593004
LOSS, 20237.330322265625, -17.91313934326172, 63.486228942871094, 23.18136348484035, 873, 185.0, 341, 19, 271272.65620803833, 62.61513900756836, 456.26983642578125, 310.73614685915044
WIN , 27900.65000152588, -24.7666015625, 76.7903823852539, 23.269933279004068, 1199, 193.6999969482422, 320, 28, 395912.8486557007, 93.67755889892578, 450.80999755859375, 330.202542665305
LOSS, 9850.725341796875, -17.66242218017578, 68.2811508178711, 34.56394856770833, 285, 223.0, 380, 3, 92250.10523986816, 134.44017028808594, 423.2249755859375, 323.6845797890111
LOSS, 10882.07666015625, -16.165496826171875, 60.775047302246094, 31.09164760044643, 350, 223.0, 376, 6, 119509.49020385742, 78.03619384765625, 441.784423828125, 341.4556862967355
WIN , 27321.74871826172, -20.306907653808594, 65.5403823852539, 30.18977758923947, 905, 151.5025634765625, 339, 23, 297622.1587677002, 61.08123779296875, 444.9129638671875, 328.86426383171295
LOSS, 4652.8701171875, -15.719833374023438, 54.35546875, 26.58782924107143, 175, 223.0, 388, 1, 53690.17127990723, 88.63004302978516, 420.9312438964844, 306.800978742327
LOSS, 17947.227783203125, -37.0, 64.9019546508789, 15.757004199475967, 1139, 175.0, 324, 13, 290384.7229042053, 44.141204833984375, 449.3245544433594, 254.9470789325771
LOSS, 21392.300003051758, -20.048049926757812, 63.954689025878906, 25.10833333691521, 852, 180.39999389648438, 343, 24, 250589.54928588867, 65.31945037841797, 445.86376953125, 294.1191893026862
LOSS, 7914.0367431640625, -32.99993896484375, 63.261253356933594, 20.086387673005234, 394, 191.0, 373, 6, 110710.01029968262, 79.67255401611328, 444.8726806640625, 280.9898738570625
LOSS, 17519.0, -35.9466552734375, 66.5141830444336, 23.48391420911528, 746, 207.0, 350, 12, 220657.22924804688, 74.8057861328125, 451.289794921875, 295.78717057378935
WIN , 27096.0, -37.0, 79.5458984375, 19.189801699716714, 1412, 223.0, 305, 32, 383833.6550178528, 47.436405181884766, 448.1645202636719, 271.8368661599524
LOSS, -6610.963890075684, -34.080810546875, 58.19959259033203, -1.1020109835098655, 5999, 218.2675018310547, 0, 6, 387221.48733615875, -9.051860809326172, 428.6097717285156, 64.54767250144337
LOSS, 9559.454223632812, -15.6121826171875, 56.50275421142578, 27.004107976363876, 354, 191.0, 376, 8, 118145.06559753418, 139.11158752441406, 431.57470703125, 333.7431231568762
LOSS, 10116.589721679688, -16.185134887695312, 70.2928695678711, 41.29220294563138, 245, 207.0, 383, 3, 78146.93259429932, 100.3493423461914, 422.3478698730469, 318.9670718134666
WIN , 26075.360481262207, -42.999755859375, 69.2320785522461, 16.704266804139788, 1561, 164.27903747558594, 295, 25, 402253.7873573303, 28.384178161621094, 448.0806884765625, 257.68980612256905
LOSS, 7551.0, -14.30963134765625, 70.5330581665039, 35.957142857142856, 210, 223.0, 385, 9, 61962.51731109619, 32.256290435791016, 435.9103698730469, 295.0596062433152
LOSS, 20411.0, -40.9998779296875, 67.0091781616211, 14.41454802259887, 1416, 223.0, 305, 21, 386461.79930877686, 61.68402099609375, 438.7132263183594, 272.92499951184806
LOSS, 21553.114501953125, -40.418701171875, 63.900062561035156, 12.351355015445916, 1745, 191.0, 283, 14, 409424.7657585144, 49.581485748291016, 442.35015869140625, 234.6273729275154
LOSS, 9861.0, -31.630859375, 65.8836898803711, 26.156498673740053, 377, 223.0, 374, 8, 114242.88829803467, 71.53512573242188, 447.8347473144531, 303.03153394704157
LOSS, 20210.068214416504, -18.046875, 67.2514877319336, 25.844077000532614, 782, 209.6999969482422, 347, 23, 249540.76626586914, 74.83238983154297, 438.7254638671875, 319.10583921466645
LOSS, 13304.478515625, -20.078506469726562, 59.19837188720703, 22.626664142219386, 588, 207.0, 360, 14, 177873.42934417725, 70.00630950927734, 438.65020751953125, 302.50583221798854
LOSS, 15308.69873046875, -18.841163635253906, 67.4046859741211, 34.324436615400785, 446, 175.0, 370, 10, 149291.96418762207, 65.72470092773438, 440.3630065917969, 334.7353457121571
LOSS, 19281.0, -17.36884307861328, 63.412696838378906, 26.742024965325935, 721, 223.0, 351, 16, 215199.82056427002, 74.06918334960938, 446.5461730957031, 298.47409232214983
LOSS, 17425.698486328125, -16.13641357421875, 68.5433120727539, 30.09619773113666, 579, 223.0, 361, 18, 189659.30478286743, 58.96067428588867, 444.10784912109375, 327.56356611894205
LOSS, 13234.725830078125, -17.98279571533203, 65.16776275634766, 28.158991127825796, 470, 191.0, 368, 7, 148658.7271347046, 92.25357055664062, 447.9371032714844, 316.29516411639275
WIN , 27369.45249938965, -30.322265625, 75.02041625976562, 24.43701116016933, 1120, 156.09500122070312, 325, 26, 336332.3664627075, 61.2923469543457, 448.6246643066406, 300.29675577027456
WIN , 26755.300003051758, -20.37274169921875, 90.3938980102539, 27.783281415422387, 963, 164.39999389648438, 335, 22, 330287.1852645874, 80.81524658203125, 446.00799560546875, 342.97734710756737
LOSS, 18470.98671722412, -19.876625061035156, 63.207618713378906, 23.680752201569387, 780, 185.8000030517578, 347, 18, 237790.5496520996, 62.42567443847656, 450.1065979003906, 304.85967904115336
LOSS, 11270.677490234375, -17.662269592285156, 61.971046447753906, 30.87856846639555, 365, 175.0, 375, 11, 119296.81439971924, 94.58869934082031, 444.2737731933594, 326.84058739649106
LOSS, 12392.092651367188, -19.143455505371094, 64.56075286865234, 24.58748541937934, 504, 207.0, 366, 6, 145908.69012451172, 64.25186920166016, 433.498291015625, 289.5013692946661
LOSS, 15201.0, -17.35771942138672, 67.0528335571289, 27.688524590163933, 549, 223.0, 363, 13, 156889.04808807373, 57.790008544921875, 441.682861328125, 285.7724008890232
LOSS, 17132.670166015625, -22.337188720703125, 65.4808578491211, 24.267238195489554, 706, 191.0, 352, 13, 224798.38300323486, 75.1317367553711, 451.51727294921875, 318.41130737002106
LOSS, 14553.4716796875, -20.387313842773438, 69.4359359741211, 32.85208054105531, 443, 175.0, 370, 11, 149633.18363952637, 102.41793060302734, 445.0829772949219, 337.7724235655223
LOSS, 23306.1875, -40.00048828125, 61.974098205566406, 20.005311158798282, 1165, 207.0, 322, 26, 337222.83184051514, 44.09366989135742, 460.6535339355469, 289.46165823220184
LOSS, 14624.109130859375, -17.017379760742188, 69.5097885131836, 32.86316658620084, 445, 223.0, 370, 11, 146553.72563171387, 82.30155944824219, 447.0429382324219, 329.3342149027278
LOSS, 7760.091079711914, -19.57110595703125, 58.410255432128906, 35.596748072073, 218, 201.39498901367188, 385, 5, 70990.89382171631, 74.45643615722656, 440.9266357421875, 325.64630193447846
LOSS, 23380.951416015625, -26.092529296875, 66.71569061279297, 28.51335538538491, 820, 191.0, 345, 19, 271258.8878173828, 91.82461547851562, 466.9039611816406, 330.80352172851565
LOSS, 22011.0, -18.463523864746094, 62.72895050048828, 15.767191977077363, 1396, 223.0, 306, 20, 358266.96139907837, 41.7227668762207, 448.07965087890625, 256.6382244979071
LOSS, 7831.70654296875, -16.00006103515625, 70.68350982666016, 38.017992927032765, 206, 175.0, 386, 8, 74881.92881774902, 216.40321350097656, 446.63232421875, 363.5045088240244
LOSS, 14819.026123046875, -18.462913513183594, 64.0419692993164, 20.581980726453992, 720, 223.0, 351, 13, 241269.223487854, 89.13970947265625, 447.8707275390625, 335.0961437331306
LOSS, 25718.361572265625, -34.0, 65.2840347290039, 22.962822832380024, 1120, 207.0, 325, 29, 339916.5282058716, 52.313453674316406, 461.4027404785156, 303.4969001838139
WIN , 27047.75, -33.000244140625, 64.50003814697266, 21.569178628389153, 1254, 159.5, 316, 29, 383429.69076538086, 71.26838684082031, 444.87176513671875, 305.76530364065457
LOSS, 8494.076393127441, -19.876850128173828, 64.0431900024414, 35.39198497136434, 240, 209.6999969482422, 383, 6, 78115.29750823975, 83.61701202392578, 440.7247009277344, 325.4804062843323
WIN , 27107.05731201172, -36.795135498046875, 81.41048431396484, 11.490910263676014, 2359, 180.8853759765625, 242, 15, 492720.19996261597, 25.171266555786133, 449.80572509765625, 208.86824924231283
LOSS, 10739.0, -17.662269592285156, 66.68799591064453, 27.535897435897436, 390, 207.0, 373, 5, 122076.70391082764, 91.47854614257812, 457.0575256347656, 313.0171895149427
LOSS, 10557.614990234375, -20.1611328125, 63.923851013183594, 24.66732474353826, 428, 223.0, 371, 7, 135381.1589050293, 85.8878173828125, 433.28826904296875, 316.3111189369843
LOSS, 17354.82958984375, -18.46306610107422, 60.894081115722656, 27.591144022009143, 629, 191.0, 358, 8, 210237.22988891602, 60.82344055175781, 448.73724365234375, 334.2404290761781
WIN , 26792.0, -22.558677673339844, 66.29544830322266, 20.898595943837755, 1282, 191.0, 314, 30, 393875.42543029785, 65.25389862060547, 452.4676208496094, 307.23512124048193
LOSS, 23640.11865234375, -21.671646118164062, 66.9408187866211, 31.68916709429457, 746, 223.0, 350, 14, 242734.3300628662, 69.66995239257812, 452.0619201660156, 325.38113949445875
LOSS, 13193.00390625, -17.662269592285156, 62.797142028808594, 17.382086833003953, 759, 207.0, 349, 11, 208233.2961883545, 34.03315734863281, 447.7852478027344, 274.3521688911126
LOSS, 6643.9998779296875, -21.074981689453125, 61.48413848876953, 26.054901482077206, 255, 223.0, 382, 5, 81062.44286346436, 77.32816314697266, 446.8736572265625, 317.8919327978994
LOSS, -3841.532341003418, -25.90423583984375, 59.3431396484375, -0.6403621171867675, 5999, 228.06468200683594, 0, 4, 420652.74937817454, -5.727064609527588, 439.743408203125, 70.120478309414
LOSS, 22897.94287109375, -19.748764038085938, 57.683937072753906, 24.463614178518963, 936, 207.0, 337, 18, 295570.90885162354, 75.13578796386719, 458.62481689453125, 315.78088552523883
LOSS, 22822.062744140625, -20.002967834472656, 90.9798355102539, 20.054536682021638, 1138, 207.0, 324, 23, 324082.35329437256, 69.75650024414062, 450.33953857421875, 284.7823842657052
LOSS, 24140.88427734375, -37.0, 67.61945343017578, 14.250817164901859, 1694, 191.0, 287, 24, 441734.83892440796, 57.64997482299805, 455.38043212890625, 260.76436772397165
LOSS, 8786.8369140625, -16.48968505859375, 64.75272369384766, 36.01162669697746, 244, 207.0, 383, 10, 85692.17086791992, 161.98060607910156, 453.70843505859375, 351.19742158983576
LOSS, 9101.522827148438, -15.980766296386719, 64.02411651611328, 27.91878167836944, 326, 175.0, 378, 5, 111546.12579345703, 162.51300048828125, 446.4228515625, 342.1660300412792
LOSS, 12723.999877929688, -25.601978302001953, 64.1545639038086, 25.09664670203094, 507, 223.0, 366, 9, 166144.54314804077, 59.98885726928711, 443.1957092285156, 327.70126853656956
LOSS, 13094.103149414062, -16.48967742919922, 57.069007873535156, 27.336332253474033, 479, 207.0, 368, 13, 166477.44248962402, 116.89644622802734, 443.8210754394531, 347.55207200339044
LOSS, 10180.306884765625, -17.662269592285156, 57.261573791503906, 27.891251739083906, 365, 191.0, 375, 7, 124759.48609924316, 112.85328674316406, 451.440185546875, 341.8068112308032
LOSS, 25942.57177734375, -23.9776611328125, 60.667625427246094, 21.636840514882195, 1199, 207.0, 320, 23, 377619.45093536377, 66.52010345458984, 459.9970397949219, 314.9453302213209
WIN , 28487.300003051758, -19.87841033935547, 80.5135269165039, 22.06607281413769, 1291, 180.39999389648438, 313, 25, 406534.1953430176, 98.8334732055664, 446.0641784667969, 314.898679584057
WIN , 28476.83213043213, -31.086883544921875, 84.39656829833984, 24.591392167903393, 1158, 181.3357391357422, 322, 34, 374346.40965270996, 68.11148071289062, 453.15301513671875, 323.2697838106304
WIN , 26699.80992126465, -48.690162658691406, 85.32003784179688, 16.64576678383083, 1604, 175.38015747070312, 293, 20, 444762.2274169922, 51.03199768066406, 450.9524230957031, 277.28318417518216
LOSS, 6793.9998779296875, -17.35771942138672, 67.50724029541016, 23.108843122209823, 294, 223.0, 380, 2, 87568.46313476562, 102.18771362304688, 443.6640625, 297.85191542437286
LOSS, 11996.278564453125, -39.0, 56.158973693847656, 16.455800499935698, 729, 191.0, 351, 10, 195043.17387771606, 60.55287551879883, 448.4143981933594, 267.54893536037866
WIN , 29283.940521240234, -28.64715576171875, 69.9751968383789, 23.0400790883086, 1271, 187.11895751953125, 315, 30, 407728.13178253174, 38.858489990234375, 445.66363525390625, 320.7931800019919
LOSS, 21825.343994140625, -34.0869140625, 59.626075744628906, 22.711075956441857, 961, 207.0, 335, 21, 305743.97386169434, 64.40400695800781, 442.5857238769531, 318.15189787897435
LOSS, 10254.405151367188, -26.092529296875, 66.21268463134766, 26.026409013622303, 394, 223.0, 373, 3, 137034.74797058105, 103.78097534179688, 443.10150146484375, 347.80392885934276
LOSS, 17715.88720703125, -20.6591796875, 61.695556640625, 22.977804418976977, 771, 207.0, 348, 13, 238401.4415283203, 75.36038208007812, 442.8276672363281, 309.21068940119363
LOSS, 15271.196533203125, -18.612060546875, 56.766578674316406, 24.710674001946803, 618, 223.0, 358, 6, 196034.96919250488, 79.78785705566406, 446.74066162109375, 317.20868801376196
LOSS, -5160.491233825684, -35.69189453125, 51.6827392578125, -0.8602252431781436, 5999, 225.9824676513672, 0, 4, 388247.8739706278, -8.350117683410645, 453.1318664550781, 64.71876545601397
WIN , 28583.550003051758, -20.48743438720703, 81.74922180175781, 28.469671317780634, 1004, 167.89999389648438, 333, 26, 330357.17027282715, 99.38407135009766, 457.4187927246094, 329.0410062478358
LOSS, 8353.859252929688, -18.90283966064453, 58.06781005859375, 21.475216588508193, 389, 185.0, 374, 7, 114657.62098312378, 62.60758590698242, 446.7503356933594, 294.74966833707913
WIN , 25902.0, -41.9998779296875, 84.9365234375, 12.399234083293441, 2089, 191.0, 260, 29, 570527.6480903625, 61.44259262084961, 459.27239990234375, 273.11041076609024
LOSS, 15334.5712890625, -18.774757385253906, 57.065040588378906, 28.60927479302705, 536, 207.0, 364, 10, 171368.90492248535, 93.91090393066406, 443.6185302734375, 319.7181061986667
LOSS, 8407.71728515625, -22.18511962890625, 57.32886505126953, 32.21347618833812, 261, 175.0, 382, 6, 91525.19757080078, 154.4029083251953, 447.442626953125, 350.6712550605394
WIN , 27140.0, -38.0, 87.1044921875, 12.923809523809524, 2100, 175.0, 259, 25, 529641.8088684082, 41.494869232177734, 454.0823059082031, 252.21038517543246
LOSS, 8817.710815429688, -14.80438232421875, 68.5649642944336, 35.41249323465738, 249, 223.0, 383, 12, 87426.11590576172, 186.13327026367188, 443.3624267578125, 351.10889921992657
LOSS, 15097.121826171875, -44.999755859375, 60.694801330566406, 18.05875816527736, 836, 223.0, 344, 11, 252654.62270355225, 74.72390747070312, 448.5870361328125, 302.2184482099907
LOSS, 22899.053955078125, -21.89972686767578, 66.0497055053711, 19.70658688044589, 1162, 175.0, 322, 17, 370222.26540374756, 73.3971939086914, 447.4416809082031, 318.60780155227843
LOSS, 11098.050415039062, -19.764404296875, 61.864234924316406, 28.311353099589446, 392, 191.0, 373, 9, 134385.52449035645, 151.2157745361328, 450.8858947753906, 342.8202155366236
LOSS, 10208.235740661621, -39.0, 58.443809509277344, 24.71727782242523, 413, 201.8000030517578, 372, 10, 127836.59308624268, 93.25264739990234, 438.2092590332031, 309.5317023879968
LOSS, 15993.18115234375, -21.96563720703125, 63.166114807128906, 23.14497995997648, 691, 175.0, 353, 12, 227824.77754974365, 110.20071411132812, 452.631591796875, 329.7030065842889
LOSS, 16600.68994140625, -18.77500343322754, 60.289306640625, 27.16970530508388, 611, 223.0, 359, 11, 205910.28733062744, 117.08902740478516, 436.3697814941406, 337.0053802465261
WIN , 28075.300003051758, -19.13690185546875, 73.5115737915039, 27.284062199272846, 1029, 164.39999389648438, 331, 22, 320615.8148498535, 80.6987533569336, 448.15692138671875, 311.5799949949986
WIN , 27569.40355682373, -36.0001220703125, 79.19258880615234, 20.05047531405362, 1375, 176.19288635253906, 308, 30, 395399.1788444519, 52.097007751464844, 448.5387268066406, 287.5630391596014
LOSS, 19652.18505859375, -18.27151870727539, 60.924774169921875, 24.291946920387826, 809, 172.5, 346, 21, 272216.1399536133, 102.58261108398438, 460.3514099121094, 336.48472182152443
LOSS, 10457.732177734375, -17.886703491210938, 60.086585998535156, 24.722771105755022, 423, 223.0, 371, 5, 132910.84578704834, 105.8850326538086, 455.0498046875, 314.2100373216273
LOSS, 12631.509155273438, -38.0, 59.849464416503906, 22.160542377672698, 570, 207.0, 361, 9, 171695.41687774658, 87.01140594482422, 436.297607421875, 301.2200296100817
WIN , 27936.0, -42.00048828125, 82.5830078125, 21.962264150943398, 1272, 223.0, 315, 28, 391473.39500427246, 76.18856048583984, 444.8882751464844, 307.76210299078025
WIN , 28629.707305908203, -39.10938262939453, 85.30941009521484, 22.885457478743568, 1251, 135.58538818359375, 316, 26, 386480.84370040894, 45.49339294433594, 445.38787841796875, 308.93752494037483
LOSS, 18521.43896484375, -19.3548583984375, 60.585548400878906, 26.64955246740108, 695, 207.0, 353, 12, 237591.7915802002, 174.4083709716797, 440.6248474121094, 341.8586929211514
LOSS, 18185.93896484375, -19.72021484375, 57.71209716796875, 19.831994509098966, 917, 223.0, 338, 17, 267918.23609924316, 69.27497863769531, 447.3476257324219, 292.1681964004833
LOSS, 24475.2666015625, -23.88427734375, 83.0548324584961, 20.012482912152493, 1223, 191.0, 318, 23, 406015.50382232666, 58.12103271484375, 445.6695251464844, 331.98324106486234
LOSS, 8440.669921875, -18.019149780273438, 60.78284454345703, 28.22966529055184, 299, 207.0, 380, 8, 90270.73043823242, 106.16968536376953, 440.1986999511719, 301.90879745228233
LOSS, 22373.56982421875, -19.144065856933594, 62.824317932128906, 19.729779386436288, 1134, 191.0, 324, 19, 362321.0926361084, 107.24620819091797, 447.65264892578125, 319.5071363634113
LOSS, 25889.0, -22.946990966796875, 57.48912811279297, 18.066294487090023, 1433, 207.0, 304, 26, 432497.96516418457, 68.47407531738281, 453.539794921875, 301.8129554530248
LOSS, 8838.558349609375, -18.0462646484375, 60.123802185058594, 32.97969533436334, 268, 175.0, 382, 8, 94050.02055358887, 183.8582763671875, 445.2272033691406, 350.9329125133913
LOSS, 20612.276489257812, -27.88848876953125, 61.501075744628906, 24.77437078035795, 832, 186.447998046875, 344, 16, 274577.21030426025, 86.2887191772461, 448.2671203613281, 330.02068546185126
WIN , 27522.491676330566, -25.638717651367188, 85.43052673339844, 19.8861934077533, 1384, 170.0166473388672, 307, 28, 447851.3216781616, 74.74449157714844, 451.1927490234375, 323.5919954321977
WIN , 28374.0, -29.368057250976562, 79.8201675415039, 21.676088617265087, 1309, 207.0, 312, 28, 408975.45317840576, 87.12603759765625, 443.37335205078125, 312.43350128220453
LOSS, 9830.93314743042, -18.46306610107422, 61.23100662231445, 23.518978821603877, 418, 105.11124420166016, 372, 7, 126906.14511871338, 81.83686065673828, 455.79412841796875, 303.6032179873526
WIN , 26570.65000152588, -35.180763244628906, 71.24044036865234, 8.910345406279637, 2982, 193.6999969482422, 201, 34, 610364.5727348328, 36.006011962890625, 452.3370056152344, 204.68295531013842
LOSS, 15398.114891052246, -17.662269592285156, 63.266212463378906, 20.049628764390945, 768, 201.8000030517578, 348, 15, 245575.70512390137, 86.39867401123047, 439.8213195800781, 319.76003271341324
LOSS, 6821.0, -18.462913513183594, 55.24907684326172, 30.048458149779737, 227, 223.0, 384, 3, 70537.10250091553, 98.48356628417969, 445.73602294921875, 310.73613436526665
WIN , 27492.0, -36.0, 60.15556335449219, 24.857142857142858, 1106, 191.0, 326, 21, 360342.79473876953, 82.81986999511719, 442.01922607421875, 325.80722851606646
LOSS, 22388.322021484375, -34.0869140625, 60.487060546875, 21.75735862146198, 1029, 191.0, 331, 28, 328159.7957229614, 83.37616729736328, 437.63067626953125, 318.9113661058906
LOSS, 22519.2041015625, -16.362655639648438, 67.3897476196289, 26.124366707149072, 862, 175.0, 342, 12, 284360.6322860718, 84.02761840820312, 437.8782958984375, 329.8847242297816
LOSS, 12240.461791992188, -21.18408203125, 64.3508071899414, 24.38339002388882, 502, 207.0, 366, 8, 160078.29401397705, 84.26700592041016, 444.629150390625, 318.88106377286266
LOSS, 8993.999877929688, -18.360992431640625, 62.661354064941406, 27.254545084635417, 330, 223.0, 377, 7, 101908.41467285156, 90.09190368652344, 442.4702453613281, 308.8133777965199
LOSS, 22329.499267578125, -16.640419006347656, 64.1951675415039, 33.67948607477847, 663, 207.0, 355, 8, 219928.32386779785, 135.7653045654297, 441.1076354980469, 331.71692891070563
LOSS, 25192.72802734375, -22.418594360351562, 60.49632263183594, 23.54460563303154, 1070, 207.0, 328, 23, 344620.1745529175, 76.3510971069336, 438.5700988769531, 322.07492948870794
LOSS, 23257.5693359375, -39.999755859375, 64.7185287475586, 21.655092491561916, 1074, 207.0, 328, 22, 313231.4511985779, 58.81242752075195, 444.2534484863281, 291.6493959018416
LOSS, 13427.0, -24.5172119140625, 59.935523986816406, 26.021317829457363, 516, 191.0, 365, 14, 155266.1405029297, 87.75267791748047, 435.44073486328125, 300.90337306769317
LOSS, 19746.83261871338, -20.4913330078125, 68.1657943725586, 24.560737087951964, 804, 197.3357391357422, 346, 11, 240869.44486999512, 58.87830352783203, 438.7360534667969, 299.5888617786009
LOSS, 10242.045776367188, -20.1611328125, 63.515846252441406, 23.544932819234912, 435, 191.0, 370, 4, 139630.66441345215, 109.51884460449219, 439.57635498046875, 320.99003313437277
LOSS, 17815.01123046875, -39.999755859375, 65.4958267211914, 22.810513739396608, 781, 223.0, 347, 16, 232909.21617126465, 91.10791778564453, 441.7035217285156, 298.21922685181136
LOSS, 14432.50390625, -17.662269592285156, 62.928993225097656, 31.930318376659294, 452, 223.0, 369, 17, 149896.524559021, 99.66190338134766, 439.4637451171875, 331.6294791128783
LOSS, 23395.47607421875, -40.860450744628906, 59.629127502441406, 24.21891933148939, 966, 175.0, 335, 16, 309081.3842315674, 74.3971939086914, 445.6290588378906, 319.96002508443826
LOSS, 5575.835021972656, -17.072113037109375, 63.76599884033203, 32.993106638891454, 169, 207.0, 388, 3, 60219.93258666992, 266.8546447753906, 443.60711669921875, 356.3309620513013
WIN , 28134.0, -23.9520263671875, 66.4378890991211, 19.09979633401222, 1473, 207.0, 301, 26, 462465.70447540283, 69.97171020507812, 452.4637451171875, 313.9617817212511
LOSS, 25626.95361328125, -42.00048828125, 60.372825622558594, 22.342592513758717, 1147, 191.0, 323, 30, 357294.0971374512, 76.05672454833984, 434.5019836425781, 311.5031361268101
LOSS, 23118.802505493164, -42.97679138183594, 63.208839416503906, 3.8537760469233477, 5999, 187.39498901367188, 0, 19, 917798.8565826416, 21.86072540283203, 439.7278747558594, 152.99197475956686
WIN , 27583.897872924805, -19.90795135498047, 62.884132385253906, 24.497245002597516, 1126, 167.20425415039062, 324, 28, 345627.13049316406, 78.04487609863281, 447.9526672363281, 306.95127042021676
LOSS, 5332.987243652344, -18.576065063476562, 61.22308349609375, 22.502055880389637, 237, 191.0, 384, 4, 70213.77992248535, 118.69606018066406, 438.9788818359375, 296.26067477841923
LOSS, 23366.306465148926, -33.000244140625, 65.2889175415039, 22.064500911377646, 1059, 180.87095642089844, 329, 15, 319772.86085510254, 85.9578628540039, 437.57666015625, 301.9573756894264
LOSS, 25686.4482421875, -20.662147521972656, 63.16992950439453, 26.840593774490596, 957, 191.0, 336, 25, 300637.5804977417, 71.02655792236328, 450.2528991699219, 314.145852139751
WIN , 27322.29999923706, -20.345993041992188, 82.4664077758789, 27.514904329543867, 993, 110.4000015258789, 333, 20, 301738.79780578613, 93.12063598632812, 442.1341247558594, 303.8658588175087
LOSS, 5942.58447265625, -16.7203369140625, 62.07654571533203, 22.50978966915246, 264, 223.0, 382, 5, 83466.82745361328, 132.18592834472656, 434.908203125, 316.1622252030806
LOSS, 16911.4892578125, -38.0, 60.98686218261719, 20.204885612679213, 837, 175.0, 344, 11, 221149.33628082275, 75.53980255126953, 441.27362060546875, 264.2166502757739
LOSS, 4980.237609863281, -21.115150451660156, 54.585792541503906, 20.00095425647904, 249, 191.0, 383, 0, 59330.08827209473, 36.79445266723633, 413.9010009765625, 238.27344687588243
