LOSS, -480.0, -512.0, 16.0, -0.08001333555592599, 5999, 201.5025634765625, 0, 2, 1850.3525206446648, 0.1236705482006073, 17.081518173217773, 0.30844349402311466
LOSS, -512.0, -512.0, 0.0, -0.08534755792632105, 5999, 165.94898986816406, 0, 2, 16527.28508758545, 0.2237696647644043, 33.351585388183594, 2.7550066823779713
LOSS, -512.0, -512.0, 0.0, -0.08534755792632105, 5999, 214.70347595214844, 0, 2, 24642.07979694009, 0.31633198261260986, 71.97471618652344, 4.107697915809316
LOSS, -218.0, -512.0, 58.0, -0.036339389898316386, 5999, 231.90701293945312, 0, 11, 40474.9482793808, 1.531531810760498, 102.5394287109375, 6.7469492047642605
LOSS, -510.0, -554.0, 32.0, -1.2028301886792452, 424, 223.0, 371, 0, 4489.875813484192, 4.040704727172852, 43.76315689086914, 10.589329748783472
LOSS, 1098.0, -554.0, 80.0, 0.300328227571116, 3656, 207.0, 156, 23, 57469.75600242615, 2.865504741668701, 73.29595947265625, 15.719298687753323
WIN , 1894.0, -42.0, 1024.0, 1.0412314458493679, 1819, 194.39822387695312, 278, 20, 56071.09168434143, 6.5171284675598145, 82.2882080078125, 30.8252290733048
WIN , 2364.0, 0.0, 1024.0, 1.2204439855446567, 1937, 207.0, 270, 32, 69784.08800077438, 7.331324100494385, 255.39207458496094, 36.026891069062664
WIN , 2274.0, 0.0, 1024.0, 1.3707052441229657, 1659, 196.1680908203125, 289, 33, 92726.78290843964, 8.421869277954102, 593.2192993164062, 55.89317836554529
WIN , 2370.0, -42.0, 1024.0, 1.292962356792144, 1833, 148.49899291992188, 277, 25, 117912.16467666626, 12.240311622619629, 636.8717041015625, 64.32742208219653
LOSS, -298.0, -554.0, 48.0, -0.4331395348837209, 688, 207.0, 354, 15, 49051.211782455444, 14.727319717407227, 534.6884155273438, 71.29536596287129
LOSS, 328.0, -554.0, 48.0, 0.5046153846153846, 650, 191.0, 356, 13, 53999.33441352844, 19.809551239013672, 881.4908447265625, 83.07589909773607
WIN , 2688.0, 0.0, 1024.0, 1.9985130111524163, 1345, 150.86810302734375, 310, 35, 112374.45189094543, 15.547571182250977, 812.9925537109375, 83.54977835758025
WIN , 2536.0, -42.0, 1024.0, 2.1509754028838, 1179, 180.1680908203125, 321, 28, 101884.91716003418, 18.71686363220215, 464.6799621582031, 86.4163843596558
WIN , 2824.0, 0.0, 1024.0, 2.3911939034716343, 1181, 176.19288635253906, 321, 21, 105804.8679561615, 19.27621841430664, 465.0527648925781, 89.58921926855335
LOSS, 104.0, -554.0, 32.0, 0.13350449293966624, 779, 127.0, 348, 11, 73760.28709506989, 10.02844524383545, 715.8885498046875, 94.68586276645685
WIN , 1928.0, -42.0, 1024.0, 2.100217864923747, 918, 168.2503662109375, 338, 14, 104704.77869606018, 25.938753128051758, 953.554931640625, 114.05749313296316
WIN , 2328.0, -42.0, 1024.0, 2.102981029810298, 1107, 150.00372314453125, 326, 28, 115526.95786857605, 28.736591339111328, 445.3742370605469, 104.36039554523582
WIN , 2478.0, 0.0, 1024.0, 2.4755244755244754, 1001, 223.0, 333, 27, 119508.08007621765, 25.656049728393555, 773.6192626953125, 119.38869138483282
LOSS, -306.0, -512.0, 32.0, -0.051008501416902816, 5999, 227.82737731933594, 0, 6, 536145.5733804703, 13.689738273620605, 941.2781372070312, 89.3724909785748
LOSS, -36.0, -554.0, 48.0, -0.09045226130653267, 398, 191.0, 373, 2, 59021.57261657715, 55.33335876464844, 758.2027587890625, 148.2954085843647
WIN , 2700.0, 0.0, 1024.0, 0.71334214002642, 3785, 177.6999969482422, 147, 30, 483637.4583187103, 25.578964233398438, 776.6609497070312, 127.77739982000273
LOSS, 846.0, -554.0, 48.0, 0.9917936694021102, 853, 183.40611267089844, 343, 17, 137339.33311080933, 17.901939392089844, 725.083984375, 161.00742451443062
LOSS, 268.0, -554.0, 48.0, 0.2897297297297297, 925, 175.0, 338, 24, 159376.31143569946, 47.90455627441406, 830.3521118164062, 172.29871506562105
WIN , 2320.0, -42.0, 1024.0, 2.336354481369587, 993, 130.06224060058594, 333, 19, 173852.75269699097, 33.676551818847656, 949.4782104492188, 175.07830080260922
WIN , 2200.0, -42.0, 1024.0, 2.05799812909261, 1069, 116.4990005493164, 328, 25, 179200.81969070435, 52.38740539550781, 642.9668579101562, 167.63406893424167
WIN , 1986.0, -42.0, 1024.0, 2.3699284009546537, 838, 177.18096923828125, 344, 16, 156685.8327741623, -10.986470222473145, 771.5696411132812, 186.97593409804568
LOSS, -92.0, -554.0, 48.0, -0.24864864864864866, 370, 191.0, 375, 6, 66661.50207901001, 61.543399810791016, 942.3016967773438, 180.1662218351622
LOSS, 338.0, -554.0, 32.0, 0.3858447488584475, 876, 223.0, 341, 22, 162252.95694732666, 44.01123809814453, 710.341064453125, 185.2202704878158
WIN , 2166.0, 0.0, 1024.0, 2.4530011325028314, 883, 174.48617553710938, 341, 30, 171978.67266464233, 44.273468017578125, 774.0736083984375, 194.7663337085417
LOSS, -10.0, -554.0, 48.0, -0.012180267965895249, 821, 191.0, 345, 22, 160323.76681137085, 42.003173828125, 810.0213623046875, 195.27864410642005
WIN , 2636.0, 0.0, 1024.0, 1.2703614457831325, 2075, 146.06224060058594, 261, 26, 300600.15915870667, 29.97246742248535, 851.0432739257812, 144.86754658250925
LOSS, 398.0, -554.0, 48.0, 0.5102564102564102, 780, 191.0, 347, 14, 158464.79089736938, 55.22990036010742, 859.1092529296875, 203.15998832996075
WIN , 2534.0, 0.0, 1024.0, 2.7846153846153845, 910, 135.5491485595703, 339, 23, 189250.28562164307, 44.47642517089844, 978.6891479492188, 207.9673468369704
WIN , 3126.0, -42.0, 1024.0, 3.0, 1042, 154.0166473388672, 330, 26, 213486.32317352295, 71.34501647949219, 829.1047973632812, 204.8813082279491
WIN , 2274.0, -42.0, 1024.0, 2.1114206128133706, 1077, 191.0, 328, 28, 220172.6071548462, 59.03797149658203, 918.690673828125, 204.43139011592032
WIN , 2326.0, -42.0, 1024.0, 2.217349857006673, 1049, 134.50607299804688, 330, 33, 218692.2419281006, 87.00503540039062, 792.2527465820312, 208.4768750506202
LOSS, -326.0, -554.0, 32.0, -1.2442748091603053, 262, 184.83079528808594, 382, 6, 54679.069023132324, 79.09706115722656, 674.3417358398438, 208.6987367295127
LOSS, 792.0, -538.0, 48.0, 0.8979591836734694, 882, 191.0, 341, 16, 189231.28414154053, 58.871551513671875, 809.963134765625, 214.5479412035607
WIN , 2028.0, -42.0, 1024.0, 2.0443548387096775, 992, 175.0, 333, 9, 221132.08489990234, 21.67694854736328, 1016.90283203125, 222.91540816522414
WIN , 2684.0, -42.0, 1024.0, 2.784232365145228, 964, 175.5, 335, 30, 205350.17080307007, 39.64622497558594, 894.9515380859375, 213.01884938077808
LOSS, 472.0, -554.0, 48.0, 0.16326530612244897, 2891, 223.0, 207, 16, 554374.7622337341, 45.17435836791992, 1041.0213623046875, 191.75882470900524
LOSS, 1028.0, -554.0, 48.0, 1.0786988457502624, 953, 207.0, 336, 23, 202117.29641342163, 54.20357131958008, 1020.587890625, 212.08530578533225
LOSS, 406.0, -554.0, 48.0, 0.4682814302191465, 867, 153.63824462890625, 342, 22, 205978.74531936646, 39.969444274902344, 791.7537231445312, 237.57640751945382
WIN , 2396.0, -42.0, 1024.0, 1.9639344262295082, 1220, 177.6999969482422, 318, 26, 273418.8532180786, 36.78108215332031, 899.1294555664062, 224.1138141131792
LOSS, 368.0, -554.0, 48.0, 0.40843507214206437, 901, 191.0, 339, 12, 211456.11824798584, 59.83665466308594, 850.7720336914062, 234.69047530298096
LOSS, 20.0, -554.0, 48.0, 0.05235602094240838, 382, 207.0, 374, 11, 92173.99172973633, 71.8377456665039, 787.4777221679688, 241.29317206737258
LOSS, 84.0, -554.0, 48.0, 0.1810344827586207, 464, 223.0, 369, 6, 104246.93704986572, 76.95912170410156, 839.136474609375, 224.67012295229682
LOSS, -410.0, -554.0, 32.0, -1.9902912621359223, 206, 207.0, 386, 4, 51825.8853225708, 93.80819702148438, 733.6842651367188, 251.58196758529516
WIN , 2074.0, -42.0, 1024.0, 1.8975297346752058, 1093, 172.09500122070312, 327, 24, 255275.9528656006, 28.451454162597656, 897.1806030273438, 233.55530911765837
LOSS, -174.0, -554.0, 32.0, -0.33984375, 512, 223.0, 365, 17, 115832.22717285156, 87.67155456542969, 901.1771240234375, 226.2348186969757
WIN , 2762.0, -42.0, 1024.0, 1.5084653194975424, 1831, 207.0, 277, 26, 373355.3644142151, 42.575923919677734, 817.531982421875, 203.90789973468875
LOSS, 556.0, -554.0, 48.0, 0.6915422885572139, 804, 175.0, 346, 15, 179632.21305084229, 81.65447998046875, 939.3128051757812, 223.42315056074912
LOSS, 704.0, -554.0, 48.0, 0.7139959432048681, 986, 175.0, 334, 25, 234343.17960357666, 73.16069030761719, 1057.497802734375, 237.6705675492664
WIN , 3000.0, -42.0, 1024.0, 2.525252525252525, 1188, 191.0, 320, 20, 274800.1891307831, 23.760385513305664, 845.4798583984375, 231.31329051412717
LOSS, 360.0, -554.0, 48.0, 0.4235294117647059, 850, 207.0, 343, 13, 198127.43214416504, 81.2640609741211, 844.3026123046875, 233.09109664019417
LOSS, 246.0, -554.0, 32.0, 0.3655274888558692, 673, 207.0, 355, 16, 155720.22017669678, 86.07887268066406, 915.4246826171875, 231.38219937102048
WIN , 2390.0, 0.0, 1024.0, 2.0855148342059335, 1146, 198.1175079345703, 323, 31, 264242.11693573, 28.24793243408203, 931.2622680664062, 230.57776346922336
WIN , 2336.0, -42.0, 1024.0, 1.087017217310377, 2149, 170.99456787109375, 256, 20, 433527.2727737427, 35.80944061279297, 848.2239990234375, 201.73442195148564
LOSS, -154.0, -554.0, 32.0, -0.2627986348122867, 586, 207.0, 360, 6, 140969.45778274536, 44.49409866333008, 890.7655639648438, 240.56221464632316
LOSS, 1070.0, -554.0, 48.0, 1.1030927835051547, 970, 223.0, 335, 20, 240745.20990753174, 86.13988494873047, 855.2096557617188, 248.1909380490018
LOSS, 62.0, -554.0, 48.0, 0.14588235294117646, 425, 207.0, 371, 9, 106602.30489349365, 119.59186553955078, 862.5272827148438, 250.8289526905733
LOSS, 1134.0, -554.0, 48.0, 0.5539814362481681, 2047, 207.0, 263, 19, 435745.6258239746, 69.45258331298828, 954.2798461914062, 212.8703594645699
WIN , 2242.0, 0.0, 1024.0, 1.980565371024735, 1132, 175.0, 324, 30, 282375.3265914917, 49.43407440185547, 864.982421875, 249.44816836704214
WIN , 2426.0, 0.0, 1024.0, 1.9950657894736843, 1216, 126.39999389648438, 318, 31, 295348.12981414795, 73.25301361083984, 880.1525268554688, 242.8849751761085
LOSS, -10.0, -554.0, 48.0, -0.02444987775061125, 409, 223.0, 372, 8, 103666.77468109131, 95.01476287841797, 988.27685546875, 253.4639967752844
LOSS, 312.0, -554.0, 48.0, 0.35174746335963925, 887, 223.0, 340, 23, 221978.51522827148, 76.80953979492188, 778.466552734375, 250.25762708937035
LOSS, 548.0, -554.0, 48.0, 0.6122905027932961, 895, 207.0, 340, 20, 231188.04934692383, 106.67689514160156, 880.4521484375, 258.3106696613674
LOSS, 52.0, -554.0, 48.0, 0.11711711711711711, 444, 207.0, 370, 7, 117557.85585021973, 140.94027709960938, 842.4178466796875, 264.769945608603
LOSS, 68.0, -554.0, 48.0, 0.1574074074074074, 432, 169.8000030517578, 371, 7, 117621.11422729492, 144.6688690185547, 813.086181640625, 272.2710977483679
LOSS, -262.0, -554.0, 48.0, -0.6179245283018868, 424, 223.0, 371, 11, 107780.66456604004, 100.46041870117188, 780.8140869140625, 254.19968058028311
WIN , 2714.0, -42.0, 1024.0, 2.29222972972973, 1184, 193.6999969482422, 321, 18, 298511.9661026001, 52.97992706298828, 714.8511352539062, 252.1215929920609
WIN , 2498.0, -42.0, 1024.0, 1.9530883502736514, 1279, 146.17413330078125, 314, 27, 318731.20848846436, 85.14459228515625, 908.4834594726562, 249.20344682444437
LOSS, 0.0, -554.0, 32.0, 0.0, 629, 209.1672821044922, 358, 15, 163120.39986419678, 104.06729125976562, 920.270751953125, 259.3329091640648
LOSS, 978.0, -554.0, 58.0, 1.0642002176278564, 919, 223.0, 338, 10, 241445.86740875244, 63.654571533203125, 947.4559326171875, 262.72673276251624
WIN , 2414.0, -42.0, 1024.0, 2.2773584905660376, 1060, 159.42718505859375, 329, 18, 291312.9496383667, 106.28485107421875, 889.6538696289062, 274.82353739468556
LOSS, 584.0, -554.0, 48.0, 0.5588516746411484, 1045, 216.6861114501953, 330, 23, 275530.2731246948, 99.20377349853516, 794.7297973632812, 263.66533313367927
WIN , 2328.0, 0.0, 1024.0, 1.981276595744681, 1175, 207.0, 321, 28, 309458.8330154419, 105.58304595947266, 858.8275146484375, 263.36921958761013
WIN , 2418.0, -42.0, 1024.0, 1.7805596465390279, 1358, 223.0, 309, 16, 343882.62968444824, 90.15290069580078, 845.5189208984375, 253.22726780887206
WIN , 2146.0, -42.0, 1024.0, 2.2637130801687766, 948, 175.0, 336, 24, 271104.6350097656, 116.10564422607422, 865.1099853515625, 285.9753533858287
WIN , 2628.0, 0.0, 1024.0, 2.5514563106796118, 1030, 168.61289978027344, 331, 29, 284571.6526184082, 81.66574096679688, 913.5071411132812, 276.2831578819497
LOSS, 1208.0, -554.0, 48.0, 0.6003976143141153, 2012, 175.0, 265, 28, 541960.6109085083, 93.65193939208984, 907.1158447265625, 269.3641207298749
LOSS, -150.0, -554.0, 48.0, -0.5084745762711864, 295, 186.447998046875, 380, 5, 84525.98179626465, 119.19476318359375, 1028.9595947265625, 286.5287518517446
LOSS, -162.0, -554.0, 48.0, -0.3656884875846501, 443, 207.0, 370, 8, 130436.25486755371, 139.8001251220703, 864.1177368164062, 294.438498572356
LOSS, -266.0, -554.0, 32.0, -0.680306905370844, 391, 183.40611267089844, 373, 6, 111334.80610656738, 139.7384033203125, 896.0181884765625, 284.74374963316467
WIN , 2456.0, 0.0, 1024.0, 1.5095267363245237, 1627, 175.0, 291, 28, 413485.90017318726, 52.69217300415039, 847.0391235351562, 254.14007386182377
WIN , 1968.0, 0.0, 1024.0, 1.578187650360866, 1247, 191.38015747070312, 316, 29, 327890.9536972046, 88.50853729248047, 839.028076171875, 262.9438281453124
WIN , 2232.0, 0.0, 1024.0, 1.5751587861679606, 1417, 175.42718505859375, 305, 33, 375399.3931236267, 63.43050765991211, 873.6422729492188, 264.9254715057352
LOSS, 616.0, -554.0, 48.0, 0.45663454410674575, 1349, 207.0, 310, 19, 345889.04008483887, 124.38987731933594, 763.7400512695312, 256.40403267964336
WIN , 2266.0, 0.0, 1024.0, 1.9317988064791134, 1173, 203.11895751953125, 321, 28, 325587.90200042725, 93.77835083007812, 945.1905517578125, 277.5685439048826
LOSS, -262.0, -554.0, 32.0, -0.7158469945355191, 366, 201.8000030517578, 375, 14, 104311.02546691895, 148.89964294433594, 870.570068359375, 285.0028018221829
LOSS, 1232.0, -512.0, 48.0, 0.20536756126021002, 5999, 195.77499389648438, 0, 22, 1342601.6329193115, 70.29904174804688, 807.9913940429688, 223.804239526473
WIN , 2500.0, 0.0, 1024.0, 2.6652452025586353, 938, 113.78675079345703, 337, 29, 283263.5234375, 133.47189331054688, 914.9690551757812, 301.986698760661
WIN , 2490.0, 0.0, 1024.0, 1.977760127084988, 1259, 147.94898986816406, 316, 32, 358000.0727996826, 146.11058044433594, 895.7879028320312, 284.35271866535555
WIN , 3134.0, -42.0, 1024.0, 2.323202372127502, 1349, 143.5953826904297, 310, 21, 384827.4522705078, 133.077880859375, 876.8751831054688, 285.26868218718147
LOSS, 134.0, -554.0, 32.0, 0.15690866510538642, 854, 170.447998046875, 343, 20, 241256.34712219238, 130.71865844726562, 977.7319946289062, 282.5015774264548
LOSS, -414.0, -554.0, 48.0, -2.5555555555555554, 162, 191.0, 389, 0, 45998.70150756836, 190.41973876953125, 720.3422241210938, 283.9426018985701
LOSS, -304.0, -554.0, 48.0, -1.4615384615384615, 208, 175.0, 386, 3, 58590.85868835449, 174.1982879638672, 732.9817504882812, 281.6868206170889
WIN , 2554.0, -42.0, 1024.0, 2.0497592295345104, 1246, 170.4250030517578, 316, 19, 347994.19384765625, 135.59017944335938, 794.5067138671875, 279.2890801345556
WIN , 2300.0, -42.0, 1024.0, 1.8167456556082149, 1266, 175.0, 315, 21, 359436.9277648926, 151.53765869140625, 937.3566284179688, 283.9154247747967
LOSS, -48.0, -554.0, 32.0, -0.1322314049586777, 363, 191.0, 375, 3, 109259.52676391602, 175.1244354248047, 1016.029296875, 300.99043185651794
LOSS, -66.0, -554.0, 42.0, -0.19584569732937684, 337, 191.8800048828125, 377, 8, 96754.69401550293, 163.46401977539062, 833.61083984375, 287.10591695994935
LOSS, 290.0, -554.0, 48.0, 0.07827260458839407, 3705, 223.0, 152, 15, 881133.2822723389, 78.8389892578125, 928.311767578125, 237.82274825164342
LOSS, -142.0, -554.0, 58.0, -0.21879815100154082, 649, 207.0, 356, 9, 181890.9553451538, 115.75960540771484, 849.6590576171875, 280.26341347481326
WIN , 2536.0, -42.0, 1024.0, 0.5360388924117523, 4731, 176.19288635253906, 84, 32, 1150957.5590820312, 109.56117248535156, 898.8256225585938, 243.27997444135093
LOSS, -98.0, -554.0, 48.0, -0.2396088019559902, 409, 175.0, 372, 11, 121505.14785766602, 178.52354431152344, 820.3938598632812, 297.0786011189878
LOSS, 160.0, -554.0, 48.0, 0.16227180527383367, 986, 223.0, 334, 19, 284933.28520202637, 141.18641662597656, 889.177490234375, 288.97899107710583
LOSS, -442.0, -554.0, 32.0, -2.1148325358851676, 209, 207.0, 386, 4, 64250.43940734863, 187.64405822753906, 828.469970703125, 307.4183703700892
LOSS, 242.0, -554.0, 32.0, 0.33798882681564246, 716, 223.0, 352, 14, 200273.63427734375, 113.7802734375, 921.9722900390625, 279.71177971696056
WIN , 2236.0, -42.0, 1024.0, 1.2880184331797235, 1736, 168.03575134277344, 284, 27, 480169.3451385498, 141.61891174316406, 1001.083984375, 276.595244895478
LOSS, 72.0, -554.0, 32.0, 0.03759791122715405, 1915, 223.0, 272, 15, 516822.1935119629, 89.20492553710938, 972.740966796875, 269.88104099841405
LOSS, 234.0, -554.0, 48.0, 0.38235294117647056, 612, 191.0, 359, 7, 177314.41760253906, 162.19667053222656, 964.3333740234375, 289.7294405270246
LOSS, 368.0, -554.0, 48.0, 0.6524822695035462, 564, 159.0, 362, 14, 172031.12057495117, 163.50924682617188, 875.9749755859375, 305.0197173314737
WIN , 2516.0, -42.0, 1024.0, 1.906060606060606, 1320, 151.58538818359375, 311, 23, 384030.91649627686, 114.75385284423828, 944.2982788085938, 290.93251249717946
LOSS, 1100.0, -554.0, 48.0, 0.6121313299944352, 1797, 181.90701293945312, 280, 20, 488962.8149871826, 136.29904174804688, 885.6976318359375, 272.0995075053882
LOSS, 828.0, -512.0, 58.0, 0.13802300383397234, 5999, 197.00987243652344, 0, 22, 1514587.1790008545, 102.12430572509766, 1000.2923583984375, 252.47327537937232
WIN , 2446.0, 0.0, 1024.0, 1.019591496456857, 2399, 175.0, 240, 31, 651032.0825195312, 119.07647705078125, 977.4847412109375, 271.37644123365203
LOSS, 110.0, -554.0, 48.0, 0.0728476821192053, 1510, 223.0, 299, 11, 407180.68740844727, 150.15774536132812, 841.5447387695312, 269.65608437645517
LOSS, 12.0, -554.0, 48.0, 0.014405762304921969, 833, 216.4189453125, 344, 11, 242342.3367843628, 117.53152465820312, 959.6229248046875, 290.92717501123985
LOSS, -4.0, -554.0, 32.0, -0.004667444574095682, 857, 191.0, 342, 11, 254861.08459472656, 153.09527587890625, 1002.149169921875, 297.3874966099493
LOSS, 1040.0, -554.0, 48.0, 0.42328042328042326, 2457, 175.0, 236, 24, 670835.9766693115, 129.96530151367188, 1123.8212890625, 273.0305155349253
LOSS, -72.0, -554.0, 32.0, -0.20689655172413793, 348, 161.6999969482422, 376, 8, 107781.39352416992, 190.27674865722656, 1004.2818603515625, 309.71664805795956
LOSS, 86.0, -554.0, 32.0, 0.15221238938053097, 565, 207.0, 362, 8, 166169.44612121582, 159.9447784423828, 903.3447875976562, 294.1052143738333
LOSS, -104.0, -554.0, 58.0, -0.10799584631360332, 963, 207.0, 335, 14, 273432.98834991455, 126.36438751220703, 959.9584350585938, 283.93872102794865
WIN , 2604.0, 0.0, 1024.0, 2.1102106969205834, 1234, 180.1680908203125, 317, 30, 375455.45837402344, 125.95777893066406, 1044.7796630859375, 304.2588803679282
WIN , 2256.0, -42.0, 1024.0, 1.542036910457963, 1463, 175.0, 302, 25, 428318.00144958496, 155.43936157226562, 1075.1123046875, 292.76691828406354
LOSS, -24.0, -554.0, 48.0, -0.03018867924528302, 795, 175.0, 346, 18, 245047.41007995605, 159.17373657226562, 1009.0458374023438, 308.2357359496303
LOSS, 604.0, -554.0, 48.0, 0.6317991631799164, 956, 207.0, 336, 18, 293054.70251464844, 136.47425842285156, 915.478515625, 306.5425758521427
LOSS, 548.0, -554.0, 32.0, 0.5436507936507936, 1008, 180.39999389648438, 332, 20, 308390.1574707031, 175.0613250732422, 1068.534912109375, 305.94261653839595
LOSS, 294.0, -554.0, 48.0, 0.37404580152671757, 786, 207.0, 347, 15, 252246.86917114258, 136.24061584472656, 892.9169921875, 320.92476993784044
LOSS, -300.0, -554.0, 32.0, -0.3188097768331562, 941, 201.8000030517578, 337, 13, 268332.2441558838, 122.69392395019531, 888.1257934570312, 285.1564762549243
LOSS, 1428.0, -512.0, 58.0, 0.23803967327887982, 5999, 213.1337432861328, 0, 24, 1589876.4758987427, 103.00129699707031, 1110.8887939453125, 265.02358324699827
LOSS, 474.0, -554.0, 48.0, 0.39434276206322794, 1202, 207.0, 319, 15, 344121.7928009033, 129.20816040039062, 1011.3905029296875, 286.2910089857765
LOSS, 610.0, -554.0, 48.0, 0.2514427040395713, 2426, 207.0, 238, 16, 669442.1175041199, 52.09427261352539, 958.1820678710938, 275.944813480676
LOSS, 852.0, -554.0, 48.0, 0.3641025641025641, 2340, 223.0, 243, 17, 639772.0440750122, 85.03255462646484, 1139.8121337890625, 273.4068564423129
LOSS, 600.0, -538.0, 48.0, 0.20725388601036268, 2895, 191.0, 206, 25, 782903.3424186707, 39.450660705566406, 1045.5111083984375, 270.43293347795185
LOSS, 788.0, -512.0, 48.0, 0.1313552258709785, 5999, 229.2761688232422, 0, 34, 1555273.890991211, 42.80638885498047, 1170.555419921875, 259.2555244192717
LOSS, 378.0, -512.0, 48.0, 0.06301050175029171, 5999, 214.72474670410156, 0, 19, 1504671.2797412872, 7.08067512512207, 893.0656127929688, 250.8203500152171
LOSS, 174.0, -512.0, 32.0, 0.02900483413902317, 5999, 188.5452880859375, 0, 20, 1472290.560497284, -29.84847640991211, 1067.5223388671875, 245.42266386019068
LOSS, 302.0, -554.0, 48.0, 0.14724524622135543, 2051, 223.0, 263, 14, 532600.4950561523, 95.71480560302734, 804.2046508789062, 259.6784471263541
WIN , 2928.0, 0.0, 1024.0, 1.2752613240418118, 2296, 223.0, 246, 35, 614096.3203620911, -45.70550537109375, 1055.277099609375, 267.4635541646738
LOSS, 302.0, -512.0, 48.0, 0.050341723620603435, 5999, 199.3357391357422, 0, 17, 1455095.1432304382, -1.6066360473632812, 972.905029296875, 242.55628325228176
LOSS, 292.0, -512.0, 48.0, 0.048674779129854975, 5999, 198.8853759765625, 0, 21, 1424235.5415344238, -37.54551696777344, 853.21142578125, 237.41215894889547
LOSS, -156.0, -554.0, 48.0, -0.1822429906542056, 856, 223.0, 342, 11, 227813.6364212036, 59.83708953857422, 898.24609375, 266.13742572570516
LOSS, 52.0, -554.0, 48.0, 0.09059233449477352, 574, 191.0, 361, 13, 172944.36561584473, 45.94996643066406, 969.3452758789062, 301.2968042087887
LOSS, 130.0, -512.0, 32.0, 0.021670278379729953, 5999, 234.4189453125, 0, 20, 1425581.0907478333, -34.249271392822266, 820.385986328125, 237.63645453372783
LOSS, 26.0, -554.0, 48.0, 0.06788511749347259, 383, 223.0, 374, 8, 115594.22702217102, -0.09534263610839844, 769.13330078125, 301.81260319104706
WIN , 2382.0, 0.0, 1024.0, 0.6629557472863902, 3593, 207.0, 160, 38, 881965.0633621216, -39.33326721191406, 853.7064819335938, 245.4675934767942
LOSS, 578.0, -554.0, 48.0, 0.5499524262607041, 1051, 207.0, 329, 19, 309054.7654838562, 50.51152801513672, 763.320556640625, 294.0578168257433
WIN , 2180.0, -42.0, 1024.0, 1.323618700667881, 1647, 170.0166473388672, 290, 27, 457997.16984939575, -36.852020263671875, 885.2217407226562, 278.0796416814789
LOSS, -246.0, -554.0, 32.0, -0.4632768361581921, 531, 207.0, 364, 15, 150956.3158416748, 62.33062744140625, 729.7529296875, 284.2868471594629
WIN , 2970.0, -42.0, 1024.0, 0.6627984824815889, 4481, 207.0, 101, 27, 1088436.0846300125, -89.44758605957031, 984.154541015625, 242.90026436733152
LOSS, 528.0, -554.0, 58.0, 0.48484848484848486, 1089, 191.0, 327, 16, 301213.1205692291, -20.954233169555664, 850.1723022460938, 276.5960703115052
WIN , 2570.0, 0.0, 1024.0, 1.8291814946619218, 1405, 191.0, 306, 34, 408524.41410446167, 33.71280288696289, 868.2268676757812, 290.76470754765955
LOSS, 356.0, -512.0, 48.0, 0.059343223870645105, 5999, 233.87747192382812, 0, 14, 1362602.61095047, -21.5836124420166, 735.42138671875, 227.13829154033505
LOSS, 240.0, -554.0, 32.0, 0.15873015873015872, 1512, 185.8000030517578, 299, 21, 390595.474565506, -5.169101715087891, 799.03515625, 258.33034032110186
WIN , 2650.0, -42.0, 1024.0, 1.4496717724288841, 1828, 175.0, 278, 19, 486087.6719074249, -33.83732223510742, 819.3896484375, 265.91229316598736
LOSS, -74.0, -554.0, 48.0, -0.10178817056396149, 727, 223.0, 351, 7, 199246.52280426025, 35.209556579589844, 860.765380859375, 274.0667438848146
LOSS, -316.0, -554.0, 32.0, -0.61003861003861, 518, 223.0, 365, 7, 145627.20063972473, 14.671487808227539, 1024.039794921875, 281.13359196858056
LOSS, -214.0, -512.0, 48.0, -0.035672612102017005, 5999, 218.2675018310547, 0, 7, 1319605.5768623352, -45.130123138427734, 810.0214233398438, 219.97092463116107
LOSS, 824.0, -554.0, 48.0, 0.6117297698589458, 1347, 207.0, 310, 18, 363759.98183918, 5.239476203918457, 948.3507690429688, 270.0519538523979
LOSS, 246.0, -512.0, 48.0, 0.04100683447241207, 5999, 198.78558349609375, 0, 12, 1331307.915052414, -62.85017395019531, 859.7252807617188, 221.92163944864376
LOSS, 282.0, -512.0, 48.0, 0.047007834639106516, 5999, 209.3353271484375, 0, 20, 1315675.749092102, -14.320989608764648, 851.99560546875, 219.31584415604303
LOSS, 10.0, -554.0, 32.0, 0.011049723756906077, 905, 223.0, 339, 17, 247335.52694892883, -11.770750045776367, 983.1104736328125, 273.29892480544623
WIN , 2642.0, 0.0, 1024.0, 1.7234181343770385, 1533, 169.39498901367188, 297, 30, 420727.00182151794, 20.6334285736084, 935.9467163085938, 274.44683745695886
LOSS, -72.0, -554.0, 32.0, -0.12609457092819615, 571, 175.0, 361, 12, 157648.4366569519, -18.013591766357422, 1002.2891845703125, 276.09183302443415
LOSS, -18.0, -554.0, 48.0, -0.01507537688442211, 1194, 201.8000030517578, 320, 11, 284571.94832992554, -33.04322814941406, 841.3519897460938, 238.33496510044014
LOSS, 614.0, -554.0, 48.0, 0.49556093623890235, 1239, 184.83079528808594, 317, 20, 340003.07276916504, 54.34904479980469, 1057.60107421875, 274.41733072571833
LOSS, 656.0, -554.0, 48.0, 0.3143267848586488, 2087, 223.0, 260, 26, 529766.2970199585, 54.27405548095703, 959.7462768554688, 253.8410622999322
LOSS, 332.0, -554.0, 32.0, 0.21025965801139962, 1579, 207.0, 294, 13, 391216.61672210693, 74.3291244506836, 927.0638427734375, 247.76226518182833
WIN , 1778.0, -42.0, 1024.0, 0.6556047197640118, 2712, 188.7271728515625, 219, 39, 678215.4724330902, 18.688390731811523, 1031.6505126953125, 250.07945148712767
WIN , 2884.0, 0.0, 1024.0, 1.0630298562476963, 2713, 183.5025634765625, 219, 35, 669082.4916267395, 35.2769660949707, 1017.2947387695312, 246.62089628703998
LOSS, 506.0, -554.0, 48.0, 0.39438815276695244, 1283, 175.0, 314, 20, 338537.9339065552, 71.27765655517578, 1018.8382568359375, 263.86432884376865
WIN , 2674.0, -42.0, 1024.0, 1.3416959357752132, 1993, 189.4928741455078, 267, 26, 521088.92223739624, 40.7053108215332, 1033.535888671875, 261.45956961234134
WIN , 3198.0, -42.0, 1024.0, 0.5621374582527685, 5689, 191.0, 20, 28, 1317980.9648513794, 85.11666870117188, 966.109130859375, 231.67181663761284
LOSS, 234.0, -554.0, 48.0, 0.20818505338078291, 1124, 207.0, 325, 23, 300504.93757629395, 113.88280487060547, 1004.2274169921875, 267.35314730987005
LOSS, 284.0, -554.0, 32.0, 0.35678391959798994, 796, 223.0, 346, 17, 222149.3669204712, 119.5867691040039, 920.7599487304688, 279.0821192468231
WIN , 2470.0, 0.0, 1024.0, 0.9555125725338491, 2585, 181.3357391357422, 227, 32, 660978.0354690552, 86.89381408691406, 1136.41650390625, 255.6974992143347
LOSS, 164.0, -512.0, 48.0, 0.027337889648274712, 5999, 232.8940887451172, 0, 21, 1371076.8166046143, 81.77354431152344, 1034.48486328125, 228.55089458319958
LOSS, -204.0, -512.0, 32.0, -0.034005667611268546, 5999, 227.82737731933594, 0, 4, 1329056.6581306458, 32.05012130737305, 877.7266845703125, 221.54636741634368
LOSS, 422.0, -554.0, 32.0, 0.5725915875169606, 737, 186.447998046875, 350, 16, 205808.71035003662, 118.85784149169922, 979.3232421875, 279.25198147901847
LOSS, 222.0, -554.0, 32.0, 0.25141562853907135, 883, 207.0, 341, 13, 223708.76578521729, 100.96107482910156, 1037.3284912109375, 253.35081062878515
LOSS, 238.0, -554.0, 48.0, 0.19767441860465115, 1204, 223.0, 319, 17, 303306.96940612793, 86.38410186767578, 909.7115478515625, 251.9160875466179
LOSS, 556.0, -554.0, 48.0, 0.25388127853881276, 2190, 207.0, 253, 30, 572903.866645813, 78.46173858642578, 1078.102294921875, 261.5999391076772
LOSS, 524.0, -554.0, 48.0, 0.34610303830911493, 1514, 207.0, 299, 13, 412381.76387023926, 71.69102478027344, 1045.990966796875, 272.37897217320955
WIN , 2336.0, 0.0, 1024.0, 0.7776298268974701, 3004, 175.0, 199, 31, 761254.5441741943, 105.40138244628906, 1085.8656005859375, 253.41362988488493
LOSS, 34.0, -554.0, 48.0, 0.03732162458836443, 911, 223.0, 339, 13, 243824.04768371582, 107.38505554199219, 997.8057250976562, 267.64439921373855
LOSS, 630.0, -554.0, 48.0, 0.3547297297297297, 1776, 201.8000030517578, 281, 24, 457594.0033187866, 75.71319580078125, 1099.13427734375, 257.65428114796543
WIN , 2252.0, 0.0, 1024.0, 1.2788188529244748, 1761, 205.4928741455078, 282, 33, 487229.2220726013, 56.33909225463867, 1017.01708984375, 276.67758209687753
LOSS, 256.0, -554.0, 48.0, 0.27705627705627706, 924, 207.0, 338, 17, 258951.35487747192, -4.701045989990234, 1119.8687744140625, 280.25038406652806
LOSS, -420.0, -554.0, 32.0, -0.5793103448275863, 725, 223.0, 351, 2, 189485.7479171753, 83.07984161376953, 1015.810302734375, 261.3596522995521
LOSS, 970.0, -554.0, 48.0, 0.8786231884057971, 1104, 191.0, 326, 16, 307999.542098999, 103.30916595458984, 927.299072265625, 278.98509248097736
LOSS, 598.0, -554.0, 48.0, 0.7196149217809867, 831, 223.0, 344, 15, 238174.81503295898, 10.982437133789062, 1030.027099609375, 286.6122924584344
LOSS, -458.0, -554.0, 32.0, -1.7821011673151752, 257, 191.0, 382, 3, 72327.8941040039, 119.64472961425781, 1113.7265625, 281.4314945681086
LOSS, 1138.0, -554.0, 48.0, 0.8467261904761905, 1344, 223.0, 310, 19, 365613.5646133423, 82.7027816772461, 1057.8394775390625, 272.03390224207016
LOSS, 294.0, -554.0, 32.0, 0.253448275862069, 1160, 175.0, 322, 13, 309531.20223236084, 86.48561096191406, 1006.17578125, 266.83724330375935
LOSS, 62.0, -554.0, 32.0, 0.12180746561886051, 509, 175.0, 366, 9, 148890.3143005371, 80.10269165039062, 892.8338623046875, 292.51535226038726
LOSS, 8.0, -554.0, 42.0, 0.012539184952978056, 638, 207.0, 357, 13, 173520.7850265503, 98.72660827636719, 857.1731567382812, 271.9761520792324
LOSS, 684.0, -554.0, 48.0, 0.29069273268168294, 2353, 223.0, 243, 15, 584121.9249916077, 44.1793327331543, 1002.18212890625, 248.24561198113372
LOSS, -188.0, -512.0, 32.0, -0.03133855642607101, 5999, 183.3247833251953, 0, 8, 1316169.7217407227, 65.315673828125, 873.468017578125, 219.39818665456286
WIN , 2902.0, 0.0, 1024.0, 2.3963666391412057, 1211, 221.4928741455078, 319, 31, 361374.4132461548, 115.784423828125, 953.1121215820312, 298.40992010417403
LOSS, -144.0, -554.0, 32.0, -0.6575342465753424, 219, 223.0, 385, 5, 67219.21176147461, 83.91249084472656, 808.01123046875, 306.93704000673335
LOSS, 216.0, -554.0, 48.0, 0.4153846153846154, 520, 207.0, 365, 13, 149224.2537841797, 92.0791015625, 872.6371459960938, 286.9697188157302
LOSS, 588.0, -554.0, 58.0, 0.3868421052631579, 1520, 186.447998046875, 298, 22, 432378.50370025635, 97.91864776611328, 1022.3241577148438, 284.4595419080634
WIN , 2800.0, 0.0, 1024.0, 1.6786570743405276, 1668, 191.0, 288, 32, 471482.3875808716, 68.35462188720703, 1041.037109375, 282.66330190699733
LOSS, -72.0, -554.0, 32.0, -0.15417558886509636, 467, 175.0, 368, 11, 142500.65613555908, 125.41365814208984, 1071.2757568359375, 305.1405912967004
WIN , 2088.0, 0.0, 1024.0, 1.6173508907823393, 1291, 196.8853759765625, 313, 39, 396143.00943756104, 110.20906829833984, 1060.2247314453125, 306.8497362026034
WIN , 2196.0, -42.0, 1024.0, 0.8901499797324686, 2467, 188.7271728515625, 235, 33, 662399.1446533203, 50.67469787597656, 1050.9443359375, 268.50390946628306
LOSS, -500.0, -554.0, 32.0, -2.857142857142857, 175, 207.0, 388, 3, 54136.982971191406, 150.37057495117188, 802.5508422851562, 309.354188406808
LOSS, 368.0, -554.0, 32.0, 0.35452793834296725, 1038, 207.0, 330, 15, 304822.9391860962, 48.068275451660156, 1167.1644287109375, 293.66371790568036
LOSS, -268.0, -554.0, 32.0, -0.2740286298568507, 978, 207.0, 334, 22, 273359.1530151367, 67.53294372558594, 949.2617797851562, 279.5083364162952
WIN , 2912.0, -42.0, 1024.0, 0.6689639329198254, 4353, 207.0, 109, 33, 1064275.1895370483, 57.923980712890625, 967.2288208007812, 244.4923476997584
WIN , 2586.0, -42.0, 1024.0, 1.8058659217877095, 1432, 175.0, 304, 34, 413969.0728263855, 28.690448760986328, 939.3660888671875, 289.08454806311835
LOSS, 690.0, -554.0, 48.0, 0.5476190476190477, 1260, 213.70997619628906, 315, 20, 360348.0495147705, 77.14340209960938, 931.954345703125, 285.9905154879131
LOSS, 1062.0, -554.0, 48.0, 0.39939827002632566, 2659, 191.0, 222, 13, 665865.3626174927, 94.64928436279297, 1106.2864990234375, 250.41946694903825
LOSS, 288.0, -554.0, 48.0, 0.36548223350253806, 788, 175.0, 347, 16, 234803.0075378418, 142.8636932373047, 997.4267578125, 297.97335981959617
LOSS, 20.0, -554.0, 48.0, 0.0353356890459364, 566, 207.0, 362, 5, 155935.7568359375, 129.86170959472656, 937.1614990234375, 275.50487073487193
LOSS, 104.0, -554.0, 48.0, 0.06283987915407856, 1655, 207.0, 289, 15, 436097.832901001, 60.365882873535156, 963.1917724609375, 263.50322229667734
LOSS, 184.0, -512.0, 32.0, 0.030671778629771627, 5999, 196.1741485595703, 0, 21, 1439377.6808700562, 52.52879333496094, 938.4306030273438, 239.93626952326323
LOSS, -300.0, -512.0, 32.0, -0.050008334722453744, 5999, 227.82737731933594, 0, 6, 1400435.4523162842, 52.25151824951172, 846.2728881835938, 233.44481618874548
WIN , 2950.0, 0.0, 1024.0, 2.1982116244411327, 1342, 201.39498901367188, 310, 31, 405519.0320739746, 118.80479431152344, 985.6873168945312, 302.17513567360254
LOSS, 316.0, -554.0, 48.0, 0.1313383208645054, 2406, 223.0, 239, 19, 622943.2618865967, 102.51258850097656, 1029.0989990234375, 258.9124114241881
LOSS, 1248.0, -554.0, 48.0, 0.3353036002149382, 3722, 175.0, 151, 30, 978455.4622039795, 76.01580810546875, 945.9276733398438, 262.88432622353025
WIN , 2420.0, 0.0, 1024.0, 1.5453384418901661, 1566, 175.0, 295, 38, 466436.19480895996, 128.6284942626953, 961.6934814453125, 297.8519762509323
WIN , 2668.0, -42.0, 1024.0, 1.446070460704607, 1845, 164.8853759765625, 276, 29, 525433.5889053345, 51.98235321044922, 1064.7088623046875, 284.78785306522195
LOSS, 94.0, -512.0, 32.0, 0.015669278213035504, 5999, 223.4928741455078, 0, 21, 1455191.3547363281, 60.68011474609375, 1102.6285400390625, 242.57232117625074
LOSS, 76.0, -554.0, 32.0, 0.06375838926174497, 1192, 196.8853759765625, 320, 23, 335435.18768310547, 98.14981079101562, 1046.254150390625, 281.40535879455155
LOSS, 610.0, -554.0, 48.0, 0.26625927542557837, 2291, 185.39498901367188, 247, 26, 619559.6024398804, 101.83607482910156, 1017.4225463867188, 270.43195217803594
LOSS, 712.0, -554.0, 48.0, 0.4193168433451119, 1698, 175.0, 286, 16, 462281.61502838135, 119.32686614990234, 1015.591064453125, 272.25065667160266
WIN , 2266.0, -42.0, 1024.0, 1.339243498817967, 1692, 174.83775329589844, 287, 29, 497631.21114349365, 52.86554718017578, 953.1935424804688, 294.10828081766766
LOSS, -246.0, -554.0, 32.0, -0.3075, 800, 181.3357391357422, 346, 17, 237404.65898895264, 42.18849182128906, 980.4871215820312, 296.7558237361908
LOSS, 712.0, -554.0, 48.0, 0.9282920469361148, 767, 223.0, 348, 11, 239998.43180084229, 118.62419891357422, 960.0179443359375, 312.9053869632885
LOSS, 682.0, -554.0, 48.0, 0.6415804327375353, 1063, 175.0, 329, 22, 317153.83222198486, 115.6151351928711, 958.8190307617188, 298.35732099904504
LOSS, -56.0, -554.0, 32.0, -0.07639836289222374, 733, 201.8000030517578, 351, 12, 210540.1885986328, 137.59861755371094, 883.0360107421875, 287.23081664206387
WIN , 3280.0, 0.0, 1024.0, 1.5581947743467934, 2105, 191.0, 259, 29, 596067.8681259155, 89.40496063232422, 979.5648193359375, 283.16763331397414
WIN , 2772.0, 0.0, 1024.0, 0.5503275759380584, 5037, 167.5025634765625, 64, 42, 1311120.334701538, 37.38511276245117, 1030.81787109375, 260.29786275591385
WIN , 2564.0, -42.0, 1024.0, 0.6060033089104231, 4231, 175.0, 117, 28, 1092134.99584198, 34.269996643066406, 1152.2745361328125, 258.12691936704795
LOSS, 118.0, -554.0, 32.0, 0.04600389863547758, 2565, 223.0, 228, 19, 674695.6411972046, 85.52188110351562, 951.4917602539062, 263.0392363341928
LOSS, 286.0, -512.0, 48.0, 0.047674612435405904, 5999, 166.4399871826172, 0, 21, 1483238.3296852112, 17.161190032958984, 837.7765502929688, 247.2475962135708
LOSS, -394.0, -554.0, 48.0, -1.0102564102564102, 390, 191.0, 373, 4, 112091.53875732422, 142.4913787841797, 818.3078002929688, 287.41420194185696
LOSS, 454.0, -554.0, 48.0, 0.5159090909090909, 880, 186.447998046875, 341, 11, 262437.6454925537, 123.1573486328125, 1004.1581420898438, 298.2245971506292
LOSS, -378.0, -554.0, 32.0, -0.6417657045840407, 589, 223.0, 360, 3, 160047.26918029785, 144.36585998535156, 834.1549072265625, 271.7271123604378
LOSS, 284.0, -512.0, 48.0, 0.047341223537256207, 5999, 193.38015747070312, 0, 19, 1471253.1507034302, -9.159149169921875, 865.3661499023438, 245.2497334061394
LOSS, -220.0, -554.0, 32.0, -0.37800687285223367, 582, 191.0, 361, 15, 176837.6596069336, 128.7633819580078, 824.2735595703125, 303.84477595693056
LOSS, 594.0, -554.0, 48.0, 0.48058252427184467, 1236, 207.0, 317, 16, 354474.26066589355, 131.141357421875, 913.96826171875, 286.7914730306582
LOSS, 146.0, -512.0, 48.0, 0.024337389564927488, 5999, 214.55238342285156, 0, 20, 1531155.2887268066, 40.654083251953125, 973.8409423828125, 255.2350873023515
LOSS, 56.0, -554.0, 32.0, 0.06930693069306931, 808, 223.0, 346, 15, 235692.95712280273, 125.79902648925781, 919.2904052734375, 291.6992043599044
WIN , 2362.0, 0.0, 1024.0, 0.7042337507453786, 3354, 207.0, 176, 35, 930874.5889663696, 46.83599853515625, 916.0360717773438, 277.54161865425453
LOSS, 570.0, -554.0, 48.0, 0.2627939142461964, 2169, 175.0, 255, 19, 608524.5654563904, 51.35013198852539, 957.5549926757812, 280.5553552127203
LOSS, 438.0, -554.0, 48.0, 0.3323216995447648, 1318, 207.0, 312, 26, 410262.3821334839, 39.806983947753906, 923.2816772460938, 311.27646595863723
LOSS, -222.0, -554.0, 32.0, -0.16792738275340394, 1322, 207.0, 311, 26, 388759.96252441406, 132.56344604492188, 1024.7821044921875, 294.0695631803435
LOSS, 1000.0, -554.0, 48.0, 0.5973715651135006, 1674, 223.0, 288, 25, 501578.93203163147, 14.16032600402832, 1028.985107421875, 299.6289916556938
WIN , 2668.0, -42.0, 1024.0, 1.028131021194605, 2595, 149.3357391357422, 226, 34, 741479.0385437012, 117.6341552734375, 1098.05224609375, 285.73373354285206
LOSS, 98.0, -554.0, 48.0, 0.03566229985443959, 2748, 191.8800048828125, 216, 20, 724378.7896575928, 82.44197082519531, 1029.1473388671875, 263.602179642501
LOSS, 484.0, -512.0, 48.0, 0.08068011335222537, 5999, 129.42718505859375, 0, 15, 1561169.7212753296, 59.164085388183594, 1019.488525390625, 260.23832660032167
LOSS, 248.0, -554.0, 32.0, 0.12424849699398798, 1996, 191.0, 266, 19, 576347.4388122559, 121.22566223144531, 902.0451049804688, 288.7512218498276
WIN , 2604.0, 0.0, 1024.0, 0.8694490818030051, 2995, 173.4928741455078, 200, 36, 857352.085144043, 59.48126220703125, 919.225341796875, 286.26113026512286
WIN , 2424.0, -42.0, 1024.0, 0.6294468969098935, 3851, 193.6999969482422, 143, 22, 1072128.776758194, 3.3087215423583984, 832.161376953125, 278.40269456198234
LOSS, 136.0, -554.0, 48.0, 0.04440091413646752, 3063, 223.0, 195, 11, 829832.5908126831, 51.853912353515625, 908.40771484375, 270.9215118552671
LOSS, -168.0, -512.0, 32.0, -0.028004667444574097, 5999, 230.87095642089844, 0, 5, 1538821.7896728516, 93.27017211914062, 680.255126953125, 256.51305045388426
LOSS, 36.0, -554.0, 32.0, 0.09090909090909091, 396, 207.0, 373, 5, 131934.07627868652, 140.99732971191406, 776.4972534179688, 333.16685928961243
LOSS, 102.0, -554.0, 48.0, 0.08245755860953921, 1237, 223.0, 317, 11, 353977.9454345703, 77.15250396728516, 880.778564453125, 286.1584037466211
LOSS, 312.0, -512.0, 48.0, 0.052008668111351894, 5999, 234.19541931152344, 0, 22, 1599692.9675827026, 62.47142028808594, 931.2702026367188, 266.6599379201038
LOSS, -172.0, -554.0, 32.0, -0.24259520451339917, 709, 191.0, 352, 16, 226187.64293670654, 101.255126953125, 897.9246215820312, 319.0234738176397
WIN , 2610.0, -42.0, 1024.0, 1.093422706325932, 2387, 191.0, 240, 30, 711791.3581581116, -27.392017364501953, 939.33154296875, 298.194955240097
LOSS, 98.0, -512.0, 48.0, 0.01633605600933489, 5999, 226.80108642578125, 0, 20, 1604843.4442596436, 42.0472412109375, 807.324462890625, 267.5184937922393
LOSS, 138.0, -554.0, 32.0, 0.10542398777692895, 1309, 169.39498901367188, 312, 22, 387164.9708099365, 125.33430480957031, 828.8151245117188, 295.77155906030293
WIN , 2310.0, 0.0, 1024.0, 0.9709962168978562, 2379, 181.3357391357422, 241, 36, 704080.8385772705, 22.91967010498047, 958.5032958984375, 295.9566366445021
WIN , 2268.0, 0.0, 1024.0, 0.8390677025527192, 2703, 203.11895751953125, 219, 36, 783163.6484375, 48.940391540527344, 816.65234375, 289.7386786672216
WIN , 2266.0, 0.0, 1024.0, 1.2875, 1760, 207.0, 282, 34, 548873.1331787109, 51.26458740234375, 919.8619384765625, 311.8597347606312
WIN , 1844.0, 0.0, 1024.0, 0.6880597014925374, 2680, 159.62350463867188, 221, 37, 764324.0307159424, 67.4358139038086, 833.5704345703125, 285.1955338492322
LOSS, 916.0, -554.0, 48.0, 0.5675340768277571, 1614, 223.0, 292, 23, 484850.07421875, 140.97418212890625, 877.4974975585938, 300.4027721305762
LOSS, 546.0, -554.0, 48.0, 0.38155136268343814, 1431, 223.0, 304, 19, 426930.0498600006, 29.5976619720459, 912.3170166015625, 298.34385035639457
WIN , 2688.0, -42.0, 1024.0, 0.9167803547066848, 2932, 191.0, 204, 32, 825732.2410297394, -14.750444412231445, 861.6029663085938, 281.62764018749635
WIN , 3340.0, 0.0, 1024.0, 0.7238838318162115, 4614, 191.0, 92, 31, 1292503.8022232056, 27.16622543334961, 924.9559936523438, 280.1265284402266
WIN , 2712.0, -42.0, 1024.0, 1.018400300413068, 2663, 169.39498901367188, 222, 33, 779257.6429319382, 12.183817863464355, 1009.033447265625, 292.62397406381456
LOSS, 72.0, -554.0, 48.0, 0.024152968802415298, 2981, 223.0, 201, 10, 791898.0657711029, -19.209442138671875, 884.2996215820312, 265.6484621842009
LOSS, -54.0, -554.0, 32.0, -0.029572836801752465, 1826, 223.0, 278, 10, 502787.2856140137, 66.82879638671875, 929.7303466796875, 275.349006360358
LOSS, 144.0, -512.0, 48.0, 0.024004000666777797, 5999, 201.5025634765625, 0, 21, 1569805.3307418823, 57.75819396972656, 1007.9752807617188, 261.6778347627742
WIN , 2336.0, -42.0, 1024.0, 1.249197860962567, 1870, 175.0, 275, 31, 565912.0346450806, 61.87852478027344, 1034.5767822265625, 302.6267564946955
LOSS, 1160.0, -554.0, 48.0, 0.9982788296041308, 1162, 191.0, 322, 21, 368482.2381019592, 51.34445571899414, 1069.3382568359375, 317.11035981235733
LOSS, 1154.0, -554.0, 48.0, 0.2322866344605475, 4968, 207.0, 68, 28, 1357690.5153503418, 51.529544830322266, 979.7496948242188, 273.2871407710028
LOSS, 76.0, -554.0, 48.0, 0.11259259259259259, 675, 223.0, 354, 10, 203773.11360168457, 137.34458923339844, 833.6400756835938, 301.8860942247179
LOSS, 644.0, -554.0, 48.0, 0.5366666666666666, 1200, 184.03575134277344, 319, 23, 376363.2463989258, 94.31122589111328, 1083.658447265625, 313.6360386657715
LOSS, 566.0, -554.0, 48.0, 0.5592885375494071, 1012, 207.0, 332, 12, 306408.70919799805, 86.14595031738281, 848.995361328125, 302.77540434584785
LOSS, 70.0, -512.0, 32.0, 0.011668611435239206, 5999, 185.58538818359375, 0, 21, 1605920.7715568542, 5.422618865966797, 829.0394897460938, 267.6980782725211
LOSS, 36.0, -554.0, 32.0, 0.05217391304347826, 690, 207.0, 353, 14, 207857.94771575928, 53.20147705078125, 1010.4434204101562, 301.24340248660764
LOSS, 332.0, -554.0, 48.0, 0.18181818181818182, 1826, 223.0, 278, 16, 514207.5810928345, 103.929931640625, 942.8193969726562, 281.6032755163387
LOSS, 554.0, -554.0, 32.0, 0.5664621676891616, 978, 223.0, 334, 17, 297359.46323394775, 71.70589447021484, 927.30322265625, 304.048530914057
WIN , 2316.0, -42.0, 1024.0, 1.4234787953288262, 1627, 207.0, 291, 24, 503720.8922653198, -60.237998962402344, 942.0385131835938, 309.6010401139028
LOSS, -394.0, -554.0, 32.0, -0.21684094661529996, 1817, 223.0, 278, 3, 482284.92364501953, 71.89556884765625, 661.2310791015625, 265.4292370088165
LOSS, 864.0, -554.0, 90.0, 0.314639475600874, 2746, 201.39498901367188, 216, 18, 767957.0952072144, 66.35122680664062, 907.2923583984375, 279.66390939811157
LOSS, 478.0, -554.0, 48.0, 0.4321880650994575, 1106, 223.0, 326, 14, 331389.2821044922, 138.34153747558594, 950.0016479492188, 299.6286456640978
WIN , 2678.0, 0.0, 1024.0, 1.076799356654604, 2487, 191.0, 234, 36, 726531.6125869751, 89.44670104980469, 917.3970947265625, 292.13173003095096
WIN , 3274.0, -10.0, 1024.0, 1.9135008766803039, 1711, 191.0, 285, 33, 520287.7902145386, 27.098670959472656, 1037.366943359375, 304.0840386993212
LOSS, 328.0, -554.0, 96.0, 0.11279229711141678, 2908, 191.0, 206, 22, 803149.5569610596, 63.69273376464844, 1102.052490234375, 276.1862300416298
LOSS, 396.0, -554.0, 48.0, 0.2160392798690671, 1833, 207.0, 277, 17, 524960.6077041626, 26.899860382080078, 821.8137817382812, 286.394221333422
LOSS, 170.0, -554.0, 48.0, 0.04430544696377378, 3837, 207.0, 144, 18, 1049719.8291168213, 113.60375213623047, 886.572509765625, 273.57827185739416
WIN , 2458.0, -42.0, 1024.0, 0.4173174872665535, 5890, 223.0, 7, 24, 1595066.7497234344, -15.810722351074219, 1109.91162109375, 270.80929536900413
LOSS, -36.0, -538.0, 48.0, -0.04845222072678331, 743, 175.0, 350, 9, 229465.60968017578, 73.71473693847656, 992.8251953125, 308.8366213730495
