WIN , 32368.065948486328, -42.99138641357422, 81.41748046875, 7.769578960270362, 4166, 198.86810302734375, 122, 37, 17365.88397589326, -23.32567024230957, 76.38128662109375, 4.168479110872122
LOSS, 19639.970947265625, -22.06060791015625, 54.184486389160156, 20.827116593070652, 943, 223.0, 337, 21, 19708.088155269623, -6.077826976776123, 87.35678100585938, 20.899351172078074
LOSS, 9686.635375976562, -20.1700439453125, 53.60724639892578, 22.31943635017641, 434, 223.0, 371, 10, 11291.245068073273, -1.2433438301086426, 91.01313781738281, 26.016693705237955
LOSS, 4939.286437988281, -20.716323852539062, 49.711830139160156, 26.41329645983038, 187, 223.0, 387, 4, 5203.5252739191055, 0.6436773538589478, 94.18317413330078, 27.826338363203774
LOSS, 26505.97959136963, -21.462791442871094, 58.731300354003906, 24.140236422012414, 1098, 193.6999969482422, 326, 31, 32989.15415889025, -16.948301315307617, 98.24452209472656, 30.044766993524817
WIN , 29347.54999923706, -29.261192321777344, 90.99604415893555, 25.743464911611458, 1140, 119.9000015258789, 323, 27, 37335.51413488388, -1.4546613693237305, 99.29721069335938, 32.750450995512175
LOSS, 21763.169189453125, -21.906539916992188, 64.0416488647461, 28.00922675605293, 777, 223.0, 348, 11, 42820.51133060455, 1.2075843811035156, 140.8011932373047, 55.11005319254125
LOSS, 22718.019775390625, -23.87360382080078, 57.088233947753906, 23.76361901191488, 956, 207.0, 336, 17, 50780.962096989155, -4.028983116149902, 141.843505859375, 53.1181611893192
LOSS, 20518.034545898438, -20.662147521972656, 60.479347229003906, 32.72413803173595, 627, 186.447998046875, 358, 11, 41366.080229759216, 3.345745086669922, 147.12425231933594, 65.97460961684085
LOSS, 23738.22119140625, -21.34002685546875, 61.805030822753906, 29.45188733425093, 806, 207.0, 346, 10, 50934.00171470642, 15.480880737304688, 146.89816284179688, 63.1935505145241
LOSS, 9655.531150817871, -20.35759735107422, 68.1322250366211, 35.11102236661044, 275, 196.5500030517578, 381, 6, 20736.122064590454, 23.577558517456055, 149.9976043701172, 75.40408023487439
LOSS, 7153.39892578125, -16.00006103515625, 55.781837463378906, 36.12827740293561, 198, 191.0, 386, 4, 15296.184314727783, 43.228294372558594, 145.97299194335938, 77.25345613498881
WIN , 27597.45249938965, -21.14118194580078, 63.590972900390625, 29.611000535825802, 932, 140.09500122070312, 337, 24, 74779.48773562908, 1.2796019315719604, 185.8674774169922, 80.23550186226296
LOSS, 11054.699508666992, -18.22613525390625, 64.9303207397461, 39.76510614628415, 278, 177.10000610351562, 381, 6, 29894.470993041992, 45.40580749511719, 191.039306640625, 107.53406832029494
LOSS, 23087.177734375, -35.0, 64.63895416259766, 28.82294348860799, 801, 175.0, 346, 15, 74064.58776140213, 6.793457508087158, 191.75274658203125, 92.46515326017744
LOSS, 8675.224998474121, -22.39220428466797, 68.7947769165039, 1.4461118517209737, 5999, 194.5500030517578, 0, 28, 384243.5165501833, -5.056791305541992, 189.71484375, 64.0512613019142
LOSS, 21247.65000152588, -21.25969696044922, 67.9366226196289, 35.830775719267926, 593, 209.6999969482422, 360, 11, 86030.32504844666, 17.945613861083984, 262.9808654785156, 145.07643347124224
WIN , 26489.768089294434, -16.92816162109375, 67.12786102294922, 37.100515531224694, 714, 155.4638214111328, 352, 21, 111588.54155158997, 8.750373840332031, 276.3858337402344, 156.2864727613305
LOSS, 21428.309814453125, -17.967430114746094, 70.61910247802734, 36.94536174905711, 580, 191.0, 361, 13, 92778.34435844421, 25.33909797668457, 279.2419128417969, 159.96266268697278
LOSS, -5830.963890075684, -22.234909057617188, 62.171630859375, -0.9719893132314859, 5999, 218.2675018310547, 0, 3, 515089.8429797888, -12.660344123840332, 263.64422607421875, 85.86261759956473
LOSS, 21732.0166015625, -20.966697692871094, 66.9209976196289, 32.97726343180956, 659, 175.0, 356, 11, 114592.30712127686, 25.233129501342773, 310.8388977050781, 173.88817469086018
LOSS, 20376.65048980713, -18.511802673339844, 69.0193862915039, 35.01142695843149, 582, 177.6999969482422, 361, 9, 111384.29695415497, 13.619942665100098, 320.3033447265625, 191.38195352947588
LOSS, 7696.0687255859375, -13.92828369140625, 68.4767837524414, 41.37671357841902, 186, 175.0, 387, 2, 37815.68834686279, 54.56980895996094, 330.090087890625, 203.31015240248814
LOSS, 9835.630981445312, -21.121994018554688, 69.22705078125, 48.93348746987718, 201, 191.0, 386, 7, 43471.412282943726, 23.693552017211914, 321.826171875, 216.27568299972003
WIN , 25762.0, -22.23938751220703, 70.5647964477539, 35.73092926490985, 721, 191.0, 351, 12, 143856.39888954163, 22.928049087524414, 329.40716552734375, 199.5234381269648
LOSS, 16494.00048828125, -15.562950134277344, 69.0590591430664, 33.388664956034916, 494, 223.0, 367, 4, 92803.96904182434, 31.21761131286621, 319.5163269042969, 187.86228550976588
LOSS, 8367.304443359375, -16.27520751953125, 69.98099517822266, 47.272906459657484, 177, 127.0, 388, 5, 40372.781843185425, 31.46156120300293, 330.8186340332031, 228.09481267336398
LOSS, 20524.145263671875, -19.985694885253906, 69.1402359008789, 39.77547531719355, 516, 207.0, 365, 13, 105546.70637226105, 15.162577629089355, 338.18621826171875, 204.54788056639737
WIN , 25997.79694366455, -33.000244140625, 68.8304672241211, 30.91295712683062, 841, 199.40611267089844, 343, 21, 161288.58491325378, 18.30560874938965, 335.2380676269531, 191.78190833918404
WIN , 25717.75, -19.489707946777344, 69.8909683227539, 36.58285917496444, 703, 159.5, 353, 14, 149262.46614074707, 27.14690399169922, 366.61041259765625, 212.32214244771987
LOSS, 21463.20166015625, -17.16415786743164, 71.2352523803711, 39.894426877613846, 538, 207.0, 364, 7, 121355.73893356323, 19.8046875, 361.9914855957031, 225.56828798060081
WIN , 25637.702308654785, -36.0001220703125, 70.64994049072266, 28.14237355505465, 911, 159.5953826904297, 339, 23, 179835.00478363037, 16.025306701660156, 356.94769287109375, 197.40395695239337
WIN , 25596.300888061523, -18.20465850830078, 77.56668853759766, 42.58951894852167, 601, 162.39822387695312, 359, 18, 143929.88246917725, 32.68365478515625, 364.0773620605469, 239.48399745287395
LOSS, 16206.019775390625, -17.35771942138672, 69.9214859008789, 47.38602273506031, 342, 191.0, 377, 15, 84874.1800403595, 21.709726333618164, 357.8304443359375, 248.17011707707456
WIN , 25513.74871826172, -18.77500343322754, 72.7197265625, 35.191377542429954, 725, 167.5025634765625, 351, 13, 157334.91391944885, 25.249847412109375, 374.1413879394531, 217.0136743716536
LOSS, 15916.978393554688, -25.198747634887695, 68.2338638305664, 28.99267466949852, 549, 138.447998046875, 363, 9, 111798.71556663513, 23.256526947021484, 361.6827087402344, 203.64064766235907
LOSS, 19919.913917541504, -15.999755859375, 71.1897964477539, 43.21022541766053, 461, 165.3357391357422, 369, 6, 117861.55540466309, 42.992576599121094, 389.0962219238281, 255.66497918582013
LOSS, 16710.58154296875, -18.56298065185547, 71.6307601928711, 37.55186863588483, 445, 191.0, 370, 10, 106293.00894546509, 32.01777267456055, 390.403076171875, 238.8606942594721
LOSS, 12448.2705078125, -16.48968505859375, 71.0347671508789, 48.06282049348456, 259, 223.0, 382, 5, 70277.85279846191, 67.72154235839844, 400.4400939941406, 271.34306099792246
LOSS, 11937.374145507812, -17.966873168945312, 70.1418228149414, 31.832997721354168, 375, 191.0, 374, 5, 84142.0898399353, 38.57351303100586, 383.0660705566406, 224.37890623982747
WIN , 25672.909507751465, -16.92816162109375, 70.2565689086914, 43.88531539786575, 585, 129.1809844970703, 360, 11, 148208.943649292, 34.69551467895508, 384.1543273925781, 253.34862162272137
LOSS, 13667.768798828125, -16.87674331665039, 70.1784439086914, 43.11598990166601, 317, 223.0, 378, 12, 81157.80182266235, 39.454185485839844, 402.0387878417969, 256.01830227969197
LOSS, 16498.4609375, -18.87701416015625, 69.05110931396484, 34.95436639300848, 472, 223.0, 368, 9, 111503.56888198853, 35.490013122558594, 401.4541320800781, 236.23637474997568
LOSS, 19942.300003051758, -16.880767822265625, 70.9645767211914, 46.48554779266144, 429, 180.39999389648438, 371, 6, 114616.76447677612, 40.15293502807617, 405.4076232910156, 267.1719451673103
WIN , 25394.557502746582, -19.228538513183594, 84.97644424438477, 44.31859948123313, 573, 125.88499450683594, 361, 16, 155070.17653274536, 40.78752517700195, 406.7792663574219, 270.62858033637934
LOSS, 18167.0, -33.000244140625, 70.2535171508789, 32.09717314487632, 566, 191.0, 362, 10, 137376.39818382263, 27.87909507751465, 405.10009765625, 242.7144844237149
LOSS, 14062.945556640625, -17.298263549804688, 66.9612808227539, 39.2819708286051, 358, 185.0, 376, 6, 94420.5121383667, 36.619163513183594, 414.66180419921875, 263.7444473138735
LOSS, 19455.334716796875, -38.0, 68.0708999633789, 32.91934808256662, 591, 223.0, 360, 19, 143780.1026954651, 34.50896072387695, 413.09368896484375, 243.2827456776059
WIN , 25589.193550109863, -18.797805786132812, 86.23028564453125, 35.68925181326341, 717, 136.61289978027344, 352, 22, 187352.65156936646, 45.42947769165039, 404.4502258300781, 261.30076927387233
LOSS, 20361.747802734375, -19.09491729736328, 70.60660552978516, 45.756736635358145, 445, 207.0, 370, 8, 129219.09753417969, 58.472259521484375, 408.21917724609375, 290.37999445883077
LOSS, 16411.86865234375, -19.48956298828125, 69.9437484741211, 44.84117118126708, 366, 207.0, 375, 11, 104865.70952987671, 62.034114837646484, 405.9255676269531, 286.5183320488435
LOSS, 5129.0, -12.9998779296875, 64.6974868774414, 36.89928057553957, 139, 207.0, 390, 2, 34675.370544433594, 53.509132385253906, 396.8485412597656, 249.4630974419683
LOSS, 15453.335205078125, -15.960411071777344, 71.4037094116211, 34.57121969816135, 447, 223.0, 370, 9, 112269.53255844116, 48.136009216308594, 429.2695007324219, 251.162265231412
WIN , 25725.702308654785, -21.14118194580078, 78.61878204345703, 40.769734245094746, 631, 143.5953826904297, 357, 15, 178185.32320404053, 35.06336212158203, 434.3302307128906, 282.3856152203495
LOSS, 7491.599998474121, -18.77500343322754, 64.55924224853516, 35.844976069254166, 209, 201.8000030517578, 386, 5, 53596.465103149414, 43.875972747802734, 423.6048889160156, 256.44241676148044
LOSS, 15791.363655090332, -18.94097137451172, 67.9491195678711, 33.7422300322443, 468, 136.83079528808594, 368, 11, 122808.5920753479, 42.171566009521484, 421.5769348144531, 262.4115215285212
LOSS, 20478.25, -32.99993896484375, 68.8802261352539, 40.874750499002, 501, 188.5, 366, 15, 141221.5844039917, 37.31804275512695, 422.0512390136719, 281.8794099880074
WIN , 25784.40000152588, -19.734085083007812, 69.9574966430664, 36.26497890509969, 711, 146.1999969482422, 352, 15, 191972.57946014404, 35.07019805908203, 432.3133850097656, 270.00362793269204
LOSS, 19947.65000152588, -19.569564819335938, 71.1373062133789, 48.53442822755688, 411, 209.6999969482422, 372, 10, 126251.4016494751, 62.262367248535156, 427.25250244140625, 307.1810259111316
WIN , 26416.65000152588, -21.677642822265625, 71.1076889038086, 34.26284046890516, 771, 161.6999969482422, 348, 20, 208629.60453033447, 40.420654296875, 433.0740966796875, 270.59611482533654
LOSS, 18682.563232421875, -15.153629302978516, 70.5293960571289, 40.091337408630636, 466, 207.0, 368, 13, 134599.0291557312, 36.686275482177734, 439.3645324707031, 288.8391183599382
LOSS, 15450.54833984375, -19.09552764892578, 71.5593490600586, 40.13129438920455, 385, 223.0, 374, 8, 113993.018409729, 45.879329681396484, 433.5345153808594, 296.0857621031922
WIN , 25805.76809310913, -18.36114501953125, 70.3850326538086, 37.184103880560706, 694, 123.46381378173828, 353, 13, 202801.26291275024, 55.44464111328125, 444.0779724121094, 292.22083993191677
LOSS, 4874.292724609375, -12.774999618530273, 68.4929428100586, 53.56365631438874, 91, 154.447998046875, 393, 6, 29275.11434173584, 114.45435333251953, 450.5238342285156, 321.7045532058884
LOSS, 22101.271728515625, -33.000244140625, 70.72684478759766, 31.57324532645089, 700, 207.0, 353, 17, 189268.74500274658, 39.56281661987305, 433.8011169433594, 270.38392143249513
WIN , 25532.29999923706, -17.536598205566406, 91.1077651977539, 40.527460316249304, 630, 110.4000015258789, 357, 17, 187388.94301605225, 62.21070861816406, 443.96136474609375, 297.44276669214645
LOSS, 13447.376174926758, -16.87674331665039, 70.62430572509766, 36.541783084040105, 368, 196.39999389648438, 375, 5, 105216.7078704834, 60.66682052612305, 449.7965087890625, 285.91496703935707
LOSS, 13672.842041015625, -18.462913513183594, 71.0677261352539, 31.431820783943966, 435, 223.0, 370, 6, 117319.03012084961, 44.77027893066406, 448.78533935546875, 269.69891981804506
LOSS, 12061.999877929688, -20.27497100830078, 70.8244857788086, 27.538812506688785, 438, 207.0, 370, 6, 117157.44314575195, 44.37675476074219, 434.5653381347656, 267.4827469081095
LOSS, 10305.435668945312, -16.350669860839844, 67.4956283569336, 33.030242528670875, 312, 191.0, 379, 5, 85127.11695480347, 33.652496337890625, 433.3127746582031, 272.843323573088
LOSS, 12253.823226928711, -17.46379852294922, 69.5107192993164, 40.8460774230957, 300, 211.72488403320312, 379, 4, 91992.84712982178, 56.06605529785156, 452.4315490722656, 306.6428237660726
LOSS, 14197.599998474121, -16.02159881591797, 70.44181060791016, 38.791256826432026, 366, 169.8000030517578, 375, 8, 112016.0323562622, 50.4493293762207, 463.1216125488281, 306.0547332138312
WIN , 25980.0, -18.20465850830078, 70.7845230102539, 38.545994065281896, 674, 175.0, 355, 14, 210816.31149864197, 27.589895248413086, 459.1696472167969, 312.7838449534747
LOSS, 9236.382690429688, -21.46996307373047, 68.87015533447266, 29.04522858625688, 318, 223.0, 378, 4, 87430.2880821228, 47.933197021484375, 467.1075744628906, 274.9380128368642
WIN , 26228.391960144043, -18.897872924804688, 70.9245834350586, 34.018666614972815, 771, 178.21607971191406, 348, 17, 229522.88862609863, 47.89498519897461, 455.7253723144531, 297.6950565837855
LOSS, 15026.712158203125, -34.0001220703125, 69.3569107055664, 38.82871358708818, 387, 180.533203125, 374, 12, 119428.51836395264, 64.58015441894531, 458.0146789550781, 308.6008226458724
LOSS, 15648.091796875, -16.362655639648438, 68.20914459228516, 33.870328564664504, 462, 207.0, 369, 8, 136121.51220703125, 56.8349609375, 456.2584533691406, 294.63530780742695
LOSS, 11747.64013671875, -18.090065002441406, 69.50521087646484, 31.750378747888515, 370, 207.0, 375, 5, 106176.33424377441, 41.12334442138672, 462.0348815917969, 286.96306552371465
WIN , 25656.0, -16.720947265625, 70.9801254272461, 42.61794019933555, 602, 223.0, 359, 19, 198837.52520561218, 27.002119064331055, 468.1047058105469, 330.29489236812657
LOSS, 11718.088256835938, -16.858627319335938, 69.5146713256836, 32.46007827378376, 361, 191.0, 375, 4, 108435.6085319519, 45.96389389038086, 473.54791259765625, 300.37564690291384
WIN , 25715.083953857422, -18.058189392089844, 78.84889221191406, 40.17981867790222, 640, 144.83209228515625, 357, 14, 213646.47259902954, 57.27052688598633, 470.0155029296875, 333.82261343598367
WIN , 25518.468879699707, -35.99951171875, 73.306884765625, 37.86122979183933, 674, 98.06224060058594, 355, 20, 221956.15790176392, 47.5821418762207, 481.7077941894531, 329.3118069759108
LOSS, 15253.984619140625, -16.48968505859375, 90.9798355102539, 37.20484053448933, 410, 223.0, 372, 9, 135318.5436630249, 47.72184753417969, 479.7366638183594, 330.0452284464022
LOSS, 4944.042541503906, -13.000030517578125, 62.835609436035156, 37.45486773866595, 132, 191.0, 391, 1, 41215.257106781006, 62.28794479370117, 470.0352478027344, 312.23679626349247
LOSS, 21474.762939453125, -18.15411376953125, 71.0063705444336, 35.85102327120722, 599, 207.0, 360, 10, 188884.30524635315, 29.666337966918945, 481.76300048828125, 315.3327299605228
WIN , 25590.0, -17.566635131835938, 89.364013671875, 36.40113798008535, 703, 175.0, 353, 11, 226074.98867416382, 38.50727844238281, 479.1029357910156, 321.58604363323445
WIN , 25711.2059173584, -35.99951171875, 83.90016174316406, 37.86628264706686, 679, 172.58816528320312, 354, 20, 218043.14291763306, 21.18947410583496, 485.0536804199219, 321.1239218227291
WIN , 26194.0, -35.99951171875, 67.9976577758789, 33.11504424778761, 791, 207.0, 347, 20, 247023.6336402893, 61.208980560302734, 491.2496643066406, 312.29283646054273
LOSS, 10249.482788085938, -14.880157470703125, 66.06742095947266, 36.73649744833669, 279, 207.0, 381, 7, 91370.86012268066, 67.80467224121094, 476.3165283203125, 327.4941223035149
WIN , 25865.718086242676, -18.235252380371094, 70.0572738647461, 38.15002667587415, 678, 163.56382751464844, 354, 20, 222333.68836593628, 36.73291778564453, 482.04815673828125, 327.9257940500535
LOSS, 23885.792724609375, -15.263072967529297, 69.1356430053711, 39.809654541015625, 600, 191.0, 359, 17, 199590.43208312988, 38.01620864868164, 492.5753479003906, 332.6507201385498
WIN , 23996.415000915527, -37.11250305175781, 79.73047637939453, 9.621657979517051, 2494, 142.1699981689453, 233, 21, 526586.7026252747, 22.943506240844727, 493.0982360839844, 211.141420459212
WIN , 25733.75, -16.794883728027344, 70.8138198852539, 43.25, 595, 127.5, 360, 12, 212056.19079589844, 47.30672073364258, 505.2691650390625, 356.3969593208377
LOSS, 21098.638671875, -35.99951171875, 70.2217788696289, 41.61467193663708, 507, 207.0, 366, 15, 180538.60320663452, 37.823856353759766, 500.5884704589844, 356.09191953971305
LOSS, 11634.990112304688, -16.134117126464844, 69.29158782958984, 33.82264567530432, 344, 191.0, 377, 8, 114394.2864151001, 62.643898010253906, 487.861572265625, 332.5415302764538
LOSS, 22040.384765625, -18.462913513183594, 67.9790267944336, 36.795300109557594, 599, 223.0, 360, 17, 198122.11108207703, 29.625978469848633, 492.0930480957031, 330.75477643084645
LOSS, 22492.99462890625, -21.67596435546875, 69.7872085571289, 41.653693757233796, 540, 223.0, 363, 10, 190076.829372406, 20.031524658203125, 501.21270751953125, 351.99412846741853
LOSS, 14137.05908203125, -19.423660278320312, 65.81229400634766, 37.7996232139873, 374, 207.0, 375, 11, 127032.18354034424, 39.2208251953125, 505.6417541503906, 339.6582447602787
WIN , 25645.0, -19.09552764892578, 86.20048522949219, 40.00780031201248, 641, 185.0, 357, 15, 226548.78884506226, 39.4406852722168, 517.74951171875, 353.43024780820946
LOSS, -4216.633750915527, -19.366310119628906, 63.073036193847656, -0.7028894400592645, 5999, 218.2675018310547, 0, 4, 1077513.0872898102, 18.51390838623047, 502.1187744140625, 179.61545045671116
WIN , 26018.880935668945, -33.99951171875, 80.72930145263672, 39.602558501779214, 657, 197.23812866210938, 356, 21, 236125.17541503906, 49.99392318725586, 513.7161254882812, 359.399049337959
LOSS, 22877.962646484375, -21.192092895507812, 83.28324127197266, 31.9971505545236, 715, 175.0, 352, 18, 245248.3215675354, 45.31283187866211, 519.8870849609375, 343.00464554900054
LOSS, 7359.309642791748, -18.204200744628906, 67.2280044555664, 34.22934717577557, 215, 119.9000015258789, 385, 4, 71250.09648513794, 34.228057861328125, 525.031005859375, 331.3957976052927
LOSS, 18781.490966796875, -17.35771942138672, 69.53450775146484, 45.25660473926958, 415, 191.0, 372, 12, 164563.875831604, 68.22220611572266, 536.4364013671875, 396.53945983519037
LOSS, 18890.698486328125, -18.66943359375, 70.3420181274414, 43.931856944949125, 430, 223.0, 371, 12, 165389.42385101318, 54.868804931640625, 523.7088012695312, 384.62656709537947
WIN , 26370.0, -18.948394775390625, 68.4578628540039, 33.59235668789809, 785, 175.0, 347, 17, 267442.6570968628, 36.94639587402344, 530.2891235351562, 340.69128292593984
LOSS, 14658.541748046875, -16.489681243896484, 66.80655670166016, 40.27071908804086, 364, 191.0, 375, 8, 130993.93360519409, 42.272274017333984, 519.8798217773438, 359.8734439703134
WIN , 26604.0, -19.75030517578125, 74.844970703125, 34.640625, 768, 207.0, 348, 22, 270559.735370636, 63.759464263916016, 530.2001342773438, 352.2913220971823
WIN , 26380.65000152588, -20.27497100830078, 95.7491226196289, 30.782555427684805, 857, 193.6999969482422, 342, 25, 287701.27617263794, 57.07295227050781, 520.2083740234375, 335.7074401080956
WIN , 27154.0, -17.7547607421875, 70.062255859375, 29.938257993384784, 907, 207.0, 339, 14, 298385.7638130188, 44.745845794677734, 541.83056640625, 328.980996486239
LOSS, 12471.932739257812, -21.511978149414062, 66.0826644897461, 33.89112157407014, 368, 207.0, 375, 12, 125051.18688583374, 49.72630310058594, 536.01025390625, 339.8130078419395
WIN , 23116.557502746582, -35.99951171875, 78.65564727783203, 6.187515391527458, 3736, 141.88499450683594, 150, 30, 868440.813079834, 17.695877075195312, 527.7119140625, 232.4520377622682
WIN , 26050.0, -39.999755859375, 70.3499526977539, 34.14154652686763, 763, 175.0, 349, 24, 272452.0649795532, 44.35902786254883, 550.0490112304688, 357.08003273860186
LOSS, 23067.65000152588, -36.0001220703125, 67.8508529663086, 32.17245467437361, 717, 209.6999969482422, 352, 16, 253933.58465194702, 50.687042236328125, 544.4962768554688, 354.1612059301911
WIN , 25914.557502746582, -21.037551879882812, 69.4936294555664, 30.380489452223426, 853, 125.88499450683594, 343, 23, 295473.96198654175, 43.38611602783203, 540.9481201171875, 346.3938593042693
LOSS, 15572.837844848633, -18.759475708007812, 66.1434097290039, 29.606155598571544, 526, 180.85018920898438, 364, 8, 179349.00610733032, 50.7187614440918, 537.0313720703125, 340.96769221925916
WIN , 25602.557498931885, -20.724559783935547, 69.8326644897461, 35.024018466391084, 731, 109.88500213623047, 351, 15, 266612.4185447693, 44.30439758300781, 546.4984741210938, 364.7228707862781
LOSS, 14581.0, -20.223548889160156, 67.6335678100586, 31.22269807280514, 467, 223.0, 368, 7, 163961.81965637207, 53.76508331298828, 548.702392578125, 351.09597356824855
LOSS, 23465.365478515625, -18.63874053955078, 71.8431625366211, 43.77866693752915, 536, 191.0, 364, 11, 213435.13188934326, 68.26831817626953, 552.9324951171875, 398.1998729278792
LOSS, 24689.781494140625, -18.961624145507812, 68.81795501708984, 38.10151465145158, 648, 175.0, 356, 10, 244739.61826705933, 35.73573684692383, 561.7353515625, 377.6845960911409
LOSS, 24129.412109375, -39.0, 66.55326080322266, 39.75191451297364, 607, 191.0, 359, 16, 234929.02416992188, 65.11031341552734, 555.7289428710938, 387.032988747812
LOSS, 11560.438499450684, -12.9998779296875, 64.88240814208984, 38.02775822187725, 304, 201.8000030517578, 379, 7, 114009.16974258423, 62.23334884643555, 565.9765014648438, 375.0301636269218
LOSS, 17136.184326171875, -18.621917724609375, 66.9631118774414, 30.76514241682563, 557, 223.0, 362, 12, 194733.14232254028, 50.20686721801758, 543.4766235351562, 349.6106684426217
LOSS, 18972.804443359375, -17.35832977294922, 71.2334213256836, 35.73032851856756, 531, 191.0, 364, 12, 190356.11127471924, 51.86549758911133, 565.1138916015625, 358.4860852631247
LOSS, 19452.10302734375, -18.6700439453125, 70.8055648803711, 40.27350523259575, 483, 207.0, 367, 15, 188479.79482650757, 55.03871154785156, 552.4852905273438, 390.22731848138216
LOSS, 22917.517578125, -18.243980407714844, 70.5806655883789, 33.652742405469894, 681, 191.0, 354, 9, 242095.50422668457, 46.92947769165039, 557.2430419921875, 355.5000062065853
LOSS, 7869.56916809082, -13.000030517578125, 67.2634048461914, 44.71346118233421, 176, 176.55746459960938, 388, 6, 69597.82438659668, 67.94762420654297, 545.0811157226562, 395.4421840147539
LOSS, 18424.7412109375, -18.20404815673828, 67.78691864013672, 32.49513441082451, 567, 175.0, 362, 12, 206310.81755065918, 39.9117431640625, 543.6731567382812, 363.86387575072166
LOSS, 19292.272399902344, -18.77500343322754, 69.8665542602539, 28.287789442672057, 682, 186.4561767578125, 354, 17, 233846.8007774353, 41.56509017944336, 561.0535278320312, 342.8838721076764
LOSS, 15044.942626953125, -19.720443725585938, 67.9946060180664, 30.82980046506788, 488, 175.0, 367, 8, 172798.0588722229, 39.57001876831055, 552.4822387695312, 354.094382934883
LOSS, 9666.795120239258, -15.999755859375, 66.5212173461914, 35.80294488977503, 270, 103.89999389648438, 381, 3, 98795.66847991943, 66.00476837158203, 547.8193969726562, 365.90988325896086
WIN , 26157.25, -34.11201477050781, 69.7435531616211, 15.872117718446601, 1648, 140.5, 290, 12, 450468.51681900024, 29.820804595947266, 541.03076171875, 273.34254661347103
LOSS, 21197.677490234375, -18.408065795898438, 66.6020736694336, 37.51801325705199, 565, 191.0, 362, 20, 210022.40518188477, 33.906558990478516, 539.7105102539062, 371.7210711183801
WIN , 26255.40818786621, -17.966819763183594, 73.09406280517578, 32.860335654400764, 799, 164.18362426757812, 346, 22, 292256.88776016235, 44.85830307006836, 557.2720947265625, 365.7783326159729
LOSS, 19348.0166015625, -33.000244140625, 64.30875396728516, 30.613950318928005, 632, 223.0, 357, 12, 225327.75534915924, 13.181674003601074, 549.1471557617188, 356.53125846385956
LOSS, 20637.6005859375, -19.07617950439453, 71.0838851928711, 35.70519132515138, 578, 191.0, 361, 19, 217897.19784736633, 29.226350784301758, 546.9432373046875, 376.9847713622255
LOSS, 8056.1607666015625, -16.156822204589844, 62.873756408691406, 32.09625803426918, 251, 191.0, 383, 5, 88712.23999404907, 48.896366119384766, 542.4152221679688, 353.4352190997971
LOSS, 12255.068725585938, -13.000030517578125, 67.16910552978516, 40.85022908528646, 300, 207.0, 379, 6, 114350.72742843628, 47.05043029785156, 551.8524169921875, 381.1690914281209
LOSS, 19120.735557556152, -17.795822143554688, 64.6327896118164, 31.76201919859826, 602, 197.5620880126953, 359, 15, 211846.34280776978, 32.67807388305664, 545.8828735351562, 351.9042239331724
LOSS, -6240.003746032715, -19.366310119628906, 55.609130859375, -1.0401739866698974, 5999, 225.0074920654297, 0, 7, 1205368.014219284, 19.556900024414062, 516.2469482421875, 200.92815706272447
WIN , 26307.32250213623, -19.32305908203125, 68.4822769165039, 37.26249646194933, 706, 160.35499572753906, 352, 21, 264590.97230529785, 58.96816635131836, 554.1056518554688, 374.7747483077873
LOSS, 23857.393798828125, -18.204200744628906, 64.7520980834961, 30.704496523588322, 777, 175.0, 348, 18, 272427.0786590576, 18.676849365234375, 550.5670776367188, 350.614000848208
LOSS, 21865.89453125, -18.77500343322754, 69.0279312133789, 33.58816364247312, 651, 207.0, 356, 15, 236592.92668914795, 26.405197143554688, 560.9144897460938, 363.42999491420574
LOSS, 17183.65000152588, -18.77500343322754, 66.7464370727539, 40.242740050411896, 427, 177.6999969482422, 371, 12, 164621.2721672058, 37.282440185546875, 561.0075073242188, 385.5299113986085
WIN , 26154.90951538086, -18.813140869140625, 66.9344253540039, 35.44025679590902, 738, 145.18096923828125, 350, 11, 273853.1266479492, 54.63208770751953, 564.6233520507812, 371.07469735494476
LOSS, 19266.55029296875, -18.20465850830078, 66.6582260131836, 31.42993522507137, 613, 175.0, 359, 13, 213402.48162078857, 35.12284851074219, 554.8222045898438, 348.128028745169
LOSS, 8526.6123046875, -15.691787719726562, 63.636375427246094, 41.19136379076087, 207, 127.0, 386, 5, 78626.72951126099, 58.16433334350586, 548.3140869140625, 379.8392730012608
LOSS, 24285.224853515625, -35.99951171875, 66.4729995727539, 34.44712745179521, 705, 223.0, 352, 12, 259659.73377227783, 31.909454345703125, 558.591064453125, 368.3116791096139
LOSS, 19790.084602355957, -22.241851806640625, 65.9520492553711, 34.238900696117575, 578, 184.83079528808594, 361, 20, 206506.97402572632, 35.702877044677734, 561.3784790039062, 357.278501774613
LOSS, 21648.700927734375, -22.48944091796875, 64.41596221923828, 33.511920940765286, 646, 207.0, 356, 13, 234364.00619888306, 47.853511810302734, 562.1227416992188, 362.79257925523694
LOSS, 12557.968460083008, -13.72528076171875, 64.9947280883789, 42.14083375866781, 298, 164.39999389648438, 380, 8, 117713.06037139893, 64.55728149414062, 555.1714477539062, 395.01026970268094
LOSS, 10513.44342803955, -12.9998779296875, 64.4643325805664, 44.92924541897244, 234, 219.15196228027344, 384, 4, 96399.19634246826, 64.58724975585938, 553.6982421875, 411.96237753191565
WIN , 25580.0, -15.870216369628906, 68.8240737915039, 46.007194244604314, 556, 175.0, 362, 16, 229790.00100708008, 77.2698745727539, 564.6763916015625, 413.2913687177699
WIN , 25635.300003051758, -19.95404815673828, 70.1955337524414, 37.97822222674335, 675, 164.39999389648438, 354, 15, 260713.04369735718, 39.26564407348633, 562.4537353515625, 386.24154621830695
WIN , 26444.90951538086, -24.632553100585938, 65.6926498413086, 36.67809918915515, 721, 145.18096923828125, 351, 19, 273780.4271583557, 39.34762191772461, 560.0656127929688, 379.7231999422409
LOSS, 16309.403564453125, -18.034500122070312, 65.63712310791016, 35.30173931699811, 462, 108.5, 369, 7, 169868.85625648499, 28.77454948425293, 551.2710571289062, 367.6815070486688
WIN , 25733.75, -43.999755859375, 69.1148910522461, 38.81410256410256, 663, 127.5, 355, 14, 259416.9126472473, 34.32191848754883, 564.160400390625, 391.27739464139864
LOSS, 9743.5537109375, -18.14130401611328, 67.2426528930664, 35.30273083673007, 276, 223.0, 381, 7, 105200.9665184021, 57.3520393371582, 564.1915893554688, 381.16292216812354
WIN , 25839.768089294434, -16.578025817871094, 68.0977554321289, 40.69254817211722, 635, 155.4638214111328, 357, 25, 246717.8567047119, 25.112812042236328, 557.8842163085938, 388.53205780269593
LOSS, 16687.638427734375, -35.99951171875, 69.7826156616211, 36.12042949726055, 462, 191.0, 369, 7, 170573.71709823608, 56.15351486206055, 553.4312133789062, 369.2071798663119
LOSS, 13114.483642578125, -20.631553649902344, 62.18925476074219, 35.6371838113536, 368, 175.0, 375, 7, 137305.850856781, 33.87505340576172, 542.9415893554688, 373.1137251542962
WIN , 26760.909519195557, -18.724082946777344, 67.3351058959961, 30.17013474542904, 887, 113.18096160888672, 340, 26, 315114.0421524048, 34.757102966308594, 560.428466796875, 355.25822114138083
WIN , 19596.944374084473, -21.3397216796875, 83.0548324584961, 10.621650067254457, 1845, 121.11125183105469, 276, 15, 612482.4473342896, 39.50812911987305, 561.667236328125, 331.96880614324635
LOSS, 4910.507049560547, 0, 67.1785659790039, 48.618881678817296, 101, 151.58538818359375, 393, 2, 43435.74980163574, 219.67001342773438, 555.6565551757812, 430.0569287290667
LOSS, 19805.453414916992, -18.870704650878906, 68.6440200805664, 36.407083483303296, 544, 196.93740844726562, 363, 15, 209957.6254119873, 38.73509979248047, 572.1732177734375, 385.95151730144727
WIN , 26681.89786529541, -35.010353088378906, 67.1187515258789, 32.981332342763174, 809, 151.2042694091797, 346, 18, 291792.25335884094, 24.711484909057617, 565.8824462890625, 360.68263703194185
LOSS, 11827.4423828125, -21.078353881835938, 68.3553237915039, 43.80534215856481, 270, 207.0, 381, 7, 108812.44313812256, 82.1624526977539, 547.5963134765625, 403.0090486597132
LOSS, 19712.276489257812, -18.70655059814453, 68.2787094116211, 33.41063811738612, 590, 186.447998046875, 360, 17, 220763.10651397705, 45.63022232055664, 551.0730590820312, 374.17475680335093
LOSS, 24514.087158203125, -35.99951171875, 66.7830581665039, 35.07022483290862, 699, 223.0, 353, 16, 264560.6142053604, 4.605340003967285, 555.3729858398438, 378.4844266171107
WIN , 26804.0, -19.49017333984375, 86.34033203125, 31.909523809523808, 840, 207.0, 343, 14, 308666.7921562195, 41.33913040161133, 568.1793212890625, 367.46046685264224
WIN , 25835.79694366455, -17.35771942138672, 71.2694320678711, 42.3537654814173, 610, 183.40611267089844, 359, 15, 257290.57361984253, 56.61564636230469, 565.6615600585938, 421.78782560629924
WIN , 22101.768089294434, -44.181007385253906, 70.71797943115234, 5.708101262731001, 3872, 171.4638214111328, 141, 14, 917852.9966316223, 22.811166763305664, 561.9190673828125, 237.04881111353882
LOSS, 23508.54833984375, -42.999755859375, 70.8165512084961, 38.72907469496499, 607, 207.0, 359, 14, 244365.90284347534, 46.59447479248047, 571.6517944335938, 402.5797410930401
LOSS, 11618.3818359375, -15.999755859375, 67.4095687866211, 37.72201894784902, 308, 191.0, 379, 7, 122099.53402709961, 65.5430908203125, 572.0989379882812, 396.4270585295442
LOSS, 15359.0, -17.394187927246094, 69.14220428466797, 34.13111111111111, 450, 207.0, 369, 8, 171160.88916778564, 49.55812072753906, 565.2590942382812, 380.3575314839681
WIN , 26375.300003051758, -21.14141082763672, 75.3023452758789, 36.379724142140354, 725, 164.39999389648438, 351, 24, 279942.64823150635, 48.724151611328125, 566.5115356445312, 386.1277906641467
WIN , 25943.300003051758, -21.413467407226562, 69.5528335571289, 38.43451852303964, 675, 148.39999389648438, 354, 21, 269932.8908843994, 56.68101501464844, 571.107666015625, 399.9005790879991
LOSS, 16963.6050491333, -35.0001220703125, 69.5787582397461, 33.13204111158848, 512, 196.70347595214844, 365, 14, 196382.2853088379, 38.19851303100586, 573.1159057617188, 383.559150993824
LOSS, 21446.2822265625, -18.881072998046875, 70.9508285522461, 41.88726997375488, 512, 191.0, 365, 10, 208776.6912097931, 20.624502182006836, 573.4968872070312, 407.76697501912713
LOSS, -11995.437255859375, -21.34002685546875, 62.253028869628906, -1.9995728047773587, 5999, 227.2142333984375, 0, 4, 1303862.4974651337, 27.593427658081055, 567.3656005859375, 217.346640684303
LOSS, 25674.061767578125, -18.870094299316406, 66.2523422241211, 30.747379362369013, 835, 191.0, 344, 19, 307077.3359718323, 56.29844284057617, 586.7911987304688, 367.7572885890207
WIN , 27092.0, -20.844100952148438, 82.32489776611328, 30.786363636363635, 880, 191.0, 341, 25, 333693.2674064636, 60.29966735839844, 571.3851318359375, 379.1968947800723
WIN , 25397.445999145508, -35.0001220703125, 82.32489776611328, 19.59679475242709, 1296, 140.10800170898438, 313, 18, 456553.8077945709, 14.21298599243164, 571.839599609375, 352.27917268099606
LOSS, 8191.911376953125, -13.000030517578125, 68.0959243774414, 48.472848384338015, 169, 207.0, 388, 3, 75737.03298187256, 63.71184539794922, 575.7145385742188, 448.14812415309206
LOSS, 22841.90283203125, -19.548851013183594, 68.9369888305664, 39.112847315122, 584, 207.0, 361, 13, 237981.30821609497, 57.84097671508789, 574.1825561523438, 407.502240096053
WIN , 26809.707305908203, -20.829429626464844, 66.77425384521484, 29.82169889422492, 899, 135.58538818359375, 340, 19, 327187.4037437439, 32.814109802246094, 573.1917114257812, 363.9459440976017
LOSS, 9518.22900390625, -15.422874450683594, 63.2635498046875, 39.659287516276045, 240, 223.0, 383, 7, 96843.83052062988, 69.79090118408203, 556.4622802734375, 403.5159605026245
LOSS, 19750.0, -31.0001220703125, 67.96683502197266, 34.28819444444444, 576, 185.0, 361, 15, 222199.7915802002, 17.482601165771484, 571.9483032226562, 385.7635270489587
LOSS, 18792.657470703125, -34.0, 69.2265853881836, 34.41878657637935, 546, 175.0, 363, 14, 210596.44236946106, 19.83098030090332, 573.7772827148438, 385.70776990743786
WIN , 26407.300003051758, -19.489707946777344, 75.5928726196289, 36.83026499728279, 717, 180.39999389648438, 352, 16, 285986.93698501587, 40.20586395263672, 575.1983032226562, 398.8660208996037
LOSS, 15630.11328125, -15.141426086425781, 71.3811264038086, 35.045097043161434, 446, 207.0, 370, 15, 166020.30919647217, 43.56916809082031, 578.1572265625, 372.2428457320004
LOSS, 15117.397705078125, -18.93622589111328, 70.2873764038086, 46.948440077882374, 322, 223.0, 378, 10, 136891.58576965332, 80.63919067382812, 575.3928833007812, 425.1291483529606
LOSS, 21191.0, -17.078628540039062, 67.9830093383789, 28.330213903743317, 748, 223.0, 350, 20, 271073.6944694519, 38.932861328125, 569.906982421875, 362.39798725862556
WIN , 25763.05224609375, -19.22899627685547, 79.79134368896484, 40.57173582062008, 635, 148.8955078125, 357, 13, 256773.87929916382, 43.64979553222656, 579.9838256835938, 404.3683138569509
LOSS, 12854.252563476562, -34.0, 70.08170318603516, 34.18684192413979, 376, 223.0, 374, 5, 147012.99166488647, 53.08354187011719, 565.000732421875, 390.99199910874063
LOSS, 22587.221435546875, -19.794105529785156, 66.6652603149414, 34.379332474196154, 657, 207.0, 356, 16, 252117.37337875366, 44.30942153930664, 572.2890625, 383.74029433600253
WIN , 26230.0, -35.99951171875, 88.629150390625, 33.244613434727505, 789, 175.0, 347, 23, 301560.37711048126, 4.650872230529785, 567.9945068359375, 382.20580115396865
WIN , 25927.75, -33.000244140625, 67.2438735961914, 36.51795774647887, 710, 159.5, 352, 13, 282014.64040756226, 37.02194595336914, 567.7720947265625, 397.2037188838905
WIN , 25856.0, -41.9998779296875, 89.359130859375, 33.49222797927461, 772, 223.0, 348, 24, 293900.6812324524, 19.922361373901367, 571.3211059570312, 380.70036429074145
LOSS, -11917.783645629883, -19.858810424804688, 61.54893493652344, -1.9866283790014807, 5999, 231.90701293945312, 0, 4, 1266467.9939155579, 23.359216690063477, 557.8785400390625, 211.1131845166791
LOSS, 7965.6461181640625, -14.427627563476562, 62.200218200683594, 40.84946727263622, 195, 207.0, 386, 3, 75253.02445602417, 54.52384948730469, 558.9147338867188, 385.91294592832907
WIN , 25969.940521240234, -33.000244140625, 75.2999038696289, 38.191089001823876, 680, 155.11895751953125, 354, 18, 264894.9661169052, 8.974101066589355, 570.5234375, 389.5514207601547
LOSS, 21798.63623046875, -38.0, 68.76874542236328, 36.331060384114586, 600, 207.0, 359, 15, 231233.45376682281, 9.047141075134277, 572.6989135742188, 385.38908961137133
LOSS, 2843.479637145996, 0, 68.54802703857422, 43.74584057147686, 65, 153.8000030517578, 395, 4, 27355.28746032715, 156.99742126464844, 551.7320556640625, 420.85057631272537
LOSS, 15791.21484375, -35.0, 65.6154556274414, 38.32819136832524, 412, 223.0, 372, 9, 161715.8822441101, 25.111499786376953, 585.4342651367188, 392.51427729152937
LOSS, 16644.00048828125, -16.362655639648438, 66.7345199584961, 34.31752677996134, 485, 223.0, 367, 10, 179071.45386886597, 34.37461853027344, 569.9595947265625, 369.2194925131257
LOSS, 16074.811279296875, -15.75665283203125, 66.35245513916016, 40.90282768268925, 393, 191.0, 373, 9, 156512.63481140137, 47.04627990722656, 570.4733276367188, 398.25097916387114
WIN , 26323.940521240234, -16.362045288085938, 67.1156997680664, 37.23329635253216, 707, 187.11895751953125, 352, 15, 272033.82095336914, 48.81066131591797, 569.3190307617188, 384.77202397930574
WIN , 26177.79694366455, -33.000244140625, 70.1097640991211, 36.20718802719855, 723, 199.40611267089844, 351, 16, 278622.8987503052, 63.227108001708984, 571.9641723632812, 385.3705376906019
WIN , 26314.0, -15.772193908691406, 72.445068359375, 38.64023494860499, 681, 207.0, 354, 20, 270941.64549827576, 16.028085708618164, 582.8400268554688, 397.85851027646953
LOSS, 6441.137283325195, -13.000030517578125, 68.5915298461914, 35.784096018473306, 180, 180.39999389648438, 387, 2, 68774.06727218628, 61.59519577026367, 556.1736450195312, 382.078151512146
LOSS, 21296.577392578125, -17.983718872070312, 70.4048843383789, 37.75988899393285, 564, 223.0, 362, 11, 222429.7328414917, 44.78314971923828, 570.4859008789062, 394.37895893881506
LOSS, 21283.1962890625, -17.795822143554688, 68.21080780029297, 39.195573276358196, 543, 191.0, 363, 16, 217162.8342475891, 52.62131118774414, 567.0994873046875, 399.93155478377366
LOSS, 23298.91216278076, -35.0001220703125, 67.9375228881836, 33.913991503319885, 687, 213.88465881347656, 354, 20, 264070.65776491165, 5.025058269500732, 572.0107421875, 384.3823257131174
WIN , 25912.0, -18.575912475585938, 69.4920883178711, 33.651948051948054, 770, 191.0, 348, 15, 296239.874042511, 47.67942428588867, 568.49365234375, 384.72710914611815
LOSS, 21224.71484375, -16.937408447265625, 64.3102035522461, 34.17828477254428, 621, 191.0, 358, 19, 233654.77578353882, 34.12040710449219, 562.55419921875, 376.25567759023966
WIN , 25822.345001220703, -19.01825714111328, 75.98416137695312, 40.98784920828683, 630, 130.30999755859375, 357, 13, 252688.63820648193, 71.70066833496094, 573.8052368164062, 401.0930765182253
LOSS, 6786.3277587890625, -18.77500343322754, 65.04691314697266, 33.26631254308364, 204, 223.0, 386, 5, 77068.4786453247, 50.30084228515625, 567.6150512695312, 377.7866600261015
WIN , 26000.115753173828, -17.75859832763672, 70.23088073730469, 36.21186038046494, 718, 174.76849365234375, 352, 19, 280942.3593597412, 35.8592529296875, 569.8564453125, 391.2846230637064
LOSS, 15376.691650390625, -33.000244140625, 66.0396499633789, 31.381003368144132, 490, 207.0, 367, 12, 181891.78309631348, 32.005619049072266, 568.2647094726562, 371.2077206047214
WIN , 25897.897872924805, -19.046585083007812, 67.0827407836914, 41.838284124272704, 619, 199.20425415039062, 358, 15, 258484.92295455933, 49.65597915649414, 569.2568969726562, 417.5846897488842
WIN , 26255.75, -35.0001220703125, 90.9798355102539, 28.171405579399142, 932, 143.5, 337, 26, 345347.12173461914, 43.51479721069336, 573.537841796875, 370.5441220328532
LOSS, 13807.2646484375, -37.11250305175781, 67.81758880615234, 32.03541681772042, 431, 223.0, 371, 10, 154593.69770908356, -21.832456588745117, 564.1106567382812, 358.68607357095954
WIN , 25050.0, -17.35832977294922, 71.67902374267578, 39.0795631825273, 641, 175.0, 357, 14, 254713.9564781189, 42.483680725097656, 574.1067504882812, 397.3696668925412
WIN , 25904.300003051758, -34.0, 68.5225601196289, 41.11793651278057, 630, 126.39999389648438, 357, 23, 263601.7683110237, -7.112945079803467, 570.8592529296875, 418.4155052555932
LOSS, 22360.433837890625, -34.0001220703125, 63.91761016845703, 28.020593781817826, 798, 191.0, 346, 16, 281984.99155807495, 18.796009063720703, 555.25634765625, 353.36465107528187
LOSS, 19818.47802734375, -18.14130401611328, 65.33683013916016, 35.70896941863739, 555, 223.0, 362, 12, 215125.9155807495, 52.75224304199219, 565.2891235351562, 387.61426230765676
WIN , 25820.65000152588, -18.77500343322754, 78.2063980102539, 30.775506557241812, 839, 193.6999969482422, 344, 24, 314195.04442214966, 39.90414810180664, 577.5537719726562, 374.4875380478542
WIN , 26479.786407470703, -19.143455505371094, 73.29833984375, 31.374154511221214, 844, 175.42718505859375, 343, 23, 321819.41526031494, 21.33019256591797, 556.0465087890625, 381.302624716013
WIN , 25846.718955993652, -19.48956298828125, 69.8546371459961, 36.558301210740666, 707, 181.5620880126953, 352, 16, 277222.4337272644, 44.49899673461914, 564.1575927734375, 392.1109387938676
WIN , 25589.074905395508, -17.46379852294922, 69.60929107666016, 37.7419983855391, 678, 196.85018920898438, 354, 25, 262144.9538536072, 45.52272033691406, 563.3395385742188, 386.6444747103351
LOSS, 17180.65048980713, -25.90184783935547, 65.7750473022461, 35.64450309088616, 482, 209.6999969482422, 367, 8, 189033.67832183838, 62.06085968017578, 562.5639038085938, 392.18605460962317
LOSS, 17973.7353515625, -22.735958099365234, 67.47611236572266, 36.606385644730146, 491, 175.0, 367, 12, 194091.0718345642, 51.2046012878418, 566.3869018554688, 395.29749864473365
WIN , 26511.0, -22.034889221191406, 65.22270202636719, 34.60966057441253, 766, 153.0, 348, 11, 305204.9956893921, 46.75566101074219, 573.239990234375, 398.43994215325336
WIN , 26339.550003051758, -33.000244140625, 79.18208312988281, 32.35816953691862, 814, 135.89999389648438, 345, 23, 306693.25419664383, 1.066662311553955, 565.3587646484375, 376.7730395536165
LOSS, 15888.715087890625, -16.27520751953125, 66.1141128540039, 32.82792373531121, 484, 191.0, 367, 9, 184223.52518463135, 60.328338623046875, 559.930419921875, 380.62711815006475
LOSS, 21154.331901550293, -16.362045288085938, 69.3575210571289, 40.06502254081495, 528, 178.21607971191406, 364, 11, 214591.0037651062, 35.61362838745117, 574.0894165039062, 406.4223556157314
WIN , 26380.65000152588, -19.364105224609375, 66.0448226928711, 34.75711462651631, 759, 193.6999969482422, 349, 16, 298182.23233413696, 27.340415954589844, 564.6614990234375, 392.8619661846337
LOSS, 21866.92431640625, -19.48956298828125, 68.1636734008789, 35.15582687525121, 622, 191.0, 358, 14, 245386.6411781311, 38.96112823486328, 560.7164306640625, 394.5122848523008
LOSS, 15109.621337890625, -19.366310119628906, 68.8829574584961, 35.55205020680147, 425, 207.0, 371, 9, 163915.68895721436, 39.13705825805664, 564.3697509765625, 385.68397401697496
LOSS, 22274.49462890625, -16.362655639648438, 65.3548355102539, 39.21565955793354, 568, 175.0, 362, 16, 233488.25650024414, 27.120018005371094, 559.5825805664062, 411.0708741201481
WIN , 26525.29052734375, -35.0001220703125, 64.49713897705078, 31.996731637326597, 829, 184.4189453125, 344, 25, 316398.675945282, 18.98371124267578, 569.1069946289062, 381.6630590413534
LOSS, 14107.1328125, -36.0001220703125, 65.4585952758789, 31.279673641906875, 451, 223.0, 369, 9, 173508.5075969696, 21.74129295349121, 575.3707885742188, 384.7195290398439
LOSS, 12475.5966796875, -22.175735473632812, 65.62796783447266, 38.15167180332569, 327, 207.0, 378, 9, 129688.74131011963, 30.65627670288086, 570.2971801757812, 396.60165538262885
WIN , 25805.75, -18.463523864746094, 87.629638671875, 32.95753512132823, 783, 143.5, 347, 20, 301463.0408706665, 52.11867141723633, 563.5237426757812, 385.01026931119605
LOSS, 16470.881591796875, -18.047019958496094, 68.1349868774414, 38.30437579487646, 430, 223.0, 371, 10, 177023.98585128784, 36.666072845458984, 568.5889282226562, 411.6836880262508
LOSS, 13904.104133605957, -34.0001220703125, 69.5418472290039, 36.49371163676104, 381, 186.27415466308594, 374, 5, 149764.03930282593, 41.34980392456055, 566.193115234375, 393.08146798641974
LOSS, 9667.338623046875, -13.000030517578125, 69.6309585571289, 39.94768026052428, 242, 207.0, 383, 6, 99284.11792755127, 54.37760925292969, 566.2998657226562, 410.2649501138482
LOSS, 18786.744384765625, -37.9998779296875, 67.43672943115234, 32.224261380387006, 583, 175.0, 361, 13, 223652.58143997192, 48.516143798828125, 564.8057861328125, 383.6236388335711
WIN , 26486.557502746582, -17.66242218017578, 84.57361602783203, 34.89665020124714, 759, 141.88499450683594, 349, 21, 294916.719373703, 21.387849807739258, 571.1937255859375, 388.55957756746113
LOSS, 8022.205055236816, -16.123519897460938, 67.45673370361328, 29.602232676150614, 271, 209.6999969482422, 381, 3, 99859.87599182129, 61.87251281738281, 556.6228637695312, 368.4866272760933
LOSS, 18983.66015625, -37.000030517578125, 67.4547348022461, 34.70504598948812, 547, 191.0, 363, 12, 214641.88424682617, 55.802913665771484, 564.6486206054688, 392.3983258625707
LOSS, 13766.6962890625, -14.68841552734375, 65.3050765991211, 32.316188471977696, 426, 159.0, 371, 5, 158588.61667251587, 44.05069351196289, 561.6536865234375, 372.27374805754897
LOSS, 22960.65048980713, -35.99951171875, 66.8672866821289, 31.28154017684895, 734, 209.6999969482422, 351, 14, 285894.3687233925, -12.0772123336792, 568.7586059570312, 389.50186474576634
WIN , 26101.0, -18.446365356445312, 81.12602233886719, 30.743227326266197, 849, 153.0, 343, 15, 322924.6230583191, 32.470680236816406, 564.9960327148438, 380.35880218883284
LOSS, 15173.650001525879, -19.711692810058594, 67.3897476196289, 35.12418981834694, 432, 177.6999969482422, 371, 5, 174161.40256881714, 63.960941314697266, 561.8218383789062, 403.15139483522483
WIN , 25950.0, -33.99951171875, 70.78369140625, 37.55426917510854, 691, 175.0, 353, 22, 284010.81967544556, 63.45713424682617, 569.2977905273438, 411.0142108183004
LOSS, 11629.88134765625, -17.35771942138672, 64.1399154663086, 37.275260729667465, 312, 207.0, 379, 6, 125735.9210281372, 41.12112045288086, 563.9166870117188, 402.9997468850552
WIN , 25758.065948486328, -21.133201599121094, 67.14102935791016, 38.38757965497217, 671, 198.86810302734375, 355, 15, 277521.5601539612, 41.509552001953125, 566.4188842773438, 413.59397936506883
LOSS, 24949.17734527588, -17.662269592285156, 69.1454086303711, 38.86164695525838, 642, 130.1999969482422, 357, 15, 264824.2948226929, 54.9943733215332, 565.2699584960938, 412.49890159297956
LOSS, 13537.44140625, -15.870216369628906, 68.9504165649414, 39.125553197254334, 346, 175.0, 376, 9, 141584.92530822754, 66.51557159423828, 569.5753173828125, 409.204986439964
LOSS, 24246.414794921875, -33.000244140625, 69.0880355834961, 29.532782941439557, 821, 175.0, 345, 18, 303335.3379096985, 40.18857192993164, 570.3590087890625, 369.47056992655115
LOSS, 19051.576904296875, -34.0, 83.28324127197266, 18.04126600785689, 1056, 207.0, 329, 17, 389370.6818008423, 41.44997024536133, 576.3941040039062, 368.72223655382794
LOSS, 8040.8414306640625, -16.7203369140625, 67.52875518798828, 50.571329752604164, 159, 207.0, 389, 8, 71913.07652282715, 124.80296325683594, 565.9259033203125, 452.283500143567
LOSS, 8653.012084960938, -15.880584716796875, 68.4358901977539, 41.601019639235275, 208, 175.0, 386, 7, 87217.01906585693, 69.5284652709961, 562.4937744140625, 419.31259166277374
LOSS, 14871.0, -16.858779907226562, 66.1595687866211, 26.842960288808666, 554, 223.0, 363, 12, 195352.6798400879, 36.255126953125, 578.7926025390625, 352.62216577633194
LOSS, 14152.966163635254, -18.20404815673828, 69.13228607177734, 40.093388565538966, 353, 209.6999969482422, 376, 10, 147603.5835762024, 27.75550079345703, 567.3972778320312, 418.14046338867536
LOSS, 18981.925048828125, -20.436798095703125, 65.5770263671875, 32.172754320047666, 590, 175.0, 360, 14, 224277.04166793823, 49.17634201049805, 565.2987060546875, 380.13057909820037
LOSS, 20133.949996948242, -33.99951171875, 64.2348403930664, 32.162859420045116, 626, 177.10000610351562, 358, 15, 243303.28840637207, 48.57156753540039, 564.3800048828125, 388.66340001017903
LOSS, 21781.135009765625, -14.662391662597656, 67.5090560913086, 34.68333600281151, 628, 207.0, 358, 17, 248041.07178115845, 37.21984100341797, 570.9675903320312, 394.96985952413763
LOSS, 9426.986351013184, -16.30175018310547, 70.7082290649414, 37.55771454586926, 251, 201.8000030517578, 383, 12, 102388.65993499756, 43.907142639160156, 579.4375610351562, 407.9229479481974
LOSS, 10999.1630859375, -17.357872009277344, 66.84683990478516, 37.928148572198275, 290, 191.0, 380, 8, 116844.96198654175, 48.775718688964844, 561.3246459960938, 402.91366202255773
LOSS, 20871.6142578125, -19.85259246826172, 68.8924331665039, 38.50851339079797, 542, 191.0, 363, 17, 222429.54224967957, 24.86781120300293, 564.9192504882812, 410.38660931675196
WIN , 25707.2059173584, -18.462913513183594, 71.2694320678711, 40.230369197743975, 639, 140.58816528320312, 357, 17, 263240.30864715576, 47.09300994873047, 580.0514526367188, 411.95666454953954
WIN , 26032.0, -18.981483459472656, 68.6266098022461, 34.89544235924933, 746, 191.0, 350, 21, 292174.99283218384, 41.75515365600586, 572.6222534179688, 391.65548637021965
LOSS, 7921.599998474121, -16.156822204589844, 69.1637191772461, 45.00909090042114, 176, 201.8000030517578, 388, 7, 75251.99174499512, 154.12356567382812, 562.9876098632812, 427.568134914745
LOSS, 21199.276000976562, -19.22899627685547, 67.6619644165039, 39.041023942866595, 543, 186.447998046875, 363, 14, 226371.83227920532, 37.62098693847656, 570.2251586914062, 416.8910355049822
LOSS, 11658.932250976562, -17.28313446044922, 68.3818588256836, 37.36837259928385, 312, 207.0, 379, 4, 122224.26571273804, 36.31134796142578, 563.3179931640625, 391.7444413869809
LOSS, 18871.769897460938, -17.35771942138672, 69.8158950805664, 39.646575414833904, 476, 186.447998046875, 368, 9, 199408.71213150024, 50.98894500732422, 575.0781860351562, 418.9258658224795
LOSS, -5238.393089294434, -19.858810424804688, 61.46012878417969, -0.8732110500574152, 5999, 233.1259002685547, 0, 5, 1387568.2005882263, 10.994595527648926, 554.0543823242188, 231.29991675082954
LOSS, 16511.0, -19.124916076660156, 69.8085708618164, 37.86926605504587, 436, 223.0, 370, 9, 178415.85750579834, 32.68271255493164, 584.1025390625, 409.2106823527485
LOSS, 15564.34228515625, -40.9998779296875, 71.1650619506836, 28.196272255717844, 552, 223.0, 363, 10, 205015.9469985962, 39.08205032348633, 565.3740844726562, 371.4057010844134
LOSS, 22593.490966796875, -19.873870849609375, 67.96773529052734, 32.047504917442375, 705, 207.0, 352, 15, 271126.62519454956, 33.6234130859375, 571.5004272460938, 384.57677332560223
LOSS, 10851.0, -33.304962158203125, 67.98392486572266, 35.23051948051948, 308, 223.0, 379, 8, 116516.17229366302, 15.585543632507324, 578.7972412109375, 378.2992606937111
LOSS, 12510.300003051758, -18.20404815673828, 68.5829849243164, 37.795468287165434, 331, 164.39999389648438, 377, 10, 133472.23667144775, 69.3134994506836, 567.5199584960938, 403.23938571434365
LOSS, 23258.03759765625, -21.210777282714844, 70.0844497680664, 34.869621585691526, 667, 191.0, 355, 9, 263336.92639541626, 52.87518310546875, 585.6415405273438, 394.80798560032423
WIN , 25982.002716064453, -34.99951171875, 82.06737518310547, 38.434915260450374, 676, 170.99456787109375, 354, 21, 273343.32398986816, 60.36423873901367, 570.7086181640625, 404.3540295708109
LOSS, 18119.0, -17.923202514648438, 67.7855453491211, 30.503367003367003, 594, 207.0, 360, 11, 224349.2753944397, 34.94561004638672, 566.294921875, 377.69238281892206
LOSS, 16640.0, -36.0001220703125, 69.73746490478516, 32.310679611650485, 515, 185.0, 365, 10, 201368.93299865723, 9.104248046875, 567.4953002929688, 391.00763689059653
LOSS, 15033.153076171875, -19.290977478027344, 70.3169937133789, 31.715512818928005, 474, 175.0, 368, 7, 183432.98671340942, 48.14340591430664, 567.6343383789062, 386.9894234460114
LOSS, 9929.856323242188, -15.721900939941406, 66.53006744384766, 36.108568448153406, 275, 207.0, 381, 6, 107175.8332862854, 49.522762298583984, 567.2808227539062, 389.73030285921965
LOSS, 19307.20703125, -18.721778869628906, 69.7997055053711, 37.93164446218075, 509, 175.0, 366, 9, 206444.53089141846, 44.73310089111328, 569.7378540039062, 405.5884693348103
WIN , 24553.75, -15.61279296875, 84.46923828125, 33.22564276048715, 739, 127.5, 350, 15, 288526.1411743164, 41.440940856933594, 570.7692260742188, 390.4277959057056
WIN , 25822.468879699707, -18.77500343322754, 64.7209701538086, 29.477704200570443, 876, 130.06224060058594, 341, 12, 332457.9481315613, 44.53717803955078, 570.4417114257812, 379.51820562963616
LOSS, 15757.821533203125, -20.46367645263672, 68.4578628540039, 32.62488930269798, 483, 191.0, 367, 7, 184047.24367523193, 35.945011138916016, 582.1826171875, 381.0501939445796
LOSS, 8240.050315856934, -16.720489501953125, 67.6442642211914, 35.51745825800403, 232, 201.8000030517578, 384, 7, 91557.13972091675, 41.2988166809082, 568.7718505859375, 394.64284362464116
LOSS, 20837.850341796875, -17.662269592285156, 70.9233627319336, 35.620256994524574, 585, 175.0, 360, 16, 234221.7268218994, 24.95478057861328, 570.241943359375, 400.37902020837504
LOSS, 7337.5174560546875, -16.7203369140625, 70.7054672241211, 39.66225651921453, 185, 207.0, 387, 6, 76477.35117340088, 69.25647735595703, 573.3912353515625, 413.3910874237885
LOSS, 13125.9697265625, -17.35771942138672, 70.5058822631836, 34.0051029185557, 386, 191.0, 374, 9, 150056.30917358398, 41.367820739746094, 570.2620239257812, 388.74691495747146
LOSS, -15143.453506469727, -20.463623046875, 59.864723205566406, -2.524329639351513, 5999, 231.90701293945312, 0, 4, 1327470.9332809448, 17.44195556640625, 568.3939819335938, 221.2820358861385
