LOSS, 632.0, -512.0, 32.0, 0.10535089181530255, 5999, 229.84796142578125, 0, 19, 16693.02828298509, 0.23165903985500336, 47.254451751708984, 2.782635153023019
LOSS, 190.0, -554.0, 32.0, 0.04989495798319328, 3808, 223.0, 146, 15, 36496.424818336964, -4.940486907958984, 75.60313415527344, 9.584145172882605
LOSS, -74.0, -554.0, 48.0, -0.030897703549060542, 2395, 223.0, 240, 7, 32619.732326865196, -2.9690394401550293, 93.12982177734375, 13.619929990340374
LOSS, 568.0, -554.0, 48.0, 0.14853556485355648, 3824, 223.0, 145, 27, 85784.84915828705, -6.8916215896606445, 103.10559844970703, 22.433276453526947
LOSS, 672.0, -554.0, 48.0, 0.4474034620505992, 1502, 184.03575134277344, 299, 24, 57398.642954826355, -22.881032943725586, 120.59925842285156, 38.21480889136242
WIN , 2400.0, 0.0, 1024.0, 0.69164265129683, 3470, 149.3357391357422, 168, 28, 128537.50783395767, 1.0184595584869385, 126.59038543701172, 37.04250946223564
LOSS, 28.0, -554.0, 32.0, 0.04381846635367762, 639, 207.0, 357, 14, 36616.42900848389, 10.452083587646484, 133.78561401367188, 57.302705803574156
WIN , 2294.0, 0.0, 1024.0, 1.1390268123138034, 2014, 207.0, 265, 35, 110070.37422537804, 3.0694892406463623, 152.4705352783203, 54.652618781220475
LOSS, 642.0, -554.0, 58.0, 0.44676409185803756, 1437, 223.0, 304, 17, 92606.00267601013, 3.2029151916503906, 247.2373504638672, 64.44398237718173
WIN , 2264.0, 0.0, 1024.0, 0.930921052631579, 2432, 207.0, 237, 37, 180990.2015633583, 1.3238067626953125, 341.1778564453125, 74.42031314282825
WIN , 1928.0, -42.0, 1024.0, 0.8288907996560619, 2326, 185.39498901367188, 244, 41, 189234.3475534916, -16.048036575317383, 525.7628784179688, 81.35612534543921
LOSS, 720.0, -554.0, 32.0, 0.3515625, 2048, 223.0, 263, 25, 173324.91813659668, -9.01529312133789, 606.3765869140625, 84.6313076838851
LOSS, 760.0, -554.0, 32.0, 0.5337078651685393, 1424, 223.0, 305, 15, 150061.84723091125, -10.835867881774902, 671.7453002929688, 105.38051069586464
WIN , 2560.0, -42.0, 1024.0, 0.9988294966835739, 2563, 191.0, 229, 34, 241637.47101688385, -12.85003662109375, 685.7904663085938, 94.27915373268976
WIN , 3184.0, -42.0, 1024.0, 1.771841958820256, 1797, 167.5025634765625, 280, 26, 201946.96383666992, -22.353042602539062, 717.851318359375, 112.38005778334443
LOSS, 230.0, -554.0, 32.0, 0.16606498194945848, 1385, 180.1680908203125, 307, 15, 152760.86404943466, -4.090958118438721, 810.4656372070312, 110.29665274327412
WIN , 2564.0, 0.0, 1024.0, 1.4453213077790303, 1774, 156.7271728515625, 281, 32, 210088.8835067749, -14.237184524536133, 820.4977416992188, 118.42665361148529
LOSS, 62.0, -554.0, 32.0, 0.08147174770039421, 761, 207.0, 349, 13, 102110.78636550903, 40.28347396850586, 854.6300048828125, 134.17974555257427
LOSS, 68.0, -512.0, 32.0, 0.011335222537089514, 5999, 227.19309997558594, 0, 19, 641549.7434234619, 12.881546020507812, 848.0884399414062, 106.94278103408267
LOSS, -198.0, -512.0, 42.0, -0.03300550091681947, 5999, 199.3357391357422, 0, 7, 669309.1465941668, -17.596057891845703, 766.1707763671875, 111.57011945226984
LOSS, 386.0, -554.0, 32.0, 0.5368567454798331, 719, 223.0, 352, 15, 109475.45930099487, 33.816429138183594, 709.6862182617188, 152.26072225451304
LOSS, 292.0, -512.0, 48.0, 0.048674779129854975, 5999, 204.3062744140625, 0, 17, 762345.1823940277, 3.3835601806640625, 730.2794189453125, 127.07871018403529
LOSS, 330.0, -512.0, 32.0, 0.055009168194699115, 5999, 230.47308349609375, 0, 19, 826451.5357370377, -13.59335994720459, 902.5730590820312, 137.76488343674575
LOSS, 324.0, -554.0, 58.0, 0.17097625329815302, 1895, 223.0, 273, 19, 304149.4260187149, -13.06639575958252, 872.22705078125, 160.501016368715
LOSS, 614.0, -554.0, 48.0, 0.2605006364022062, 2357, 223.0, 242, 19, 374817.8123435974, -27.084815979003906, 753.7588500976562, 159.02325513092805
LOSS, 202.0, -512.0, 48.0, 0.033672278713118856, 5999, 186.03575134277344, 0, 23, 885756.2265386581, -27.6107177734375, 813.2039794921875, 147.65064619747594
LOSS, 278.0, -554.0, 32.0, 0.0472307169554876, 5886, 207.0, 7, 25, 928246.1982169151, -3.5693464279174805, 728.97607421875, 157.70407716903077
LOSS, -426.0, -554.0, 32.0, -2.048076923076923, 208, 207.0, 386, 3, 47629.43021392822, 104.13378143310547, 814.5654907226562, 228.9876452592703
WIN , 2270.0, -42.0, 1024.0, 0.6606519208381839, 3436, 188.7271728515625, 170, 26, 595047.9236049652, -9.215591430664062, 888.3494262695312, 173.18042014114238
WIN , 2234.0, 0.0, 1024.0, 1.2369878183831673, 1806, 185.39498901367188, 279, 35, 343553.2040271759, -26.672574996948242, 857.7672729492188, 190.22879514240083
LOSS, -232.0, -554.0, 32.0, -0.19173553719008266, 1210, 191.0, 319, 12, 223507.57119750977, 54.02254867553711, 875.8741455078125, 184.7170009896775
LOSS, 686.0, -554.0, 48.0, 0.1978655898471301, 3467, 223.0, 168, 10, 595612.9883899689, 15.182748794555664, 840.8309326171875, 171.79492021631637
LOSS, 668.0, -554.0, 48.0, 0.31992337164750956, 2088, 223.0, 260, 21, 382505.8821697235, 14.504415512084961, 873.4038696289062, 183.19247230350743
LOSS, -72.0, -554.0, 32.0, -0.12880143112701253, 559, 201.8000030517578, 362, 7, 114814.51807403564, 67.1781997680664, 692.1683349609375, 205.3926978068616
LOSS, 912.0, -554.0, 48.0, 1.0044052863436124, 908, 191.0, 339, 14, 195352.9531507492, 1.2951078414916992, 807.1635131835938, 215.14642417483392
LOSS, 236.0, -554.0, 48.0, 0.049789029535864976, 4740, 207.0, 83, 13, 813541.1060276031, -2.339681625366211, 996.831298828125, 171.63314473156186
WIN , 2418.0, -42.0, 1024.0, 0.6032934131736527, 4008, 140.09500122070312, 132, 22, 727626.7344436646, -30.30706024169922, 932.0637817382812, 181.54359641807997
LOSS, -62.0, -554.0, 32.0, -0.05990338164251208, 1035, 207.0, 330, 11, 207033.1104850769, -33.88997268676758, 845.660400390625, 200.0319908068376
LOSS, 78.0, -554.0, 48.0, 0.03577981651376147, 2180, 223.0, 254, 8, 413617.24727249146, -18.46051788330078, 859.6931762695312, 189.73268223508782
LOSS, -120.0, -554.0, 48.0, -0.07838014369693011, 1531, 207.0, 297, 12, 310550.68255233765, 37.6185188293457, 835.6888427734375, 202.84172603026627
LOSS, 856.0, -554.0, 48.0, 0.8708036622583927, 983, 191.0, 334, 19, 216896.61534500122, 41.70955276489258, 830.8925170898438, 220.64762496948242
LOSS, -14.0, -554.0, 32.0, -0.018842530282637954, 743, 223.0, 350, 9, 151607.4776763916, 39.90707778930664, 896.3170166015625, 204.0477492279833
LOSS, -48.0, -554.0, 48.0, -0.04923076923076923, 975, 223.0, 334, 11, 201714.9118824005, -22.096982955932617, 778.8984375, 206.88708911015436
LOSS, 596.0, -554.0, 58.0, 0.43663003663003663, 1365, 175.0, 308, 19, 298408.1100730896, 23.626739501953125, 872.64990234375, 218.61400005354548
WIN , 2662.0, 0.0, 1024.0, 2.076443057722309, 1282, 180.1680908203125, 314, 28, 298829.67472839355, 17.466232299804688, 860.6908569335938, 233.09647014695284
LOSS, 110.0, -512.0, 48.0, 0.01833638939823304, 5999, 188.5452880859375, 0, 19, 1157515.3507966995, 4.3958330154418945, 811.2623291015625, 192.9513836967327
LOSS, -304.0, -554.0, 48.0, -1.0201342281879195, 298, 207.0, 380, 10, 72481.25224304199, 112.30389404296875, 811.501708984375, 243.22567866792616
LOSS, 520.0, -554.0, 48.0, 0.1958568738229755, 2655, 207.0, 222, 21, 530748.3698654175, -10.3558349609375, 857.2127685546875, 199.90522405477117
WIN , 2194.0, -42.0, 1024.0, 1.0393178588346754, 2111, 167.58538818359375, 259, 32, 448325.4043416977, -0.24042987823486328, 846.6605224609375, 212.37584289043
WIN , 2240.0, -42.0, 1024.0, 1.1347517730496455, 1974, 188.7271728515625, 268, 23, 425998.36820602417, 5.451488494873047, 783.5421752929688, 215.80464448126858
LOSS, -358.0, -554.0, 32.0, -0.5474006116207951, 654, 223.0, 356, 17, 152498.35584259033, 44.452552795410156, 747.0889282226562, 233.17791413240113
LOSS, 958.0, -554.0, 48.0, 0.8388791593695272, 1142, 223.0, 323, 21, 255402.64317321777, 51.85528564453125, 830.7144775390625, 223.64504656148668
WIN , 2630.0, -42.0, 1024.0, 0.559336452573373, 4702, 156.7271728515625, 86, 30, 926981.735323906, -15.95559310913086, 869.461181640625, 197.14626442448022
LOSS, 640.0, -512.0, 42.0, 0.10668444740790131, 5999, 221.11895751953125, 0, 21, 1161827.0621976852, -29.595224380493164, 868.0278930664062, 193.67012205328976
LOSS, 1082.0, -554.0, 80.0, 0.23722867792150845, 4561, 191.0, 95, 16, 886398.4122161865, -20.326171875, 871.7637329101562, 194.34299763564712
LOSS, 240.0, -554.0, 32.0, 0.13445378151260504, 1785, 185.8000030517578, 280, 23, 380747.8982028961, -6.091245651245117, 748.66943359375, 213.30414465148243
LOSS, 378.0, -554.0, 48.0, 0.10827843024921226, 3491, 207.0, 167, 17, 697563.5402812958, 5.72743034362793, 777.5794677734375, 199.81768555751813
LOSS, 504.0, -554.0, 48.0, 0.15541165587419056, 3243, 207.0, 183, 23, 672916.806055069, -0.07585334777832031, 746.6135864257812, 207.49824423529725
LOSS, 258.0, -512.0, 48.0, 0.043007167861310217, 5999, 214.1680908203125, 0, 20, 1180716.7998638153, -10.080530166625977, 727.9658813476562, 196.81893646671367
LOSS, -256.0, -512.0, 32.0, -0.042673778963160526, 5999, 230.87095642089844, 0, 4, 1152464.3292474747, 7.67131233215332, 698.1632080078125, 192.1094064423195
LOSS, 182.0, -554.0, 48.0, 0.3238434163701068, 562, 223.0, 362, 9, 132949.58239746094, 18.368946075439453, 768.8012084960938, 236.56509323391626
LOSS, 242.0, -512.0, 32.0, 0.040340056676112686, 5999, 180.30999755859375, 0, 17, 1173380.6263084412, -9.516382217407227, 848.941162109375, 195.59603705758312
LOSS, 322.0, -512.0, 48.0, 0.05367561260210035, 5999, 201.5025634765625, 0, 21, 1207432.6904392242, 7.435922622680664, 787.4151611328125, 201.27232712772533
LOSS, 578.0, -554.0, 58.0, 0.16127232142857142, 3584, 191.8800048828125, 161, 23, 760969.1872520447, 34.03392791748047, 906.2831420898438, 212.3239919788071
LOSS, 238.0, -512.0, 32.0, 0.039673278879813305, 5999, 216.8940887451172, 0, 16, 1199019.1937770844, 3.939229965209961, 868.1079711914062, 199.86984393683687
LOSS, 92.0, -512.0, 32.0, 0.015335889314885814, 5999, 197.84796142578125, 0, 14, 1193774.2398109436, 20.106311798095703, 686.0888671875, 198.9955392250281
LOSS, 104.0, -554.0, 48.0, 0.08630705394190871, 1205, 175.0, 319, 21, 271553.4556312561, 20.39809799194336, 807.0675048828125, 225.3555648392167
LOSS, 310.0, -554.0, 48.0, 0.14027149321266968, 2210, 223.0, 252, 12, 467307.21757507324, 49.05162811279297, 826.3794555664062, 211.45122967197884
LOSS, -452.0, -554.0, 32.0, -2.1220657276995305, 213, 207.0, 385, 5, 55657.56945037842, 88.66625213623047, 741.362548828125, 261.3031429595231
LOSS, 532.0, -554.0, 48.0, 0.18156996587030716, 2930, 207.0, 204, 19, 614309.0366401672, 56.73716354370117, 820.0191040039062, 209.66178724920383
LOSS, -262.0, -554.0, 32.0, -0.4062015503875969, 645, 207.0, 356, 17, 145589.25882720947, 40.382110595703125, 789.3270263671875, 225.71978112745654
LOSS, 1006.0, -512.0, 48.0, 0.16769461576929487, 5999, 153.5025634765625, 0, 31, 1206768.6059904099, 0.7447700500488281, 846.9332275390625, 201.16162793639103
WIN , 2690.0, -42.0, 1024.0, 0.5626437983685422, 4781, 175.0, 81, 32, 983890.5127944946, 6.254295349121094, 922.8070068359375, 205.79178263846364
LOSS, 72.0, -554.0, 32.0, 0.03305785123966942, 2178, 186.447998046875, 254, 21, 453895.38475990295, -3.5417137145996094, 834.9542846679688, 208.40008483007483
LOSS, 1120.0, -554.0, 48.0, 0.5752439650744735, 1947, 191.0, 270, 17, 419636.51277923584, 12.850208282470703, 861.755859375, 215.52979598317197
LOSS, 330.0, -554.0, 48.0, 0.11355815554026152, 2906, 175.8800048828125, 206, 26, 602194.8654079437, 6.854104042053223, 831.9974365234375, 207.2246611864913
LOSS, 82.0, -554.0, 48.0, 0.03529918209212225, 2323, 223.0, 245, 12, 465394.60862350464, 12.141120910644531, 642.8849487304688, 200.34206139625684
WIN , 2328.0, 0.0, 1024.0, 0.8302425106990015, 2804, 207.0, 213, 29, 595186.5215768814, -11.525754928588867, 860.03125, 212.26338144681932
LOSS, 158.0, -512.0, 48.0, 0.026337722953825637, 5999, 199.3357391357422, 0, 18, 1195989.0168914795, -4.776411056518555, 898.742919921875, 199.36473027029163
LOSS, -176.0, -512.0, 32.0, -0.029338223037172862, 5999, 231.90701293945312, 0, 8, 1168807.4870195389, -42.73544692993164, 656.6189575195312, 194.83372012327703
WIN , 2828.0, 0.0, 1024.0, 2.13595166163142, 1324, 223.0, 311, 31, 311355.25855636597, 57.16804885864258, 486.1791687011719, 235.16258199121296
LOSS, 1198.0, -512.0, 48.0, 0.19969994999166527, 5999, 160.29794311523438, 0, 30, 1255488.4363765717, -24.984832763671875, 774.7199096679688, 209.28295322163223
WIN , 2966.0, -42.0, 1024.0, 1.4110371075166508, 2102, 165.3357391357422, 259, 31, 489421.1685028076, -31.314144134521484, 758.8081665039062, 232.83595076251552
LOSS, 584.0, -554.0, 58.0, 0.20819964349376113, 2805, 211.52882385253906, 212, 21, 633989.5707874298, 18.000898361206055, 854.2330932617188, 226.02123735737248
LOSS, 662.0, -554.0, 32.0, 0.3853317811408615, 1718, 223.0, 285, 22, 402741.7837600708, 34.807708740234375, 750.4780883789062, 234.4247868219271
LOSS, 628.0, -554.0, 58.0, 0.12170542635658915, 5160, 207.0, 55, 25, 1146042.3033504486, 7.654523849487305, 919.6773681640625, 222.1012215795443
WIN , 2134.0, 0.0, 1024.0, 0.9775538250114522, 2183, 223.0, 254, 39, 503976.68727874756, 81.57052612304688, 880.2846069335938, 230.86426352668235
WIN , 2296.0, 0.0, 1024.0, 1.126594700686948, 2038, 172.09500122070312, 264, 31, 474905.5675525665, -19.92111587524414, 774.5839233398438, 233.02530301892372
WIN , 2344.0, 0.0, 1024.0, 1.228511530398323, 1908, 185.39498901367188, 272, 36, 455811.44343566895, 35.28281784057617, 673.8554077148438, 238.89488649668183
LOSS, 686.0, -554.0, 42.0, 0.34910941475826973, 1965, 207.0, 268, 29, 470721.72358703613, 0.6999664306640625, 779.2061157226562, 239.55303999340262
LOSS, -90.0, -554.0, 48.0, -0.055865921787709494, 1611, 175.0, 292, 32, 384849.241733551, 42.83414840698242, 810.2866821289062, 238.88841820828742
WIN , 3090.0, 0.0, 1024.0, 0.8242197919445186, 3749, 207.0, 150, 34, 854586.9712457657, -4.567033767700195, 735.7021484375, 227.95064583776093
WIN , 2704.0, 0.0, 1024.0, 1.6047477744807122, 1685, 153.39498901367188, 287, 36, 424696.5685081482, 29.210887908935547, 894.7091064453125, 252.04544125112653
WIN , 2670.0, 0.0, 1024.0, 1.7348927875243665, 1539, 191.0, 297, 34, 397116.833946228, 66.23095703125, 911.6510009765625, 258.0356295946901
WIN , 3356.0, 0.0, 1024.0, 1.2489765537774469, 2687, 165.3357391357422, 220, 34, 661291.5338058472, 49.899925231933594, 1056.918701171875, 246.10775355632572
LOSS, 886.0, -554.0, 48.0, 0.5918503674014696, 1497, 207.0, 300, 23, 382310.5685195923, 32.022823333740234, 983.7748413085938, 255.38448130901287
WIN , 2614.0, 0.0, 1024.0, 1.63375, 1600, 173.4928741455078, 293, 35, 412965.8511314392, 41.53214645385742, 1083.095458984375, 258.1036569571495
LOSS, -2.0, -554.0, 32.0, -0.003134796238244514, 638, 207.0, 357, 11, 166969.30418395996, 133.23472595214844, 1008.354248046875, 261.70737332909084
WIN , 2604.0, 0.0, 1024.0, 1.8171667829727844, 1433, 223.0, 304, 32, 381364.9554824829, 76.45362854003906, 1074.72802734375, 266.1304643981039
LOSS, -182.0, -512.0, 32.0, -0.030338389731621937, 5999, 218.2675018310547, 0, 8, 1355709.3923168182, -6.613996505737305, 935.0341186523438, 225.989230257846
WIN , 2922.0, 0.0, 1024.0, 1.770909090909091, 1650, 208.19288635253906, 289, 35, 430664.19507598877, 54.26915740966797, 1099.1661376953125, 261.00860307635685
LOSS, 1170.0, -554.0, 42.0, 0.7567917205692108, 1546, 207.0, 296, 30, 405722.5038909912, 85.05857849121094, 970.2227783203125, 262.4337023874458
LOSS, 272.0, -554.0, 32.0, 0.40476190476190477, 672, 223.0, 355, 15, 181042.33419799805, 161.808349609375, 927.1447143554688, 269.4082354136876
LOSS, 618.0, -554.0, 48.0, 0.4201223657375935, 1471, 179.94898986816406, 301, 22, 386647.8439540863, -9.172964096069336, 993.7637329101562, 262.8469367464897
WIN , 2646.0, 0.0, 1024.0, 1.5949367088607596, 1659, 165.3357391357422, 289, 34, 435423.4584503174, 35.56557846069336, 920.5217895507812, 262.4613974986844
WIN , 2410.0, 0.0, 1024.0, 1.4345238095238095, 1680, 160.19288635253906, 287, 28, 449069.2756652832, 32.0041618347168, 1028.680908203125, 267.3031402769543
LOSS, 54.0, -554.0, 48.0, 0.07894736842105263, 684, 184.6861114501953, 354, 16, 194746.49786376953, 95.64694213867188, 871.2774047851562, 284.71710214001394
WIN , 2320.0, 0.0, 1024.0, 1.7147080561714707, 1353, 170.20257568359375, 309, 33, 377081.295463562, 70.70838165283203, 955.0924682617188, 278.7001444667864
LOSS, 640.0, -554.0, 58.0, 0.8142493638676844, 786, 186.447998046875, 347, 12, 225690.8363647461, 143.6350860595703, 997.2308959960938, 287.1384686574378
LOSS, 584.0, -554.0, 48.0, 0.5159010600706714, 1132, 207.0, 324, 25, 326016.3867406845, 6.83566951751709, 1013.58642578125, 288.00034164371425
WIN , 1844.0, 0.0, 1024.0, 1.697974217311234, 1086, 207.0, 327, 40, 315333.38306427, 100.18004608154297, 1038.9715576171875, 290.3622311825691
WIN , 2992.0, 0.0, 1024.0, 1.9353169469598965, 1546, 188.7271728515625, 296, 34, 429615.2947998047, 64.62958526611328, 1118.8455810546875, 277.88828900375466
LOSS, 580.0, -554.0, 48.0, 0.8442503639010189, 687, 191.0, 354, 13, 199361.78257751465, 94.84013366699219, 1076.8756103515625, 290.19182325693544
LOSS, 982.0, -554.0, 48.0, 0.8838883888388839, 1111, 191.0, 325, 30, 320590.85383605957, 128.57028198242188, 994.0228881835938, 288.5606245149051
LOSS, 910.0, -554.0, 32.0, 0.5848329048843187, 1556, 223.0, 296, 9, 387903.5382232666, 94.80677795410156, 865.2189331054688, 249.29533304837184
LOSS, 514.0, -554.0, 32.0, 0.5969802555168409, 861, 207.0, 342, 24, 256997.0749282837, 109.24628448486328, 979.646484375, 298.48673046258267
LOSS, 710.0, -554.0, 48.0, 0.674264007597341, 1053, 223.0, 329, 24, 302313.2639846802, 106.94568634033203, 986.3518676757812, 287.0971167945681
LOSS, 120.0, -554.0, 32.0, 0.13245033112582782, 906, 207.0, 339, 12, 251007.76572418213, 100.3152847290039, 1061.79345703125, 277.05051404435113
LOSS, -522.0, -554.0, 32.0, -2.32, 225, 207.0, 384, 2, 66438.26879882812, 150.3934783935547, 665.7789306640625, 295.28119466145836
LOSS, -338.0, -512.0, 32.0, -0.056342723787297884, 5999, 205.0, 0, 4, 1448880.6765403748, 46.8734016418457, 752.1069946289062, 241.52036615108764
LOSS, 36.0, -554.0, 32.0, 0.07547169811320754, 477, 191.0, 368, 11, 135326.4708404541, 97.02117919921875, 766.5140380859375, 283.70329316657046
WIN , 2936.0, -42.0, 1024.0, 0.7157484154071185, 4102, 180.1680908203125, 126, 33, 1055158.637588501, 77.56534576416016, 935.15625, 257.23028707667015
LOSS, 228.0, -554.0, 48.0, 0.4253731343283582, 536, 207.0, 364, 11, 157587.31991577148, 152.14730834960938, 725.6203002929688, 294.00619387270797
LOSS, 502.0, -554.0, 32.0, 0.41316872427983536, 1215, 207.0, 318, 28, 361391.41078186035, 142.60665893554688, 985.0390625, 297.44149035544064
WIN , 2840.0, -42.0, 1024.0, 2.38255033557047, 1192, 191.0, 320, 21, 353894.9877090454, 119.91645050048828, 804.8400268554688, 296.8917682122864
LOSS, 76.0, -554.0, 32.0, 0.08786127167630058, 865, 191.0, 342, 12, 247645.81411743164, 131.9884796142578, 919.4349975585938, 286.2957388640828
LOSS, -298.0, -554.0, 48.0, -1.2627118644067796, 236, 223.0, 384, 8, 68682.32601928711, 162.1519317626953, 827.0245361328125, 291.0268051664708
WIN , 2306.0, 0.0, 1024.0, 1.4896640826873384, 1548, 181.3357391357422, 296, 36, 449554.1947174072, 69.78219604492188, 978.4356079101562, 290.40968650995296
WIN , 2330.0, 0.0, 1024.0, 1.389385807990459, 1677, 181.3357391357422, 288, 33, 473446.75370788574, 91.12419128417969, 1065.2261962890625, 282.317682592657
LOSS, 310.0, -554.0, 32.0, 0.33879781420765026, 915, 207.0, 338, 18, 284999.0821914673, 119.64688873291016, 1093.7672119140625, 311.4744067666309
LOSS, 12.0, -554.0, 48.0, 0.012244897959183673, 980, 207.0, 334, 23, 308764.39640808105, 131.12393188476562, 918.06640625, 315.06571062049085
LOSS, 802.0, -554.0, 48.0, 0.8142131979695432, 985, 207.0, 334, 13, 292900.2049560547, 141.8842010498047, 1069.0865478515625, 297.3606141685834
WIN , 2704.0, -42.0, 1024.0, 2.1753821399839097, 1243, 161.6999969482422, 317, 32, 386941.51696777344, 134.1563720703125, 1053.9573974609375, 311.2964738276536
LOSS, 678.0, -554.0, 32.0, 0.5507717303005687, 1231, 207.0, 317, 26, 379789.5852661133, 152.75254821777344, 997.1261596679688, 308.52119030553473
WIN , 3240.0, -42.0, 1024.0, 2.1701272605492297, 1493, 166.86810302734375, 300, 24, 462191.8848953247, 102.0295639038086, 1149.12548828125, 309.5725953753012
LOSS, 244.0, -554.0, 48.0, 0.31565329883570503, 773, 138.447998046875, 348, 20, 239085.5825805664, 162.3896942138672, 876.716064453125, 309.2957083836564
WIN , 2532.0, 0.0, 1024.0, 2.0485436893203883, 1236, 175.0, 317, 33, 385986.0406188965, 129.22927856445312, 980.7584228515625, 312.28644063017515
LOSS, 190.0, -554.0, 48.0, 0.16006739679865206, 1187, 175.0, 320, 16, 353757.5511779785, 132.64382934570312, 1005.2070922851562, 298.0265806048682
LOSS, 896.0, -554.0, 32.0, 0.2462891698735569, 3638, 191.0, 157, 27, 995527.3733062744, 112.71851348876953, 1034.7945556640625, 273.64688656027334
LOSS, -240.0, -512.0, 32.0, -0.040006667777962995, 5999, 229.9903106689453, 0, 5, 1528350.2728805542, 65.19659423828125, 870.7927856445312, 254.76750673121424
LOSS, 1248.0, -554.0, 48.0, 1.0558375634517767, 1182, 207.0, 321, 24, 366358.22452545166, 108.32689666748047, 984.5979614257812, 309.9477364851537
LOSS, 188.0, -554.0, 48.0, 0.36293436293436293, 518, 207.0, 365, 14, 161232.2045211792, 127.85840606689453, 892.1834716796875, 311.25908208721853
WIN , 2954.0, -42.0, 1024.0, 1.94726433750824, 1517, 191.0, 298, 33, 456871.2811279297, 130.68746948242188, 988.7220458984375, 301.16762104675655
LOSS, -528.0, -538.0, 32.0, -2.0869565217391304, 253, 207.0, 383, 9, 89262.40393829346, 109.26441192626953, 957.4608764648438, 352.81582584305715
WIN , 2612.0, -42.0, 1024.0, 2.209813874788494, 1182, 156.09500122070312, 321, 28, 371439.4758605957, 151.45790100097656, 1004.1129760742188, 314.24659548273746
LOSS, 526.0, -554.0, 48.0, 0.30492753623188407, 1725, 191.0, 284, 18, 492246.29079437256, 108.14893341064453, 778.8076171875, 285.36016857644785
LOSS, 8.0, -554.0, 48.0, 0.013986013986013986, 572, 207.0, 361, 15, 174512.98573303223, 191.36888122558594, 851.8047485351562, 305.092632400406
LOSS, 612.0, -554.0, 48.0, 0.4811320754716981, 1272, 207.0, 315, 31, 395498.9408111572, 68.86780548095703, 1052.31494140625, 310.92684026034374
WIN , 2348.0, 0.0, 1024.0, 1.6500351370344344, 1423, 154.99456787109375, 305, 31, 436405.20196533203, 148.707763671875, 897.3950805664062, 306.6796921752158
WIN , 2264.0, -42.0, 1024.0, 1.7826771653543307, 1270, 185.39498901367188, 315, 30, 397776.2762451172, 168.08607482910156, 938.7888793945312, 313.20966633473796
LOSS, -100.0, -554.0, 32.0, -0.11312217194570136, 884, 191.0, 341, 18, 279319.5591125488, 141.92977905273438, 921.1434936523438, 315.97235193727244
WIN , 3066.0, -42.0, 1024.0, 1.8206650831353919, 1684, 207.0, 287, 29, 507686.15099334717, 117.72954559326172, 891.9019775390625, 301.4763366943867
WIN , 2682.0, 0.0, 1024.0, 2.047328244274809, 1310, 175.0, 312, 31, 412727.3204345703, 113.87849426269531, 929.410400390625, 315.05902323249643
WIN , 2664.0, -42.0, 1024.0, 1.9416909620991254, 1372, 172.7271728515625, 308, 32, 422186.3883972168, 88.05683898925781, 962.9881591796875, 307.71602652858365
LOSS, 914.0, -554.0, 48.0, 0.7412814274128142, 1233, 175.0, 317, 12, 361167.1032562256, 96.86408996582031, 953.7242431640625, 292.91735868307023
LOSS, -192.0, -554.0, 32.0, -0.4413793103448276, 435, 201.8000030517578, 370, 9, 134266.79055786133, 132.1860809326172, 852.0673217773438, 308.65928863876167
WIN , 2606.0, 0.0, 1024.0, 1.8339197748064744, 1421, 161.6999969482422, 305, 35, 431097.9736022949, 75.62242126464844, 923.79833984375, 303.37647684890567
LOSS, -56.0, -554.0, 32.0, -0.07506702412868632, 746, 207.0, 350, 13, 225797.42280578613, 152.055908203125, 1060.2144775390625, 302.67751046352026
LOSS, -558.0, -554.0, 32.0, -3.8219178082191783, 146, 223.0, 390, 0, 48110.80067443848, 201.81292724609375, 852.0784912109375, 329.5260320167019
WIN , 2374.0, -42.0, 1024.0, 0.55937794533459, 4244, 146.17413330078125, 117, 30, 1171748.76603508, 29.99583625793457, 1003.8126220703125, 276.0953737123186
LOSS, 858.0, -554.0, 58.0, 1.0806045340050379, 794, 207.0, 347, 18, 250115.12016296387, 141.97425842285156, 933.985595703125, 315.0064485679646
WIN , 3174.0, 0.0, 1024.0, 1.859402460456942, 1707, 165.3357391357422, 286, 35, 500611.134765625, 93.82051086425781, 991.2639770507812, 293.26955756627126
WIN , 2832.0, -42.0, 1024.0, 2.0214132762312635, 1401, 172.7271728515625, 306, 27, 427583.398147583, 150.989990234375, 903.4138793945312, 305.19871388121555
LOSS, 682.0, -554.0, 32.0, 0.5186311787072243, 1315, 196.8853759765625, 312, 21, 393016.2636947632, 127.70012664794922, 1035.916259765625, 298.87168341807086
WIN , 2622.0, -42.0, 1024.0, 2.0061208875286916, 1307, 154.0166473388672, 312, 26, 405232.07844924927, -58.18549728393555, 910.5343627929688, 310.0474969007263
LOSS, -166.0, -554.0, 32.0, -0.3143939393939394, 528, 175.0, 364, 10, 163876.78703308105, 99.69322204589844, 872.2211303710938, 310.37270271416867
LOSS, 250.0, -554.0, 48.0, 0.2714440825190011, 921, 223.0, 338, 26, 285033.31185150146, 92.33389282226562, 929.5718994140625, 309.48242329153254
WIN , 2326.0, -42.0, 1024.0, 1.7462462462462462, 1332, 207.0, 311, 24, 410845.8267402649, 59.955257415771484, 893.6865844726562, 308.4428128680667
LOSS, 640.0, -554.0, 32.0, 0.6049149338374291, 1058, 175.0, 329, 16, 320842.71379089355, 138.01283264160156, 871.1026000976562, 303.25398278912434
LOSS, -272.0, -554.0, 42.0, -1.0625, 256, 223.0, 382, 3, 77220.81118011475, 127.82593536376953, 866.2786865234375, 301.6437936723232
WIN , 1810.0, 0.0, 1024.0, 1.352765321375187, 1338, 183.5025634765625, 310, 44, 418584.1251373291, 128.64889526367188, 987.7945556640625, 312.8431428530113
LOSS, -420.0, -554.0, 32.0, -2.413793103448276, 174, 191.0, 388, 2, 57817.784439086914, 208.43560791015625, 814.9185180664062, 332.2861174660167
LOSS, 662.0, -554.0, 48.0, 0.6268939393939394, 1056, 223.0, 329, 18, 327374.1563720703, -73.67693328857422, 960.8933715820312, 310.01340565536964
WIN , 2604.0, -42.0, 1024.0, 1.9175257731958764, 1358, 143.5, 309, 28, 421072.3382873535, 172.41070556640625, 1013.0529174804688, 310.06799579333835
LOSS, 1012.0, -554.0, 48.0, 0.8063745019920319, 1255, 223.0, 316, 14, 368196.82374191284, 6.498104095458984, 933.5248413085938, 293.38392330032895
LOSS, -388.0, -554.0, 32.0, -2.5194805194805197, 154, 207.0, 389, 1, 46322.42958068848, 208.18157958984375, 679.020751953125, 300.7949972771979
WIN , 2462.0, -42.0, 1024.0, 1.9447077409162716, 1266, 161.6999969482422, 315, 26, 394666.42990875244, 104.94768524169922, 956.6475219726562, 311.7428356309261
LOSS, 64.0, -554.0, 32.0, 0.0755608028335301, 847, 223.0, 343, 10, 258470.27006530762, 112.36912536621094, 1026.517822265625, 305.15970491771856
LOSS, 546.0, -554.0, 48.0, 0.16082474226804125, 3395, 223.0, 173, 20, 921276.5209579468, 38.27394104003906, 972.0093994140625, 271.36274549571334
LOSS, -140.0, -512.0, 48.0, -0.023337222870478413, 5999, 210.5500030517578, 0, 7, 1553662.9079742432, 47.17212677001953, 922.4237060546875, 258.9869824927893
WIN , 2934.0, 0.0, 1024.0, 2.0546218487394956, 1428, 196.39999389648438, 304, 34, 441292.51682662964, -37.5825080871582, 925.5159912109375, 309.0283731278919
WIN , 3014.0, -42.0, 1024.0, 1.2706576728499157, 2372, 176.19288635253906, 241, 31, 681333.3613090515, -21.744380950927734, 880.0143432617188, 287.2400342786895
WIN , 3004.0, 0.0, 1024.0, 1.2859589041095891, 2336, 167.5025634765625, 244, 35, 682640.2020645142, 119.2541732788086, 911.2723388671875, 292.2261138974804
WIN , 2222.0, -42.0, 1024.0, 1.975111111111111, 1125, 148.39999389648438, 324, 35, 353824.8215942383, 150.3651580810547, 939.1004028320312, 314.5109525282118
LOSS, -218.0, -554.0, 48.0, -0.5215311004784688, 418, 175.0, 372, 4, 130518.35298156738, 194.30747985839844, 843.3902587890625, 312.2448635922665
WIN , 2390.0, -42.0, 1024.0, 1.4458560193587418, 1653, 175.0, 289, 27, 492877.59046173096, 101.05933380126953, 949.1826171875, 298.1715610778772
LOSS, 18.0, -554.0, 48.0, 0.026200873362445413, 687, 201.39498901367188, 354, 14, 219734.94648742676, 103.26345825195312, 853.1336059570312, 319.8470836789327
LOSS, 498.0, -554.0, 48.0, 0.42203389830508475, 1180, 185.0, 321, 20, 356066.0908508301, -65.83172607421875, 999.54736328125, 301.750924449856
LOSS, -396.0, -554.0, 32.0, -1.6569037656903767, 239, 207.0, 384, 6, 79927.19662475586, 187.4102020263672, 971.6409912109375, 334.4234168399827
LOSS, 284.0, -554.0, 32.0, 0.23316912972085385, 1218, 207.0, 318, 20, 375290.00117492676, 85.09747314453125, 897.9896850585938, 308.11986960174613
LOSS, -12.0, -554.0, 32.0, -0.010657193605683837, 1126, 223.0, 324, 36, 353515.70027160645, 117.55149841308594, 1012.8753662109375, 313.9571050369507
WIN , 2998.0, 0.0, 1024.0, 2.001335113484646, 1498, 207.0, 300, 30, 468039.42884635925, -16.987146377563477, 982.6920166015625, 312.4428763994388
WIN , 2610.0, -42.0, 1024.0, 2.5168756027000962, 1037, 148.8853759765625, 330, 24, 341833.3278198242, 179.96331787109375, 1035.68115234375, 329.6367674250957
WIN , 2478.0, -42.0, 1024.0, 2.0294840294840295, 1221, 191.0, 318, 26, 384358.16386413574, 128.4710693359375, 955.5921020507812, 314.7896509943782
WIN , 3294.0, -42.0, 1024.0, 2.5397070161912105, 1297, 138.99456787109375, 313, 25, 407427.31510925293, -32.177574157714844, 979.787841796875, 314.1305436463014
LOSS, 460.0, -554.0, 48.0, 0.42513863216266173, 1082, 207.0, 327, 23, 336127.96883392334, 83.12952423095703, 861.6327514648438, 310.654315003626
LOSS, -16.0, -554.0, 48.0, -0.01642710472279261, 974, 223.0, 335, 4, 283762.1294708252, 98.24574279785156, 864.8203735351562, 291.3368885737425
WIN , 2258.0, -42.0, 1024.0, 1.4483643361128928, 1559, 207.0, 296, 30, 476702.43309783936, -36.86042022705078, 867.2313842773438, 305.7744920447975
LOSS, -18.0, -554.0, 32.0, -0.018867924528301886, 954, 223.0, 336, 12, 291244.5300140381, 99.68917846679688, 1018.2111206054688, 305.28776731031246
LOSS, -188.0, -512.0, 32.0, -0.03133855642607101, 5999, 230.87095642089844, 0, 6, 1619101.25963974, -79.7885971069336, 757.1284790039062, 269.8951924720353
WIN , 2504.0, -42.0, 1024.0, 2.274296094459582, 1101, 223.0, 326, 23, 365979.04443359375, 159.44766235351562, 1053.5938720703125, 332.40603490789624
WIN , 2734.0, -42.0, 1024.0, 1.913226032190343, 1429, 191.0, 304, 23, 446960.00058078766, 13.157059669494629, 898.3455200195312, 312.7781669564644
LOSS, 192.0, -554.0, 48.0, 0.31893687707641194, 602, 223.0, 359, 9, 184480.57623291016, 126.09965515136719, 887.27587890625, 306.4461399217777
LOSS, -590.0, -554.0, 32.0, -1.1346153846153846, 520, 209.53067016601562, 365, 5, 156370.8065032959, 167.95504760742188, 897.1653442382812, 300.71308942941516
LOSS, 352.0, -554.0, 48.0, 0.37367303609341823, 942, 207.0, 337, 18, 306314.20070648193, -74.66527557373047, 819.9251098632812, 325.1743107287494
LOSS, 34.0, -554.0, 48.0, 0.045033112582781455, 755, 191.0, 349, 14, 233295.07181167603, -43.975276947021484, 910.1475219726562, 309.00009511480266
LOSS, -100.0, -554.0, 48.0, -0.2336448598130841, 428, 223.0, 371, 11, 136209.08557128906, 121.98486328125, 731.0408325195312, 318.2455270357221
LOSS, 520.0, -554.0, 48.0, 0.7726597325408618, 673, 196.39999389648438, 355, 13, 218218.03155517578, 152.83670043945312, 910.661865234375, 324.24670364810663
LOSS, 438.0, -554.0, 32.0, 0.38488576449912126, 1138, 180.39999389648438, 324, 28, 356217.0795593262, 162.0061798095703, 915.3233032226562, 313.02028080784373
WIN , 2224.0, -42.0, 1024.0, 1.9577464788732395, 1136, 172.09500122070312, 324, 27, 367402.0004425049, 140.50857543945312, 972.8975830078125, 323.4172539106557
LOSS, -230.0, -554.0, 32.0, -0.40707964601769914, 565, 175.38015747070312, 362, 16, 181097.52597045898, 139.95806884765625, 956.6753540039062, 320.5265946379805
WIN , 3026.0, 0.0, 1024.0, 1.3225524475524475, 2288, 207.0, 247, 32, 665084.405166626, 66.07093811035156, 932.4840087890625, 290.683743516882
WIN , 2524.0, -42.0, 1024.0, 1.6025396825396825, 1575, 156.7271728515625, 294, 31, 471941.94244384766, 147.51773071289062, 945.9209594726562, 299.6456777421255
LOSS, 730.0, -538.0, 48.0, 0.43530113297555156, 1677, 201.8000030517578, 288, 24, 493746.1538696289, 158.94888305664062, 972.5646362304688, 294.4222742216034
WIN , 3106.0, -42.0, 1024.0, 2.034053700065488, 1527, 172.7271728515625, 298, 28, 464162.6187438965, 158.5929412841797, 967.2647094726562, 303.97028077530877
LOSS, 450.0, -554.0, 42.0, 0.6998444790046656, 643, 207.0, 357, 23, 210716.1089477539, 162.43942260742188, 879.9720458984375, 327.70778996540264
WIN , 2474.0, 0.0, 1024.0, 2.1091219096334184, 1173, 164.1680908203125, 321, 34, 373993.6244659424, 173.8405303955078, 1084.542236328125, 318.83514447224417
LOSS, 140.0, -554.0, 32.0, 0.1318267419962335, 1062, 207.0, 329, 16, 317972.5296936035, 84.25146484375, 957.4938354492188, 299.4091616700598
LOSS, 24.0, -554.0, 48.0, 0.0425531914893617, 564, 223.0, 362, 12, 180021.81636810303, 103.48876190185547, 904.2981567382812, 319.18761767394153
LOSS, 260.0, -554.0, 48.0, 0.07987711213517665, 3255, 209.6999969482422, 182, 18, 877310.1718711853, -43.34754180908203, 913.7418212890625, 269.5269345226376
LOSS, 262.0, -554.0, 48.0, 0.6267942583732058, 418, 191.0, 372, 8, 137269.11822509766, 144.64329528808594, 828.9453125, 328.3950196772671
LOSS, 488.0, -554.0, 48.0, 0.5452513966480447, 895, 223.0, 340, 19, 276523.06173706055, 160.04074096679688, 948.4920043945312, 308.96431479001177
LOSS, 158.0, -554.0, 48.0, 0.09007981755986318, 1754, 223.0, 283, 10, 478196.62515068054, 30.334562301635742, 885.4261474609375, 272.6320553880733
LOSS, -582.0, -554.0, 16.0, -1.6581196581196582, 351, 223.0, 376, 5, 107723.35557556152, 157.03488159179688, 847.6358642578125, 306.9041469389217
LOSS, 482.0, -554.0, 48.0, 0.7098674521354934, 679, 223.0, 354, 13, 203662.39974212646, 123.7326431274414, 887.0453491210938, 299.9446240679329
LOSS, 60.0, -554.0, 48.0, 0.07822685788787484, 767, 223.0, 348, 10, 233053.05284881592, 79.0291976928711, 980.384033203125, 303.85013409232846
LOSS, 10.0, -554.0, 48.0, 0.028735632183908046, 348, 135.58538818359375, 376, 5, 108961.59567260742, 152.6375274658203, 896.5691528320312, 313.1080335419754
LOSS, 568.0, -554.0, 48.0, 0.5461538461538461, 1040, 201.39498901367188, 330, 18, 312809.6255569458, -1.9671554565429688, 928.4347534179688, 300.77848611244787
WIN , 2188.0, 0.0, 1024.0, 1.2728330424665504, 1719, 180.39999389648438, 285, 35, 507376.9705810547, 145.57662963867188, 1138.14453125, 295.1582144159713
WIN , 2116.0, -42.0, 1024.0, 1.7259380097879282, 1226, 207.0, 318, 17, 370044.4564666748, 143.8143768310547, 1145.84033203125, 301.83071489940846
LOSS, -220.0, -554.0, 32.0, -0.3793103448275862, 580, 191.8800048828125, 361, 19, 182730.95777893066, 148.72076416015625, 963.2188720703125, 315.05337548091495
WIN , 2992.0, -42.0, 1024.0, 1.278086287911149, 2341, 142.1699981689453, 243, 24, 667776.2164230347, 111.06674194335938, 1074.1068115234375, 285.25254866426087
LOSS, 382.0, -554.0, 32.0, 0.6541095890410958, 584, 191.0, 361, 12, 180413.73946380615, -151.85025024414062, 913.1592407226562, 308.92763606816123
WIN , 2474.0, 0.0, 1024.0, 1.9163439194422929, 1291, 172.7271728515625, 313, 33, 386771.08821105957, 136.34860229492188, 987.4939575195312, 299.5903084516341
WIN , 3222.0, -42.0, 1024.0, 2.0302457466918713, 1587, 164.39999389648438, 294, 20, 472925.39266586304, 37.24850845336914, 1004.0186767578125, 297.999617306782
LOSS, 368.0, -554.0, 48.0, 0.3885955649419219, 947, 207.0, 336, 17, 288911.4877166748, 76.04617309570312, 966.4768676757812, 305.0807684442184
LOSS, -28.0, -554.0, 32.0, -0.06334841628959276, 442, 223.0, 370, 7, 138199.77871704102, 130.54409790039062, 912.676025390625, 312.66918261773986
WIN , 2256.0, -42.0, 1024.0, 1.4517374517374517, 1554, 153.1112518310547, 296, 23, 464507.0582885742, 133.86358642578125, 1007.1237182617188, 298.91059091928844
WIN , 2270.0, -42.0, 1024.0, 1.3774271844660195, 1648, 186.20257568359375, 290, 27, 487062.6247138977, 18.997943878173828, 1014.27587890625, 295.5477091710544
WIN , 2458.0, 0.0, 1024.0, 2.0213815789473686, 1216, 118.00373840332031, 318, 25, 377112.30003356934, 125.32722473144531, 911.0070190429688, 310.12524673813266
WIN , 2764.0, 0.0, 1024.0, 2.4160839160839163, 1144, 204.7271728515625, 323, 34, 365184.7590484619, 125.50633239746094, 921.4400024414062, 319.2174467206835
LOSS, -70.0, -554.0, 48.0, -0.2127659574468085, 329, 135.58538818359375, 378, 5, 102194.29396057129, 165.88314819335938, 790.4065551757812, 310.62095428745073
WIN , 2822.0, -42.0, 1024.0, 1.4405308831036243, 1959, 164.39999389648438, 269, 29, 564919.2980499268, 84.9112777709961, 1061.052490234375, 288.3712598519279
LOSS, 100.0, -554.0, 48.0, 0.10672358591248667, 937, 201.39498901367188, 337, 27, 287396.1918334961, 135.5056915283203, 1052.484375, 306.71952170063616
LOSS, 316.0, -554.0, 48.0, 0.3116370808678501, 1014, 191.0, 332, 26, 307275.34130859375, 110.84640502929688, 1144.75830078125, 303.03288097494453
WIN , 2222.0, -42.0, 1024.0, 1.4289389067524116, 1555, 148.8853759765625, 296, 16, 453714.2101211548, 34.48607635498047, 1088.83642578125, 291.7776270875593
LOSS, -78.0, -554.0, 32.0, -0.16115702479338842, 484, 223.0, 367, 12, 159739.52069854736, 124.25359344482422, 1005.6821899414062, 330.0403320217921
LOSS, 566.0, -554.0, 58.0, 0.7360208062418726, 769, 223.0, 348, 15, 240142.6918182373, 155.34352111816406, 1022.63330078125, 312.2791831186441
WIN , 2274.0, -42.0, 1024.0, 1.6907063197026022, 1345, 207.0, 310, 27, 402990.3061828613, 110.80191040039062, 956.2361450195312, 299.6210454891162
LOSS, 232.0, -554.0, 32.0, 0.3352601156069364, 692, 207.0, 353, 9, 215533.92404174805, 148.9420928955078, 1091.5338134765625, 311.4652081528151
WIN , 1662.0, -42.0, 1024.0, 1.4734042553191489, 1128, 181.3357391357422, 324, 25, 352677.2968521118, 80.20101165771484, 1015.12060546875, 312.6571780603828
WIN , 2790.0, -42.0, 1024.0, 1.1625, 2400, 142.1699981689453, 239, 27, 673041.8049545288, -72.53705596923828, 1019.260009765625, 280.4340853977203
LOSS, 308.0, -554.0, 32.0, 0.5509838998211091, 559, 159.0, 362, 9, 173342.95198059082, -72.94949340820312, 915.3785400390625, 310.0947262622376
LOSS, 870.0, -554.0, 48.0, 0.9720670391061452, 895, 201.8000030517578, 340, 21, 278041.8236618042, 65.12564849853516, 1011.4506225585938, 310.6612554880494
LOSS, 810.0, -554.0, 48.0, 0.7245080500894454, 1118, 175.0, 325, 6, 320031.7511062622, 121.99195098876953, 1064.357177734375, 286.2538024206281
LOSS, 950.0, -554.0, 48.0, 0.8497316636851521, 1118, 223.0, 325, 27, 344159.78631591797, 139.12913513183594, 990.2733764648438, 307.83522926289623
LOSS, 572.0, -554.0, 48.0, 0.6244541484716157, 916, 223.0, 338, 23, 292482.0691757202, 82.49576568603516, 1002.9566040039062, 319.3035689691269
LOSS, -224.0, -554.0, 32.0, -0.6222222222222222, 360, 223.0, 375, 5, 112058.2853269577, 12.313876152038574, 1076.185302734375, 311.27301479710474
WIN , 2460.0, 0.0, 1024.0, 2.536082474226804, 970, 164.49899291992188, 335, 27, 307373.46182250977, 148.59544372558594, 1005.2392578125, 316.87985754897915
LOSS, 112.0, -554.0, 32.0, 0.19047619047619047, 588, 191.0, 360, 8, 188598.15624427795, -25.482389450073242, 963.0764770507812, 320.74516368074484
WIN , 2778.0, -42.0, 1024.0, 2.7504950495049503, 1010, 223.0, 332, 26, 318544.16035461426, 87.87786865234375, 1009.794677734375, 315.3902577768458
LOSS, 142.0, -554.0, 32.0, 0.2964509394572025, 479, 223.0, 368, 12, 144860.6383972168, 165.38427734375, 977.7996826171875, 302.42304467059876
LOSS, 292.0, -554.0, 48.0, 0.49744463373083475, 587, 223.0, 360, 14, 178057.23588562012, 123.80509948730469, 1042.6328125, 303.3343030419423
LOSS, 126.0, -554.0, 48.0, 0.1613316261203585, 781, 207.0, 347, 12, 246623.53929138184, 114.25166320800781, 1008.8104858398438, 315.77917963045047
LOSS, 386.0, -554.0, 48.0, 0.4447004608294931, 868, 223.0, 342, 19, 265418.98010253906, 39.46405029296875, 1031.4642333984375, 305.78223514117406
WIN , 2462.0, 0.0, 1024.0, 1.0634989200863931, 2315, 108.5, 245, 28, 648504.4497804642, 7.230992317199707, 995.229736328125, 280.13151178421776
LOSS, -314.0, -554.0, 48.0, -1.3893805309734513, 226, 223.0, 384, 5, 69229.52265930176, 154.17144775390625, 843.2779541015625, 306.3253215013352
WIN , 2238.0, -42.0, 1024.0, 1.2615558060879368, 1774, 159.62350463867188, 281, 27, 512442.1233558655, 50.5793342590332, 1146.4898681640625, 288.86252725809777
WIN , 2284.0, 0.0, 1024.0, 1.8184713375796178, 1256, 172.09500122070312, 316, 35, 385555.37728881836, -46.77395248413086, 1075.936767578125, 306.9708417904605
WIN , 2310.0, -42.0, 1024.0, 1.9444444444444444, 1188, 193.6999969482422, 320, 19, 358575.4532394409, -2.501079559326172, 900.7113037109375, 301.831189595489
WIN , 1788.0, -42.0, 1024.0, 1.4643734643734643, 1221, 181.3357391357422, 318, 27, 374994.3701534271, -1.0057239532470703, 1004.8079833984375, 307.1206962763531
LOSS, -230.0, -554.0, 48.0, -0.40069686411149824, 574, 207.0, 361, 6, 165445.20680236816, -6.967369079589844, 938.9994506835938, 288.2320675999445
WIN , 2634.0, -42.0, 1024.0, 1.7115009746588694, 1539, 139.46383666992188, 297, 27, 454533.7691898346, -70.34862518310547, 1047.344482421875, 295.3435797204903
LOSS, -44.0, -554.0, 32.0, -0.09282700421940929, 474, 191.8800048828125, 368, 6, 147312.5553817749, 82.51982879638672, 851.4127807617188, 310.78598181809053
LOSS, 1322.0, -554.0, 80.0, 1.0559105431309903, 1252, 223.0, 316, 22, 378147.2282657623, 6.253883361816406, 959.4984130859375, 302.03452736881974
WIN , 2706.0, 0.0, 1024.0, 0.6433666191155493, 4206, 191.0, 119, 37, 1144998.6269245148, -122.68220520019531, 963.68798828125, 272.22982095209574
LOSS, 76.0, -554.0, 32.0, 0.1281618887015177, 593, 175.0, 360, 11, 174587.8913421631, 79.94393920898438, 1151.986572265625, 294.4146565635128
LOSS, 38.0, -554.0, 48.0, 0.05413105413105413, 702, 207.0, 353, 12, 222873.2716140747, 80.89200592041016, 995.3193359375, 317.4832928975423
WIN , 2460.0, -42.0, 1024.0, 1.3750698714365568, 1789, 223.0, 280, 22, 511408.6598739624, 10.469017028808594, 1016.4681396484375, 285.86286186358996
WIN , 2368.0, -42.0, 1024.0, 0.49519029694688416, 4782, 153.39498901367188, 81, 37, 1260690.8646335602, -23.96436309814453, 1086.045166015625, 263.63255220275204
LOSS, 934.0, -554.0, 48.0, 0.9841938883034773, 949, 185.39498901367188, 336, 20, 295742.03720092773, 82.28935241699219, 971.7102661132812, 311.6354448903348
LOSS, 1168.0, -554.0, 48.0, 0.9284578696343402, 1258, 191.0, 316, 22, 375224.0348587036, 46.627166748046875, 1032.3238525390625, 298.2702979798916
LOSS, 296.0, -554.0, 48.0, 0.4094052558782849, 723, 223.0, 351, 15, 207498.3886871338, 46.690277099609375, 1093.0455322265625, 286.9963882256346
WIN , 2186.0, -42.0, 1024.0, 2.060320452403393, 1061, 160.19288635253906, 329, 32, 322546.3415184021, -52.73756790161133, 902.0294799804688, 304.0022068976457
LOSS, 52.0, -554.0, 32.0, 0.11981566820276497, 434, 191.0, 371, 6, 143308.54721069336, 155.35308837890625, 1034.8260498046875, 330.2040258310907
LOSS, 118.0, -554.0, 48.0, 0.14216867469879518, 830, 223.0, 344, 14, 239634.63998413086, 67.69532775878906, 957.0244750976562, 288.7164337158203
LOSS, -32.0, -554.0, 48.0, -0.07920792079207921, 404, 207.0, 373, 11, 132601.55895996094, 163.3823699951172, 945.2434692382812, 328.22168059396273
WIN , 2380.0, 0.0, 1024.0, 2.2731614135625597, 1047, 196.1680908203125, 330, 33, 326042.7270793915, -9.267572402954102, 1082.9718017578125, 311.40661612167287
WIN , 2230.0, -42.0, 1024.0, 2.184133202742409, 1021, 192.19288635253906, 331, 24, 325109.98376846313, 3.261089324951172, 1054.13232421875, 318.4230986958503
WIN , 2220.0, -42.0, 1024.0, 2.0864661654135337, 1064, 180.39999389648438, 329, 26, 330804.30069732666, 107.19450378417969, 1076.5452880859375, 310.9062976478634
WIN , 1746.0, -42.0, 1024.0, 1.9123767798466593, 913, 160.19288635253906, 339, 27, 299655.20545196533, 59.644187927246094, 1006.9077758789062, 328.209425467651
WIN , 2956.0, 0.0, 1024.0, 2.420966420966421, 1221, 169.0, 318, 28, 378837.8558769226, 29.226028442382812, 991.2023315429688, 310.2685142317138
LOSS, 678.0, -554.0, 48.0, 0.9769452449567724, 694, 223.0, 353, 21, 221217.67445373535, -66.99235534667969, 1138.9056396484375, 318.75745598520945
WIN , 2524.0, -42.0, 1024.0, 2.6457023060796647, 954, 191.0, 336, 17, 306011.3137779236, -21.269187927246094, 1042.017578125, 320.7665762871316
LOSS, 1090.0, -554.0, 48.0, 1.2945368171021379, 842, 183.1259002685547, 343, 11, 266050.75981140137, 154.46205139160156, 1080.037841796875, 315.9747741228045
WIN , 2332.0, 0.0, 1024.0, 2.151291512915129, 1084, 182.1175079345703, 327, 32, 341141.3645477295, 24.03558349609375, 984.2020263671875, 314.706055855839
WIN , 2392.0, -42.0, 1024.0, 2.416161616161616, 990, 175.0, 333, 28, 307095.903465271, 55.621490478515625, 1010.9962158203125, 310.1978822881525
LOSS, 68.0, -554.0, 48.0, 0.08877284595300261, 766, 207.0, 348, 11, 235487.82067871094, 40.652252197265625, 1135.2462158203125, 307.42535336646336
WIN , 2476.0, -42.0, 1024.0, 2.403883495145631, 1030, 223.0, 331, 29, 328495.96197509766, 79.01507568359375, 930.1858520507812, 318.9281184224249
LOSS, -306.0, -512.0, 48.0, -0.051008501416902816, 5999, 229.9903106689453, 0, 7, 1505811.4120407104, -56.60468292236328, 782.6348876953125, 251.01040374074188
